POISSON BOLTZMANN:
Frame #,BOND,ANGLE,DIHED,UB,IMP,CMAP,VDWAALS,EEL,1-4 VDW,1-4 EEL,EPB,ENPOLAR,EDISPER,G gas,G solv,TOTAL
0,543.9401,1404.5895,-1108.9785,0.0,0.0,0.0,-1256.5998,-16156.3151,592.9299,11806.1995,-1954.0042,1237.0926,-754.2582,-4174.234399999999,-1471.1698000000001,-5645.4042
1,545.1691,1436.7145,-1092.7882,0.0,0.0,0.0,-1251.2016,-16210.202,617.5092,11802.842,-1912.9101,1236.0058,-746.6537,-4151.9569999999985,-1423.558,-5575.5149999999985
2,532.4281,1436.5194,-1090.8025,0.0,0.0,0.0,-1268.1217,-16142.5521,607.9294,11845.3157,-1992.9014,1245.0637,-757.8508,-4079.2837,-1505.6885000000002,-5584.9722
3,498.5285,1462.4223,-1081.8422,0.0,0.0,0.0,-1269.0323,-16109.7132,587.7579,11810.2277,-1998.7471,1244.2321,-757.9756,-4101.651300000001,-1512.4906,-5614.141900000001
4,537.7624,1382.0881,-1103.2909,0.0,0.0,0.0,-1238.1658,-16024.7679,596.7214,11789.6004,-2042.2248,1243.9627,-752.6716,-4060.052300000001,-1550.9337,-5610.986000000001
5,493.8,1423.7272,-1107.395,0.0,0.0,0.0,-1265.516,-16099.2289,588.5945,11794.7483,-2010.2025,1246.6891,-759.356,-4171.269900000003,-1522.8694,-5694.139300000003
6,505.6922,1400.2659,-1093.0877,0.0,0.0,0.0,-1271.7151,-16001.0004,618.3292,11789.8607,-2033.512,1242.0066,-751.4425,-4051.655200000003,-1542.9479000000001,-5594.603100000003
7,523.4254,1435.9493,-1096.7936,0.0,0.0,0.0,-1269.9878,-16182.6631,616.8458,11832.9841,-1946.1016,1237.5273,-758.7806,-4140.239900000002,-1467.3549,-5607.594800000003
8,511.8767,1395.5903,-1140.2979,0.0,0.0,0.0,-1257.9836,-16108.0975,625.4836,11831.837,-2010.7352,1244.3218,-763.2351,-4141.591400000001,-1529.6485000000002,-5671.239900000001
9,520.593,1379.4996,-1048.764,0.0,0.0,0.0,-1229.5941,-16236.0684,618.1929,11844.0154,-1884.2086,1238.5337,-750.4026,-4152.125600000001,-1396.0774999999999,-5548.2031000000015
10,543.0245,1375.3909,-1080.6957,0.0,0.0,0.0,-1270.3154,-16316.6356,609.2536,11884.6885,-1866.1029,1230.6004,-751.2408,-4255.289199999999,-1386.7433,-5642.032499999999
11,494.0186,1380.1717,-1061.3169,0.0,0.0,0.0,-1252.912,-16186.6702,596.3603,11819.2801,-1912.655,1249.576,-762.8772,-4211.0684,-1425.9562,-5637.0246
12,496.3839,1427.572,-1082.9884,0.0,0.0,0.0,-1273.4538,-16014.8334,614.8583,11841.5662,-2070.959,1244.1423,-761.7291,-3990.895200000001,-1588.5457999999999,-5579.441000000001
13,513.3136,1392.1018,-1087.2667,0.0,0.0,0.0,-1265.6536,-16048.8272,596.462,11807.0882,-2069.4657,1238.0896,-757.4229,-4092.7819,-1588.7990000000002,-5681.580900000001
14,554.0115,1444.6529,-1076.5483,0.0,0.0,0.0,-1252.844,-16111.6678,609.6514,11824.3539,-1996.7847,1244.9408,-756.9764,-4008.3904,-1508.8202999999999,-5517.2107
15,502.1992,1482.2478,-1101.9104,0.0,0.0,0.0,-1291.3688,-16239.4802,589.0202,11825.6054,-1915.0672,1233.048,-749.2102,-4233.686799999998,-1431.2294,-5664.916199999998
16,528.1893,1444.2166,-1083.6874,0.0,0.0,0.0,-1244.609,-16248.8546,603.4113,11734.2479,-1794.8596,1243.8966,-762.9471,-4267.0859,-1313.9101,-5580.996
17,531.6735,1483.9922,-1100.9675,0.0,0.0,0.0,-1282.4546,-16054.2157,597.5879,11813.1294,-2040.2963,1251.8913,-766.0279,-4011.254799999999,-1554.4329,-5565.687699999999
18,522.5756,1460.0191,-1070.552,0.0,0.0,0.0,-1275.3067,-16164.512,616.1619,11842.7237,-1955.9883,1249.6138,-769.4836,-4068.890400000002,-1475.8581,-5544.7485000000015
19,542.2313,1404.2979,-1093.1294,0.0,0.0,0.0,-1266.2723,-16230.3937,628.3581,11822.1302,-1910.4061,1234.3899,-757.5227,-4192.777900000003,-1433.5389,-5626.316800000002
20,499.1659,1449.0784,-1087.9945,0.0,0.0,0.0,-1263.6041,-16133.1721,605.1015,11827.4334,-2008.7513,1237.9478,-756.6978,-4103.991499999998,-1527.5013,-5631.492799999998
21,486.4755,1425.6581,-1099.8584,0.0,0.0,0.0,-1250.5078,-16212.9394,599.6342,11834.419,-1972.2769,1242.3232,-754.7611,-4217.118799999998,-1484.7148000000002,-5701.833599999998
22,495.6601,1402.2818,-1117.455,0.0,0.0,0.0,-1248.1876,-16327.1491,621.5589,11830.8586,-1816.247,1235.1081,-751.5956,-4342.4323,-1332.7345,-5675.1668
23,494.4667,1404.1592,-1078.0526,0.0,0.0,0.0,-1271.4404,-16345.7112,610.5261,11831.6522,-1821.9043,1233.8985,-750.3661,-4354.4000000000015,-1338.3718999999999,-5692.771900000002
24,511.6004,1476.843,-1075.358,0.0,0.0,0.0,-1272.1022,-16272.1029,581.1488,11780.2129,-1829.6072,1235.0136,-755.8376,-4269.757999999998,-1350.4312,-5620.189199999998
25,501.268,1450.6196,-1100.0962,0.0,0.0,0.0,-1245.4476,-16071.0751,605.371,11805.4434,-2022.2847,1247.5112,-758.5053,-4053.9169,-1533.2788,-5587.1957
26,515.5012,1456.8562,-1099.2104,0.0,0.0,0.0,-1293.4811,-16237.5757,593.9213,11835.3847,-1875.6851,1231.6494,-746.0793,-4228.603800000001,-1390.1149999999998,-5618.718800000001
27,501.5504,1410.5649,-1069.294,0.0,0.0,0.0,-1264.5979,-16257.6103,602.6831,11875.5648,-1902.1031,1241.9357,-753.6574,-4201.139000000001,-1413.8248,-5614.963800000001
28,507.5683,1412.6706,-1078.9201,0.0,0.0,0.0,-1270.1763,-16150.4114,612.4772,11839.3367,-1973.6221,1233.6339,-745.4038,-4127.455000000004,-1485.392,-5612.847000000004
29,507.6836,1414.6537,-1082.5995,0.0,0.0,0.0,-1251.4826,-16167.6594,618.5132,11857.439,-2009.2799,1241.5104,-752.0303,-4103.452000000001,-1519.7998000000002,-5623.251800000001
30,514.7158,1462.8578,-1068.3675,0.0,0.0,0.0,-1269.2547,-16233.7777,614.6165,11832.5314,-1944.277,1231.3706,-748.9734,-4146.678400000001,-1461.8798000000002,-5608.5582
31,476.7785,1409.6545,-1092.548,0.0,0.0,0.0,-1283.5023,-16212.3177,597.1744,11874.319,-1972.7303,1234.6403,-748.6017,-4230.441600000002,-1486.6916999999999,-5717.133300000002
32,512.34,1444.4671,-1078.7815,0.0,0.0,0.0,-1288.5433,-16289.1144,597.7336,11779.2003,-1839.8614,1223.7539,-740.5236,-4322.698199999999,-1356.6311,-5679.329299999999
33,530.1609,1420.9542,-1101.2668,0.0,0.0,0.0,-1245.7219,-16141.5844,611.095,11769.6648,-1933.6724,1240.4757,-759.3869,-4156.698199999999,-1452.5836,-5609.281799999999
34,505.6202,1406.8383,-1068.0751,0.0,0.0,0.0,-1284.3537,-16194.6872,593.5441,11817.0621,-1903.8599,1231.9234,-747.9836,-4224.051300000003,-1419.9201,-5643.971400000002
35,499.2615,1435.0288,-1078.7797,0.0,0.0,0.0,-1268.168,-16157.8463,606.0867,11795.0349,-1925.4594,1236.6815,-748.7209,-4169.382099999997,-1437.4988,-5606.880899999997
36,490.8403,1497.2282,-1093.9041,0.0,0.0,0.0,-1275.4039,-16255.3098,599.8642,11818.3979,-1897.7461,1226.4802,-748.5222,-4218.2872000000025,-1419.7881000000002,-5638.075300000003
37,554.2926,1423.9549,-1100.6503,0.0,0.0,0.0,-1261.6985,-16161.3436,601.1438,11849.4275,-2002.0598,1236.8894,-749.3035,-4094.873599999999,-1514.4739,-5609.347499999999
38,499.4754,1424.5415,-1105.915,0.0,0.0,0.0,-1242.7801,-16169.0845,605.2356,11834.1728,-1946.8385,1248.3948,-757.9858,-4154.354299999999,-1456.4295000000002,-5610.783799999999
39,481.8239,1450.2899,-1109.0861,0.0,0.0,0.0,-1282.5929,-16118.2617,606.9431,11841.6813,-2010.1029,1230.8603,-746.2247,-4129.202499999999,-1525.4673,-5654.669799999999
40,522.7628,1442.6377,-1063.5674,0.0,0.0,0.0,-1261.8031,-16289.3456,619.9184,11837.4943,-1911.9119,1235.4719,-758.7952,-4191.902900000001,-1435.2352,-5627.138100000002
41,522.7619,1396.6864,-1098.8613,0.0,0.0,0.0,-1247.5218,-16373.9073,592.2998,11850.082,-1794.8671,1232.3676,-746.0344,-4358.460300000001,-1308.5339,-5666.994200000001
42,476.0115,1475.6944,-1085.5835,0.0,0.0,0.0,-1246.5354,-16230.5436,603.9957,11845.7745,-1898.0122,1241.4868,-744.6591,-4161.186400000002,-1401.1844999999998,-5562.370900000003
43,504.7749,1418.9533,-1075.3966,0.0,0.0,0.0,-1294.388,-16146.0109,599.4437,11796.31,-1926.0118,1235.2168,-747.601,-4196.3135999999995,-1438.3960000000002,-5634.709599999999
44,492.033,1440.3473,-1071.9107,0.0,0.0,0.0,-1293.5952,-16127.7889,591.7982,11858.5108,-1979.0618,1246.4008,-750.7103,-4110.6055,-1483.3713,-5593.9767999999995
45,512.8593,1423.1788,-1116.0088,0.0,0.0,0.0,-1240.0808,-16088.2251,615.079,11812.7335,-2042.8546,1239.8425,-757.6861,-4080.464100000001,-1560.6981999999998,-5641.162300000001
46,474.4033,1425.8385,-1093.1261,0.0,0.0,0.0,-1281.9323,-16291.1861,627.394,11829.3992,-1841.1027,1224.6895,-738.915,-4309.209500000001,-1355.3282,-5664.5377
47,527.834,1424.1046,-1099.0601,0.0,0.0,0.0,-1286.1909,-16130.2566,593.6873,11780.0282,-1937.6262,1236.4216,-742.181,-4189.853499999999,-1443.3856,-5633.239099999999
48,505.7821,1436.8802,-1119.7077,0.0,0.0,0.0,-1244.49,-16023.8939,607.6272,11695.8072,-1978.4486,1242.8287,-757.1583,-4141.9949,-1492.7782,-5634.773099999999
49,513.4273,1357.9585,-1068.9276,0.0,0.0,0.0,-1264.2533,-16062.1759,603.3917,11809.0224,-2021.4195,1239.2566,-754.318,-4111.556900000001,-1536.4809,-5648.037800000002
50,532.3832,1375.9989,-1103.0877,0.0,0.0,0.0,-1270.2115,-15995.7979,605.9325,11767.8607,-2040.7181,1243.2871,-752.2033,-4086.9218,-1549.6343000000002,-5636.556100000001
51,469.9826,1398.9507,-1069.5084,0.0,0.0,0.0,-1270.2493,-16127.097,609.4915,11823.5488,-1979.6986,1241.2506,-755.9232,-4164.881099999999,-1494.3711999999998,-5659.252299999998
52,527.2562,1427.773,-1098.4787,0.0,0.0,0.0,-1295.9526,-16143.1269,599.7793,11755.4503,-1884.8079,1225.6959,-736.0622,-4227.299399999998,-1395.1742,-5622.473599999998
53,473.2678,1417.0161,-1097.2995,0.0,0.0,0.0,-1287.0747,-16292.1772,616.8478,11834.1368,-1834.5083,1223.9996,-736.1495,-4335.282900000002,-1346.6581999999999,-5681.941100000002
54,501.1594,1396.109,-1065.1792,0.0,0.0,0.0,-1274.6876,-16260.9271,622.6011,11852.7784,-1878.8621,1233.5536,-746.659,-4228.146000000001,-1391.9675000000002,-5620.1135
55,548.099,1427.7598,-1095.4932,0.0,0.0,0.0,-1283.876,-16328.7175,607.842,11808.5811,-1784.4133,1238.666,-750.4768,-4315.804800000002,-1296.2241,-5612.028900000002
56,512.5393,1437.0249,-1096.226,0.0,0.0,0.0,-1281.1998,-16263.5837,612.2488,11802.7435,-1838.9729,1234.7962,-741.4145,-4276.4529999999995,-1345.5911999999998,-5622.044199999999
57,547.7269,1428.8219,-1088.8062,0.0,0.0,0.0,-1278.4488,-16113.4568,596.9694,11824.5307,-2020.8164,1238.3353,-750.7399,-4082.662900000001,-1533.221,-5615.883900000001
58,497.9379,1441.1043,-1111.4062,0.0,0.0,0.0,-1292.8583,-16135.5912,617.8837,11862.0307,-2019.4592,1235.0797,-745.3479,-4120.8991000000005,-1529.7274,-5650.6265
59,494.6106,1446.7914,-1089.4306,0.0,0.0,0.0,-1272.1586,-16190.0834,609.6372,11879.6825,-1986.263,1230.0334,-742.3159,-4120.9509,-1498.5455,-5619.4964
60,543.7043,1472.5317,-1088.7089,0.0,0.0,0.0,-1268.7483,-16203.7671,598.5457,11837.1041,-1922.3046,1245.2385,-748.6598,-4109.3385,-1425.7259,-5535.0644
61,510.5136,1427.7282,-1118.4962,0.0,0.0,0.0,-1302.5151,-16205.8342,607.287,11853.4745,-1897.7643,1231.6777,-739.5363,-4227.842199999999,-1405.6229,-5633.4650999999985
62,512.3568,1412.6164,-1063.6556,0.0,0.0,0.0,-1289.2496,-16214.524,599.266,11821.8966,-1906.3954,1235.2357,-746.8068,-4221.293399999999,-1417.9665,-5639.259899999999
63,491.6168,1417.887,-1079.6381,0.0,0.0,0.0,-1263.6144,-16296.3586,601.8161,11812.8341,-1819.2676,1237.8344,-753.4326,-4315.4571,-1334.8658,-5650.3229
64,490.5046,1378.3878,-1091.9986,0.0,0.0,0.0,-1257.0012,-16289.5947,626.2962,11926.6039,-1910.7261,1234.6923,-749.4994,-4216.801999999998,-1425.5332000000003,-5642.335199999998
65,506.2926,1411.5831,-1118.3912,0.0,0.0,0.0,-1251.6808,-16169.8085,609.1709,11832.695,-1924.3336,1252.9591,-765.189,-4180.1389,-1436.5634999999997,-5616.7024
66,473.1062,1434.0215,-1109.1302,0.0,0.0,0.0,-1244.7524,-16284.0951,616.1334,11832.9347,-1827.6701,1243.5517,-755.7234,-4281.781900000002,-1339.8418000000001,-5621.623700000002
67,543.4243,1453.2348,-1109.573,0.0,0.0,0.0,-1249.472,-16101.8684,605.6502,11813.4271,-2005.3847,1245.4275,-752.2101,-4045.1769999999997,-1512.1673,-5557.344300000001
68,505.2899,1507.6499,-1100.1506,0.0,0.0,0.0,-1290.8545,-16129.9049,592.0285,11770.2327,-1907.1764,1240.6505,-756.1505,-4145.708999999999,-1422.6764,-5568.385399999999
69,508.6759,1378.29,-1080.9313,0.0,0.0,0.0,-1261.5977,-16183.9618,599.3999,11858.6114,-1950.4722,1246.141,-757.765,-4181.5136,-1462.0962,-5643.609800000001
70,529.8215,1336.7447,-1100.7237,0.0,0.0,0.0,-1258.6248,-16295.7146,618.3182,11884.9785,-1838.4174,1233.0385,-748.2074,-4285.200199999999,-1353.5863,-5638.786499999999
71,527.9407,1431.0914,-1111.8245,0.0,0.0,0.0,-1267.7597,-16089.2305,590.6675,11791.1588,-1965.6807,1240.7592,-748.5003,-4127.9563,-1473.4218,-5601.3781
72,526.463,1443.4891,-1076.6816,0.0,0.0,0.0,-1260.8818,-16255.4041,595.237,11799.1434,-1853.0143,1236.8847,-747.1512,-4228.635,-1363.2808,-5591.915800000001
73,500.4438,1425.2496,-1081.3865,0.0,0.0,0.0,-1274.1189,-16185.0833,611.252,11820.7812,-1888.657,1244.2746,-754.7222,-4182.8621,-1399.1046000000001,-5581.966700000001
74,507.2987,1413.1892,-1105.3261,0.0,0.0,0.0,-1259.0856,-16297.0057,611.4468,11824.8304,-1856.7552,1235.0797,-753.5353,-4304.652299999998,-1375.2108,-5679.863099999997
75,497.7022,1405.3461,-1107.1519,0.0,0.0,0.0,-1280.494,-16219.7889,608.5201,11783.2744,-1837.9792,1233.4118,-745.1368,-4312.592000000001,-1349.7042,-5662.296200000001
76,516.4728,1443.0171,-1096.0288,0.0,0.0,0.0,-1294.6985,-16222.2004,606.2013,11799.0741,-1814.6796,1235.7129,-747.778,-4248.162399999999,-1326.7447,-5574.9070999999985
77,518.0321,1426.6189,-1114.9633,0.0,0.0,0.0,-1281.8752,-16172.9353,595.9992,11755.4022,-1857.1009,1232.1739,-746.992,-4273.721399999997,-1371.9189999999999,-5645.640399999997
78,524.3898,1458.883,-1120.8192,0.0,0.0,0.0,-1240.8037,-16268.1846,612.7501,11795.0221,-1796.1432,1246.8639,-752.7086,-4238.762500000001,-1301.9879,-5540.750400000001
79,486.3628,1386.5241,-1113.7633,0.0,0.0,0.0,-1269.2832,-16175.4558,607.8794,11796.1211,-1892.4476,1230.6902,-742.9575,-4281.614899999999,-1404.7149,-5686.329799999998
80,487.1669,1449.3809,-1087.8842,0.0,0.0,0.0,-1239.486,-16276.0776,623.1151,11807.9507,-1832.3345,1235.8641,-745.3022,-4235.834200000003,-1341.7725999999998,-5577.606800000003
81,510.4977,1431.5879,-1092.4871,0.0,0.0,0.0,-1287.6477,-16266.574,599.4619,11761.546,-1762.1149,1220.0259,-726.5337,-4343.615300000001,-1268.6227,-5612.238000000001
82,512.5829,1422.1146,-1083.84,0.0,0.0,0.0,-1289.1697,-16260.0881,617.688,11757.6884,-1789.7679,1222.0104,-736.994,-4323.023900000002,-1304.7515000000003,-5627.775400000001
83,540.7585,1390.4443,-1107.3978,0.0,0.0,0.0,-1287.9389,-16433.661,617.3371,11869.97,-1707.9956,1217.4224,-736.5806,-4410.487800000001,-1227.1538,-5637.641600000002
84,517.7139,1414.2557,-1099.0559,0.0,0.0,0.0,-1277.633,-16058.9752,603.1629,11793.5126,-2009.5935,1242.0869,-749.8468,-4107.019000000002,-1517.3534,-5624.372400000002
85,530.6837,1433.006,-1125.2177,0.0,0.0,0.0,-1304.8002,-16152.8008,607.502,11773.6874,-1861.6205,1229.7358,-741.452,-4237.9396,-1373.3367,-5611.2763
86,503.8825,1433.0722,-1073.2488,0.0,0.0,0.0,-1259.2536,-16232.7896,607.419,11814.7888,-1860.8775,1235.642,-748.6244,-4206.129499999999,-1373.8599,-5579.9893999999995
87,516.5148,1391.636,-1079.7482,0.0,0.0,0.0,-1249.8951,-16133.9943,618.4087,11769.9013,-1896.3702,1238.8314,-756.6059,-4167.176799999999,-1414.1447,-5581.3215
88,470.7647,1401.9423,-1077.1332,0.0,0.0,0.0,-1274.0084,-16233.1595,623.4389,11818.4729,-1886.615,1237.5273,-756.957,-4269.682299999999,-1406.0447,-5675.726999999999
89,503.7523,1427.7599,-1085.9748,0.0,0.0,0.0,-1257.0047,-16227.5047,596.9752,11829.9085,-1892.5884,1236.8374,-751.2366,-4212.088299999998,-1406.9876000000002,-5619.075899999998
90,524.3278,1473.2031,-1072.2075,0.0,0.0,0.0,-1269.9005,-16114.572,612.5171,11776.3964,-1960.7542,1234.7537,-749.4868,-4070.235599999998,-1475.4873000000002,-5545.722899999998
91,486.6484,1365.1444,-1095.7338,0.0,0.0,0.0,-1289.5585,-16116.7529,602.5144,11832.8269,-1942.9648,1225.3793,-732.2024,-4214.911100000001,-1449.7878999999998,-5664.6990000000005
92,516.8672,1407.3164,-1075.5179,0.0,0.0,0.0,-1262.3851,-16139.3895,596.4182,11737.3351,-1890.9874,1234.4749,-750.7674,-4219.355599999999,-1407.2799,-5626.6354999999985
93,518.8506,1408.5692,-1120.7774,0.0,0.0,0.0,-1278.443,-16036.7017,613.6131,11818.3131,-2043.4217,1238.5243,-743.9662,-4076.5761,-1548.8636000000001,-5625.4397
94,529.6209,1418.1374,-1073.2232,0.0,0.0,0.0,-1273.2614,-16154.4792,615.8414,11828.3057,-1914.575,1224.6658,-731.9614,-4109.0584,-1421.8706000000002,-5530.929
95,506.2428,1336.9164,-1104.835,0.0,0.0,0.0,-1259.4653,-16153.3273,608.1942,11849.475,-1925.7849,1237.343,-744.0219,-4216.799200000001,-1432.4638,-5649.263000000002
96,519.94,1397.4293,-1097.7114,0.0,0.0,0.0,-1258.98,-16197.5962,601.4152,11800.4873,-1905.6828,1233.5772,-750.4789,-4235.015800000001,-1422.5845,-5657.600300000002
97,531.8082,1446.9779,-1111.5515,0.0,0.0,0.0,-1291.0992,-16270.7118,593.5735,11819.9978,-1861.3461,1231.6635,-747.5543,-4281.0050999999985,-1377.2368999999999,-5658.241999999998
98,479.3533,1387.8032,-1086.3351,0.0,0.0,0.0,-1267.2978,-15901.5199,612.3885,11816.9821,-2163.6858,1249.0657,-762.6374,-3958.6256999999987,-1677.2575000000002,-5635.883199999998
99,509.2495,1388.7031,-1101.7755,0.0,0.0,0.0,-1268.0124,-16167.1539,618.2455,11816.8474,-1954.4737,1238.0754,-762.2974,-4203.8962999999985,-1478.6957000000002,-5682.592
100,480.7162,1389.3269,-1082.3249,0.0,0.0,0.0,-1258.4086,-16114.751,606.2531,11867.8214,-2029.9032,1238.1415,-752.9473,-4111.366899999999,-1544.709,-5656.075899999999
101,504.4132,1408.7578,-1078.4071,0.0,0.0,0.0,-1227.8757,-15979.7294,604.1603,11774.1002,-2104.7106,1254.4948,-766.425,-3994.5807000000004,-1616.6408,-5611.221500000001
102,461.1608,1451.6637,-1114.3699,0.0,0.0,0.0,-1280.0314,-15942.7557,608.0793,11814.0743,-2130.4079,1252.4158,-767.8769,-4002.178900000001,-1645.8690000000001,-5648.047900000001
103,505.5237,1408.7718,-1075.9336,0.0,0.0,0.0,-1255.0042,-16204.467,618.4118,11792.6367,-1874.1518,1241.9121,-761.8236,-4210.060800000001,-1394.0633000000003,-5604.124100000001
104,517.2334,1372.587,-1092.5034,0.0,0.0,0.0,-1247.011,-16132.4367,579.3639,11725.4198,-1908.5544,1248.2767,-758.8645,-4277.347000000002,-1419.1422000000002,-5696.489200000002
105,529.4253,1381.1909,-1079.3814,0.0,0.0,0.0,-1241.7214,-16111.5515,617.0851,11778.26,-1971.5428,1240.7734,-757.3901,-4126.6929999999975,-1488.1594999999998,-5614.852499999997
106,482.0347,1442.8648,-1095.485,0.0,0.0,0.0,-1270.4365,-16088.479,601.8252,11778.6733,-1986.5593,1246.0134,-754.7408,-4149.0025000000005,-1495.2866999999999,-5644.289200000001
107,489.8628,1437.2607,-1109.7723,0.0,0.0,0.0,-1261.8628,-16155.6321,601.9969,11794.9792,-1929.2731,1247.0293,-759.117,-4203.167600000001,-1441.3608000000002,-5644.528400000001
108,499.7326,1434.4699,-1085.2901,0.0,0.0,0.0,-1246.2823,-16096.0168,626.271,11828.9619,-2002.5542,1241.7278,-763.4724,-4038.1537999999982,-1524.2988,-5562.452599999999
109,483.7328,1439.8739,-1074.3801,0.0,0.0,0.0,-1274.0364,-16119.1489,617.8008,11832.212,-1974.9197,1238.4676,-749.1985,-4093.945899999999,-1485.6506,-5579.5965
110,489.438,1456.9998,-1084.1361,0.0,0.0,0.0,-1268.7384,-15999.4267,599.2656,11759.4487,-2000.2664,1244.0147,-751.8083,-4047.149099999997,-1508.06,-5555.209099999997
111,509.9783,1461.5015,-1086.0586,0.0,0.0,0.0,-1263.277,-16163.9365,603.7639,11756.1578,-1896.502,1246.2733,-760.2463,-4181.8706,-1410.475,-5592.345600000001
112,524.9809,1462.1104,-1109.2747,0.0,0.0,0.0,-1256.952,-16116.8787,600.927,11689.1237,-1913.7201,1239.8378,-758.3775,-4205.963400000001,-1432.2598,-5638.2232
113,509.0298,1426.4581,-1102.1394,0.0,0.0,0.0,-1257.156,-16139.3502,588.8899,11775.8499,-1965.5061,1241.6569,-754.0302,-4198.4179,-1477.8794000000003,-5676.297300000001
114,486.1299,1432.409,-1112.0959,0.0,0.0,0.0,-1271.8267,-16222.3634,620.9607,11805.2667,-1826.0472,1234.3946,-747.8001,-4261.519700000001,-1339.4526999999998,-5600.972400000001
115,523.4424,1460.6691,-1093.6491,0.0,0.0,0.0,-1273.131,-16213.3196,605.9161,11833.9286,-1899.8411,1240.1969,-750.8278,-4156.1435,-1410.4720000000002,-5566.6155
116,506.7203,1486.8511,-1078.3438,0.0,0.0,0.0,-1259.9477,-16106.2025,597.6285,11793.6926,-2018.9924,1238.8786,-758.6154,-4059.601499999997,-1538.7292000000002,-5598.330699999997
117,522.0272,1413.3307,-1068.1962,0.0,0.0,0.0,-1244.8686,-16180.4208,609.1575,11834.9884,-1953.6676,1248.3759,-763.0175,-4113.981800000001,-1468.3092000000001,-5582.291000000001
118,523.0225,1402.4636,-1088.5709,0.0,0.0,0.0,-1283.8967,-16169.6864,602.9558,11823.1619,-1926.5546,1233.5677,-747.1812,-4190.5502000000015,-1440.1680999999999,-5630.718300000001
119,477.6564,1379.7394,-1099.8511,0.0,0.0,0.0,-1250.1209,-16040.3138,607.0512,11797.5371,-2025.4278,1243.5469,-756.4018,-4128.3017,-1538.2826999999997,-5666.584399999999
120,474.3322,1441.5516,-1066.2348,0.0,0.0,0.0,-1285.7753,-16008.683,623.0797,11830.9094,-2087.9185,1250.11,-763.6405,-3990.8202,-1601.4490000000003,-5592.269200000001
121,501.7241,1379.3924,-1079.4679,0.0,0.0,0.0,-1222.6816,-16098.1681,618.4261,11829.8902,-2012.4144,1250.5919,-765.3083,-4070.8848000000016,-1527.1308,-5598.0156000000015
122,513.3685,1446.0185,-1077.4235,0.0,0.0,0.0,-1257.8719,-15876.4201,592.536,11783.9803,-2195.5,1253.5167,-763.9543,-3875.8122000000003,-1705.9376000000002,-5581.7498000000005
123,492.8658,1434.3733,-1114.0977,0.0,0.0,0.0,-1262.7814,-16019.9742,621.3212,11797.2854,-2070.0146,1236.346,-752.3841,-4051.007599999999,-1586.0527,-5637.0603
124,508.5403,1366.0458,-1100.0084,0.0,0.0,0.0,-1249.6163,-16101.4612,613.2905,11807.6356,-2001.1657,1238.7652,-757.2214,-4155.573699999999,-1519.6219,-5675.195599999999
125,516.1707,1445.8209,-1094.2865,0.0,0.0,0.0,-1241.2583,-15971.3981,611.8055,11760.5683,-2081.6095,1242.2097,-758.3975,-3972.5774999999994,-1597.7973,-5570.3748
126,538.4238,1416.3129,-1104.3516,0.0,0.0,0.0,-1257.7939,-16157.327,599.1269,11773.6211,-1927.6405,1246.3347,-755.8201,-4191.987799999999,-1437.1259,-5629.113699999998
127,513.5206,1461.7621,-1097.4029,0.0,0.0,0.0,-1274.8884,-16076.1173,612.1936,11843.7976,-2059.0812,1236.6012,-746.1137,-4017.1346999999987,-1568.5937,-5585.728399999999
128,496.0313,1438.6485,-1081.5713,0.0,0.0,0.0,-1275.7183,-15991.8893,605.7991,11896.1256,-2157.1219,1244.4211,-751.8177,-3912.5744000000013,-1664.5185000000001,-5577.0929000000015
129,553.417,1424.2856,-1114.5698,0.0,0.0,0.0,-1265.6153,-16179.3609,585.0746,11772.3461,-1924.9106,1239.8236,-745.6758,-4224.422699999997,-1430.7628,-5655.185499999998
130,542.3097,1432.8951,-1091.5298,0.0,0.0,0.0,-1272.6907,-16082.0751,584.6971,11819.4098,-1988.5955,1257.5329,-766.7412,-4066.983900000003,-1497.8038000000001,-5564.787700000003
131,515.0784,1415.2197,-1098.1562,0.0,0.0,0.0,-1281.3982,-16047.716,606.8368,11811.1425,-2089.482,1237.6832,-744.4875,-4078.9930000000004,-1596.2863,-5675.279300000001
132,554.952,1413.2642,-1105.7459,0.0,0.0,0.0,-1245.2553,-16123.7221,590.1954,11790.6241,-1976.8628,1248.2577,-756.7553,-4125.687600000001,-1485.3604,-5611.048000000001
133,564.5975,1378.9768,-1119.7592,0.0,0.0,0.0,-1267.956,-16082.1361,592.8398,11770.1051,-1976.4127,1238.6849,-755.8039,-4163.332099999998,-1493.5317,-5656.863799999997
134,473.9684,1422.2356,-1073.1052,0.0,0.0,0.0,-1287.304,-16162.2508,596.7302,11856.9079,-1975.712,1238.0612,-746.8825,-4172.817899999998,-1484.5333,-5657.351199999997
135,563.0843,1406.1193,-1084.2142,0.0,0.0,0.0,-1253.2728,-16232.4718,606.8146,11852.0141,-1902.9693,1232.3109,-751.1464,-4141.9265,-1421.8048,-5563.7312999999995
136,488.0,1420.8453,-1107.7176,0.0,0.0,0.0,-1282.4917,-15979.8549,590.7654,11868.3588,-2130.959,1250.8565,-760.8441,-4002.0946999999996,-1640.9465999999998,-5643.0413
137,509.7022,1409.8729,-1106.332,0.0,0.0,0.0,-1300.9418,-16205.7122,594.3734,11826.6193,-1919.6312,1231.7911,-741.1186,-4272.418199999998,-1428.9587000000001,-5701.3768999999975
138,521.913,1440.3921,-1085.6447,0.0,0.0,0.0,-1275.7151,-16014.8319,607.5093,11791.6473,-2044.8353,1234.3852,-742.2918,-4014.7299999999977,-1552.7419,-5567.471899999998
139,512.3973,1426.3235,-1083.2479,0.0,0.0,0.0,-1255.2278,-16132.1118,610.637,11849.14,-2010.0389,1243.7359,-753.7015,-4072.0896999999986,-1520.0045,-5592.094199999999
140,520.1061,1435.1392,-1077.8807,0.0,0.0,0.0,-1265.1427,-16115.0062,608.3369,11773.6123,-1951.2929,1241.9026,-753.4478,-4120.835099999998,-1462.8381,-5583.673199999999
141,527.2199,1413.7587,-1118.7739,0.0,0.0,0.0,-1261.8045,-16154.1864,609.7373,11845.6282,-1959.4676,1234.4844,-742.7535,-4138.420699999999,-1467.7367,-5606.157399999998
142,544.6929,1376.2213,-1121.3436,0.0,0.0,0.0,-1287.3546,-16158.5466,596.6781,11860.8331,-1936.0533,1240.5135,-747.9037,-4188.819400000002,-1443.4434999999999,-5632.2629000000015
143,523.6338,1403.4007,-1117.3751,0.0,0.0,0.0,-1259.1775,-16244.5003,603.1077,11835.475,-1872.3713,1236.1523,-746.4561,-4255.4357,-1382.6751,-5638.1108
144,511.4935,1449.6695,-1072.7868,0.0,0.0,0.0,-1258.9192,-16145.4929,609.2828,11847.7779,-2009.4055,1246.2355,-757.428,-4058.975199999999,-1520.598,-5579.573199999999
145,482.4161,1483.0764,-1084.3465,0.0,0.0,0.0,-1286.3983,-16152.7093,619.3271,11824.1785,-1932.2046,1240.3292,-754.6781,-4114.456000000002,-1446.5535,-5561.009500000002
146,512.5752,1481.2168,-1064.7464,0.0,0.0,0.0,-1289.7381,-16222.2895,593.5171,11812.2089,-1873.4334,1230.7091,-746.434,-4177.255999999999,-1389.1582999999998,-5566.4142999999995
147,484.4299,1423.9324,-1113.4231,0.0,0.0,0.0,-1281.5062,-16140.3159,610.3177,11813.8869,-1922.3874,1235.0183,-748.9353,-4202.678300000001,-1436.3044,-5638.982700000001
148,496.6215,1429.209,-1079.3339,0.0,0.0,0.0,-1266.2567,-16212.0276,615.2601,11840.2708,-1973.5102,1238.9306,-748.2942,-4176.256800000001,-1482.8738,-5659.130600000001
149,540.8517,1460.6756,-1114.4427,0.0,0.0,0.0,-1253.7099,-16208.5166,604.0599,11857.814,-1984.3912,1229.2869,-745.6753,-4113.268000000002,-1500.7795999999998,-5614.047600000002
150,541.4519,1402.9596,-1098.0421,0.0,0.0,0.0,-1243.3568,-16230.2446,594.9554,11878.6554,-1973.2748,1251.1211,-755.9464,-4153.6212,-1478.1000999999999,-5631.721299999999
151,513.1496,1433.6936,-1072.8546,0.0,0.0,0.0,-1285.4381,-16187.1415,614.4759,11912.1677,-1986.6263,1236.8611,-748.2401,-4071.947400000001,-1498.0052999999998,-5569.952700000001
152,500.658,1426.9711,-1098.7945,0.0,0.0,0.0,-1244.9174,-16046.703,619.7068,11808.4077,-2051.4602,1243.3674,-761.3906,-4034.671299999998,-1569.4833999999998,-5604.154699999997
153,497.1555,1403.8196,-1094.6432,0.0,0.0,0.0,-1277.7754,-16213.5281,595.5719,11871.8877,-1940.9431,1239.3795,-750.059,-4217.512000000001,-1451.6226,-5669.134600000001
154,492.029,1406.1229,-1106.9042,0.0,0.0,0.0,-1255.4865,-16113.6744,591.9589,11862.7622,-2030.8773,1245.5314,-754.2655,-4123.1921,-1539.6114,-5662.8035
155,505.1545,1501.94,-1067.1965,0.0,0.0,0.0,-1270.6626,-16309.139,605.5776,11857.8457,-1877.8381,1231.295,-749.4242,-4176.480299999997,-1395.9672999999998,-5572.447599999998
156,529.3182,1440.2361,-1110.3214,0.0,0.0,0.0,-1258.0669,-16166.8821,617.7009,11803.0224,-1958.818,1239.1196,-754.0303,-4144.992800000002,-1473.7287000000001,-5618.721500000002
157,512.3844,1462.0189,-1108.9051,0.0,0.0,0.0,-1259.8259,-16055.8168,606.6587,11805.5198,-2044.7188,1247.2324,-761.723,-4037.966000000002,-1559.2094,-5597.175400000003
158,505.8245,1367.3115,-1088.1709,0.0,0.0,0.0,-1288.3145,-16055.2617,596.8067,11776.0912,-1958.857,1231.1816,-741.0807,-4185.713199999998,-1468.7561,-5654.469299999999
159,511.8565,1435.5462,-1126.2436,0.0,0.0,0.0,-1290.2975,-16180.1532,607.2933,11855.273,-1918.847,1229.6082,-738.7073,-4186.725300000002,-1427.9461000000001,-5614.671400000002
160,520.0972,1430.2277,-1094.0536,0.0,0.0,0.0,-1303.0739,-16164.5433,598.4395,11853.8899,-1929.7178,1229.7688,-733.609,-4159.0165,-1433.558,-5592.574500000001
161,524.2469,1361.3088,-1123.2124,0.0,0.0,0.0,-1277.5842,-16305.0275,614.7259,11839.721,-1820.604,1236.0862,-739.2215,-4365.821500000002,-1323.7393000000002,-5689.560800000002
162,502.4117,1419.2619,-1074.7104,0.0,0.0,0.0,-1249.4845,-16199.013,631.8432,11837.2194,-1926.5997,1236.3791,-738.8521,-4132.4717,-1429.0726999999997,-5561.5444
163,526.9527,1408.5682,-1085.247,0.0,0.0,0.0,-1276.0281,-16205.2997,605.0923,11821.6359,-1906.2196,1226.3149,-735.4401,-4204.325699999999,-1415.3447999999999,-5619.670499999999
164,484.7322,1385.0561,-1078.4341,0.0,0.0,0.0,-1264.1537,-16119.984,618.9802,11837.7924,-1987.9509,1233.7473,-743.8096,-4136.010900000001,-1498.0132,-5634.0241000000005
165,512.943,1435.5025,-1071.0425,0.0,0.0,0.0,-1282.2443,-16079.9626,615.7671,11823.2869,-2032.3749,1230.7705,-740.7672,-4045.749899999999,-1542.3716,-5588.121499999999
166,534.9824,1499.1144,-1085.944,0.0,0.0,0.0,-1276.4767,-16088.4257,610.9501,11762.6316,-1966.2997,1230.0618,-740.0506,-4043.1678999999986,-1476.2885,-5519.456399999999
167,517.1675,1343.7075,-1082.0141,0.0,0.0,0.0,-1286.6152,-16177.2026,617.8133,11846.6214,-1939.6912,1230.1468,-738.2896,-4220.522200000001,-1447.8339999999998,-5668.356200000002
168,473.099,1433.5274,-1080.8487,0.0,0.0,0.0,-1302.6279,-16069.8089,612.9077,11818.2127,-1978.6826,1230.0476,-741.2942,-4115.538700000001,-1489.9292,-5605.4679000000015
169,527.6183,1446.6993,-1099.0742,0.0,0.0,0.0,-1253.1002,-16016.4654,602.9511,11802.6208,-2051.2472,1242.824,-750.992,-3988.750299999998,-1559.4151999999997,-5548.165499999997
170,521.4942,1415.5797,-1115.2198,0.0,0.0,0.0,-1301.6333,-16074.8721,618.2143,11889.7106,-2037.0008,1236.0058,-738.7893,-4046.7264000000014,-1539.7843000000003,-5586.510700000002
171,535.8057,1367.1518,-1081.8735,0.0,0.0,0.0,-1278.8626,-16092.696,602.3707,11882.2982,-2043.4678,1234.3804,-740.6612,-4065.8057000000026,-1549.7486,-5615.554300000003
172,506.8325,1400.2646,-1093.9716,0.0,0.0,0.0,-1297.7799,-15973.261,604.4983,11807.3755,-2084.354,1236.2893,-742.9114,-4046.0416000000023,-1590.9760999999999,-5637.017700000001
173,496.8177,1416.1358,-1070.941,0.0,0.0,0.0,-1281.6735,-16121.5383,614.8252,11896.9691,-2012.3691,1235.6137,-743.6082,-4049.4050000000007,-1520.3635999999997,-5569.7686
174,502.9672,1457.622,-1095.3654,0.0,0.0,0.0,-1287.7009,-16112.0642,596.7269,11860.0657,-2046.8188,1236.4736,-748.356,-4077.748700000002,-1558.7012,-5636.449900000001
175,490.8179,1457.0703,-1083.2128,0.0,0.0,0.0,-1297.9425,-16085.2158,588.5897,11813.9526,-1996.7242,1236.0484,-750.8212,-4115.940599999998,-1511.4970000000003,-5627.437599999999
176,486.4833,1440.2212,-1079.8974,0.0,0.0,0.0,-1270.4894,-16229.2943,609.2126,11827.2353,-1913.4148,1234.8435,-756.1138,-4216.528699999997,-1434.6851000000001,-5651.213799999998
177,492.9567,1443.8294,-1090.9645,0.0,0.0,0.0,-1286.9563,-16075.2325,627.1427,11827.2106,-2040.5841,1232.4337,-746.4573,-4062.0139,-1554.6077,-5616.6216
178,556.3102,1386.6873,-1086.7455,0.0,0.0,0.0,-1287.4587,-15794.6402,604.1528,11699.128,-2120.3148,1236.6579,-744.8831,-3922.5661,-1628.5400000000002,-5551.1061
179,495.1296,1445.8479,-1060.8935,0.0,0.0,0.0,-1291.15,-16077.3156,606.3651,11813.1624,-2004.2127,1239.6724,-747.5961,-4068.8541000000023,-1512.1364,-5580.990500000003
180,514.4387,1452.5734,-1102.8434,0.0,0.0,0.0,-1266.2252,-16060.5701,621.6997,11782.4212,-1932.5394,1239.0298,-748.2619,-4058.5056999999997,-1441.7714999999998,-5500.277199999999
181,495.8253,1399.6471,-1099.6754,0.0,0.0,0.0,-1257.0702,-16062.1486,607.4446,11819.7906,-2008.1509,1241.7987,-757.5452,-4096.186599999999,-1523.8974,-5620.083999999999
182,506.0623,1440.9225,-1076.889,0.0,0.0,0.0,-1284.1569,-16063.3948,605.9056,11770.4877,-1975.2038,1229.783,-737.9387,-4101.062600000001,-1483.3595,-5584.422100000001
183,479.2204,1464.2013,-1106.6956,0.0,0.0,0.0,-1281.9031,-15987.1353,609.903,11750.2488,-2014.1686,1239.8567,-750.2892,-4072.160500000002,-1524.6010999999999,-5596.761600000002
184,553.8996,1453.0466,-1071.1049,0.0,0.0,0.0,-1281.1243,-16053.7019,587.7844,11792.1955,-1994.6428,1232.618,-741.5881,-4019.004999999999,-1503.6129,-5522.617899999998
185,472.1305,1408.0393,-1093.3046,0.0,0.0,0.0,-1285.7246,-16085.686,613.5438,11792.3194,-1922.4247,1225.6156,-731.9269,-4178.682199999999,-1428.7359999999999,-5607.418199999999
186,509.9798,1411.7339,-1084.8542,0.0,0.0,0.0,-1291.8182,-16132.7587,619.1344,11828.858,-1936.0908,1227.5339,-726.6356,-4139.725,-1435.1925,-5574.9175
187,509.5489,1402.0249,-1104.2039,0.0,0.0,0.0,-1270.3638,-16171.2198,610.6125,11876.6094,-1939.2531,1235.1081,-735.8892,-4146.991800000002,-1440.0342,-5587.026000000002
188,501.5115,1378.5281,-1127.9357,0.0,0.0,0.0,-1243.8229,-16071.0283,610.3518,11780.6962,-1999.6313,1242.4224,-744.4295,-4171.699299999998,-1501.6384,-5673.337699999998
189,481.6503,1402.5314,-1095.4159,0.0,0.0,0.0,-1309.0628,-16334.1984,611.4413,11812.2074,-1724.304,1216.9594,-725.1369,-4430.8467,-1232.4815,-5663.3282
190,515.8252,1418.1074,-1104.5353,0.0,0.0,0.0,-1293.8216,-16180.2324,596.5306,11801.5965,-1849.768,1228.2852,-727.0674,-4246.5296,-1348.5502000000001,-5595.0797999999995
191,469.5113,1419.7996,-1083.9903,0.0,0.0,0.0,-1282.3582,-16145.0337,612.898,11797.5706,-1900.8644,1230.5012,-739.592,-4211.602700000001,-1409.9551999999999,-5621.557900000002
192,530.524,1440.0134,-1113.2832,0.0,0.0,0.0,-1282.2984,-16192.123,604.0372,11845.7414,-1885.0053,1232.9913,-734.9929,-4167.388599999998,-1387.0069,-5554.395499999999
193,518.8199,1469.2201,-1095.3724,0.0,0.0,0.0,-1253.2757,-16175.1492,600.3855,11828.5818,-1939.3685,1229.1688,-736.9748,-4106.790000000001,-1447.1745,-5553.964500000002
194,488.9599,1426.9043,-1102.7973,0.0,0.0,0.0,-1278.3993,-16140.0818,614.6016,11758.3339,-1899.7673,1243.0225,-749.0237,-4232.4787,-1405.7685,-5638.247199999999
195,519.0244,1365.7228,-1136.1024,0.0,0.0,0.0,-1288.0965,-16023.9467,593.2541,11791.3781,-2014.3877,1228.7624,-736.3506,-4178.766200000002,-1521.9759,-5700.742100000001
196,532.9715,1417.4032,-1114.0471,0.0,0.0,0.0,-1278.8214,-16092.0521,602.0171,11791.8962,-1969.4158,1229.0979,-732.1886,-4140.632600000001,-1472.5065,-5613.1391
197,513.7192,1397.9795,-1098.0708,0.0,0.0,0.0,-1266.9811,-16167.0333,610.5535,11799.432,-1931.0953,1238.2833,-743.8216,-4210.401,-1436.6336,-5647.0346
198,498.8718,1448.8448,-1113.9914,0.0,0.0,0.0,-1286.2173,-16103.3944,600.6811,11762.4894,-1945.7431,1221.1693,-728.6569,-4192.716,-1453.2306999999998,-5645.9467
199,506.9949,1456.6594,-1087.4612,0.0,0.0,0.0,-1263.2468,-16225.2897,618.7209,11830.1129,-1912.2785,1233.7709,-749.734,-4163.509599999998,-1428.2415999999998,-5591.751199999999
200,498.509,1419.4262,-1074.6609,0.0,0.0,0.0,-1300.5282,-16069.0876,595.4999,11785.9386,-1966.269,1233.2181,-739.9424,-4144.903000000002,-1472.9933,-5617.896300000002
201,499.8573,1431.2521,-1064.6037,0.0,0.0,0.0,-1273.7476,-16008.5004,612.0881,11741.4232,-1989.2503,1241.4349,-750.034,-4062.2310000000016,-1497.8494,-5560.080400000001
202,528.8789,1438.505,-1097.2849,0.0,0.0,0.0,-1249.3266,-16123.8555,609.3192,11822.3086,-1988.7726,1242.6917,-750.3016,-4071.4552999999996,-1496.3825,-5567.837799999999
203,544.2994,1426.5017,-1099.0164,0.0,0.0,0.0,-1267.9138,-16146.142,597.6526,11816.9418,-1956.2711,1246.5756,-760.1791,-4127.676699999998,-1469.8746,-5597.551299999998
204,475.8723,1406.2521,-1110.7913,0.0,0.0,0.0,-1262.0239,-16106.0196,606.6014,11838.376,-1978.1688,1244.7282,-755.8068,-4151.733,-1489.2473999999997,-5640.9804
205,492.7776,1412.2541,-1094.9886,0.0,0.0,0.0,-1244.1364,-16144.4663,614.5927,11852.4069,-1990.0794,1236.828,-752.7686,-4111.560000000001,-1506.02,-5617.580000000003
206,502.2678,1441.9302,-1111.7221,0.0,0.0,0.0,-1251.6973,-16112.8888,619.4353,11864.395,-2015.3166,1247.8939,-759.8536,-4048.2798999999995,-1527.2763,-5575.5562
207,488.2506,1403.0854,-1088.9376,0.0,0.0,0.0,-1278.6522,-16113.3907,605.1736,11893.5498,-2053.2573,1230.0098,-734.9222,-4090.9210999999978,-1558.1697000000001,-5649.090799999998
208,534.8214,1382.9406,-1084.3637,0.0,0.0,0.0,-1264.2655,-16073.2289,605.9703,11824.3267,-2008.7093,1237.995,-748.8647,-4073.7990999999984,-1519.5790000000002,-5593.378099999999
209,533.9105,1412.1748,-1096.2691,0.0,0.0,0.0,-1293.5803,-16165.6387,602.439,11782.4812,-1891.9196,1226.7118,-736.2482,-4224.482599999999,-1401.456,-5625.9385999999995
210,511.913,1416.227,-1134.0562,0.0,0.0,0.0,-1302.4913,-16200.8702,609.1216,11843.8725,-1911.6469,1219.2321,-729.9572,-4256.283599999999,-1422.3719999999998,-5678.655599999998
211,475.2325,1402.3829,-1094.5716,0.0,0.0,0.0,-1289.6393,-16079.3626,603.384,11804.637,-2003.5532,1230.1232,-734.1452,-4177.937099999999,-1507.5752000000002,-5685.512299999999
212,514.9421,1450.9762,-1092.4011,0.0,0.0,0.0,-1316.7945,-16058.3529,601.4901,11809.1894,-1982.9991,1228.4222,-740.0219,-4090.9507000000012,-1494.5988,-5585.549500000001
213,514.0416,1444.9446,-1075.7133,0.0,0.0,0.0,-1282.3559,-16343.912,609.1497,11804.3882,-1767.49,1228.8286,-740.2477,-4329.4571,-1278.9090999999999,-5608.3661999999995
214,531.2354,1451.1998,-1072.7824,0.0,0.0,0.0,-1285.0211,-16242.8937,617.0603,11819.5586,-1864.4425,1226.707,-735.6728,-4181.643099999999,-1373.4083,-5555.051399999999
215,533.1583,1367.1968,-1063.4201,0.0,0.0,0.0,-1298.8293,-16103.0346,609.2482,11840.7226,-2005.7687,1231.9329,-734.5587,-4114.9581000000035,-1508.3945,-5623.352600000004
216,493.6231,1469.9135,-1089.2591,0.0,0.0,0.0,-1279.9181,-16167.9456,603.4726,11847.3187,-1941.0218,1235.6562,-744.4925,-4122.794899999997,-1449.8581,-5572.652999999998
217,502.4121,1439.8704,-1066.5935,0.0,0.0,0.0,-1270.9304,-16069.5197,602.6902,11797.4466,-2001.9861,1236.3413,-742.9488,-4064.6242999999995,-1508.5936000000002,-5573.2179
218,516.3197,1440.5503,-1071.7466,0.0,0.0,0.0,-1269.0202,-16080.6006,612.0518,11792.2828,-1955.1418,1237.5509,-735.6085,-4060.1628,-1453.1994000000002,-5513.3622000000005
219,521.8617,1386.9199,-1072.5637,0.0,0.0,0.0,-1291.0469,-16184.9028,613.6391,11819.9112,-1920.0746,1230.4114,-736.8783,-4206.181500000001,-1426.5414999999998,-5632.723000000001
220,496.3284,1437.1927,-1076.6557,0.0,0.0,0.0,-1297.6393,-16183.865,609.0288,11792.5723,-1908.6808,1231.1391,-738.4679,-4223.037799999998,-1416.0095999999999,-5639.047399999998
221,527.5606,1436.2473,-1038.3062,0.0,0.0,0.0,-1305.2329,-16219.9141,597.7514,11872.3358,-1908.5753,1220.1109,-724.0059,-4129.5581,-1412.4703,-5542.028400000001
222,546.8425,1439.7032,-1102.717,0.0,0.0,0.0,-1303.0459,-16143.1168,595.553,11817.6827,-1940.2409,1228.8853,-729.2074,-4149.0983,-1440.563,-5589.6613
223,501.191,1442.1858,-1115.2485,0.0,0.0,0.0,-1289.5438,-15998.0606,608.6206,11744.3707,-2013.9095,1224.1177,-730.0385,-4106.4848,-1519.8303,-5626.3151
224,549.6463,1412.5056,-1093.0842,0.0,0.0,0.0,-1267.905,-16119.7216,619.2637,11846.5669,-2039.7172,1233.8796,-742.2108,-4052.7283000000007,-1548.0484000000001,-5600.7767
225,509.1541,1427.3394,-1060.7573,0.0,0.0,0.0,-1289.3188,-16119.4913,598.5058,11801.9091,-1949.1391,1235.212,-741.9741,-4132.658999999998,-1455.9012000000002,-5588.560199999999
226,518.0825,1450.776,-1074.5741,0.0,0.0,0.0,-1293.2502,-16107.0116,611.1988,11852.8454,-1980.9974,1228.4316,-741.8264,-4041.9331999999995,-1494.3922000000002,-5536.3254
227,477.7195,1404.5513,-1065.8789,0.0,0.0,0.0,-1274.7853,-16079.9236,602.2722,11868.4624,-2084.6262,1230.3358,-742.2965,-4067.5823999999993,-1596.5869000000002,-5664.1693000000005
228,519.1073,1416.9666,-1076.4292,0.0,0.0,0.0,-1293.6854,-16013.3214,614.0009,11794.0721,-2049.8163,1231.947,-743.6899,-4039.2891000000036,-1561.5592000000001,-5600.848300000004
229,524.5056,1438.6112,-1081.274,0.0,0.0,0.0,-1259.5009,-16135.8136,610.7803,11755.7306,-1924.556,1238.8408,-747.1619,-4146.960799999997,-1432.8771000000002,-5579.837899999998
230,494.2085,1398.0944,-1077.4228,0.0,0.0,0.0,-1297.493,-16172.4666,623.4604,11842.443,-1943.9694,1228.8947,-737.2406,-4189.176100000001,-1452.3152999999998,-5641.491400000001
231,484.2847,1454.5095,-1101.8304,0.0,0.0,0.0,-1271.5508,-15978.212,618.6371,11801.7587,-2065.6351,1238.5006,-749.3629,-3992.403199999999,-1576.4973999999997,-5568.900599999998
232,485.253,1386.3087,-1101.0154,0.0,0.0,0.0,-1292.142,-16006.2616,609.6023,11863.8497,-2107.318,1238.855,-751.6261,-4054.4052999999985,-1620.0891000000001,-5674.494399999998
233,540.4159,1395.2006,-1056.5283,0.0,0.0,0.0,-1249.7582,-16233.8425,609.021,11903.4766,-1957.135,1234.2907,-741.6905,-4092.0149,-1464.5348,-5556.5497000000005
234,492.9813,1433.3587,-1122.63,0.0,0.0,0.0,-1260.0767,-16041.6945,604.8361,11836.3719,-2035.9419,1240.7308,-752.096,-4056.8531999999996,-1547.3071,-5604.1603
235,475.9403,1430.4051,-1059.3278,0.0,0.0,0.0,-1276.7942,-16239.0617,617.4968,11848.0428,-1917.9074,1224.3304,-740.3721,-4203.298699999999,-1433.9491,-5637.247799999999
236,524.6158,1430.8771,-1096.5541,0.0,0.0,0.0,-1245.875,-16049.1711,601.2931,11783.1565,-2044.9667,1240.7356,-751.1171,-4051.6576999999997,-1555.3482,-5607.0059
237,500.0721,1443.3717,-1107.2775,0.0,0.0,0.0,-1266.7753,-16115.1994,598.6533,11854.1089,-2017.9981,1239.3181,-748.9407,-4093.046199999999,-1527.6207,-5620.666899999999
238,517.3588,1444.346,-1107.0879,0.0,0.0,0.0,-1270.8779,-16166.636,611.4131,11832.9185,-1976.0649,1237.5037,-740.9394,-4138.565400000001,-1479.5006,-5618.066000000002
239,538.8559,1466.5896,-1087.7689,0.0,0.0,0.0,-1289.9223,-16244.0199,605.7889,11852.811,-1890.3746,1231.8053,-742.6086,-4157.6657,-1401.1779000000001,-5558.8436
240,504.3641,1428.0519,-1097.6881,0.0,0.0,0.0,-1270.2042,-16072.3713,596.6813,11801.2069,-1969.2769,1235.8594,-747.6844,-4109.959400000002,-1481.1019000000001,-5591.061300000001
241,532.6923,1398.6568,-1072.1525,0.0,0.0,0.0,-1272.9994,-16022.2317,607.6992,11840.1493,-2061.9179,1237.8533,-746.3563,-3988.1860000000033,-1570.4209,-5558.606900000004
242,485.7261,1433.3969,-1111.5049,0.0,0.0,0.0,-1258.0311,-16022.9319,604.7098,11864.9285,-2079.4034,1248.3003,-759.5122,-4003.7065999999995,-1590.6153,-5594.3219
243,520.4691,1438.9475,-1103.4408,0.0,0.0,0.0,-1259.1111,-16165.072,607.4633,11844.4746,-1967.4632,1229.6743,-735.888,-4116.269400000003,-1473.6769,-5589.946300000003
244,503.0247,1423.9086,-1074.4167,0.0,0.0,0.0,-1289.103,-16193.0608,598.8891,11831.5024,-1928.6034,1231.3281,-743.784,-4199.2557,-1441.0593,-5640.315
245,527.36,1408.8069,-1068.5539,0.0,0.0,0.0,-1273.6399,-16076.0789,583.9256,11803.4528,-1992.6794,1245.4984,-755.1754,-4094.7274000000016,-1502.3564000000001,-5597.083800000002
246,528.6751,1382.1932,-1087.1696,0.0,0.0,0.0,-1262.1351,-16136.9145,595.4544,11744.5913,-1905.1286,1239.6535,-754.2602,-4235.305200000001,-1419.7353000000003,-5655.0405
247,500.186,1395.539,-1077.0352,0.0,0.0,0.0,-1246.4243,-16185.0166,620.5858,11853.28,-1954.9374,1226.6551,-741.7871,-4138.8853,-1470.0694,-5608.9547
248,503.391,1409.8935,-1088.9546,0.0,0.0,0.0,-1261.1991,-16210.0685,600.7721,11847.0535,-1907.6492,1233.3693,-744.2705,-4199.1120999999985,-1418.5504,-5617.662499999998
249,507.3937,1447.5848,-1090.6024,0.0,0.0,0.0,-1272.2804,-16156.6183,608.99,11873.0088,-2033.845,1236.6862,-750.9534,-4082.523800000001,-1548.1122,-5630.636000000001
250,516.2087,1425.2696,-1085.552,0.0,0.0,0.0,-1254.1779,-16065.2918,606.7652,11799.6305,-2008.4379,1238.0187,-747.1212,-4057.147700000003,-1517.5403999999999,-5574.688100000003
251,511.4275,1460.1693,-1104.9482,0.0,0.0,0.0,-1286.0555,-16052.2117,584.6231,11740.6081,-1971.8405,1232.0038,-739.8125,-4146.387400000001,-1479.6492,-5626.036600000001
252,516.2163,1438.2227,-1112.5409,0.0,0.0,0.0,-1261.6546,-16243.9886,606.4285,11858.5559,-1883.5561,1236.313,-745.5414,-4198.760700000001,-1392.7844999999998,-5591.5452000000005
253,509.0802,1485.3897,-1118.1494,0.0,0.0,0.0,-1282.2581,-16136.0514,598.5629,11784.3637,-1885.8677,1225.54,-728.1474,-4159.062400000001,-1388.4751,-5547.5375
254,522.6904,1434.1353,-1095.5598,0.0,0.0,0.0,-1249.8771,-16038.6233,592.0066,11717.9573,-1935.8783,1241.1041,-747.6043,-4117.270599999998,-1442.3785,-5559.649099999998
255,532.0316,1377.9714,-1118.9756,0.0,0.0,0.0,-1266.9809,-16130.8119,609.9758,11836.3358,-1972.3758,1234.9852,-744.0901,-4160.453799999999,-1481.4807,-5641.934499999999
256,509.713,1439.6612,-1071.203,0.0,0.0,0.0,-1249.5097,-16161.3068,606.8056,11804.7775,-1938.4133,1239.285,-750.0902,-4121.0622,-1449.2185,-5570.2807
257,557.525,1367.4592,-1093.7796,0.0,0.0,0.0,-1289.8996,-16132.7367,591.5912,11801.7035,-1961.1463,1228.5923,-742.3818,-4198.137000000001,-1474.9358000000002,-5673.072800000001
258,495.609,1396.6814,-1101.3501,0.0,0.0,0.0,-1279.5776,-16172.9307,601.8874,11849.0239,-1981.6864,1235.4624,-746.0598,-4210.6567,-1492.2838000000002,-5702.9405
259,516.9309,1440.1988,-1078.5891,0.0,0.0,0.0,-1253.5197,-16178.257,605.7169,11822.5819,-1935.2965,1240.419,-755.9716,-4124.9373,-1450.8491,-5575.7864
260,505.2113,1398.2625,-1070.8954,0.0,0.0,0.0,-1286.6925,-16157.7647,610.0209,11866.5808,-1966.284,1240.8206,-755.9795,-4135.277099999999,-1481.4429,-5616.719999999999
261,523.0736,1457.9486,-1042.2871,0.0,0.0,0.0,-1260.7963,-16095.6483,604.1576,11813.5592,-1996.9148,1235.4719,-750.0059,-3999.9927000000007,-1511.4488000000001,-5511.441500000001
262,514.8493,1431.8563,-1088.4592,0.0,0.0,0.0,-1266.8146,-16095.9426,593.2292,11819.8445,-2022.7449,1230.9028,-747.7899,-4091.437100000001,-1539.6319999999998,-5631.069100000001
263,514.5718,1487.0856,-1130.8182,0.0,0.0,0.0,-1300.2387,-16177.5641,606.0457,11823.7074,-1920.4774,1225.918,-735.6482,-4177.210499999999,-1430.2076000000002,-5607.418099999999
264,529.6506,1433.8996,-1096.66,0.0,0.0,0.0,-1290.0437,-16120.5413,601.7525,11798.7279,-1944.6626,1234.1206,-741.5656,-4143.214400000001,-1452.1076000000003,-5595.322
265,518.234,1427.8273,-1090.4836,0.0,0.0,0.0,-1282.8662,-16128.6375,590.9578,11807.4208,-1927.7299,1229.1829,-743.3446,-4157.5473999999995,-1441.8916,-5599.439
266,536.2431,1427.5612,-1092.548,0.0,0.0,0.0,-1268.6468,-16094.7478,598.576,11774.6903,-1939.0919,1235.5097,-744.6908,-4118.871999999998,-1448.2729999999997,-5567.144999999997
267,523.4707,1434.5083,-1094.6529,0.0,0.0,0.0,-1262.4643,-16122.7178,597.6214,11724.2786,-1875.6225,1228.4836,-738.679,-4199.956,-1385.8179,-5585.7739
268,488.2999,1443.5779,-1059.4125,0.0,0.0,0.0,-1255.198,-16223.8542,621.963,11829.8276,-1865.9318,1228.9042,-741.9585,-4154.796299999998,-1378.9861,-5533.782399999998
269,505.991,1439.6521,-1105.1409,0.0,0.0,0.0,-1246.4054,-16082.6447,618.8376,11819.942,-2027.228,1239.1621,-750.0126,-4049.7683000000015,-1538.0785,-5587.846800000001
270,519.936,1430.9934,-1091.3402,0.0,0.0,0.0,-1251.6124,-16187.1933,604.1977,11814.9733,-1908.8409,1229.1688,-737.7504,-4160.045500000002,-1417.4225000000001,-5577.468000000002
271,500.6189,1422.6798,-1090.4381,0.0,0.0,0.0,-1265.4105,-16107.5335,625.483,11838.2439,-2013.6448,1242.1767,-761.1666,-4076.3565,-1532.6347,-5608.9912
272,531.1683,1341.995,-1092.8861,0.0,0.0,0.0,-1265.5922,-16154.5506,617.6776,11848.6477,-1981.3819,1229.509,-748.4524,-4173.540300000002,-1500.3253,-5673.865600000003
273,499.1192,1493.9691,-1121.5619,0.0,0.0,0.0,-1274.2882,-16209.8172,588.2495,11832.6068,-1904.5835,1243.873,-758.1815,-4191.722699999998,-1418.8919999999998,-5610.614699999997
274,512.7824,1386.0043,-1114.0703,0.0,0.0,0.0,-1263.8907,-16160.8642,624.0733,11849.989,-1984.3185,1233.7898,-749.1287,-4165.976199999999,-1499.6574,-5665.6336
275,494.6405,1401.9912,-1070.3482,0.0,0.0,0.0,-1275.4627,-16215.6517,622.7748,11873.1059,-1920.8187,1226.4377,-739.9905,-4168.950200000001,-1434.3715000000002,-5603.3217
276,520.5333,1416.9289,-1076.7819,0.0,0.0,0.0,-1290.1296,-16210.5552,600.6712,11853.0552,-1911.4674,1223.735,-730.8712,-4186.278099999998,-1418.6036000000001,-5604.881699999998
277,492.1162,1456.7001,-1084.5168,0.0,0.0,0.0,-1302.4833,-16038.6973,597.1794,11785.2298,-2013.8229,1232.5424,-734.2601,-4094.4718999999986,-1515.5405999999998,-5610.012499999999
278,508.7671,1405.3931,-1075.5149,0.0,0.0,0.0,-1284.7056,-16177.599,626.8196,11842.801,-1943.1626,1230.0429,-739.3665,-4154.038699999999,-1452.4862000000003,-5606.5248999999985
279,542.5935,1402.3651,-1109.2591,0.0,0.0,0.0,-1255.8209,-16254.6847,600.4568,11822.233,-1887.4352,1234.0922,-747.3788,-4252.1163000000015,-1400.7217999999998,-5652.838100000001
280,515.4758,1410.8129,-1074.6983,0.0,0.0,0.0,-1280.4484,-16093.054,592.6775,11824.5308,-2004.4182,1232.103,-743.6516,-4104.7037,-1515.9668000000001,-5620.6705
281,532.4238,1451.6373,-1092.9476,0.0,0.0,0.0,-1281.7092,-16225.6839,604.5587,11818.0911,-1874.1083,1232.6038,-746.1449,-4193.629800000002,-1387.6494,-5581.279200000003
282,527.7644,1415.6626,-1092.9753,0.0,0.0,0.0,-1260.2993,-16220.0892,598.8372,11799.5962,-1879.9252,1230.1327,-745.8726,-4231.5034,-1395.6650999999997,-5627.168499999999
283,533.4242,1415.0142,-1074.2565,0.0,0.0,0.0,-1287.5426,-16025.8741,591.7549,11789.2767,-1987.7963,1250.1525,-765.9978,-4058.2032000000017,-1503.6416,-5561.844800000002
284,515.9226,1431.1207,-1085.5306,0.0,0.0,0.0,-1287.1082,-15971.5071,601.1762,11747.4569,-2024.6062,1238.1604,-752.8282,-4048.469500000003,-1539.274,-5587.743500000003
285,504.6738,1357.1349,-1093.2283,0.0,0.0,0.0,-1264.87,-16202.5319,615.0192,11847.6133,-1920.2247,1240.1119,-748.4646,-4236.188999999997,-1428.5774,-5664.766399999997
286,509.0379,1455.4136,-1078.6424,0.0,0.0,0.0,-1288.0693,-16006.2186,585.2113,11811.7924,-2082.6582,1247.7097,-761.056,-4011.4750999999997,-1596.0044999999998,-5607.479599999999
287,541.4077,1417.92,-1118.9,0.0,0.0,0.0,-1254.4552,-16142.601,603.4828,11842.3631,-1981.6529,1235.1506,-751.7974,-4110.782599999999,-1498.2997,-5609.082299999999
288,521.4717,1447.3699,-1102.3748,0.0,0.0,0.0,-1281.6976,-16224.2803,604.3247,11833.8057,-1899.24,1224.8832,-743.8643,-4201.3807,-1418.2211,-5619.6017999999995
289,498.2981,1443.6825,-1089.8865,0.0,0.0,0.0,-1272.6512,-16338.4503,605.1815,11880.49,-1839.1287,1223.6263,-737.5423,-4273.335900000002,-1353.0447,-5626.380600000002
290,508.5692,1416.7357,-1130.4674,0.0,0.0,0.0,-1253.2049,-16095.1826,607.2807,11815.3958,-2006.448,1246.2685,-758.8414,-4130.8735,-1519.0209000000002,-5649.8944
291,488.524,1447.2249,-1092.6998,0.0,0.0,0.0,-1265.3042,-16319.9009,616.9277,11877.1115,-1861.7532,1237.0075,-750.8791,-4248.116799999998,-1375.6248,-5623.7415999999985
292,522.0396,1420.5322,-1118.386,0.0,0.0,0.0,-1263.3771,-16160.8633,612.469,11856.8432,-1973.6094,1237.2485,-746.939,-4130.742399999999,-1483.2999,-5614.0423
293,517.9658,1407.4415,-1096.1007,0.0,0.0,0.0,-1285.7283,-16125.7498,594.4677,11745.7801,-1916.3436,1232.8732,-741.2357,-4241.923700000001,-1424.7060999999999,-5666.6298000000015
294,506.8787,1414.9847,-1080.1408,0.0,0.0,0.0,-1287.9228,-16344.7244,614.9953,11867.7341,-1809.0525,1227.0094,-740.3068,-4308.195199999998,-1322.3499000000002,-5630.5450999999985
295,492.6678,1440.0675,-1090.855,0.0,0.0,0.0,-1280.3556,-16185.705,598.6447,11838.6599,-1929.1772,1231.3234,-739.83,-4186.875699999999,-1437.6838000000002,-5624.5594999999985
296,510.9718,1455.0214,-1075.1526,0.0,0.0,0.0,-1308.0523,-16257.8407,610.7566,11816.9066,-1834.1835,1222.7097,-730.0068,-4247.3892,-1341.4805999999999,-5588.8697999999995
297,511.1222,1417.8756,-1103.6196,0.0,0.0,0.0,-1281.5243,-16009.4678,625.1902,11821.7847,-2026.9486,1239.4787,-754.0361,-4018.638999999999,-1541.506,-5560.1449999999995
298,527.8152,1436.4489,-1071.2629,0.0,0.0,0.0,-1279.9174,-16205.5788,592.3874,11840.6531,-1908.5413,1236.4642,-748.0559,-4159.4545,-1420.1330000000003,-5579.587500000001
299,519.5934,1423.3826,-1077.7554,0.0,0.0,0.0,-1295.7569,-16195.3185,590.9845,11856.1738,-1936.9676,1230.3311,-747.142,-4178.6965,-1453.7785,-5632.474999999999
300,551.2119,1392.0795,-1087.2935,0.0,0.0,0.0,-1276.7343,-16256.6603,609.9434,11805.7578,-1812.1599,1222.7995,-731.6239,-4261.695500000002,-1320.9843,-5582.679800000002
301,493.7082,1432.7376,-1069.045,0.0,0.0,0.0,-1252.8453,-16162.9087,612.9779,11827.6936,-1970.8134,1225.729,-742.5049,-4117.681700000001,-1487.5893,-5605.271000000001
302,536.6374,1428.7745,-1094.7542,0.0,0.0,0.0,-1272.047,-16132.6318,603.3596,11799.9707,-1964.4848,1228.8805,-744.8985,-4130.6907999999985,-1480.5028,-5611.193599999999
303,497.4565,1397.5144,-1128.7765,0.0,0.0,0.0,-1259.7179,-15985.9294,620.7407,11852.5254,-2093.4341,1239.9087,-749.59,-4006.1867999999995,-1603.1154000000001,-5609.3022
304,501.5039,1375.6251,-1088.0169,0.0,0.0,0.0,-1223.3111,-16221.4508,626.3709,11838.0204,-1920.6328,1237.6738,-746.5166,-4191.2585,-1429.4756000000002,-5620.734100000001
305,540.0444,1401.2551,-1121.1033,0.0,0.0,0.0,-1266.757,-16039.616,594.8801,11741.042,-2006.6938,1239.6394,-749.1944,-4150.254700000001,-1516.2487999999998,-5666.503500000002
306,513.1904,1489.4307,-1052.4274,0.0,0.0,0.0,-1262.3798,-16170.7163,597.9175,11773.032,-1899.3424,1236.0578,-752.4291,-4111.9529,-1415.7136999999998,-5527.6666
307,497.6065,1329.2732,-1098.4792,0.0,0.0,0.0,-1279.2241,-16276.2565,620.0825,11886.1348,-1917.295,1218.8635,-735.7079,-4320.862799999999,-1434.1394,-5755.0022
308,500.9004,1453.5204,-1081.9336,0.0,0.0,0.0,-1291.1344,-16172.6885,602.6389,11816.6924,-1930.3612,1229.4712,-745.9667,-4172.0044,-1446.8567,-5618.8611
309,504.3015,1366.7572,-1085.8069,0.0,0.0,0.0,-1272.9385,-16252.6703,621.9023,11858.6392,-1876.8455,1222.8089,-736.8497,-4259.815500000001,-1390.8863,-5650.7018
310,544.8013,1364.7878,-1092.2837,0.0,0.0,0.0,-1277.8839,-16308.7965,592.9529,11821.5524,-1829.1848,1229.594,-740.083,-4354.869699999999,-1339.6738,-5694.543499999999
311,498.9123,1374.1312,-1088.2896,0.0,0.0,0.0,-1271.5672,-16268.8457,629.7192,11887.4988,-1916.6884,1230.4729,-741.9598,-4238.441000000001,-1428.1752999999999,-5666.616300000001
312,481.6809,1433.9814,-1093.3974,0.0,0.0,0.0,-1234.4084,-16158.8674,626.7257,11775.7057,-1957.4926,1239.3464,-750.7542,-4168.579500000002,-1468.9004,-5637.479900000001
313,503.934,1441.0782,-1114.4323,0.0,0.0,0.0,-1285.6388,-16130.0419,597.433,11792.8147,-1937.5137,1231.0777,-743.2083,-4194.853099999998,-1449.6443,-5644.497399999998
314,523.8045,1386.864,-1100.4436,0.0,0.0,0.0,-1307.8225,-16163.7778,610.5361,11835.7704,-1926.2833,1230.2555,-735.3463,-4215.068900000002,-1431.3741,-5646.443000000002
315,491.1429,1434.786,-1083.5097,0.0,0.0,0.0,-1282.2857,-16202.9782,610.23,11822.8953,-1892.0264,1231.4273,-739.9574,-4209.719399999998,-1400.5565,-5610.275899999998
316,499.7111,1401.9883,-1086.198,0.0,0.0,0.0,-1250.1447,-16142.2209,593.3838,11819.1864,-1967.7962,1240.1922,-748.4135,-4164.294,-1476.0175,-5640.311499999999
317,535.7156,1418.68,-1097.5557,0.0,0.0,0.0,-1265.8395,-16283.5073,584.0888,11858.1734,-1876.5021,1238.4723,-749.4169,-4250.244700000001,-1387.4467,-5637.6914000000015
318,530.2835,1467.6229,-1092.97,0.0,0.0,0.0,-1279.9973,-16208.3672,603.784,11832.4543,-1929.5579,1243.3249,-757.6491,-4147.189800000002,-1443.8820999999998,-5591.071900000002
319,496.9954,1463.7901,-1082.1006,0.0,0.0,0.0,-1288.1748,-16080.2939,616.2174,11830.0808,-2015.7736,1239.9229,-749.7685,-4043.485600000002,-1525.6192,-5569.104800000003
320,519.4314,1385.1088,-1111.5944,0.0,0.0,0.0,-1282.4571,-16151.7802,611.805,11837.9667,-1967.2267,1239.2661,-756.8933,-4191.519799999998,-1484.8538999999998,-5676.373699999998
321,492.4394,1441.6648,-1125.6446,0.0,0.0,0.0,-1268.2331,-16130.0521,616.5313,11834.7514,-1983.8577,1237.8628,-754.3368,-4138.5429,-1500.3317,-5638.874600000001
322,498.1557,1415.705,-1104.7406,0.0,0.0,0.0,-1235.7154,-16191.2394,600.7728,11832.5246,-1964.6519,1249.387,-758.4029,-4184.537299999998,-1473.6678000000002,-5658.205099999998
323,504.767,1476.8559,-1096.0065,0.0,0.0,0.0,-1272.8301,-16059.9965,606.0172,11833.032,-2032.0675,1237.7635,-746.0797,-4008.1609999999982,-1540.3837,-5548.544699999999
324,517.6738,1427.7872,-1082.3697,0.0,0.0,0.0,-1301.8418,-16117.9343,617.4501,11846.5227,-1996.2446,1236.7949,-742.8437,-4092.7119999999995,-1502.2934,-5595.0054
325,486.2418,1454.9688,-1122.8372,0.0,0.0,0.0,-1288.1182,-16099.5091,600.1444,11866.634,-2036.9817,1234.5364,-739.3628,-4102.4755000000005,-1541.8081000000002,-5644.283600000001
326,519.0511,1433.6782,-1108.4334,0.0,0.0,0.0,-1262.7003,-16134.5704,595.2467,11773.5439,-1949.542,1240.5938,-752.8971,-4184.1842,-1461.8453,-5646.029499999999
327,525.8677,1363.2799,-1101.7299,0.0,0.0,0.0,-1268.151,-16121.305,621.0014,11810.8249,-1968.2268,1238.0376,-745.3214,-4170.212000000001,-1475.5105999999998,-5645.722600000002
328,512.2287,1387.622,-1111.6474,0.0,0.0,0.0,-1281.6475,-16095.8815,604.6627,11789.178,-1948.4504,1240.282,-744.611,-4195.485000000001,-1452.7794,-5648.2644
329,505.0733,1409.7417,-1127.5015,0.0,0.0,0.0,-1267.9686,-15951.3553,604.266,11695.3061,-2010.6612,1235.7649,-742.4199,-4132.4383,-1517.3162000000002,-5649.7545
330,507.8925,1432.8575,-1102.3663,0.0,0.0,0.0,-1265.4963,-16139.2842,608.2832,11780.1635,-1930.1802,1232.5708,-735.1691,-4177.950099999998,-1432.7785,-5610.728599999998
331,489.4025,1450.2437,-1074.9194,0.0,0.0,0.0,-1290.3726,-16243.4348,625.5251,11809.1909,-1866.5511,1228.0867,-736.3846,-4234.364600000001,-1374.8489999999997,-5609.213600000001
332,510.7551,1412.5998,-1091.8546,0.0,0.0,0.0,-1294.5635,-16137.5268,599.941,11850.8583,-1966.6362,1233.3787,-738.9368,-4149.7907,-1472.1942999999999,-5621.984999999999
333,512.1481,1419.4854,-1107.9671,0.0,0.0,0.0,-1284.7691,-16074.7878,615.5053,11798.471,-1987.5966,1231.9565,-737.697,-4121.914200000001,-1493.3371000000002,-5615.251300000001
334,512.3215,1415.7154,-1097.3675,0.0,0.0,0.0,-1304.9481,-16018.6396,600.0728,11774.6601,-2011.017,1233.4449,-748.7057,-4118.185400000002,-1526.2778,-5644.463200000002
335,543.9384,1369.4828,-1100.1073,0.0,0.0,0.0,-1274.2629,-16220.4984,608.1015,11845.9147,-1916.6528,1233.0102,-749.0222,-4227.431200000001,-1432.6648,-5660.096000000001
336,533.8808,1354.482,-1083.7631,0.0,0.0,0.0,-1280.7096,-16128.4003,615.1255,11839.0493,-1963.5231,1231.1438,-738.7933,-4150.3354,-1471.1726,-5621.508000000001
337,542.098,1409.2041,-1109.873,0.0,0.0,0.0,-1273.3034,-16100.067,609.0838,11836.6147,-1983.7183,1239.1007,-743.4432,-4086.242799999998,-1488.0608000000002,-5574.303599999998
338,529.0466,1428.8907,-1082.3143,0.0,0.0,0.0,-1254.747,-16178.1358,593.0542,11746.5704,-1907.276,1232.8354,-740.3824,-4217.635199999999,-1414.823,-5632.458199999999
339,526.1119,1432.6306,-1075.5113,0.0,0.0,0.0,-1295.6027,-16047.9718,605.6831,11822.0365,-2040.734,1223.5366,-727.0412,-4032.6237,-1544.2386000000001,-5576.862300000001
340,542.9704,1405.0368,-1105.5184,0.0,0.0,0.0,-1303.3357,-16039.2225,612.2333,11859.8625,-2064.8186,1228.6018,-740.0807,-4027.973600000001,-1576.2975000000001,-5604.271100000002
341,524.8934,1428.5442,-1099.1595,0.0,0.0,0.0,-1295.9,-16061.1935,606.6721,11861.2723,-2070.2491,1238.9164,-739.0862,-4034.870999999999,-1570.4189,-5605.289899999999
342,524.2596,1460.0525,-1093.9841,0.0,0.0,0.0,-1277.9389,-16058.0797,596.3756,11796.3494,-2053.6694,1231.7864,-739.0076,-4052.965600000003,-1560.8906000000002,-5613.856200000004
343,503.8608,1464.5778,-1090.8096,0.0,0.0,0.0,-1282.0686,-16163.1126,628.5575,11790.7529,-1944.5548,1214.4504,-725.3673,-4148.241800000002,-1455.4717,-5603.713500000002
344,515.9524,1451.6521,-1113.4215,0.0,0.0,0.0,-1292.1645,-16124.8297,593.1755,11775.5655,-1919.8534,1240.6363,-747.6411,-4194.0702,-1426.8582000000001,-5620.9284
345,536.1611,1384.0065,-1090.9811,0.0,0.0,0.0,-1286.6376,-16140.2225,610.1542,11801.72,-1953.1647,1230.2413,-731.3682,-4185.799399999998,-1454.2916,-5640.0909999999985
346,495.442,1458.7596,-1096.4867,0.0,0.0,0.0,-1262.9444,-16199.3989,609.3814,11782.1215,-1874.658,1237.8202,-747.9948,-4213.125500000002,-1384.8325999999997,-5597.958100000002
347,524.0808,1508.3022,-1101.343,0.0,0.0,0.0,-1310.9686,-16059.4957,600.3293,11769.8726,-1992.7816,1234.045,-741.8391,-4069.2223999999987,-1500.5756999999999,-5569.798099999999
348,527.691,1433.1096,-1110.6123,0.0,0.0,0.0,-1285.404,-16227.1752,596.1594,11802.1999,-1894.2712,1228.4458,-736.4329,-4264.031599999998,-1402.2583,-5666.289899999998
349,494.5529,1410.5488,-1084.6475,0.0,0.0,0.0,-1320.7644,-16196.9789,616.429,11844.2117,-1889.9157,1222.1427,-727.2905,-4236.648400000002,-1395.0634999999997,-5631.711900000001
350,510.3956,1403.051,-1064.923,0.0,0.0,0.0,-1273.2284,-16200.4201,608.5134,11880.72,-1940.7397,1231.914,-738.1844,-4135.8915,-1447.0101,-5582.9016
351,494.9251,1453.6463,-1115.7666,0.0,0.0,0.0,-1262.3359,-16322.53,618.3693,11897.9773,-1808.2078,1238.3069,-746.0911,-4235.714499999998,-1315.9919999999997,-5551.706499999998
352,491.3502,1395.3602,-1099.924,0.0,0.0,0.0,-1255.5078,-16264.9077,615.1504,11802.6553,-1881.9773,1240.2631,-754.2708,-4315.8233999999975,-1395.9850000000001,-5711.808399999998
353,495.5314,1462.4379,-1099.5012,0.0,0.0,0.0,-1263.2834,-16158.502,612.8693,11762.2349,-1908.831,1237.7115,-745.9718,-4188.213099999999,-1417.0913,-5605.3044
354,515.3307,1425.3783,-1107.1957,0.0,0.0,0.0,-1260.0165,-16188.3865,624.8543,11853.7492,-1975.2399,1235.4861,-753.0133,-4136.2862000000005,-1492.7671,-5629.0533000000005
355,483.623,1389.7137,-1106.6106,0.0,0.0,0.0,-1264.6972,-16151.4231,614.5248,11811.2657,-1925.964,1234.0828,-751.8646,-4223.6037,-1443.7458000000001,-5667.349499999999
356,506.647,1409.3169,-1108.4775,0.0,0.0,0.0,-1244.5556,-16128.4238,603.1294,11792.1755,-1980.1347,1238.3116,-756.3554,-4170.188100000003,-1498.1785,-5668.366600000004
357,504.6509,1433.4217,-1110.1745,0.0,0.0,0.0,-1283.6479,-16156.4379,613.3361,11777.9156,-1944.3493,1230.1894,-740.3257,-4220.9360000000015,-1454.4856,-5675.4216000000015
358,517.637,1388.381,-1091.9513,0.0,0.0,0.0,-1276.612,-16224.2768,615.3054,11855.4051,-1929.1822,1234.6498,-746.9038,-4216.111600000002,-1441.4362,-5657.547800000002
359,532.0619,1428.2994,-1096.176,0.0,0.0,0.0,-1287.8415,-16140.7212,592.3387,11847.4293,-1984.5351,1229.4806,-740.3892,-4124.609400000001,-1495.4436999999998,-5620.053100000001
360,496.5224,1418.6991,-1087.5658,0.0,0.0,0.0,-1277.6787,-16201.4096,613.8346,11829.9697,-1921.3009,1230.4162,-741.6094,-4207.6283,-1432.4941000000001,-5640.122400000001
361,478.4738,1465.7921,-1094.6254,0.0,0.0,0.0,-1265.3573,-16260.2555,607.585,11802.242,-1875.0792,1217.0397,-726.4732,-4266.145299999998,-1384.5126999999998,-5650.6579999999985
362,525.1867,1436.5805,-1114.9385,0.0,0.0,0.0,-1260.0628,-16210.8948,604.7416,11844.0833,-1950.2383,1226.485,-736.1958,-4175.304,-1459.9491,-5635.2531
363,521.2095,1443.9278,-1091.6385,0.0,0.0,0.0,-1259.9252,-16302.8806,606.3847,11849.8693,-1869.4719,1229.0223,-742.8334,-4233.053,-1383.283,-5616.335999999999
364,476.8489,1425.3208,-1067.0361,0.0,0.0,0.0,-1284.4349,-16201.4785,618.2054,11847.9871,-1929.3639,1233.1189,-749.1484,-4184.587299999999,-1445.3934000000002,-5629.9807
365,495.5185,1444.1368,-1089.4609,0.0,0.0,0.0,-1270.7891,-16273.7756,604.5714,11886.1647,-1927.6516,1233.8701,-748.2925,-4203.634200000002,-1442.0739999999998,-5645.708200000003
366,498.2593,1432.5748,-1095.5745,0.0,0.0,0.0,-1265.9767,-16157.7583,622.9632,11800.0879,-1932.9935,1232.2211,-750.5364,-4165.424299999999,-1451.3088,-5616.7330999999995
367,472.234,1453.4435,-1071.3896,0.0,0.0,0.0,-1274.3514,-16253.5088,608.4179,11781.8085,-1835.2713,1227.9686,-743.5918,-4283.3459,-1350.8945000000003,-5634.240400000001
368,506.5099,1375.4416,-1076.9371,0.0,0.0,0.0,-1273.5006,-16254.6876,613.7393,11816.9035,-1860.1179,1236.1948,-744.9531,-4292.531000000001,-1368.8762,-5661.407200000001
369,534.9375,1397.692,-1119.4854,0.0,0.0,0.0,-1270.2661,-16223.3809,618.024,11830.6794,-1886.3073,1237.1209,-750.8914,-4231.799499999999,-1400.0778,-5631.8773
370,491.3531,1468.7414,-1113.0446,0.0,0.0,0.0,-1282.775,-16147.6303,618.6739,11885.2987,-2000.4445,1233.1094,-743.7877,-4079.382800000001,-1511.1228,-5590.5056
371,502.1161,1458.8444,-1108.2168,0.0,0.0,0.0,-1263.011,-16109.8054,611.62,11809.71,-1962.602,1231.5171,-739.2599,-4098.742700000001,-1470.3448,-5569.087500000001
372,515.5362,1440.8165,-1097.5134,0.0,0.0,0.0,-1265.6805,-16197.8358,615.4354,11820.4148,-1836.3213,1236.9981,-754.29,-4168.826799999999,-1353.6132,-5522.439999999999
373,538.1068,1422.6839,-1093.839,0.0,0.0,0.0,-1256.1335,-16194.8901,604.0665,11828.5534,-1912.5179,1231.4131,-744.2456,-4151.4519999999975,-1425.3504,-5576.802399999998
374,508.5813,1421.5824,-1082.4803,0.0,0.0,0.0,-1253.1764,-16072.359,603.046,11769.0922,-1997.8231,1245.3424,-755.0023,-4105.7137999999995,-1507.4830000000002,-5613.1968
375,462.1704,1508.5061,-1090.8258,0.0,0.0,0.0,-1269.7017,-16056.9883,619.1147,11773.0209,-1974.9565,1241.8837,-757.2172,-4054.7037,-1490.29,-5544.9937
376,505.5815,1390.3471,-1076.1574,0.0,0.0,0.0,-1283.0017,-16276.675,602.7949,11820.544,-1804.1905,1230.4634,-741.856,-4316.5666,-1315.5830999999998,-5632.1497
377,535.2697,1467.5209,-1115.8067,0.0,0.0,0.0,-1242.7509,-16081.07,612.0876,11788.6328,-1997.8824,1249.4957,-759.9949,-4036.1165999999994,-1508.3816000000002,-5544.4982
378,516.557,1407.9018,-1094.2834,0.0,0.0,0.0,-1256.8947,-16156.0587,595.4509,11801.8781,-1916.2374,1242.1861,-751.0752,-4185.448999999999,-1425.1265,-5610.575499999999
379,532.4773,1467.0591,-1095.0176,0.0,0.0,0.0,-1279.6404,-16100.1486,598.5124,11774.666,-1939.9933,1242.205,-746.792,-4102.0918,-1444.5803,-5546.672100000001
380,507.7075,1430.0906,-1092.5763,0.0,0.0,0.0,-1267.9998,-15998.3661,607.6042,11799.6849,-2028.751,1240.5749,-750.4621,-4013.8549999999977,-1538.6381999999999,-5552.493199999998
381,508.449,1453.2472,-1104.4312,0.0,0.0,0.0,-1264.9711,-16198.9513,616.2636,11848.4712,-1941.4415,1230.1232,-750.2312,-4141.9226,-1461.5494999999999,-5603.4721
382,520.3581,1400.0302,-1109.6009,0.0,0.0,0.0,-1269.3467,-16081.2828,607.9681,11789.5916,-1994.9213,1233.7615,-749.2854,-4142.282400000002,-1510.4451999999999,-5652.727600000001
383,487.0405,1396.122,-1106.7455,0.0,0.0,0.0,-1268.5457,-16153.0469,615.9782,11926.1461,-2017.9265,1246.7599,-758.9333,-4103.051299999999,-1530.0999000000002,-5633.151199999998
384,495.1465,1414.7095,-1079.01,0.0,0.0,0.0,-1240.9653,-15954.8972,597.2864,11806.577,-2101.0603,1258.2417,-768.5796,-3961.1531000000014,-1611.3982,-5572.551300000002
385,502.4349,1466.946,-1090.1618,0.0,0.0,0.0,-1274.4671,-16131.8848,583.9927,11744.6379,-1923.6395,1234.645,-744.1385,-4198.502199999999,-1433.133,-5631.6352
386,495.3473,1424.7913,-1087.0834,0.0,0.0,0.0,-1270.886,-16080.8054,590.0647,11767.7868,-1980.758,1245.9283,-757.6616,-4160.7847,-1492.4913000000001,-5653.276000000001
387,547.4527,1383.9327,-1108.4596,0.0,0.0,0.0,-1262.1908,-16188.7118,608.0781,11811.0534,-1889.8702,1236.3555,-745.1359,-4208.845299999999,-1398.6506000000002,-5607.4959
388,512.428,1432.4565,-1103.8612,0.0,0.0,0.0,-1249.1126,-15968.6242,597.2251,11814.2863,-2144.4052,1252.1086,-765.2827,-3965.2021000000004,-1657.5793,-5622.7814
389,495.687,1407.338,-1083.8654,0.0,0.0,0.0,-1276.3491,-16048.8463,602.3404,11701.5925,-1939.4571,1235.5853,-743.5381,-4202.102899999996,-1447.4099,-5649.512799999996
390,542.9324,1424.0152,-1091.6779,0.0,0.0,0.0,-1273.1616,-16197.282,615.2025,11856.6383,-1926.0234,1233.1708,-748.6763,-4123.333099999998,-1441.5288999999998,-5564.861999999998
391,528.8085,1365.7276,-1102.4104,0.0,0.0,0.0,-1271.2321,-16084.9907,600.7339,11856.9217,-2013.3924,1240.9104,-747.8005,-4106.441499999999,-1520.2825,-5626.723999999999
392,527.0407,1411.1746,-1083.9378,0.0,0.0,0.0,-1294.5624,-16153.4951,598.1775,11813.6493,-1941.0389,1222.6577,-730.6498,-4181.9532,-1449.031,-5630.9842
393,527.1004,1410.0395,-1103.3555,0.0,0.0,0.0,-1294.5588,-16252.8502,615.5911,11806.0305,-1857.4284,1218.0083,-730.4995,-4292.002999999999,-1369.9196000000002,-5661.922599999998
394,535.5523,1408.7475,-1085.3163,0.0,0.0,0.0,-1287.5268,-16204.204,614.676,11845.1478,-1930.9212,1220.0542,-734.5404,-4172.923499999999,-1445.4074,-5618.330899999999
395,542.4842,1476.3805,-1059.1709,0.0,0.0,0.0,-1269.7578,-16266.4159,603.3841,11807.3574,-1874.6712,1234.1253,-738.1978,-4165.738399999998,-1378.7437,-5544.482099999998
396,513.5533,1468.3202,-1080.9481,0.0,0.0,0.0,-1262.8617,-16301.8869,623.7545,11925.0651,-1925.9943,1226.6929,-736.0738,-4115.0036,-1435.3752,-5550.3788
397,539.0113,1416.9097,-1113.8925,0.0,0.0,0.0,-1281.6085,-16208.4708,596.1032,11794.5526,-1919.2053,1234.5127,-742.5364,-4257.395,-1427.229,-5684.624
398,519.6169,1423.9072,-1073.5995,0.0,0.0,0.0,-1282.6456,-16255.7433,589.923,11823.8327,-1870.2253,1229.457,-742.3927,-4254.708599999998,-1383.161,-5637.869599999998
399,515.4751,1427.7454,-1084.3946,0.0,0.0,0.0,-1283.4331,-16179.6682,601.386,11848.8021,-1971.6612,1233.804,-745.9201,-4154.087299999997,-1483.7773,-5637.864599999998
400,528.5677,1449.6081,-1111.2762,0.0,0.0,0.0,-1243.979,-16159.6361,616.1959,11824.9161,-1965.1647,1239.7717,-766.6791,-4095.6034999999974,-1492.0720999999999,-5587.675599999998

