#Residue         Para         Anti         3-10        Alpha           Pi         Turn         Bend
       1       0.0000       0.0000       0.0000       0.0000       0.0000       0.0000       0.0000
       2       0.0000       0.0000       0.0000       0.0000       0.0000       0.0002       0.0000
       3       0.0000       0.0048       0.0000       0.0000       0.0000       0.0002       0.2060
       4       0.0000       0.0000       0.0000       0.0000       0.0000       0.0002       0.3207
       5       0.0000       0.7266       0.0000       0.0000       0.0000       0.0000       0.0006
       6       0.0000       1.0000       0.0000       0.0000       0.0000       0.0000       0.0000
       7       0.0000       1.0000       0.0000       0.0000       0.0000       0.0000       0.0000
       8       0.0000       1.0000       0.0000       0.0000       0.0000       0.0000       0.0000
       9       0.0000       1.0000       0.0000       0.0000       0.0000       0.0000       0.0000
      10       0.0000       1.0000       0.0000       0.0000       0.0000       0.0000       0.0000
      11       0.0000       0.9999       0.0000       0.0000       0.0000       0.0000       0.0000
      12       0.0000       0.9959       0.0000       0.0000       0.0000       0.0000       0.0040
      13       0.0000       0.0000       0.0000       0.0000       0.0000       0.9904       0.0096
      14       0.0000       0.0000       0.0000       0.0000       0.0000       0.9904       0.0096
      15       0.0000       0.9904       0.0000       0.0000       0.0000       0.0000       0.0091
      16       0.0000       0.9807       0.0000       0.0000       0.0000       0.0000       0.0000
      17       0.0000       0.0000       0.0000       0.0000       0.0000       0.0000       0.0002
      18       0.0000       0.9970       0.0000       0.0000       0.0000       0.0000       0.0000
      19       0.0000       0.9991       0.0000       0.0000       0.0000       0.0000       0.0000
      20       0.0000       1.0000       0.0000       0.0000       0.0000       0.0000       0.0000
      21       0.0000       1.0000       0.0000       0.0000       0.0000       0.0000       0.0000
      22       0.0000       1.0000       0.0000       0.0000       0.0000       0.0000       0.0000
      23       0.0000       1.0000       0.0000       0.0000       0.0000       0.0000       0.0000
      24       0.0000       0.9999       0.0000       0.0000       0.0000       0.0000       0.0000
      25       0.0000       0.0000       0.0000       0.0000       0.0000       0.0000       0.0000
      26       0.0000       0.0000       0.0027       0.0000       0.0000       0.9973       0.0000
      27       0.0000       0.0000       0.0027       0.0000       0.0000       0.9973       0.0000
      28       0.0000       0.0000       0.0027       0.0000       0.0000       0.9968       0.0005
      29       0.0000       0.0000       0.0000       0.0000       0.0000       0.0000       0.5746
      30       0.0000       0.0000       0.0000       0.9860       0.0000       0.0129       0.0000
      31       0.0000       0.0000       0.0000       0.9871       0.0000       0.0129       0.0000
      32       0.0000       0.0000       0.0000       1.0000       0.0000       0.0000       0.0000
      33       0.0000       0.0000       0.0000       1.0000       0.0000       0.0000       0.0000
      34       0.0000       0.0000       0.0000       1.0000       0.0000       0.0000       0.0000
      35       0.0000       0.0000       0.0000       1.0000       0.0000       0.0000       0.0000
      36       0.0000       0.0000       0.0000       1.0000       0.0000       0.0000       0.0000
      37       0.0000       0.0000       0.0000       1.0000       0.0000       0.0000       0.0000
      38       0.0000       0.0000       0.0000       1.0000       0.0000       0.0000       0.0000
      39       0.0000       0.0000       0.0000       0.9968       0.0000       0.0032       0.0000
      40       0.0000       0.0000       0.0000       0.9912       0.0000       0.0088       0.0000
      41       0.0000       0.0000       0.0000       0.9110       0.0000       0.0849       0.0041
      42       0.0000       0.0000       0.0000       0.0000       0.0000       0.9438       0.0000
      43       0.0922       0.0000       0.0000       0.0000       0.0000       0.9014       0.0018
      44       0.0000       0.0000       0.0000       0.0000       0.0000       0.9936       0.0064
      45       0.0000       0.0000       0.0000       0.0000       0.0000       0.1817       0.8183
      46       0.0922       0.0000       0.0000       0.0000       0.0000       0.0000       0.0011
      47       0.0000       0.0000       0.0000       0.0000       0.0000       0.0000       0.4898
      48       0.0000       0.0000       0.0000       0.0000       0.0000       0.0000       0.9912
      49       0.0000       0.0000       0.0000       0.0000       0.0000       0.9928       0.0072
      50       0.0000       0.0000       0.0000       0.0000       0.0000       0.9928       0.0072
      51       0.0000       0.1598       0.0000       0.0000       0.0000       0.0000       0.0000
      52       0.0000       0.9991       0.0000       0.0000       0.0000       0.0000       0.0000
      53       0.0000       0.3075       0.0000       0.0000       0.0000       0.0000       0.0000
      54       0.0000       0.0000       0.0000       0.0000       0.0000       0.0000       0.1381
      55       0.0000       0.9960       0.0000       0.0000       0.0000       0.0000       0.0000
      56       0.0000       0.9987       0.0000       0.0000       0.0000       0.0000       0.0000
      57       0.0000       0.9874       0.0000       0.0000       0.0000       0.0000       0.0000
      58       0.0000       0.0000       0.0000       0.0000       0.0000       0.9992       0.0008
      59       0.0000       0.0000       0.0000       0.0000       0.0000       0.9992       0.0008
      60       0.0000       0.0000       0.0000       0.0000       0.0000       0.9887       0.0113
      61       0.0000       0.9999       0.0000       0.0000       0.0000       0.0000       0.0000
      62       0.0000       1.0000       0.0000       0.0000       0.0000       0.0000       0.0000
      63       0.0000       1.0000       0.0000       0.0000       0.0000       0.0000       0.0000
      64       0.0000       0.5187       0.0000       0.0000       0.0000       0.0000       0.0000
      65       0.0000       0.0000       0.0000       0.0000       0.0000       0.0000       0.0000
      66       0.0000       0.0035       0.0000       0.0000       0.0000       0.0000       0.0000
      67       0.0000       0.0000       0.0000       0.0000       0.0000       0.0003       0.1447
      68       0.0000       0.0000       0.0000       0.0000       0.0000       0.0003       0.9997
      69       0.0000       0.0000       0.0000       0.0000       0.0000       0.0003       0.9997
      70       0.0000       0.0000       0.0000       0.0000       0.0000       0.0000       0.9958
      71       0.0000       0.0000       0.0000       0.0000       0.0000       0.0000       1.0000
      72       0.0000       0.0000       0.0000       0.0000       0.0000       0.0000       1.0000
      73       0.0000       0.0000       0.0000       0.0000       0.0000       0.0000       1.0000
      74       0.0000       0.0000       0.0000       0.0000       0.0000       0.0000       0.0024
      75       0.0000       0.0000       0.0000       0.0000       0.0000       0.0000       0.0023
      76       0.0000       0.0000       0.0000       0.0000       0.0000       0.0000       0.0000
      77       0.0000       0.5395       0.0000       0.0000       0.0000       0.0000       0.0000
      78       0.0000       0.0000       0.0000       0.0000       0.0000       0.5847       0.4153
      79       0.0000       0.0000       0.0000       0.0000       0.0000       0.5847       0.4153
      80       0.0000       0.2972       0.0000       0.0000       0.0000       0.2946       0.3923
      81       0.0000       0.2423       0.0000       0.0000       0.0000       0.0557       0.7020
      82       0.0000       0.0000       0.0000       0.0000       0.0000       0.0000       0.1976
      83       0.0003       0.9848       0.0000       0.0000       0.0000       0.0000       0.0000
      84       0.0000       0.0000       0.0000       0.0000       0.0000       0.0000       0.0000
      85       0.0000       0.0000       0.0000       0.0000       0.0000       0.0000       0.0000
      86       0.0000       0.0000       0.0000       0.0000       0.0000       0.0000       0.0048
      87       0.0000       0.0000       0.0000       0.0000       0.0000       0.0001       0.0223
      88       0.0000       0.0000       0.0000       0.0000       0.0000       0.0533       0.1580
      89       0.0000       0.0000       0.0000       0.0000       0.0000       0.0532       0.0247
      90       0.0000       0.0011       0.0000       0.0000       0.0000       0.0000       0.5692
      91       0.0000       0.0000       0.0000       0.0000       0.0000       0.0000       0.0000
      92       0.0000       0.0000       0.0000       0.0000       0.0000       0.0001       0.0013
      93       0.0000       0.0776       0.0000       0.0000       0.0000       0.0001       0.0000
      94       0.0000       0.0155       0.0000       0.0000       0.0000       0.0000       0.9843
      95       0.0000       0.0449       0.0000       0.0000       0.0000       0.9054       0.0497
      96       0.0000       0.0000       0.0000       0.0000       0.0000       0.9459       0.0540
      97       0.0000       0.9972       0.0000       0.0000       0.0000       0.0000       0.0000
      98       0.0000       1.0000       0.0000       0.0000       0.0000       0.0000       0.0000
      99       0.0000       1.0000       0.0000       0.0000       0.0000       0.0000       0.0000
     100       0.0000       0.9992       0.0000       0.0000       0.0000       0.0000       0.0000
     101       0.0000       0.0036       0.0000       0.0000       0.0000       0.0000       0.0000
     102       0.0000       0.0066       0.0000       0.0000       0.0000       0.0000       0.0000
     103       0.0000       0.0000       0.0000       0.0000       0.0000       0.0000       0.1619
     104       0.0000       0.0000       0.0000       0.0000       0.0000       0.0000       1.0000
     105       0.0000       0.0000       0.0000       0.0000       0.0000       0.7188       0.2812
     106       0.0000       0.0000       0.0000       0.0000       0.0000       0.7188       0.2812
     107       0.0003       0.0000       0.0000       0.0000       0.0000       0.0003       0.0000
     108       0.0000       0.9851       0.0000       0.0000       0.0000       0.0000       0.0000
     109       0.0000       0.0000       0.0000       0.0000       0.0000       0.0000       0.2565
     110       0.0000       0.0000       0.0000       0.0000       0.0000       0.0000       0.9987
     111       0.0000       0.0010       0.0000       0.0000       0.0000       0.0000       0.0000
     112       0.0000       0.9979       0.0000       0.0000       0.0000       0.0000       0.0000
     113       0.0000       1.0000       0.0000       0.0000       0.0000       0.0000       0.0000
     114       0.0000       1.0000       0.0000       0.0000       0.0000       0.0000       0.0000
     115       0.0000       0.9969       0.0000       0.0000       0.0000       0.0000       0.0000
     116       0.0000       0.0449       0.0000       0.0000       0.0000       0.0000       0.8737
     117       0.0000       0.0155       0.0000       0.0000       0.0000       0.0000       0.9843
     118       0.0000       0.0776       0.0000       0.0000       0.0000       0.0000       0.0000
     119       0.0000       0.0000       0.0000       0.0000       0.0000       0.0000       0.0000
     120       0.0000       0.0000       0.9275       0.0000       0.0000       0.0722       0.0002
     121       0.0000       0.0000       0.9275       0.0000       0.0000       0.0724       0.0001
     122       0.0000       0.0000       0.9275       0.0000       0.0000       0.0249       0.0473
     123       0.0628       0.0000       0.0000       0.0000       0.0000       0.9358       0.0006
     124       0.0000       0.0000       0.0000       0.0000       0.0000       0.9986       0.0014
     125       0.0000       0.0000       0.0000       0.0000       0.0000       0.9866       0.0134
     126       0.0625       0.0026       0.0000       0.0000       0.0000       0.0000       0.8988
     127       0.0000       0.9362       0.0000       0.0000       0.0000       0.0000       0.0000
     128       0.0000       0.9493       0.0000       0.0000       0.0000       0.0000       0.0000
     129       0.0000       0.0000       0.0000       0.0000       0.0000       0.0000       0.0000
     130       0.0000       1.0000       0.0000       0.0000       0.0000       0.0000       0.0000
     131       0.0000       1.0000       0.0000       0.0000       0.0000       0.0000       0.0000
     132       0.0000       0.9987       0.0000       0.0000       0.0000       0.0000       0.0000
     133       0.0000       0.0000       0.0000       0.0000       0.0000       0.0000       0.6505
     134       0.0000       0.9204       0.0000       0.0000       0.0000       0.0003       0.0793
     135       0.0000       0.0000       0.0000       0.0000       0.0000       0.0003       0.0000
     136       0.0000       0.0000       0.0069       0.9665       0.0000       0.0247       0.0008
     137       0.0000       0.0000       0.0069       0.9870       0.0000       0.0061       0.0000
     138       0.0000       0.0000       0.0073       0.9890       0.0000       0.0037       0.0000
     139       0.0000       0.0000       0.0026       0.9946       0.0000       0.0028       0.0000
     140       0.0000       0.0000       0.0136       0.9370       0.0000       0.0491       0.0003
     141       0.0000       0.0000       0.0233       0.9223       0.0000       0.0542       0.0002
     142       0.0000       0.0000       0.0459       0.9357       0.0000       0.0154       0.0023
     143       0.0000       0.0000       0.2954       0.6541       0.0000       0.0497       0.0008
     144       0.0000       0.0000       0.2946       0.2763       0.0000       0.4289       0.0002
     145       0.0000       0.0000       0.2781       0.1858       0.0000       0.5131       0.0230
     146       0.0000       0.0136       0.0000       0.0000       0.0000       0.0000       0.0445
     147       0.0000       0.0005       0.0000       0.0000       0.0000       0.0000       0.0000
     148       0.0000       0.0000       0.0000       0.0000       0.0000       0.7649       0.2351
     149       0.0000       0.0000       0.0000       0.0000       0.0000       0.7649       0.2351
     150       0.0000       0.0019       0.0000       0.0000       0.0000       0.0003       0.4460
     151       0.0000       0.0526       0.0000       0.0000       0.0000       0.0000       0.0081
     152       0.0000       0.0136       0.0000       0.0000       0.0000       0.0000       0.0000
     153       0.0000       0.0000       0.0000       0.0000       0.0000       0.0000       0.9735
     154       0.0000       0.0000       0.0000       0.0000       0.0000       0.0000       0.9977
     155       0.0000       0.0000       0.0000       0.0000       0.0000       0.0000       0.0000
     156       0.0000       0.8276       0.0000       0.0000       0.0000       0.0000       0.0000
     157       0.0000       1.0000       0.0000       0.0000       0.0000       0.0000       0.0000
     158       0.0000       0.9827       0.0000       0.0000       0.0000       0.0000       0.0000
     159       0.0000       0.0000       0.0000       0.0000       0.0000       0.0000       0.1187
     160       0.0000       0.9807       0.0000       0.0000       0.0000       0.0000       0.0056
     161       0.0000       0.9998       0.0000       0.0000       0.0000       0.0000       0.0000
     162       0.0000       0.9996       0.0000       0.0000       0.0000       0.0000       0.0000
     163       0.0000       0.9923       0.0000       0.0000       0.0000       0.0000       0.0003
     164       0.0000       0.1202       0.0000       0.0000       0.0000       0.0000       0.0000
     165       0.0000       0.0541       0.0000       0.0000       0.0000       0.0000       0.0000
