#Residue         Para         Anti         3-10        Alpha           Pi         Turn         Bend
       1       0.0000       0.0000       0.0000       0.0000       0.0000       0.0000       0.0000
       2       0.0000       0.0000       0.0000       0.0000       0.0000       0.0000       0.0000
       3       0.0000       0.0000       0.0000       0.0000       0.0000       0.0000       0.0342
       4       0.0000       0.0000       0.0000       0.0000       0.0000       0.0000       0.1318
       5       0.0000       0.9609       0.0000       0.0000       0.0000       0.0000       0.0000
       6       0.0000       1.0000       0.0000       0.0000       0.0000       0.0000       0.0000
       7       0.0000       1.0000       0.0000       0.0000       0.0000       0.0000       0.0000
       8       0.0000       1.0000       0.0000       0.0000       0.0000       0.0000       0.0000
       9       0.0000       1.0000       0.0000       0.0000       0.0000       0.0000       0.0000
      10       0.0000       0.9998       0.0000       0.0000       0.0000       0.0000       0.0000
      11       0.0000       1.0000       0.0000       0.0000       0.0000       0.0000       0.0000
      12       0.0000       0.9955       0.0000       0.0000       0.0000       0.0000       0.0045
      13       0.0001       0.0000       0.0000       0.0000       0.0000       0.9908       0.0091
      14       0.0000       0.0000       0.0000       0.0000       0.0000       0.9909       0.0091
      15       0.0000       0.9909       0.0000       0.0000       0.0000       0.0000       0.0087
      16       0.0000       0.9820       0.0000       0.0000       0.0000       0.0000       0.0000
      17       0.0000       0.0000       0.0000       0.0000       0.0000       0.0000       0.0000
      18       0.0000       0.9965       0.0000       0.0000       0.0000       0.0000       0.0000
      19       0.0000       0.9997       0.0000       0.0000       0.0000       0.0000       0.0000
      20       0.0000       1.0000       0.0000       0.0000       0.0000       0.0000       0.0000
      21       0.0000       1.0000       0.0000       0.0000       0.0000       0.0000       0.0000
      22       0.0000       0.9999       0.0000       0.0000       0.0000       0.0000       0.0000
      23       0.0000       1.0000       0.0000       0.0000       0.0000       0.0000       0.0000
      24       0.0000       0.9999       0.0000       0.0000       0.0000       0.0000       0.0000
      25       0.0000       0.0000       0.0001       0.0000       0.0000       0.0000       0.0000
      26       0.0000       0.0000       0.0046       0.0000       0.0000       0.9953       0.0000
      27       0.0000       0.0000       0.0046       0.0000       0.0000       0.9953       0.0001
      28       0.0000       0.0000       0.0045       0.0000       0.0000       0.9945       0.0010
      29       0.0000       0.0000       0.0000       0.0000       0.0000       0.0000       0.5308
      30       0.0000       0.0000       0.0000       0.9776       0.0000       0.0169       0.0007
      31       0.0000       0.0000       0.0000       0.9831       0.0000       0.0169       0.0000
      32       0.0000       0.0000       0.0000       1.0000       0.0000       0.0000       0.0000
      33       0.0000       0.0000       0.0000       1.0000       0.0000       0.0000       0.0000
      34       0.0000       0.0000       0.0000       1.0000       0.0000       0.0000       0.0000
      35       0.0000       0.0000       0.0000       1.0000       0.0000       0.0000       0.0000
      36       0.0000       0.0000       0.0000       1.0000       0.0000       0.0000       0.0000
      37       0.0000       0.0000       0.0000       1.0000       0.0000       0.0000       0.0000
      38       0.0000       0.0000       0.0000       1.0000       0.0000       0.0000       0.0000
      39       0.0000       0.0000       0.0000       0.9982       0.0000       0.0018       0.0000
      40       0.0000       0.0000       0.0000       0.9973       0.0000       0.0027       0.0000
      41       0.0000       0.0000       0.0000       0.9379       0.0000       0.0584       0.0037
      42       0.0000       0.0000       0.0000       0.0000       0.0000       0.9404       0.0000
      43       0.0829       0.0000       0.0000       0.0000       0.0000       0.9122       0.0009
      44       0.0000       0.0000       0.0000       0.0000       0.0000       0.9951       0.0049
      45       0.0000       0.0000       0.0000       0.0000       0.0000       0.1831       0.8169
      46       0.0829       0.0000       0.0000       0.0000       0.0000       0.0000       0.0002
      47       0.0000       0.0000       0.0000       0.0000       0.0000       0.0000       0.4490
      48       0.0000       0.0000       0.0000       0.0000       0.0000       0.0000       0.9902
      49       0.0001       0.0000       0.0000       0.0000       0.0000       0.9900       0.0099
      50       0.0000       0.0000       0.0000       0.0000       0.0000       0.9901       0.0099
      51       0.0000       0.2127       0.0000       0.0000       0.0000       0.0000       0.0000
      52       0.0000       0.9994       0.0000       0.0000       0.0000       0.0000       0.0000
      53       0.0000       0.3773       0.0000       0.0000       0.0000       0.0000       0.0000
      54       0.0000       0.0000       0.0000       0.0000       0.0000       0.0000       0.1839
      55       0.0000       0.9955       0.0000       0.0000       0.0000       0.0000       0.0000
      56       0.0000       0.9993       0.0000       0.0000       0.0000       0.0000       0.0000
      57       0.0000       0.9925       0.0000       0.0000       0.0000       0.0000       0.0000
      58       0.0000       0.0000       0.0000       0.0000       0.0000       0.9987       0.0013
      59       0.0000       0.0000       0.0000       0.0000       0.0000       0.9987       0.0013
      60       0.0000       0.0000       0.0000       0.0000       0.0000       0.9930       0.0070
      61       0.0000       0.9999       0.0000       0.0000       0.0000       0.0000       0.0000
      62       0.0000       1.0000       0.0000       0.0000       0.0000       0.0000       0.0000
      63       0.0000       1.0000       0.0000       0.0000       0.0000       0.0000       0.0000
      64       0.0000       0.8944       0.0000       0.0000       0.0000       0.0000       0.0000
      65       0.0000       0.0000       0.0000       0.0000       0.0000       0.0000       0.0000
      66       0.0000       0.0130       0.0000       0.0000       0.0000       0.0000       0.0000
      67       0.0000       0.0000       0.0000       0.0000       0.0000       0.0002       0.0874
      68       0.0000       0.0000       0.0000       0.0000       0.0000       0.0002       0.9998
      69       0.0000       0.0000       0.0000       0.0000       0.0000       0.0002       0.9998
      70       0.0000       0.0000       0.0000       0.0000       0.0000       0.0000       0.9915
      71       0.0000       0.0000       0.0000       0.0000       0.0000       0.0000       1.0000
      72       0.0000       0.0000       0.0000       0.0000       0.0000       0.0000       1.0000
      73       0.0000       0.0000       0.0000       0.0000       0.0000       0.0000       0.9993
      74       0.0000       0.0000       0.0000       0.0000       0.0000       0.0000       0.0009
      75       0.0000       0.0000       0.0000       0.0000       0.0000       0.0000       0.0027
      76       0.0000       0.0000       0.0000       0.0000       0.0000       0.0000       0.0000
      77       0.0000       0.4991       0.0000       0.0000       0.0000       0.0000       0.0000
      78       0.0000       0.0000       0.0000       0.0000       0.0000       0.6433       0.3567
      79       0.0000       0.0000       0.0000       0.0000       0.0000       0.6433       0.3567
      80       0.0000       0.4989       0.0000       0.0000       0.0000       0.0336       0.4531
      81       0.0000       0.0002       0.0000       0.0000       0.0000       0.0388       0.9610
      82       0.0000       0.0000       0.0000       0.0000       0.0000       0.0000       0.1226
      83       0.0000       0.9738       0.0000       0.0000       0.0000       0.0000       0.0000
      84       0.0000       0.0984       0.0000       0.0000       0.0000       0.0000       0.0001
      85       0.0000       0.0000       0.0000       0.0000       0.0000       0.0000       0.0000
      86       0.0000       0.0000       0.0000       0.0000       0.0000       0.0000       0.0009
      87       0.0000       0.0000       0.0000       0.0000       0.0000       0.0000       0.0096
      88       0.0000       0.0000       0.0000       0.0000       0.0000       0.0567       0.0541
      89       0.0000       0.0000       0.0000       0.0000       0.0000       0.0567       0.0036
      90       0.0000       0.0073       0.0000       0.0000       0.0000       0.0000       0.8827
      91       0.0000       0.0000       0.0000       0.0000       0.0000       0.0000       0.0000
      92       0.0000       0.0000       0.0000       0.0000       0.0000       0.0000       0.0007
      93       0.0000       0.0801       0.0000       0.0000       0.0000       0.0000       0.0000
      94       0.0000       0.0165       0.0000       0.0000       0.0000       0.0000       0.9834
      95       0.0000       0.0496       0.0000       0.0000       0.0000       0.8918       0.0586
      96       0.0000       0.0000       0.0000       0.0000       0.0000       0.9354       0.0642
      97       0.0000       0.9994       0.0000       0.0000       0.0000       0.0000       0.0000
      98       0.0000       1.0000       0.0000       0.0000       0.0000       0.0000       0.0000
      99       0.0000       1.0000       0.0000       0.0000       0.0000       0.0000       0.0000
     100       0.0000       0.9999       0.0000       0.0000       0.0000       0.0000       0.0000
     101       0.0000       0.0037       0.0000       0.0000       0.0000       0.0000       0.0000
     102       0.0000       0.2364       0.0000       0.0000       0.0000       0.0000       0.0000
     103       0.0000       0.5779       0.0000       0.0002       0.0000       0.0000       0.2565
     104       0.0000       0.0164       0.0000       0.0002       0.0000       0.5883       0.3951
     105       0.0000       0.0000       0.0000       0.0002       0.0000       0.9318       0.0680
     106       0.0000       0.0000       0.0000       0.0002       0.0000       0.9279       0.0717
     107       0.0000       0.6231       0.0000       0.0000       0.0000       0.0001       0.0002
     108       0.0000       0.9785       0.0000       0.0000       0.0000       0.0000       0.0000
     109       0.0000       0.0000       0.0000       0.0000       0.0000       0.0000       0.1370
     110       0.0000       0.0000       0.0000       0.0000       0.0000       0.0000       1.0000
     111       0.0000       0.0034       0.0000       0.0000       0.0000       0.0000       0.0000
     112       0.0000       0.9996       0.0000       0.0000       0.0000       0.0000       0.0000
     113       0.0000       1.0000       0.0000       0.0000       0.0000       0.0000       0.0000
     114       0.0000       1.0000       0.0000       0.0000       0.0000       0.0000       0.0000
     115       0.0000       0.9979       0.0000       0.0000       0.0000       0.0000       0.0000
     116       0.0000       0.0496       0.0000       0.0000       0.0000       0.0000       0.9110
     117       0.0000       0.0165       0.0000       0.0000       0.0000       0.0000       0.9835
     118       0.0000       0.0801       0.0000       0.0000       0.0000       0.0000       0.0000
     119       0.0000       0.0000       0.0000       0.0000       0.0000       0.0000       0.0000
     120       0.0000       0.0000       0.9373       0.0000       0.0000       0.0625       0.0000
     121       0.0000       0.0000       0.9373       0.0000       0.0000       0.0627       0.0000
     122       0.0000       0.0000       0.9373       0.0000       0.0000       0.0164       0.0459
     123       0.1286       0.0000       0.0000       0.0000       0.0000       0.8706       0.0005
     124       0.0000       0.0000       0.0000       0.0000       0.0000       0.9992       0.0008
     125       0.0000       0.0000       0.0000       0.0000       0.0000       0.9896       0.0104
     126       0.1286       0.0003       0.0000       0.0000       0.0000       0.0000       0.8333
     127       0.0000       0.9593       0.0000       0.0000       0.0000       0.0000       0.0000
     128       0.0000       0.9909       0.0000       0.0000       0.0000       0.0000       0.0000
     129       0.0000       0.0000       0.0000       0.0000       0.0000       0.0000       0.0000
     130       0.0000       1.0000       0.0000       0.0000       0.0000       0.0000       0.0000
     131       0.0000       1.0000       0.0000       0.0000       0.0000       0.0000       0.0000
     132       0.0000       0.9975       0.0000       0.0000       0.0000       0.0000       0.0000
     133       0.0000       0.0000       0.0000       0.0000       0.0000       0.0000       0.5654
     134       0.0000       0.9431       0.0000       0.0000       0.0000       0.0000       0.0569
     135       0.0000       0.0000       0.0000       0.0000       0.0000       0.0000       0.0001
     136       0.0000       0.0000       0.0023       0.9762       0.0000       0.0189       0.0006
     137       0.0000       0.0000       0.0024       0.9929       0.0000       0.0047       0.0000
     138       0.0000       0.0000       0.0024       0.9968       0.0000       0.0008       0.0000
     139       0.0000       0.0000       0.0001       0.9996       0.0000       0.0003       0.0000
     140       0.0000       0.0000       0.0083       0.9757       0.0000       0.0152       0.0008
     141       0.0000       0.0000       0.0284       0.9519       0.0000       0.0196       0.0001
     142       0.0000       0.0000       0.0837       0.8686       0.0000       0.0447       0.0030
     143       0.0000       0.0000       0.4575       0.4844       0.0000       0.0570       0.0011
     144       0.0000       0.0000       0.4574       0.1301       0.0000       0.4120       0.0005
     145       0.0000       0.0000       0.4493       0.0825       0.0000       0.4500       0.0182
     146       0.0000       0.0145       0.0000       0.0000       0.0000       0.0000       0.0475
     147       0.0000       0.0005       0.0000       0.0000       0.0000       0.0000       0.0000
     148       0.0000       0.0000       0.0000       0.0000       0.0000       0.7599       0.2401
     149       0.0000       0.0000       0.0000       0.0000       0.0000       0.7599       0.2401
     150       0.0000       0.0025       0.0000       0.0000       0.0000       0.0002       0.3964
     151       0.0000       0.0637       0.0000       0.0000       0.0000       0.0000       0.0036
     152       0.0000       0.0145       0.0000       0.0000       0.0000       0.0000       0.0000
     153       0.0000       0.0000       0.0000       0.0000       0.0000       0.0000       0.9840
     154       0.0000       0.0000       0.0000       0.0000       0.0000       0.0000       0.9981
     155       0.0000       0.0000       0.0000       0.0000       0.0000       0.0000       0.0000
     156       0.0000       0.8284       0.0000       0.0000       0.0000       0.0000       0.0000
     157       0.0000       1.0000       0.0000       0.0000       0.0000       0.0000       0.0000
     158       0.0000       0.9869       0.0000       0.0000       0.0000       0.0000       0.0000
     159       0.0000       0.0000       0.0000       0.0000       0.0000       0.0000       0.0940
     160       0.0000       0.9768       0.0000       0.0000       0.0000       0.0000       0.0085
     161       0.0000       0.9996       0.0000       0.0000       0.0000       0.0000       0.0000
     162       0.0000       0.9995       0.0000       0.0000       0.0000       0.0000       0.0000
     163       0.0000       0.9847       0.0000       0.0000       0.0000       0.0000       0.0001
     164       0.0000       0.0113       0.0000       0.0000       0.0000       0.0000       0.0000
     165       0.0000       0.3342       0.0000       0.0000       0.0000       0.0000       0.0000
