0.000000000000000000e+00	1.878209230008132113e+00	1.190706567924011381e+02
1.000000000000000000e+00	2.757116095695693492e+00	1.269962569501029463e+02
2.000000000000000000e+00	2.275584720153424723e+00	1.226540162703118995e+02
3.000000000000000000e+00	2.362214281151286066e+00	1.234352040037461791e+02
4.000000000000000000e+00	1.970591972284307936e+00	1.199037242143744493e+02
5.000000000000000000e+00	1.822200951214677289e+00	1.185655984744293505e+02
6.000000000000000000e+00	1.842971105124599829e+00	1.187528946960548382e+02
7.000000000000000000e+00	1.446146846310915279e+00	1.151745059827373154e+02
8.000000000000000000e+00	2.748478511096343446e+00	1.269183669659244629e+02
9.000000000000000000e+00	2.059601468469742791e+00	1.207063731690533643e+02
1.000000000000000000e+01	1.547405358414195797e+00	1.160876112397620119e+02
1.100000000000000000e+01	1.772729511916907974e+00	1.181194865342371401e+02
1.200000000000000000e+01	2.144585313813271998e+00	1.214727205539152095e+02
1.300000000000000000e+01	2.581748539393279973e+00	1.254148685389441766e+02
1.400000000000000000e+01	2.614263530345696473e+00	1.257080745969245612e+02
1.500000000000000000e+01	2.022358796749569976e+00	1.203705349404741298e+02
1.600000000000000000e+01	1.163317116620569802e+00	1.126240703930881466e+02
1.700000000000000000e+01	2.028985993028669554e+00	1.204302961164591039e+02
1.800000000000000000e+01	2.401404367372495408e+00	1.237886031699845546e+02
1.900000000000000000e+01	1.693694072058154143e+00	1.174067792849672855e+02
2.000000000000000000e+01	2.250609159893795841e+00	1.224287975218185096e+02
2.100000000000000000e+01	2.549332832546842731e+00	1.251225577818844386e+02
2.200000000000000000e+01	1.532505023589030513e+00	1.159532464957253950e+02
2.300000000000000000e+01	1.477732785774706903e+00	1.154593342581423059e+02
2.400000000000000000e+01	2.141900352179650024e+00	1.214485087367391003e+02
2.500000000000000000e+01	2.033719897628226914e+00	1.204729844108683778e+02
2.600000000000000000e+01	2.573936115098496291e+00	1.253444194917924790e+02
2.700000000000000000e+01	2.379776542587006549e+00	1.235935728451315043e+02
2.800000000000000000e+01	2.913391122192026561e+00	1.284054772247395135e+02
2.900000000000000000e+01	1.827217049015894546e+00	1.186108314644951207e+02
3.000000000000000000e+01	1.955292423187392714e+00	1.197657595295265196e+02
3.100000000000000000e+01	1.944230239389127757e+00	1.196660055634592794e+02
3.200000000000000000e+01	1.873599683773934599e+00	1.190290899076867817e+02
3.300000000000000000e+01	3.156533110778592555e+00	1.305980260126911219e+02
3.400000000000000000e+01	2.873518564250619800e+00	1.280459238251183081e+02
3.500000000000000000e+01	1.189081516859313403e+00	1.128564025576975780e+02
3.600000000000000000e+01	2.269094791036298631e+00	1.225954929099397788e+02
3.700000000000000000e+01	2.444138593012705751e+00	1.241739618452844098e+02
3.800000000000000000e+01	1.474019696501501553e+00	1.154258512327181450e+02
3.900000000000000000e+01	2.012657833529868157e+00	1.202830558700224799e+02
4.000000000000000000e+01	2.290557429860520688e+00	1.227890336595809515e+02
4.100000000000000000e+01	1.991379972168157098e+00	1.200911813632372684e+02
4.200000000000000000e+01	2.188582419965027448e+00	1.218694673368431012e+02
4.300000000000000000e+01	2.163151970850053729e+00	1.216401465983386885e+02
4.400000000000000000e+01	3.061225725606694148e+00	1.297385854320812371e+02
4.500000000000000000e+01	2.331173027889280824e+00	1.231552874717981041e+02
4.600000000000000000e+01	1.941612377768241249e+00	1.196423988250375601e+02
4.700000000000000000e+01	1.610106798848765619e+00	1.166530255806860623e+02
4.800000000000000000e+01	1.592949698720851570e+00	1.164983103078987483e+02
4.900000000000000000e+01	1.296413272638840875e+00	1.138242736868725302e+02
5.000000000000000000e+01	1.734937348784315381e+00	1.177786932308997621e+02
5.100000000000000000e+01	3.156210277107776463e+00	1.305951148389453920e+02
5.200000000000000000e+01	1.741598862014922311e+00	1.178387638622398867e+02
5.300000000000000000e+01	2.617195106182536701e+00	1.257345102738112104e+02
5.400000000000000000e+01	2.994128377566549482e+00	1.291335307067522535e+02
5.500000000000000000e+01	1.651524959968617923e+00	1.170265165580792370e+02
5.600000000000000000e+01	1.938930137855587432e+00	1.196182115511583248e+02
5.700000000000000000e+01	2.499962440215102166e+00	1.246773570393186787e+02
5.800000000000000000e+01	1.220161478141246203e+00	1.131366681417475490e+02
5.900000000000000000e+01	2.603877983993064582e+00	1.256144222532876142e+02
6.000000000000000000e+01	1.525231669558912317e+00	1.158876585499502454e+02
6.100000000000000000e+01	2.779792175182347780e+00	1.272007399802985219e+02
6.200000000000000000e+01	2.464026317270981536e+00	1.243533006997993482e+02
6.300000000000000000e+01	2.181025715436583301e+00	1.218013242594130645e+02
6.400000000000000000e+01	1.766288802701215355e+00	1.180614070175460597e+02
6.500000000000000000e+01	2.966028506785732155e+00	1.288801382837477831e+02
6.600000000000000000e+01	1.836350124897380365e+00	1.186931895737243394e+02
6.700000000000000000e+01	1.834656607024923947e+00	1.186779181655228399e+02
6.800000000000000000e+01	2.214884953106881049e+00	1.221066521501099231e+02
6.900000000000000000e+01	1.895345189894855231e+00	1.192251814316805678e+02
7.000000000000000000e+01	2.387275641878478183e+00	1.236611964635687144e+02
7.100000000000000000e+01	3.149066446064316072e+00	1.305306948751755840e+02
7.200000000000000000e+01	2.681158248740060923e+00	1.263113020961670827e+02
7.300000000000000000e+01	1.532228300127495002e+00	1.159507511238082884e+02
7.400000000000000000e+01	1.799702146304107186e+00	1.183627140293205713e+02
7.500000000000000000e+01	1.982673342055252919e+00	1.200126687566234835e+02
7.600000000000000000e+01	3.296302960775437274e+00	1.318584097785072800e+02
7.700000000000000000e+01	1.587424732023230867e+00	1.164484885592704586e+02
7.800000000000000000e+01	1.786065337994488411e+00	1.182397432182953310e+02
7.900000000000000000e+01	1.364353639965198761e+00	1.144369303937636033e+02
8.000000000000000000e+01	2.474415286133665237e+00	1.244469839061445668e+02
8.100000000000000000e+01	1.744615360119135428e+00	1.178659653312280255e+02
8.200000000000000000e+01	3.129693929133904984e+00	1.303560019364435050e+02
8.300000000000000000e+01	2.597420781693881242e+00	1.255561940091372151e+02
8.400000000000000000e+01	1.928830514644245930e+00	1.195271375381525019e+02
8.500000000000000000e+01	2.524354939593746128e+00	1.248973179981750832e+02
8.600000000000000000e+01	1.988672381289894986e+00	1.200667654853672559e+02
8.700000000000000000e+01	2.696812201714215540e+00	1.264524626411624411e+02
8.800000000000000000e+01	1.805311857202278603e+00	1.184132999643211264e+02
8.900000000000000000e+01	1.800210129007657978e+00	1.183672947965810778e+02
9.000000000000000000e+01	3.729449913499145897e+00	1.357643407603178503e+02
9.100000000000000000e+01	2.499884180537975897e+00	1.246766513275605917e+02
9.200000000000000000e+01	2.617578300444213912e+00	1.257379657531336932e+02
9.300000000000000000e+01	2.757991476963602473e+00	1.270041507579520470e+02
9.400000000000000000e+01	2.627586272831401448e+00	1.258282132988370989e+02
9.500000000000000000e+01	2.344014488528645579e+00	1.232710861831767630e+02
9.600000000000000000e+01	3.462972705610441793e+00	1.333613651057649179e+02
9.700000000000000000e+01	1.715687817215248101e+00	1.176051093207090759e+02
9.800000000000000000e+01	2.425281887008161608e+00	1.240039202653196924e+02
9.900000000000000000e+01	2.147319594256562159e+00	1.214973771066838424e+02
1.000000000000000000e+02	2.194291285640904476e+00	1.219209474065381187e+02
1.010000000000000000e+02	9.279589861550316954e-01	1.105017130549476434e+02
1.020000000000000000e+02	2.207092889343538644e+00	1.220363867053824549e+02
1.030000000000000000e+02	1.979665213081603259e+00	1.199855427568176935e+02
1.040000000000000000e+02	2.031123273739624757e+00	1.204495691850868582e+02
1.050000000000000000e+02	2.938963110573411530e+00	1.286360743028380114e+02
1.060000000000000000e+02	1.357793509997996306e+00	1.143777739926335073e+02
1.070000000000000000e+02	1.834231723126657609e+00	1.186740867471751528e+02
1.080000000000000000e+02	2.525917691353557260e+00	1.249114102144013430e+02
1.090000000000000000e+02	1.778108047978161910e+00	1.181679878350227852e+02
1.100000000000000000e+02	2.268541140611739060e+00	1.225905003310175800e+02
1.110000000000000000e+02	1.928489132201517631e+00	1.195240590996426278e+02
1.120000000000000000e+02	2.178014785390138819e+00	1.217741730007500962e+02
1.130000000000000000e+02	1.708623392025434784e+00	1.175414054044190948e+02
1.140000000000000000e+02	1.402730012967743356e+00	1.147829918478211368e+02
1.150000000000000000e+02	2.210988778532732901e+00	1.220715181410074450e+02
1.160000000000000000e+02	2.676318432149578985e+00	1.262676587334510998e+02
1.170000000000000000e+02	3.757290624804856094e+00	1.360153961958018556e+02
1.180000000000000000e+02	2.600138915900305214e+00	1.255807049621586486e+02
1.190000000000000000e+02	1.237355291423506420e+00	1.132917144778058827e+02
1.200000000000000000e+02	1.170696712373321180e+00	1.126906163805472687e+02
1.210000000000000000e+02	2.357751885328962960e+00	1.233949640574971909e+02
1.220000000000000000e+02	2.256763948036117018e+00	1.224842987265260490e+02
1.230000000000000000e+02	2.296791526070021128e+00	1.228452500299724761e+02
1.240000000000000000e+02	2.203294964336676820e+00	1.220021386681802653e+02
1.250000000000000000e+02	2.305132929629660321e+00	1.229204691822497892e+02
1.260000000000000000e+02	1.366785718668673377e+00	1.144588618225740078e+02
1.270000000000000000e+02	2.076158692128250660e+00	1.208556790165350776e+02
1.280000000000000000e+02	1.476538447687295807e+00	1.154485642363078171e+02
1.290000000000000000e+02	2.498108535156893684e+00	1.246606393291774424e+02
1.300000000000000000e+02	1.861301517113312265e+00	1.189181903853026654e+02
1.310000000000000000e+02	1.781416908226514328e+00	1.181978256987714531e+02
1.320000000000000000e+02	1.836828731298362216e+00	1.186975054382546801e+02
1.330000000000000000e+02	2.976133877372466596e+00	1.289712641240871847e+02
1.340000000000000000e+02	3.598748294046441920e+00	1.345857303566593828e+02
1.350000000000000000e+02	2.671217845193230023e+00	1.262216638569018130e+02
1.360000000000000000e+02	1.145732612664400740e+00	1.124655009783196249e+02
1.370000000000000000e+02	2.782482361686766215e+00	1.272249989130888395e+02
1.380000000000000000e+02	1.673850880914612871e+00	1.172278420107277412e+02
1.390000000000000000e+02	2.413665915976720200e+00	1.238991724866496185e+02
1.400000000000000000e+02	1.361322481732446299e+00	1.144095967261073383e+02
1.410000000000000000e+02	1.341175257229087592e+00	1.142279178111563596e+02
1.420000000000000000e+02	2.771713779594660476e+00	1.271278925196137379e+02
1.430000000000000000e+02	1.552777150609097268e+00	1.161360517272916582e+02
1.440000000000000000e+02	1.374547555962930101e+00	1.145288546981391562e+02
1.450000000000000000e+02	2.003444034215293712e+00	1.201999698319546042e+02
1.460000000000000000e+02	2.372798759091833798e+00	1.235306502259908541e+02
1.470000000000000000e+02	1.810756984350010868e+00	1.184624017545853434e+02
1.480000000000000000e+02	1.730839295563830094e+00	1.177417387678974308e+02
1.490000000000000000e+02	1.856640607411677468e+00	1.188761603271606049e+02
1.500000000000000000e+02	2.721356760158823107e+00	1.266737948025935907e+02
1.510000000000000000e+02	2.441771215654607197e+00	1.241526138650885684e+02
1.520000000000000000e+02	1.888167499229657320e+00	1.191604561365566894e+02
1.530000000000000000e+02	2.363852723140937417e+00	1.234499787615715150e+02
1.540000000000000000e+02	1.950118821170045091e+00	1.197191062348881729e+02
1.550000000000000000e+02	1.516367080804683853e+00	1.158077215409549581e+02
1.560000000000000000e+02	2.385818821475428564e+00	1.236480594902818950e+02
1.570000000000000000e+02	2.081177665272153199e+00	1.209009379351916067e+02
1.580000000000000000e+02	3.244074880136230021e+00	1.313874396446845765e+02
1.590000000000000000e+02	1.973672874858217963e+00	1.199315064548812870e+02
1.600000000000000000e+02	2.278233699561239334e+00	1.226779036154129017e+02
1.610000000000000000e+02	1.550253846281890890e+00	1.161132976654514550e+02
1.620000000000000000e+02	1.798428706996153092e+00	1.183512307070551941e+02
1.630000000000000000e+02	2.071369346331393579e+00	1.208124907775023047e+02
1.640000000000000000e+02	1.640109323039278477e+00	1.169235753052803375e+02
1.650000000000000000e+02	2.200154086969430267e+00	1.219738156010510721e+02
1.660000000000000000e+02	1.583244519657414306e+00	1.164107932208004144e+02
1.670000000000000000e+02	3.197914013683979206e+00	1.309711810116980075e+02
1.680000000000000000e+02	1.947290789774621222e+00	1.196936042767756732e+02
1.690000000000000000e+02	2.339250583861887556e+00	1.232281273611989576e+02
1.700000000000000000e+02	2.675929421996025681e+00	1.262641508089431568e+02
1.710000000000000000e+02	3.192441899337029376e+00	1.309218358625993801e+02
1.720000000000000000e+02	1.759423361363992688e+00	1.179994974511639469e+02
1.730000000000000000e+02	3.674268032312814736e+00	1.352667345368296310e+02
1.740000000000000000e+02	1.704815129649918326e+00	1.175070641493188077e+02
1.750000000000000000e+02	1.534657567658745725e+00	1.159726572026892626e+02
1.760000000000000000e+02	1.558880853489032381e+00	1.161910922673037447e+02
1.770000000000000000e+02	2.921393435302556352e+00	1.284776386067093483e+02
1.780000000000000000e+02	2.331034342708631968e+00	1.231540368691090919e+02
1.790000000000000000e+02	1.941583898135759156e+00	1.196421420080885696e+02
1.800000000000000000e+02	1.851630396405947732e+00	1.188309804216582535e+02
1.810000000000000000e+02	2.362645705443102262e+00	1.234390944005205597e+02
1.820000000000000000e+02	1.909143847828925544e+00	1.193496117322821988e+02
1.830000000000000000e+02	1.866732203837825566e+00	1.189671619581058479e+02
1.840000000000000000e+02	2.324779662909117306e+00	1.230976348848480768e+02
1.850000000000000000e+02	2.900476631370109359e+00	1.282890199589122062e+02
1.860000000000000000e+02	2.116328543030220111e+00	1.212179132748764943e+02
1.870000000000000000e+02	1.882193249432936755e+00	1.191065829481910612e+02
1.880000000000000000e+02	1.755624553565984458e+00	1.179652414533348406e+02
1.890000000000000000e+02	2.144102505947844239e+00	1.214683668024043754e+02
1.900000000000000000e+02	2.225337663860194493e+00	1.222009101531237718e+02
1.910000000000000000e+02	2.702493422748596164e+00	1.265036934234943118e+02
1.920000000000000000e+02	1.817894988985529814e+00	1.185267691783404018e+02
1.930000000000000000e+02	2.195924123657833960e+00	1.219356716301728483e+02
1.940000000000000000e+02	2.444296118572564680e+00	1.241753823423254488e+02
1.950000000000000000e+02	3.118058257032560565e+00	1.302510765020867893e+02
1.960000000000000000e+02	1.808890828665131512e+00	1.184455735736166986e+02
1.970000000000000000e+02	2.192027891255417416e+00	1.219005370996001716e+02
1.980000000000000000e+02	2.643601292299510686e+00	1.259726297845619456e+02
1.990000000000000000e+02	2.742455742039205724e+00	1.268640562519539685e+02
2.000000000000000000e+02	2.820279929723754186e+00	1.275658409555051804e+02
2.010000000000000000e+02	2.081967968063239027e+00	1.209080645423102851e+02
2.020000000000000000e+02	1.968650636701396506e+00	1.198862180937571793e+02
2.030000000000000000e+02	4.250335680136434036e+00	1.404614622362953753e+02
2.040000000000000000e+02	1.820530676047251273e+00	1.185505366588409686e+02
2.050000000000000000e+02	4.804671196195413607e+00	1.454602190159000088e+02
2.060000000000000000e+02	1.930269025799019600e+00	1.195401094065952634e+02
2.070000000000000000e+02	2.156873647611545763e+00	1.215835314078198479e+02
2.080000000000000000e+02	3.377365205285382199e+00	1.325893938713088289e+02
2.090000000000000000e+02	2.884546427205955776e+00	1.281453683007392215e+02
2.100000000000000000e+02	2.713729241988724450e+00	1.266050131585174370e+02
2.110000000000000000e+02	2.628349260995830328e+00	1.258350935945230304e+02
2.120000000000000000e+02	2.020994101471323301e+00	1.203582287115268485e+02
2.130000000000000000e+02	1.872996907012862033e+00	1.190236543288113467e+02
2.140000000000000000e+02	2.301026710226346417e+00	1.228834410801595851e+02
2.150000000000000000e+02	2.048018131104176298e+00	1.206019196666001534e+02
2.160000000000000000e+02	2.137650918218209295e+00	1.214101891880021640e+02
2.170000000000000000e+02	1.759147876238414510e+00	1.179970132460223482e+02
2.180000000000000000e+02	2.034374611991597082e+00	1.204788883404701920e+02
2.190000000000000000e+02	1.361195558633627289e+00	1.144084521887606627e+02
2.200000000000000000e+02	2.064495657075148038e+00	1.207505068349708353e+02
2.210000000000000000e+02	1.873130886211495927e+00	1.190248624949996668e+02
2.220000000000000000e+02	1.767867204582164176e+00	1.180756403597634687e+02
2.230000000000000000e+02	2.411560724427960878e+00	1.238801887841411826e+02
2.240000000000000000e+02	2.066533626720929107e+00	1.207688843595716435e+02
2.250000000000000000e+02	2.544465665644072949e+00	1.250786677859381797e+02
2.260000000000000000e+02	1.997966930469535551e+00	1.201505796906258468e+02
2.270000000000000000e+02	1.652755996269911432e+00	1.170376175084581405e+02
2.280000000000000000e+02	1.995780285505438512e+00	1.201308614766160758e+02
2.290000000000000000e+02	2.190923194293301624e+00	1.218905754224771840e+02
2.300000000000000000e+02	2.658715200342281371e+00	1.261089204390598724e+02
2.310000000000000000e+02	1.993371274748641397e+00	1.201091380645239042e+02
2.320000000000000000e+02	2.012520983293255572e+00	1.202818218140613453e+02
2.330000000000000000e+02	1.166821447000107259e+00	1.126556709215320495e+02
2.340000000000000000e+02	1.428923160652102897e+00	1.150191902705692257e+02
2.350000000000000000e+02	2.407974918731194514e+00	1.238478535466942105e+02
2.360000000000000000e+02	1.700711886381723437e+00	1.174700628847217274e+02
2.370000000000000000e+02	3.715763214862080943e+00	1.356409200600011218e+02
2.380000000000000000e+02	2.421967258842295578e+00	1.239740303889975195e+02
2.390000000000000000e+02	3.448968907007933904e+00	1.332350849357657410e+02
2.400000000000000000e+02	1.849926544733376588e+00	1.188156158277381991e+02
2.410000000000000000e+02	1.552177861728146757e+00	1.161306476006033819e+02
2.420000000000000000e+02	5.078649876678889896e+00	1.479308396903079483e+02
2.430000000000000000e+02	2.758025633601476123e+00	1.270044587676685239e+02
2.440000000000000000e+02	1.772074011458623310e+00	1.181135755159729968e+02
2.450000000000000000e+02	2.037758136727868319e+00	1.205093994961230806e+02
2.460000000000000000e+02	1.978924019446302252e+00	1.199788589947239359e+02
2.470000000000000000e+02	1.725909257333842817e+00	1.176972818256450779e+02
2.480000000000000000e+02	1.956577085171728125e+00	1.197773440530103244e+02
2.490000000000000000e+02	2.394363526021971555e+00	1.237251119225081482e+02
2.500000000000000000e+02	1.318612603377643300e+00	1.140244576040463755e+02
2.510000000000000000e+02	1.891564341169356123e+00	1.191910873809626707e+02
2.520000000000000000e+02	1.845386942468359548e+00	1.187746796673415304e+02
2.530000000000000000e+02	2.639344270938278392e+00	1.259342418159510544e+02
2.540000000000000000e+02	1.542032403340043878e+00	1.160391602658926615e+02
2.550000000000000000e+02	1.879691719793953553e+00	1.190840252410263531e+02
2.560000000000000000e+02	3.807772270416643234e+00	1.364706177375164486e+02
2.570000000000000000e+02	1.486038872521383780e+00	1.155342349387483694e+02
2.580000000000000000e+02	2.384258158783877590e+00	1.236339861123653350e+02
2.590000000000000000e+02	2.335884453273471273e+00	1.231977730584122526e+02
2.600000000000000000e+02	2.818423175887617038e+00	1.275490975563226215e+02
2.610000000000000000e+02	1.647068693561234864e+00	1.169863318842304523e+02
2.620000000000000000e+02	1.932032614798496528e+00	1.195560126857685646e+02
2.630000000000000000e+02	1.956102749098441951e+00	1.197730666964393293e+02
2.640000000000000000e+02	2.887269119702923881e+00	1.281699203584438465e+02
2.650000000000000000e+02	1.893755637237794609e+00	1.192108475366101032e+02
2.660000000000000000e+02	2.108834558290782368e+00	1.211503357772468235e+02
2.670000000000000000e+02	3.125309387008222917e+00	1.303164640409970048e+02
2.680000000000000000e+02	3.553238658301816955e+00	1.341753442391810722e+02
2.690000000000000000e+02	1.996641978958761499e+00	1.201386318537017104e+02
2.700000000000000000e+02	2.882496868908863696e+00	1.281268862747170942e+02
2.710000000000000000e+02	2.049103492088212963e+00	1.206117069802758834e+02
2.720000000000000000e+02	1.453098553584046382e+00	1.152371934578398509e+02
2.730000000000000000e+02	2.351859488864671555e+00	1.233418289869114233e+02
2.740000000000000000e+02	1.935387300050451564e+00	1.195862637794850087e+02
2.750000000000000000e+02	2.127438318810652707e+00	1.213180964047562895e+02
2.760000000000000000e+02	2.169196645822028202e+00	1.216946548503292718e+02
2.770000000000000000e+02	2.584982289961385682e+00	1.254440290962376849e+02
2.780000000000000000e+02	2.587687065565920541e+00	1.254684195871926988e+02
2.790000000000000000e+02	1.864511436180762649e+00	1.189471360404800180e+02
2.800000000000000000e+02	2.297354329532285355e+00	1.228503251470109490e+02
2.810000000000000000e+02	1.767984874353158764e+00	1.180767014546211442e+02
2.820000000000000000e+02	2.541097468329975406e+00	1.250482948463174466e+02
2.830000000000000000e+02	2.172792027010014060e+00	1.217270764353947214e+02
2.840000000000000000e+02	1.385192870246041430e+00	1.146248495160826906e+02
2.850000000000000000e+02	2.198226438882286082e+00	1.219564329083222844e+02
2.860000000000000000e+02	2.065854241572540051e+00	1.207627579595520046e+02
2.870000000000000000e+02	2.533005586833708023e+00	1.249753257755698286e+02
2.880000000000000000e+02	2.244207537695221966e+00	1.223710704748612841e+02
2.890000000000000000e+02	2.722390981490399486e+00	1.266831209611078179e+02
2.900000000000000000e+02	2.317265524357723372e+00	1.230298756489006706e+02
2.910000000000000000e+02	2.049693112664624728e+00	1.206170239223955036e+02
2.920000000000000000e+02	2.638015356486854923e+00	1.259222582429503632e+02
2.930000000000000000e+02	2.281457092840245338e+00	1.227069707751744119e+02
2.940000000000000000e+02	2.370877663918570910e+00	1.235133266245916843e+02
2.950000000000000000e+02	1.784112196684299212e+00	1.182221306387600208e+02
2.960000000000000000e+02	3.272948926432429850e+00	1.316478132460440520e+02
2.970000000000000000e+02	2.662429763587689902e+00	1.261424167561247884e+02
2.980000000000000000e+02	1.998463112904352856e+00	1.201550540481910900e+02
2.990000000000000000e+02	1.851630662583964249e+00	1.188309828219359190e+02
3.000000000000000000e+02	1.380245036594741181e+00	1.145802321024545165e+02
3.010000000000000000e+02	1.888428348313343719e+00	1.191628083602330719e+02
3.020000000000000000e+02	1.343446323169919410e+00	1.142483972968464911e+02
3.030000000000000000e+02	2.519702641140399546e+00	1.248553655925277894e+02
3.040000000000000000e+02	2.500418951870014617e+00	1.246814736630309426e+02
3.050000000000000000e+02	1.639204386422580928e+00	1.169154149801400848e+02
3.060000000000000000e+02	1.658886682218891462e+00	1.170929013700605310e+02
3.070000000000000000e+02	2.461287297660770257e+00	1.243286014112829747e+02
3.080000000000000000e+02	2.381373171393236454e+00	1.236079705498400045e+02
3.090000000000000000e+02	3.354008294445829375e+00	1.323787713998498532e+02
3.100000000000000000e+02	2.483782381885607293e+00	1.245314523048647573e+02
3.110000000000000000e+02	3.175393636335014147e+00	1.307681020357147759e+02
3.120000000000000000e+02	3.411990954132710474e+00	1.329016338266882258e+02
3.130000000000000000e+02	1.917004688627543807e+00	1.194204973784245283e+02
3.140000000000000000e+02	1.885480022035511238e+00	1.191362216351489849e+02
3.150000000000000000e+02	2.002029298370615162e+00	1.201872123589259758e+02
3.160000000000000000e+02	1.777362527500517153e+00	1.181612650553451260e+02
3.170000000000000000e+02	2.787623458263071896e+00	1.272713590877861378e+02
3.180000000000000000e+02	1.713775676897024258e+00	1.175878664703010230e+02
3.190000000000000000e+02	2.232144675610036266e+00	1.222622928268793316e+02
3.200000000000000000e+02	1.957432983849897390e+00	1.197850621753319302e+02
3.210000000000000000e+02	2.338205708185900900e+00	1.232187051264370297e+02
3.220000000000000000e+02	1.628103160785165260e+00	1.168153089517342664e+02
3.230000000000000000e+02	2.299103191858780537e+00	1.228660956274472653e+02
3.240000000000000000e+02	3.156466069366562266e+00	1.305974214623724379e+02
3.250000000000000000e+02	1.941925534201270676e+00	1.196452227336584855e+02
3.260000000000000000e+02	3.181226529967815964e+00	1.308207005356250363e+02
3.270000000000000000e+02	2.238756721780561065e+00	1.223219173857691402e+02
3.280000000000000000e+02	3.138781104898146879e+00	1.304379461383627756e+02
3.290000000000000000e+02	2.204172726605859722e+00	1.220100539468641045e+02
3.300000000000000000e+02	1.742792855289529541e+00	1.178495307747023730e+02
3.310000000000000000e+02	2.324432456135335556e+00	1.230945039250519102e+02
3.320000000000000000e+02	2.605750972215902017e+00	1.256313120471142639e+02
3.330000000000000000e+02	2.246446423775744883e+00	1.223912597765559553e+02
3.340000000000000000e+02	1.654829702420795190e+00	1.170563172893315311e+02
3.350000000000000000e+02	2.341565042923844153e+00	1.232489981471975398e+02
3.360000000000000000e+02	1.633698292889901982e+00	1.168657634215113035e+02
3.370000000000000000e+02	1.826791385570954329e+00	1.186069930165343038e+02
3.380000000000000000e+02	3.049797669968766556e+00	1.296355321927652255e+02
3.390000000000000000e+02	1.701201166170373424e+00	1.174744749972236093e+02
3.400000000000000000e+02	3.085971112292387630e+00	1.299617285753141687e+02
3.410000000000000000e+02	1.895746344759048796e+00	1.192287988719111951e+02
3.420000000000000000e+02	2.370039289375042380e+00	1.235057665273005938e+02
3.430000000000000000e+02	1.614289080180209002e+00	1.166907395761890029e+02
3.440000000000000000e+02	2.142554427502632031e+00	1.214544069037524139e+02
3.450000000000000000e+02	1.770664199383768400e+00	1.181008624433608531e+02
3.460000000000000000e+02	2.898614120730736321e+00	1.282722246473798577e+02
3.470000000000000000e+02	1.407771028355414344e+00	1.148284495338528046e+02
3.480000000000000000e+02	1.848819188516407142e+00	1.188056301706106126e+02
3.490000000000000000e+02	2.141841144363183069e+00	1.214479748263808432e+02
3.500000000000000000e+02	1.572517603442409095e+00	1.163140625520977665e+02
3.510000000000000000e+02	1.299755724387794187e+00	1.138544144641753491e+02
3.520000000000000000e+02	3.093550453532952105e+00	1.300300757807765990e+02
3.530000000000000000e+02	2.464300151872650169e+00	1.243557700212336101e+02
3.540000000000000000e+02	1.876943759308563164e+00	1.190592453275831701e+02
3.550000000000000000e+02	2.497000392380551048e+00	1.246506465791992468e+02
3.560000000000000000e+02	1.458922431559550370e+00	1.152897106584706250e+02
3.570000000000000000e+02	2.280593676270602721e+00	1.226991848597746468e+02
3.580000000000000000e+02	1.861396392240326714e+00	1.189190459279670620e+02
3.590000000000000000e+02	3.142186069181005958e+00	1.304686506265295520e+02
3.600000000000000000e+02	1.939462408655325376e+00	1.196230113379150737e+02
3.610000000000000000e+02	2.802560164106687957e+00	1.274060518098609549e+02
3.620000000000000000e+02	3.361887198730488802e+00	1.324498199346592457e+02
3.630000000000000000e+02	1.496276378089191672e+00	1.156265523149236287e+02
3.640000000000000000e+02	1.963648370972350676e+00	1.198411098353070940e+02
3.650000000000000000e+02	1.701556838445008601e+00	1.174776822952275097e+02
3.660000000000000000e+02	1.910666943409561114e+00	1.193633463463185080e+02
3.670000000000000000e+02	1.679737158593460178e+00	1.172809219047654921e+02
3.680000000000000000e+02	1.091741585188460650e+00	1.119786333560681442e+02
3.690000000000000000e+02	1.952535049452092109e+00	1.197408947314864491e+02
3.700000000000000000e+02	1.171831636040369773e+00	1.127008506289593583e+02
3.710000000000000000e+02	2.593218231989545597e+00	1.255182972422558123e+02
3.720000000000000000e+02	2.426962581374024097e+00	1.240190760367115956e+02
3.730000000000000000e+02	2.318770901692421837e+00	1.230434504874951358e+02
3.740000000000000000e+02	1.833168977098450059e+00	1.186645033653430232e+02
3.750000000000000000e+02	1.807078782824494301e+00	1.184292333317082750e+02
3.760000000000000000e+02	2.570293249482157094e+00	1.253115697127880139e+02
3.770000000000000000e+02	2.385945865658115839e+00	1.236492051195102420e+02
3.780000000000000000e+02	1.926446815774070842e+00	1.195056423776537855e+02
3.790000000000000000e+02	2.606648814226808497e+00	1.256394083961826880e+02
3.800000000000000000e+02	2.466447787048867024e+00	1.243751364619292303e+02
3.810000000000000000e+02	2.036177838783497229e+00	1.204951490560297174e+02
3.820000000000000000e+02	1.817879413173135950e+00	1.185266287224332018e+02
3.830000000000000000e+02	1.336118518916038278e+00	1.141823183426165258e+02
3.840000000000000000e+02	2.638542213743202858e+00	1.259270092127254372e+02
3.850000000000000000e+02	2.006519337755778842e+00	1.202277015828112638e+02
3.860000000000000000e+02	1.261954604277262693e+00	1.135135403907034544e+02
3.870000000000000000e+02	1.390366058030329643e+00	1.146714990753473131e+02
3.880000000000000000e+02	1.514710926911166933e+00	1.157927870648778423e+02
3.890000000000000000e+02	1.550681297834057837e+00	1.161171522377861578e+02
3.900000000000000000e+02	2.260235191662687271e+00	1.225156008930106140e+02
3.910000000000000000e+02	1.646646082245622145e+00	1.169825209590455160e+02
3.920000000000000000e+02	3.909287939198960782e+00	1.373860419217170374e+02
3.930000000000000000e+02	1.874461202121523895e+00	1.190368587057450043e+02
3.940000000000000000e+02	1.767637947501446982e+00	1.180735730190405519e+02
3.950000000000000000e+02	1.946848445731992783e+00	1.196896154104339871e+02
3.960000000000000000e+02	1.742281217697991158e+00	1.178449170492503413e+02
3.970000000000000000e+02	2.178614385560273536e+00	1.217795799345089591e+02
3.980000000000000000e+02	2.094387772633118594e+00	1.210200609424984322e+02
3.990000000000000000e+02	1.648111550724085328e+00	1.169957359169181359e+02
4.000000000000000000e+02	1.592918773629539597e+00	1.164980314388647855e+02
4.010000000000000000e+02	3.192918759526123029e+00	1.309261359805498159e+02
4.020000000000000000e+02	2.080303122256115245e+00	1.208930516863335924e+02
4.030000000000000000e+02	2.342688510405944946e+00	1.232591290887124131e+02
4.040000000000000000e+02	1.755084234202762605e+00	1.179603690881303635e+02
4.050000000000000000e+02	4.254870436906337261e+00	1.405023547021228580e+02
4.060000000000000000e+02	1.977713973749988474e+00	1.199679473284986102e+02
4.070000000000000000e+02	2.394220460978812248e+00	1.237238218241224388e+02
4.080000000000000000e+02	2.540979935492067021e+00	1.250472349862628363e+02
4.090000000000000000e+02	2.045856925355924449e+00	1.205824308523834532e+02
4.100000000000000000e+02	1.633958739346971223e+00	1.168681120144758268e+02
4.110000000000000000e+02	1.952958057343771703e+00	1.197447092328220180e+02
4.120000000000000000e+02	1.715032805229230739e+00	1.175992027072755661e+02
4.130000000000000000e+02	2.358528322652976517e+00	1.234019656318594969e+02
4.140000000000000000e+02	2.701365574194726005e+00	1.264935229753781414e+02
4.150000000000000000e+02	2.007913430081444073e+00	1.202402729015567360e+02
4.160000000000000000e+02	1.280196637286942662e+00	1.136780391167262962e+02
4.170000000000000000e+02	2.270806540267482188e+00	1.226109287206112555e+02
4.180000000000000000e+02	4.113178292329127572e+00	1.392246365191755331e+02
4.190000000000000000e+02	1.454064653917879202e+00	1.152459053308005679e+02
4.200000000000000000e+02	3.009816821118077801e+00	1.292750022727853718e+02
4.210000000000000000e+02	1.396937415868563903e+00	1.147307567245389492e+02
4.220000000000000000e+02	1.057027112040622274e+00	1.116655933235047371e+02
4.230000000000000000e+02	2.748275471054194341e+00	1.269165360390618957e+02
4.240000000000000000e+02	1.740657810281621032e+00	1.178302778666730859e+02
4.250000000000000000e+02	4.752902781691314971e+00	1.449933939515210852e+02
4.260000000000000000e+02	1.882218111770729729e+00	1.191068071459485509e+02
4.270000000000000000e+02	1.893403781938006292e+00	1.192076746584265834e+02
4.280000000000000000e+02	2.434592402240904008e+00	1.240878784455066040e+02
4.290000000000000000e+02	3.033988948659808393e+00	1.294929760141861266e+02
4.300000000000000000e+02	3.565200812349644810e+00	1.342832137458480020e+02
4.310000000000000000e+02	1.860447731722802311e+00	1.189104913196907773e+02
4.320000000000000000e+02	2.348504197535665305e+00	1.233115724278555092e+02
4.330000000000000000e+02	2.070852749180088104e+00	1.208078323288956426e+02
4.340000000000000000e+02	1.971888009966243693e+00	1.199154113189555630e+02
4.350000000000000000e+02	1.524556708313227205e+00	1.158815720427626275e+02
4.360000000000000000e+02	1.440898386073926396e+00	1.151271776492062884e+02
4.370000000000000000e+02	2.227800041033253464e+00	1.222231148003657211e+02
4.380000000000000000e+02	2.540738809839077739e+00	1.250450606199130448e+02
4.390000000000000000e+02	1.902431922122431729e+00	1.192890865031428689e+02
4.400000000000000000e+02	1.714491552068520885e+00	1.175943219214911437e+02
4.410000000000000000e+02	2.681915989839983361e+00	1.263181350761055626e+02
4.420000000000000000e+02	2.457051412383274958e+00	1.242904040386898430e+02
4.430000000000000000e+02	1.986760402289222682e+00	1.200495240896507738e+02
4.440000000000000000e+02	2.309619395589934232e+00	1.229609261825423800e+02
4.450000000000000000e+02	1.496442145938958967e+00	1.156280471373531071e+02
4.460000000000000000e+02	3.060321814060949386e+00	1.297304343505853694e+02
4.470000000000000000e+02	1.760058117357732765e+00	1.180052214048619845e+02
4.480000000000000000e+02	1.427256554742745376e+00	1.150041615427554973e+02
4.490000000000000000e+02	1.792130574938091803e+00	1.182944368892101750e+02
4.500000000000000000e+02	2.301728662688171223e+00	1.228897709824044426e+02
4.510000000000000000e+02	2.654130296281902446e+00	1.260675757667599726e+02
4.520000000000000000e+02	2.375827248443858064e+00	1.235579598268405732e+02
4.530000000000000000e+02	2.651773844254229129e+00	1.260463263064459625e+02
4.540000000000000000e+02	1.752703818951040882e+00	1.179389035378758592e+02
4.550000000000000000e+02	1.580959791038994755e+00	1.163901905310213465e+02
4.560000000000000000e+02	1.527895599850433772e+00	1.159116807156231346e+02
4.570000000000000000e+02	1.895128616726375448e+00	1.192232284689660133e+02
4.580000000000000000e+02	2.178101167742880762e+00	1.217749519592669287e+02
4.590000000000000000e+02	2.171229741155394688e+00	1.217129884204990162e+02
4.600000000000000000e+02	1.551230549770326261e+00	1.161221051530524448e+02
4.610000000000000000e+02	2.379111425861633045e+00	1.235875751115498105e+02
4.620000000000000000e+02	1.896952533069859337e+00	1.192396757539104044e+02
4.630000000000000000e+02	2.450324814312530908e+00	1.242297465005460566e+02
4.640000000000000000e+02	2.222467685868917187e+00	1.221750299388390886e+02
4.650000000000000000e+02	2.484819977527932267e+00	1.245408088914468863e+02
4.660000000000000000e+02	1.134236913273537928e+00	1.123618377570363975e+02
4.670000000000000000e+02	2.267157820424806403e+00	1.225780261507378270e+02
4.680000000000000000e+02	1.171002105269961513e+00	1.126933702809709246e+02
4.690000000000000000e+02	2.481864848570699777e+00	1.245141608227563097e+02
4.700000000000000000e+02	2.171245012992323975e+00	1.217131261352875669e+02
4.710000000000000000e+02	2.409934822957788825e+00	1.238655271112706089e+02
4.720000000000000000e+02	2.836278668262622649e+00	1.277101106268855375e+02
4.730000000000000000e+02	2.133259482693001807e+00	1.213705891308745066e+02
4.740000000000000000e+02	2.428575589942333135e+00	1.240336214469961789e+02
4.750000000000000000e+02	1.622546546149282953e+00	1.167652018157523628e+02
4.760000000000000000e+02	1.919421717112271164e+00	1.194422930909028366e+02
4.770000000000000000e+02	2.462386500651559285e+00	1.243385135461601152e+02
4.780000000000000000e+02	1.675300278912141838e+00	1.172409120519872374e+02
4.790000000000000000e+02	2.509241004610774262e+00	1.247610271007421403e+02
4.800000000000000000e+02	1.795393634861968568e+00	1.183238617455367176e+02
4.810000000000000000e+02	1.630367338594415516e+00	1.168357263232472576e+02
4.820000000000000000e+02	2.136292575896408863e+00	1.213979402472552351e+02
4.830000000000000000e+02	1.809103616337421672e+00	1.184474924003717291e+02
4.840000000000000000e+02	2.557187612436067958e+00	1.251933887733798088e+02
4.850000000000000000e+02	1.412063537367639565e+00	1.148671575146780697e+02
4.860000000000000000e+02	1.666257959909020148e+00	1.171593723488457925e+02
4.870000000000000000e+02	3.986935882223549665e+00	1.380862373275174946e+02
4.880000000000000000e+02	1.393336074994645069e+00	1.146982813976157161e+02
4.890000000000000000e+02	2.529638932932686490e+00	1.249449667537774644e+02
4.900000000000000000e+02	2.253511054360106236e+00	1.224549655450047112e+02
4.910000000000000000e+02	2.321480655768477064e+00	1.230678858721427673e+02
4.920000000000000000e+02	1.869234603497313518e+00	1.189897275107373673e+02
4.930000000000000000e+02	2.017483728580183655e+00	1.203265736943392881e+02
4.940000000000000000e+02	2.336148290880493583e+00	1.232001522312933162e+02
4.950000000000000000e+02	2.082136286932614322e+00	1.209095823687259639e+02
4.960000000000000000e+02	2.441001630017396451e+00	1.241456740762602351e+02
4.970000000000000000e+02	2.289733501490297307e+00	1.227816038316026948e+02
4.980000000000000000e+02	1.664296266676735581e+00	1.171416826517935448e+02
4.990000000000000000e+02	2.474997591721075807e+00	1.244522348848723396e+02
5.000000000000000000e+02	2.787730880582964144e+00	1.272723277755831219e+02
5.010000000000000000e+02	2.142175773843043807e+00	1.214509923696062970e+02
5.020000000000000000e+02	3.732478448096312906e+00	1.357916507691685979e+02
5.030000000000000000e+02	1.746883379704387007e+00	1.178864173462074234e+02
5.040000000000000000e+02	2.036658978882812221e+00	1.204994877683505337e+02
5.050000000000000000e+02	1.785029793918350816e+00	1.182304051318454867e+02
5.060000000000000000e+02	1.935980487515954307e+00	1.195916128862603500e+02
5.070000000000000000e+02	2.920232120446879520e+00	1.284671663740273573e+02
5.080000000000000000e+02	1.397291645022885831e+00	1.147339510091110242e+02
5.090000000000000000e+02	1.709877771745349495e+00	1.175527168556024833e+02
5.100000000000000000e+02	1.718888432879103867e+00	1.176339710818358952e+02
5.110000000000000000e+02	2.976050289013857153e+00	1.289705103605952274e+02
5.120000000000000000e+02	1.674974015523481796e+00	1.172379699505364812e+02
5.130000000000000000e+02	1.722861100355482566e+00	1.176697948706882642e+02
5.140000000000000000e+02	1.498567406197243601e+00	1.156472118107625562e+02
5.150000000000000000e+02	1.560320282168095485e+00	1.162040724095817978e+02
5.160000000000000000e+02	2.538328510003831529e+00	1.250233255834716175e+02
5.170000000000000000e+02	3.027151408886971318e+00	1.294313180519861248e+02
5.180000000000000000e+02	2.272607071010563473e+00	1.226271651243741729e+02
5.190000000000000000e+02	2.296130037008301539e+00	1.228392850090851027e+02
5.200000000000000000e+02	1.385861255206645826e+00	1.146308767211893809e+02
5.210000000000000000e+02	1.663468557097862677e+00	1.171342187265189239e+02
5.220000000000000000e+02	2.441307209548367663e+00	1.241484296596711943e+02
5.230000000000000000e+02	1.667402609553429560e+00	1.171696943018949923e+02
5.240000000000000000e+02	1.492328094506236269e+00	1.155909484094253514e+02
5.250000000000000000e+02	1.851561840605316478e+00	1.188303622152412657e+02
5.260000000000000000e+02	3.123574043488543506e+00	1.303008154672855312e+02
5.270000000000000000e+02	2.081825336790195990e+00	1.209067783554749553e+02
5.280000000000000000e+02	1.975363270827464657e+00	1.199467497111163681e+02
5.290000000000000000e+02	1.900606426962258677e+00	1.192726249811156976e+02
5.300000000000000000e+02	1.927646368598946669e+00	1.195164594237245126e+02
5.310000000000000000e+02	2.162032476363814570e+00	1.216300514835738937e+02
5.320000000000000000e+02	2.565579766698201869e+00	1.252690655734368903e+02
5.330000000000000000e+02	1.479457349500496566e+00	1.154748856243571851e+02
5.340000000000000000e+02	2.904893162947114416e+00	1.283288463213286832e+02
5.350000000000000000e+02	1.985729996814190823e+00	1.200402323408725636e+02
5.360000000000000000e+02	1.254356465110206820e+00	1.134450236737091586e+02
5.370000000000000000e+02	1.814931589812246893e+00	1.185000465324355616e+02
5.380000000000000000e+02	2.019380901954911600e+00	1.203436815793552626e+02
5.390000000000000000e+02	1.632042028660813049e+00	1.168508279504759457e+02
5.400000000000000000e+02	2.118292288151398139e+00	1.212356214749710546e+02
5.410000000000000000e+02	1.695870167714323973e+00	1.174264023699027035e+02
5.420000000000000000e+02	2.173442875221883064e+00	1.217329455017224547e+02
5.430000000000000000e+02	1.951505894721635048e+00	1.197316142613792778e+02
5.440000000000000000e+02	2.117025328653391103e+00	1.212241965848157719e+02
5.450000000000000000e+02	2.624900632375445575e+00	1.258039953603361880e+02
5.460000000000000000e+02	2.747130809904933191e+00	1.269062139822669479e+02
5.470000000000000000e+02	2.279156054868016312e+00	1.226862210147304495e+02
5.480000000000000000e+02	1.930589684704930642e+00	1.195430009692561839e+02
5.490000000000000000e+02	9.946581387181430145e-01	1.111031770265133076e+02
5.500000000000000000e+02	2.075666542375246060e+00	1.208512410239418813e+02
5.510000000000000000e+02	2.352341050103857079e+00	1.233461714968885587e+02
5.520000000000000000e+02	2.218756734300404432e+00	1.221415661903068610e+02
5.530000000000000000e+02	2.531212329005781747e+00	1.249591549557950998e+02
5.540000000000000000e+02	1.741151404306885198e+00	1.178347288830858588e+02
5.550000000000000000e+02	1.985986837654043269e+00	1.200425484199479627e+02
5.560000000000000000e+02	2.208430542489381310e+00	1.220484490801317179e+02
5.570000000000000000e+02	1.961222306740633581e+00	1.198192326423892240e+02
5.580000000000000000e+02	1.638244320073384053e+00	1.169067575190305490e+02
5.590000000000000000e+02	1.754685128443549624e+00	1.179567701258379344e+02
5.600000000000000000e+02	4.160083374296196013e+00	1.396476061642520961e+02
5.610000000000000000e+02	1.849972596846924500e+00	1.188160311056847576e+02
5.620000000000000000e+02	1.699597839421400636e+00	1.174600168933782527e+02
5.630000000000000000e+02	2.979299303711981040e+00	1.289998085631797267e+02
5.640000000000000000e+02	2.518189532547105536e+00	1.248417210368031647e+02
5.650000000000000000e+02	1.886601362267146031e+00	1.191463333940436371e+02
5.660000000000000000e+02	2.259093499107785341e+00	1.225053056057094949e+02
5.670000000000000000e+02	1.909961898548975467e+00	1.193569885581655257e+02
5.680000000000000000e+02	2.620710818721843083e+00	1.257662134416254247e+02
5.690000000000000000e+02	2.455760201125710473e+00	1.242787604567062516e+02
5.700000000000000000e+02	2.183338393030841651e+00	1.218221789809101097e+02
5.710000000000000000e+02	1.786927973313005458e+00	1.182475220887119605e+02
5.720000000000000000e+02	2.833431410028989905e+00	1.276844352895017067e+02
5.730000000000000000e+02	2.318994385058192442e+00	1.230454657633658258e+02
5.740000000000000000e+02	1.843071028837976577e+00	1.187537957646770224e+02
5.750000000000000000e+02	1.873942025544831580e+00	1.190321769970011729e+02
5.760000000000000000e+02	2.200626080780248905e+00	1.219780718361170386e+02
5.770000000000000000e+02	1.959449177227990724e+00	1.198032433310143006e+02
5.780000000000000000e+02	1.675756663333906715e+00	1.172450275283662648e+02
5.790000000000000000e+02	1.990275401732952920e+00	1.200812208270789796e+02
5.800000000000000000e+02	1.574089768483389662e+00	1.163282396532027718e+02
5.810000000000000000e+02	1.566270258587726616e+00	1.162577267111816184e+02
5.820000000000000000e+02	2.680820231475843141e+00	1.263082540033745715e+02
5.830000000000000000e+02	2.198115837746608570e+00	1.219554355553460141e+02
5.840000000000000000e+02	2.111005698526886576e+00	1.211699141763576222e+02
5.850000000000000000e+02	2.380497507778260413e+00	1.236000741959077658e+02
5.860000000000000000e+02	1.514847312309778538e+00	1.157940169291318853e+02
5.870000000000000000e+02	1.877541942569151301e+00	1.190646394842675022e+02
5.880000000000000000e+02	2.461205002090224969e+00	1.243278593055919714e+02
5.890000000000000000e+02	1.713855732016280387e+00	1.175885883725759555e+02
5.900000000000000000e+02	1.661713569078000718e+00	1.171183930072419344e+02
5.910000000000000000e+02	1.926112764990487225e+00	1.195026300528598711e+02
5.920000000000000000e+02	1.837029587617313275e+00	1.186993166732504505e+02
5.930000000000000000e+02	2.286411904637017933e+00	1.227516511146858846e+02
5.940000000000000000e+02	2.464666203981703330e+00	1.243590709200734210e+02
5.950000000000000000e+02	1.576360871554937093e+00	1.163487194737215589e+02
5.960000000000000000e+02	2.748449011207385162e+00	1.269181009487459448e+02
5.970000000000000000e+02	1.684220113938880825e+00	1.173213472478589665e+02
5.980000000000000000e+02	1.838097498791679385e+00	1.187089466321259579e+02
5.990000000000000000e+02	2.988753128661029379e+00	1.290850590481084907e+02
6.000000000000000000e+02	1.892256098407697040e+00	1.191973253471128089e+02
6.010000000000000000e+02	2.023066388679381600e+00	1.203769156969904941e+02
6.020000000000000000e+02	2.269387267423728094e+00	1.225981303348966520e+02
6.030000000000000000e+02	2.075956718805783030e+00	1.208538577088870198e+02
6.040000000000000000e+02	2.006560869479332876e+00	1.202280760978453316e+02
6.050000000000000000e+02	1.958970542980918772e+00	1.197989272153800187e+02
6.060000000000000000e+02	1.601593723348123666e+00	1.165762583654503146e+02
6.070000000000000000e+02	1.736863197230134936e+00	1.177960596952451624e+02
6.080000000000000000e+02	1.329931343195650761e+00	1.141265250808050240e+02
6.090000000000000000e+02	2.067468066900785661e+00	1.207773107350227377e+02
6.100000000000000000e+02	1.875297780294689298e+00	1.190444026041488428e+02
6.110000000000000000e+02	1.460962063642778030e+00	1.153081031742098759e+02
6.120000000000000000e+02	1.626467117522040429e+00	1.168005558245823039e+02
6.130000000000000000e+02	1.627139294180454776e+00	1.168066172215720258e+02
6.140000000000000000e+02	2.777357832091644774e+00	1.271787881322281493e+02
6.150000000000000000e+02	2.671885734249597633e+00	1.262276865901596068e+02
6.160000000000000000e+02	2.246975730946159100e+00	1.223960328385913954e+02
6.170000000000000000e+02	2.160349748630280065e+00	1.216148773761560022e+02
6.180000000000000000e+02	2.865297993095251350e+00	1.279717942869511091e+02
6.190000000000000000e+02	2.202294443177188477e+00	1.219931164031724506e+02
6.200000000000000000e+02	2.123020945075003496e+00	1.212782624481191505e+02
6.210000000000000000e+02	2.589144412556195540e+00	1.254815613090142961e+02
6.220000000000000000e+02	1.491636512804764170e+00	1.155847120261904024e+02
6.230000000000000000e+02	1.698902834700611431e+00	1.174537496428426806e+02
6.240000000000000000e+02	1.983984082309418140e+00	1.200244884426114709e+02
6.250000000000000000e+02	1.595194012537837214e+00	1.165185485545620310e+02
6.260000000000000000e+02	2.704348124533287212e+00	1.265204183181687085e+02
6.270000000000000000e+02	1.495587622343365286e+00	1.156203414149285891e+02
6.280000000000000000e+02	1.590125629457602940e+00	1.164728440785723222e+02
6.290000000000000000e+02	1.762167801654217048e+00	1.180242456210169451e+02
6.300000000000000000e+02	1.836126516293459243e+00	1.186911731685104456e+02
6.310000000000000000e+02	2.353935354336992525e+00	1.233605482396071125e+02
6.320000000000000000e+02	1.472445483856180903e+00	1.154116556672070715e+02
6.330000000000000000e+02	3.296248964504894019e+00	1.318579228636053244e+02
6.340000000000000000e+02	1.296767449975521291e+00	1.138274675041756296e+02
6.350000000000000000e+02	1.915174554157662135e+00	1.194039940211185638e+02
6.360000000000000000e+02	2.663808132375828475e+00	1.261548462868420160e+02
6.370000000000000000e+02	1.201893448664420161e+00	1.129719349908815929e+02
6.380000000000000000e+02	2.488411365011106824e+00	1.245731944630179555e+02
6.390000000000000000e+02	2.432303352397826135e+00	1.240672367888014946e+02
6.400000000000000000e+02	1.652785171134332209e+00	1.170378805947066212e+02
6.410000000000000000e+02	2.263276581420500033e+00	1.225430268241134399e+02
6.420000000000000000e+02	2.077410113282287085e+00	1.208669637886571167e+02
6.430000000000000000e+02	1.875844980739285850e+00	1.190493370199547627e+02
6.440000000000000000e+02	3.182029958895745470e+00	1.308279455085413758e+02
6.450000000000000000e+02	1.665027018869253972e+00	1.171482722574939572e+02
6.460000000000000000e+02	2.121956317517903479e+00	1.212686620994771403e+02
6.470000000000000000e+02	1.749577820920920956e+00	1.179107146461425941e+02
6.480000000000000000e+02	1.258140238992833559e+00	1.134791441022228184e+02
6.490000000000000000e+02	1.686504162007030683e+00	1.173419438007314568e+02
6.500000000000000000e+02	1.272397617525655944e+00	1.136077109458322951e+02
6.510000000000000000e+02	1.647042939004272011e+00	1.169860996408282290e+02
6.520000000000000000e+02	1.923628666717550173e+00	1.194802295341788323e+02
6.530000000000000000e+02	1.939609171948814659e+00	1.196243347855150887e+02
6.540000000000000000e+02	2.041933179055648306e+00	1.205470482134369092e+02
6.550000000000000000e+02	2.359346214329066438e+00	1.234093410235535089e+02
6.560000000000000000e+02	2.054719641878599123e+00	1.206623509784081989e+02
6.570000000000000000e+02	1.674846917786831701e+00	1.172368238383817527e+02
6.580000000000000000e+02	1.784665900160547380e+00	1.182271236960792749e+02
6.590000000000000000e+02	1.780178837928016122e+00	1.181866613188626189e+02
6.600000000000000000e+02	1.955652026518471143e+00	1.197690022760890542e+02
6.610000000000000000e+02	2.144738023599996879e+00	1.214740976244069799e+02
6.620000000000000000e+02	3.038274053588180479e+00	1.295316172282009006e+02
6.630000000000000000e+02	2.409968839600007851e+00	1.238658338585671288e+02
6.640000000000000000e+02	1.580885409257718255e+00	1.163895197884427830e+02
6.650000000000000000e+02	1.478057231546790140e+00	1.154622599691166727e+02
6.660000000000000000e+02	1.785069909021955503e+00	1.182307668724164955e+02
6.670000000000000000e+02	1.975944157149471359e+00	1.199519878915255049e+02
6.680000000000000000e+02	2.825193709442394230e+00	1.276101512855678521e+02
6.690000000000000000e+02	2.791804583494494452e+00	1.273090626580815012e+02
6.700000000000000000e+02	2.093798367838639152e+00	1.210147459462065029e+02
6.710000000000000000e+02	2.067525647297892455e+00	1.207778299700204485e+02
6.720000000000000000e+02	1.429674095591891181e+00	1.150259618755134596e+02
6.730000000000000000e+02	2.065693409814973514e+00	1.207613076486568389e+02
6.740000000000000000e+02	1.251800312972934925e+00	1.134219734045928476e+02
6.750000000000000000e+02	1.430306101303805200e+00	1.150316610283652210e+02
6.760000000000000000e+02	3.032649216695642913e+00	1.294808948935566377e+02
6.770000000000000000e+02	2.631609616243665073e+00	1.258644940612564227e+02
6.780000000000000000e+02	2.091549138812954123e+00	1.209944633763272464e+02
6.790000000000000000e+02	2.423825542350488860e+00	1.239907875820979086e+02
6.800000000000000000e+02	3.288224925732635473e+00	1.317855655690595995e+02
6.810000000000000000e+02	2.041440598585250399e+00	1.205426063368214500e+02
6.820000000000000000e+02	2.116088093683173188e+00	1.212157450071597680e+02
6.830000000000000000e+02	4.011167637699055710e+00	1.383047487677117999e+02
6.840000000000000000e+02	2.221520965950745552e+00	1.221664928300444188e+02
6.850000000000000000e+02	1.594021331476491721e+00	1.165079738263768547e+02
6.860000000000000000e+02	1.684141703060441753e+00	1.173206401726331620e+02
6.870000000000000000e+02	2.165328006524850579e+00	1.216597691423881713e+02
6.880000000000000000e+02	2.926265228497468840e+00	1.285215703205476245e+02
6.890000000000000000e+02	2.055465036393407274e+00	1.206690726222077359e+02
6.900000000000000000e+02	1.776690074804635477e+00	1.181552011691694872e+02
6.910000000000000000e+02	1.692038895342930616e+00	1.173918536206593330e+02
6.920000000000000000e+02	2.660036829366203559e+00	1.261208383152414712e+02
6.930000000000000000e+02	2.625277533663679108e+00	1.258073940923589760e+02
6.940000000000000000e+02	1.382536352263922907e+00	1.146008941913947439e+02
6.950000000000000000e+02	1.274805923832597498e+00	1.136294280055018220e+02
6.960000000000000000e+02	1.261462433149409978e+00	1.135091022053611738e+02
6.970000000000000000e+02	1.956054629836765590e+00	1.197726327778492958e+02
6.980000000000000000e+02	1.700357927693363358e+00	1.174668710390941584e+02
6.990000000000000000e+02	1.953098225106308483e+00	1.197459732047902037e+02
7.000000000000000000e+02	1.569062068177295766e+00	1.162829020367902757e+02
7.010000000000000000e+02	1.892732615025610299e+00	1.192016223668876194e+02
7.020000000000000000e+02	1.824443034716254797e+00	1.185858166090775399e+02
7.030000000000000000e+02	2.695702297201574726e+00	1.264424540046119319e+02
7.040000000000000000e+02	1.852207651642839625e+00	1.188361858585198263e+02
7.050000000000000000e+02	3.080921561588896740e+00	1.299161939215137238e+02
7.060000000000000000e+02	1.607390105285736004e+00	1.166285276187606854e+02
7.070000000000000000e+02	1.433785581540949039e+00	1.150630374690244366e+02
7.080000000000000000e+02	1.910105842798360598e+00	1.193582865848509016e+02
7.090000000000000000e+02	1.419269497706783678e+00	1.149321377334361074e+02
7.100000000000000000e+02	2.704247887899771996e+00	1.265195144277687120e+02
7.110000000000000000e+02	2.246604097766502939e+00	1.223926816120823275e+02
7.120000000000000000e+02	2.760844052445519559e+00	1.270298740439701248e+02
7.130000000000000000e+02	2.417809334521524356e+00	1.239365360344317111e+02
7.140000000000000000e+02	1.437708574630265801e+00	1.150984133158418672e+02
7.150000000000000000e+02	1.787250440334783974e+00	1.182504299561760064e+02
7.160000000000000000e+02	1.253520872129092911e+00	1.134374886593391096e+02
7.170000000000000000e+02	2.245065971251207326e+00	1.223788114556094229e+02
7.180000000000000000e+02	1.753861699069828362e+00	1.179493447975932696e+02
7.190000000000000000e+02	3.770741291562654141e+00	1.361366884632065535e+02
7.200000000000000000e+02	2.133296421283698674e+00	1.213709222270325654e+02
7.210000000000000000e+02	2.832973937257299291e+00	1.276803099988560177e+02
7.220000000000000000e+02	1.829242385164106643e+00	1.186290950657051440e+02
7.230000000000000000e+02	2.633836495231382635e+00	1.258845750882062191e+02
7.240000000000000000e+02	2.371789021895200023e+00	1.235215448547651818e+02
7.250000000000000000e+02	2.230289050715267063e+00	1.222455596079994109e+02
7.260000000000000000e+02	2.583747323002895335e+00	1.254328927009003820e+02
7.270000000000000000e+02	2.056098331091268161e+00	1.206747833985745899e+02
7.280000000000000000e+02	1.906115704312181025e+00	1.193223052500247405e+02
7.290000000000000000e+02	1.533274581297434214e+00	1.159601860327038878e+02
7.300000000000000000e+02	1.847111230255844561e+00	1.187902285452647106e+02
7.310000000000000000e+02	3.089622978056977054e+00	1.299946595137442387e+02
7.320000000000000000e+02	2.263789332139582555e+00	1.225476505872659203e+02
7.330000000000000000e+02	1.746806512892308039e+00	1.178857241947010266e+02
7.340000000000000000e+02	1.666947603595891003e+00	1.171655912559072874e+02
7.350000000000000000e+02	2.212815007631772080e+00	1.220879862813763452e+02
7.360000000000000000e+02	2.053308163536984754e+00	1.206496228801265431e+02
7.370000000000000000e+02	1.953373058899410930e+00	1.197484515364985782e+02
7.380000000000000000e+02	1.673107082666390077e+00	1.172211347613665708e+02
7.390000000000000000e+02	2.771431817332850045e+00	1.271253499064724508e+02
7.400000000000000000e+02	2.816566176227990326e+00	1.275323519404106491e+02
7.410000000000000000e+02	1.441240365351009967e+00	1.151302614697090121e+02
7.420000000000000000e+02	1.439946530454243590e+00	1.151185942288872752e+02
7.430000000000000000e+02	1.240703183054953085e+00	1.133219043096049603e+02
7.440000000000000000e+02	2.740875281973824240e+00	1.268498043499238008e+02
7.450000000000000000e+02	2.245017141446411735e+00	1.223783711296503327e+02
7.460000000000000000e+02	2.805851884090073245e+00	1.274357351101490110e+02
7.470000000000000000e+02	1.580473124322545608e+00	1.163858019820689833e+02
7.480000000000000000e+02	2.190282703388850116e+00	1.218847997538466359e+02
7.490000000000000000e+02	1.450288296053475978e+00	1.152118517767163866e+02
7.500000000000000000e+02	1.602031274970956654e+00	1.165802040158329902e+02
7.510000000000000000e+02	3.307544412981824333e+00	1.319597803091721460e+02
7.520000000000000000e+02	1.336796889517305686e+00	1.141884355938911284e+02
7.530000000000000000e+02	1.198346750023682850e+00	1.129399524038706630e+02
7.540000000000000000e+02	3.199059076904767540e+00	1.309815066941992541e+02
7.550000000000000000e+02	1.531212386648659773e+00	1.159415900575538245e+02
7.560000000000000000e+02	1.918370855227430560e+00	1.194328168751109587e+02
7.570000000000000000e+02	2.738149390569651676e+00	1.268252234458641965e+02
7.580000000000000000e+02	2.151940143403986205e+00	1.215390432108880105e+02
7.590000000000000000e+02	2.960314205166888701e+00	1.288286091950814409e+02
7.600000000000000000e+02	2.093478228695943244e+00	1.210118590705443751e+02
7.610000000000000000e+02	1.965969861139451602e+00	1.198620440247562584e+02
7.620000000000000000e+02	2.352349138177312504e+00	1.233462444316200504e+02
7.630000000000000000e+02	3.274445789710564547e+00	1.316613113085765008e+02
7.640000000000000000e+02	4.958353910713766410e+00	1.468460629476911663e+02
7.650000000000000000e+02	1.538984769172112577e+00	1.160116780254130902e+02
7.660000000000000000e+02	2.044721206663695945e+00	1.205721894347797871e+02
7.670000000000000000e+02	3.498518545338051400e+00	1.336819020408477741e+02
7.680000000000000000e+02	1.908416537364420407e+00	1.193430531625892996e+02
7.690000000000000000e+02	2.262560650796253903e+00	1.225365708728745204e+02
7.700000000000000000e+02	1.998126035811748302e+00	1.201520144334576088e+02
7.710000000000000000e+02	2.840847894848130828e+00	1.277513139265302016e+02
7.720000000000000000e+02	2.821700161044329747e+00	1.275786479843472137e+02
7.730000000000000000e+02	2.087089975261322117e+00	1.209542525772906600e+02
7.740000000000000000e+02	2.152528637969961967e+00	1.215443499991348517e+02
7.750000000000000000e+02	3.309207116673921867e+00	1.319747738484864499e+02
7.760000000000000000e+02	1.301846135999457310e+00	1.138732648876341500e+02
7.770000000000000000e+02	1.951021970379951398e+00	1.197272504419707531e+02
7.780000000000000000e+02	2.640790452173988889e+00	1.259472828498504100e+02
7.790000000000000000e+02	1.678458737231195652e+00	1.172693936564994459e+02
7.800000000000000000e+02	1.406655253376751347e+00	1.148183879599909005e+02
7.810000000000000000e+02	2.210908279191487136e+00	1.220707922329316517e+02
7.820000000000000000e+02	2.101204624686822342e+00	1.210815323518378079e+02
7.830000000000000000e+02	1.890957233106458579e+00	1.191856127442896707e+02
7.840000000000000000e+02	2.356684464384326549e+00	1.233853385193003476e+02
7.850000000000000000e+02	1.600317663549462255e+00	1.165647514127385591e+02
7.860000000000000000e+02	1.676654830233397231e+00	1.172531268071387416e+02
7.870000000000000000e+02	2.223405965108874671e+00	1.221834909332658015e+02
7.880000000000000000e+02	1.946461253386934986e+00	1.196861238781330741e+02
7.890000000000000000e+02	2.470124722830469022e+00	1.244082934708777657e+02
7.900000000000000000e+02	2.757599171197993471e+00	1.270006131150467894e+02
7.910000000000000000e+02	1.715959627586254310e+00	1.176075603885109331e+02
7.920000000000000000e+02	3.233454706698018377e+00	1.312916715359545776e+02
7.930000000000000000e+02	2.684895905359454549e+00	1.263450066592426424e+02
7.940000000000000000e+02	1.640751319414765153e+00	1.169293645495944247e+02
7.950000000000000000e+02	2.289433764514318348e+00	1.227789009338135884e+02
7.960000000000000000e+02	2.052593300117626640e+00	1.206431765524775273e+02
7.970000000000000000e+02	2.400750111030098388e+00	1.237827033706168152e+02
7.980000000000000000e+02	1.765081360434160640e+00	1.180505188279143880e+02
7.990000000000000000e+02	2.215769706175325204e+00	1.221146304687834316e+02
8.000000000000000000e+02	3.351299300055607056e+00	1.323543428657189054e+02
8.010000000000000000e+02	1.861608412939684598e+00	1.189209578384935071e+02
8.020000000000000000e+02	2.240011465378025868e+00	1.223332321182421509e+02
8.030000000000000000e+02	2.000171840969053427e+00	1.201704626152961737e+02
8.040000000000000000e+02	1.904844106983044627e+00	1.193108385379238428e+02
8.050000000000000000e+02	3.019599634093248941e+00	1.293632194287614254e+02
8.060000000000000000e+02	2.733926019816915520e+00	1.267871389238167552e+02
8.070000000000000000e+02	2.472233467767954274e+00	1.244273092163014951e+02
8.080000000000000000e+02	3.065361890489374019e+00	1.297758835694905883e+02
8.090000000000000000e+02	2.638219568240513624e+00	1.259240997357981087e+02
8.100000000000000000e+02	1.367417144159182030e+00	1.144645557432412915e+02
8.110000000000000000e+02	2.844930455744878017e+00	1.277881286864897561e+02
8.120000000000000000e+02	2.896508623307481933e+00	1.282532381866281526e+02
8.130000000000000000e+02	1.547977071317195197e+00	1.160927666982651516e+02
8.140000000000000000e+02	1.572944980448593544e+00	1.163179164522092037e+02
8.150000000000000000e+02	1.910959396716037206e+00	1.193659835631413841e+02
8.160000000000000000e+02	2.270307447818136648e+00	1.226064281217996381e+02
8.170000000000000000e+02	1.405764343263228078e+00	1.148103541197606177e+02
8.180000000000000000e+02	1.472182906725227891e+00	1.154092878607514194e+02
8.190000000000000000e+02	1.991608971331755518e+00	1.200932463781756923e+02
8.200000000000000000e+02	1.297751465882318822e+00	1.138363409319875643e+02
8.210000000000000000e+02	2.372779344910195931e+00	1.235304751573379036e+02
8.220000000000000000e+02	2.020622187192103514e+00	1.203548749501840831e+02
8.230000000000000000e+02	2.560686299308283953e+00	1.252249384111272690e+02
8.240000000000000000e+02	1.680938796293572235e+00	1.172917577513350409e+02
8.250000000000000000e+02	1.778644427082938684e+00	1.181728246686889747e+02
8.260000000000000000e+02	2.224955568320724275e+00	1.221974645816006557e+02
8.270000000000000000e+02	2.178147800272852930e+00	1.217753724711565440e+02
8.280000000000000000e+02	1.575169424576909893e+00	1.163379755226550714e+02
8.290000000000000000e+02	2.033374104670923721e+00	1.204698662002547849e+02
8.300000000000000000e+02	2.309857510840175543e+00	1.229630734023884600e+02
8.310000000000000000e+02	2.379495563879437725e+00	1.235910391012549212e+02
8.320000000000000000e+02	2.479484459438125121e+00	1.244926955080329236e+02
8.330000000000000000e+02	2.615948532643606939e+00	1.257232692153755096e+02
8.340000000000000000e+02	1.584916307210922026e+00	1.164258686744292390e+02
8.350000000000000000e+02	2.384073357965983408e+00	1.236323196589006557e+02
8.360000000000000000e+02	2.268009839685527052e+00	1.225857092901588032e+02
8.370000000000000000e+02	2.107995294994505997e+00	1.211427676655696928e+02
8.380000000000000000e+02	2.780691163369737762e+00	1.272088466650883447e+02
8.390000000000000000e+02	2.137500656942014299e+00	1.214088341971142881e+02
8.400000000000000000e+02	2.176809601500633296e+00	1.217633051761857246e+02
8.410000000000000000e+02	1.979149580695815036e+00	1.199808930080471896e+02
8.420000000000000000e+02	1.127814119850023999e+00	1.123039197971733074e+02
8.430000000000000000e+02	1.670097768721496845e+00	1.171939980760050730e+02
8.440000000000000000e+02	1.699072767757621616e+00	1.174552820253009600e+02
8.450000000000000000e+02	1.509453317399520378e+00	1.157453762271640585e+02
8.460000000000000000e+02	1.402721622415756819e+00	1.147829161854697020e+02
8.470000000000000000e+02	2.097312072378220371e+00	1.210464310067518454e+02
8.480000000000000000e+02	2.261134147597992694e+00	1.225237072869651627e+02
8.490000000000000000e+02	2.801263364636938480e+00	1.273943578358084210e+02
8.500000000000000000e+02	2.329208881997729907e+00	1.231375756577304657e+02
8.510000000000000000e+02	1.624702908983196137e+00	1.167846469586722122e+02
8.520000000000000000e+02	1.813796637660154865e+00	1.184898120271577255e+02
8.530000000000000000e+02	1.676929047376881421e+00	1.172555995781688551e+02
8.540000000000000000e+02	1.981789496221266100e+00	1.200046986189960450e+02
8.550000000000000000e+02	2.260081218854395058e+00	1.225142124331392353e+02
8.560000000000000000e+02	2.111792484008131243e+00	1.211770090659047128e+02
8.570000000000000000e+02	2.691382410938639502e+00	1.264034991476374188e+02
8.580000000000000000e+02	2.019308294404182913e+00	1.203430268360167190e+02
8.590000000000000000e+02	1.686877630241852000e+00	1.173453115749705233e+02
8.600000000000000000e+02	1.966383031960842853e+00	1.198657698196669799e+02
8.610000000000000000e+02	2.350036590368930423e+00	1.233253908804756236e+02
8.620000000000000000e+02	2.361510565354698166e+00	1.234288582005147390e+02
8.630000000000000000e+02	1.261279806490228861e+00	1.135074553575149281e+02
8.640000000000000000e+02	1.896000578495548705e+00	1.192310914412615546e+02
8.650000000000000000e+02	1.770491147849425850e+00	1.180993019398292319e+02
8.660000000000000000e+02	1.833395280084031409e+00	1.186665440673198049e+02
8.670000000000000000e+02	2.098083015525104678e+00	1.210533830370124662e+02
8.680000000000000000e+02	1.996703366416679781e+00	1.201391854191193289e+02
8.690000000000000000e+02	1.455453802764278048e+00	1.152584320713983601e+02
8.700000000000000000e+02	2.427875864145864870e+00	1.240273116238518298e+02
8.710000000000000000e+02	1.946490911237320764e+00	1.196863913197390730e+02
8.720000000000000000e+02	2.671857486140354343e+00	1.262274318609865702e+02
8.730000000000000000e+02	1.949396740364852665e+00	1.197125948239902442e+02
8.740000000000000000e+02	1.244605192901149682e+00	1.133570909386548777e+02
8.750000000000000000e+02	1.843928726084236303e+00	1.187615301057040398e+02
8.760000000000000000e+02	2.018300936351598018e+00	1.203339429188781509e+02
8.770000000000000000e+02	2.463135686622199394e+00	1.243452693796606354e+02
8.780000000000000000e+02	2.397133080824200402e+00	1.237500865641161027e+02
8.790000000000000000e+02	1.986539774556721483e+00	1.200475345646399035e+02
8.800000000000000000e+02	2.044976478736518999e+00	1.205744913673958649e+02
8.810000000000000000e+02	1.584880697069279254e+00	1.164255475576474197e+02
8.820000000000000000e+02	2.477051112015447476e+00	1.244707526384641056e+02
8.830000000000000000e+02	1.818665926469119842e+00	1.185337211575319003e+02
8.840000000000000000e+02	2.314936690674681330e+00	1.230088752388161026e+02
8.850000000000000000e+02	1.881243577513894705e+00	1.190980192195354164e+02
8.860000000000000000e+02	1.656639826179294950e+00	1.170726401987385401e+02
8.870000000000000000e+02	2.593324947506240097e+00	1.255192595564087128e+02
8.880000000000000000e+02	1.968089424995746572e+00	1.198811573304881222e+02
8.890000000000000000e+02	2.687965781265605703e+00	1.263726894660516109e+02
8.900000000000000000e+02	1.969098240231217600e+00	1.198902543878686942e+02
8.910000000000000000e+02	1.748314097294361602e+00	1.178993189356697684e+02
8.920000000000000000e+02	2.745022292604426983e+00	1.268872002895745652e+02
8.930000000000000000e+02	2.491886919332480410e+00	1.246045355014748850e+02
8.940000000000000000e+02	2.494889184284367456e+00	1.246316086220808188e+02
8.950000000000000000e+02	3.579534772071766735e+00	1.344124711653417990e+02
8.960000000000000000e+02	3.936732956784320336e+00	1.376335291631922644e+02
8.970000000000000000e+02	3.160189874487431272e+00	1.306310011186538986e+02
8.980000000000000000e+02	2.864974106068774340e+00	1.279688736145018026e+02
8.990000000000000000e+02	2.839066608879814435e+00	1.277352510637826839e+02
9.000000000000000000e+02	1.774604977552551643e+00	1.181363986682958398e+02
9.010000000000000000e+02	3.443463631939566394e+00	1.331854407576924473e+02
9.020000000000000000e+02	2.962939652963303860e+00	1.288522843423372706e+02
9.030000000000000000e+02	2.309446127382503100e+00	1.229593637251470000e+02
9.040000000000000000e+02	1.458949202734481254e+00	1.152899520692918856e+02
9.050000000000000000e+02	2.751825534223367953e+00	1.269485489659280972e+02
9.060000000000000000e+02	1.391988536685353273e+00	1.146861298827583653e+02
9.070000000000000000e+02	2.324336926266847847e+00	1.230936424782134395e+02
9.080000000000000000e+02	1.547877635315216605e+00	1.160918700276124014e+02
9.090000000000000000e+02	1.959135424897673561e+00	1.198004140488506124e+02
9.100000000000000000e+02	2.233700153244323250e+00	1.222763194482028268e+02
9.110000000000000000e+02	1.916000559399682501e+00	1.194114425774241255e+02
9.120000000000000000e+02	2.177717520290557207e+00	1.217714923932681330e+02
9.130000000000000000e+02	1.812535384229881474e+00	1.184784385918415097e+02
9.140000000000000000e+02	2.692039281903224612e+00	1.264094225245317773e+02
9.150000000000000000e+02	1.850131311359854536e+00	1.188174623241879004e+02
9.160000000000000000e+02	1.508550793075216223e+00	1.157372376550282667e+02
9.170000000000000000e+02	2.681799787568547089e+00	1.263170872145211661e+02
9.180000000000000000e+02	1.996871826840496356e+00	1.201407045220114469e+02
9.190000000000000000e+02	2.046603416965161237e+00	1.205891623893037519e+02
9.200000000000000000e+02	2.500680933125444483e+00	1.246838360961400838e+02
9.210000000000000000e+02	2.484093276567936659e+00	1.245342558180007870e+02
9.220000000000000000e+02	2.160850847518970497e+00	1.216193960681656705e+02
9.230000000000000000e+02	2.410087562873116873e+00	1.238669044534490240e+02
9.240000000000000000e+02	1.849577787743310830e+00	1.188124708887652901e+02
9.250000000000000000e+02	2.403464161244472042e+00	1.238071774959727804e+02
9.260000000000000000e+02	1.420977223228594877e+00	1.149475372600450953e+02
9.270000000000000000e+02	2.977605063661221685e+00	1.289845306426881564e+02
9.280000000000000000e+02	4.125495702057672354e+00	1.393357095671834713e+02
9.290000000000000000e+02	1.901620111785261802e+00	1.192817659503204055e+02
9.300000000000000000e+02	1.813152534411755834e+00	1.184840037839793183e+02
9.310000000000000000e+02	3.168749378872997902e+00	1.307081870093967382e+02
9.320000000000000000e+02	2.295588016815044430e+00	1.228343973065345125e+02
9.330000000000000000e+02	2.591392299921188691e+00	1.255018317803804990e+02
9.340000000000000000e+02	2.655265403197836882e+00	1.260778116676308827e+02
9.350000000000000000e+02	1.762710154999525436e+00	1.180291363277879526e+02
9.360000000000000000e+02	1.961800072234026304e+00	1.198244426805221678e+02
9.370000000000000000e+02	1.589184549230416632e+00	1.164643578260600520e+02
9.380000000000000000e+02	1.633481977440158106e+00	1.168638127827923086e+02
9.390000000000000000e+02	2.346875409844770388e+00	1.232968847283007676e+02
9.400000000000000000e+02	2.034281284739323237e+00	1.204780467558675241e+02
9.410000000000000000e+02	2.305297459608246502e+00	1.229219528420949246e+02
9.420000000000000000e+02	2.298380509079088529e+00	1.228595787882048995e+02
9.430000000000000000e+02	1.197635736359151881e+00	1.129335407916376397e+02
9.440000000000000000e+02	1.909472662948190624e+00	1.193525768441306099e+02
9.450000000000000000e+02	3.190517814772616312e+00	1.309044853041699525e+02
9.460000000000000000e+02	1.371130718188670938e+00	1.144980431399869332e+02
9.470000000000000000e+02	1.880985918310824623e+00	1.190956957608161702e+02
9.480000000000000000e+02	1.492349577740152311e+00	1.155911421358925821e+02
9.490000000000000000e+02	2.013385755399692556e+00	1.202896199531028429e+02
9.500000000000000000e+02	1.198157590595521960e+00	1.129382466463527948e+02
9.510000000000000000e+02	1.311283317611217525e+00	1.139583652901801258e+02
9.520000000000000000e+02	2.197715377332427167e+00	1.219518243773637920e+02
9.530000000000000000e+02	2.250118920913362519e+00	1.224243767597419748e+02
9.540000000000000000e+02	1.792620116877009950e+00	1.182988513656692362e+02
9.550000000000000000e+02	2.104246637107942242e+00	1.211089638978477439e+02
9.560000000000000000e+02	2.490426984257880783e+00	1.245913704414335825e+02
9.570000000000000000e+02	2.434186209504040743e+00	1.240842155759296048e+02
9.580000000000000000e+02	1.668024149989112193e+00	1.171752990834337140e+02
9.590000000000000000e+02	3.227398731228393380e+00	1.312370613809871713e+02
9.600000000000000000e+02	1.790543796737062321e+00	1.182801280129784800e+02
9.610000000000000000e+02	1.504021794805828094e+00	1.156963971168558771e+02
9.620000000000000000e+02	2.443377380694261802e+00	1.241670975634058181e+02
9.630000000000000000e+02	2.081007274323284584e+00	1.208994014236635479e+02
9.640000000000000000e+02	1.704217297213529214e+00	1.175016731562146504e+02
9.650000000000000000e+02	2.864813766911201931e+00	1.279674277456593217e+02
9.660000000000000000e+02	2.874436341183827182e+00	1.280541999386526584e+02
9.670000000000000000e+02	1.648325377733687258e+00	1.169976641159653639e+02
9.680000000000000000e+02	2.582134144977542789e+00	1.254183457625258313e+02
9.690000000000000000e+02	1.936211582309681933e+00	1.195936967986805541e+02
9.700000000000000000e+02	2.418776528005718518e+00	1.239452577649473284e+02
9.710000000000000000e+02	1.552152593191391095e+00	1.161304197399201712e+02
9.720000000000000000e+02	2.645616207598695091e+00	1.259907994150841546e+02
9.730000000000000000e+02	2.251391577344850958e+00	1.224358530223676098e+02
9.740000000000000000e+02	2.132301684812472509e+00	1.213619521258295748e+02
9.750000000000000000e+02	2.855056139819641015e+00	1.278794377050363380e+02
9.760000000000000000e+02	2.321902330580102536e+00	1.230716883523417380e+02
9.770000000000000000e+02	1.461196133435545441e+00	1.153102139138785276e+02
9.780000000000000000e+02	2.046625071036793919e+00	1.205893576563112646e+02
9.790000000000000000e+02	1.829126940955124292e+00	1.186280540399985028e+02
9.800000000000000000e+02	2.396952476403444887e+00	1.237484579519371550e+02
9.810000000000000000e+02	1.997828366822449908e+00	1.201493301838736869e+02
9.820000000000000000e+02	2.134490485435397655e+00	1.213816897786338416e+02
9.830000000000000000e+02	3.250556785122872938e+00	1.314458906469351405e+02
9.840000000000000000e+02	1.866669263113483801e+00	1.189665943860066335e+02
9.850000000000000000e+02	1.484083081410108473e+00	1.155165984644584256e+02
9.860000000000000000e+02	1.621858579223981023e+00	1.167589980289980076e+02
9.870000000000000000e+02	1.836833948033752550e+00	1.186975524805073405e+02
9.880000000000000000e+02	2.110512488530503106e+00	1.211654666229504045e+02
9.890000000000000000e+02	2.235483665280062482e+00	1.222924023846589563e+02
9.900000000000000000e+02	2.214542336497049568e+00	1.221035625824174531e+02
9.910000000000000000e+02	1.459749662081674559e+00	1.152971702638196803e+02
9.920000000000000000e+02	2.385498985667596106e+00	1.236451753499617325e+02
9.930000000000000000e+02	2.091284269944517771e+00	1.209920749039789172e+02
9.940000000000000000e+02	2.096162079254326294e+00	1.210360608685268318e+02
9.950000000000000000e+02	2.267365011150447085e+00	1.225798945066602954e+02
9.960000000000000000e+02	2.665522981147278703e+00	1.261703100478206068e+02
9.970000000000000000e+02	1.730035816077583721e+00	1.177344933390681376e+02
9.980000000000000000e+02	1.866274930313748026e+00	1.189630384641885428e+02
9.990000000000000000e+02	2.147782670934402560e+00	1.215015529309198428e+02
