0.000000000000000000e+00	1.643974400801699431e+00	1.190706567924011381e+02
1.000000000000000000e+00	2.522881266489260810e+00	1.269962569501029463e+02
2.000000000000000000e+00	2.041349890946992041e+00	1.226540162703118995e+02
3.000000000000000000e+00	2.127979451944853384e+00	1.234352040037461791e+02
4.000000000000000000e+00	1.736357143077875254e+00	1.199037242143744493e+02
5.000000000000000000e+00	1.587966122008244607e+00	1.185655984744293505e+02
6.000000000000000000e+00	1.608736275918167147e+00	1.187528946960548382e+02
7.000000000000000000e+00	1.211912017104482597e+00	1.151745059827373154e+02
8.000000000000000000e+00	2.514243681889910764e+00	1.269183669659244629e+02
9.000000000000000000e+00	1.825366639263310331e+00	1.207063731690533643e+02
1.000000000000000000e+01	1.313170529207763115e+00	1.160876112397620119e+02
1.100000000000000000e+01	1.538494682710475292e+00	1.181194865342371401e+02
1.200000000000000000e+01	1.910350484606839316e+00	1.214727205539152095e+02
1.300000000000000000e+01	2.347513710186847291e+00	1.254148685389441766e+02
1.400000000000000000e+01	2.380028701139263791e+00	1.257080745969245612e+02
1.500000000000000000e+01	1.788123967543137294e+00	1.203705349404741298e+02
1.600000000000000000e+01	9.290822874141371202e-01	1.126240703930881466e+02
1.700000000000000000e+01	1.794751163822236872e+00	1.204302961164591039e+02
1.800000000000000000e+01	2.167169538166062726e+00	1.237886031699845546e+02
1.900000000000000000e+01	1.459459242851721461e+00	1.174067792849672855e+02
2.000000000000000000e+01	2.016374330687363159e+00	1.224287975218185096e+02
2.100000000000000000e+01	2.315098003340410049e+00	1.251225577818844386e+02
2.200000000000000000e+01	1.298270194382597831e+00	1.159532464957253950e+02
2.300000000000000000e+01	1.243497956568274221e+00	1.154593342581423059e+02
2.400000000000000000e+01	1.907665522973217342e+00	1.214485087367391003e+02
2.500000000000000000e+01	1.799485068421794232e+00	1.204729844108683778e+02
2.600000000000000000e+01	2.339701285892063609e+00	1.253444194917924790e+02
2.700000000000000000e+01	2.145541713380573867e+00	1.235935728451315043e+02
2.800000000000000000e+01	2.679156292985593879e+00	1.284054772247395135e+02
2.900000000000000000e+01	1.592982219809461863e+00	1.186108314644951207e+02
3.000000000000000000e+01	1.721057593980960032e+00	1.197657595295265196e+02
3.100000000000000000e+01	1.709995410182695075e+00	1.196660055634592794e+02
3.200000000000000000e+01	1.639364854567501917e+00	1.190290899076867817e+02
3.300000000000000000e+01	2.922298281572159873e+00	1.305980260126911219e+02
3.400000000000000000e+01	2.639283735044187118e+00	1.280459238251183081e+02
3.500000000000000000e+01	9.548466876528807212e-01	1.128564025576975780e+02
3.600000000000000000e+01	2.034859961829865949e+00	1.225954929099397788e+02
3.700000000000000000e+01	2.209903763806273069e+00	1.241739618452844098e+02
3.800000000000000000e+01	1.239784867295068871e+00	1.154258512327181450e+02
3.900000000000000000e+01	1.778423004323435697e+00	1.202830558700224799e+02
4.000000000000000000e+01	2.056322600654088006e+00	1.227890336595809515e+02
4.100000000000000000e+01	1.757145142961724416e+00	1.200911813632372684e+02
4.200000000000000000e+01	1.954347590758594766e+00	1.218694673368431012e+02
4.300000000000000000e+01	1.928917141643621047e+00	1.216401465983386885e+02
4.400000000000000000e+01	2.826990896400261466e+00	1.297385854320812371e+02
4.500000000000000000e+01	2.096938198682848142e+00	1.231552874717981041e+02
4.600000000000000000e+01	1.707377548561808567e+00	1.196423988250375601e+02
4.700000000000000000e+01	1.375871969642332937e+00	1.166530255806860623e+02
4.800000000000000000e+01	1.358714869514418888e+00	1.164983103078987483e+02
4.900000000000000000e+01	1.062178443432408192e+00	1.138242736868725302e+02
5.000000000000000000e+01	1.500702519577882699e+00	1.177786932308997621e+02
5.100000000000000000e+01	2.921975447901343781e+00	1.305951148389453920e+02
5.200000000000000000e+01	1.507364032808489629e+00	1.178387638622398867e+02
5.300000000000000000e+01	2.382960276976104019e+00	1.257345102738112104e+02
5.400000000000000000e+01	2.759893548360116800e+00	1.291335307067522535e+02
5.500000000000000000e+01	1.417290130762185241e+00	1.170265165580792370e+02
5.600000000000000000e+01	1.704695308649154750e+00	1.196182115511583248e+02
5.700000000000000000e+01	2.265727611008669484e+00	1.246773570393186787e+02
5.800000000000000000e+01	9.859266489348135210e-01	1.131366681417475490e+02
5.900000000000000000e+01	2.369643154786631900e+00	1.256144222532876142e+02
6.000000000000000000e+01	1.290996840352479635e+00	1.158876585499502454e+02
6.100000000000000000e+01	2.545557345975915098e+00	1.272007399802985219e+02
6.200000000000000000e+01	2.229791488064548854e+00	1.243533006997993482e+02
6.300000000000000000e+01	1.946790886230150619e+00	1.218013242594130645e+02
6.400000000000000000e+01	1.532053973494782673e+00	1.180614070175460597e+02
6.500000000000000000e+01	2.731793677579299473e+00	1.288801382837477831e+02
6.600000000000000000e+01	1.602115295690947683e+00	1.186931895737243394e+02
6.700000000000000000e+01	1.600421777818491265e+00	1.186779181655228399e+02
6.800000000000000000e+01	1.980650123900448589e+00	1.221066521501099231e+02
6.900000000000000000e+01	1.661110360688422549e+00	1.192251814316805678e+02
7.000000000000000000e+01	2.153040812672045501e+00	1.236611964635687144e+02
7.100000000000000000e+01	2.914831616857883390e+00	1.305306948751755840e+02
7.200000000000000000e+01	2.446923419533628241e+00	1.263113020961670827e+02
7.300000000000000000e+01	1.297993470921062320e+00	1.159507511238082884e+02
7.400000000000000000e+01	1.565467317097674504e+00	1.183627140293205713e+02
7.500000000000000000e+01	1.748438512848820237e+00	1.200126687566234835e+02
7.600000000000000000e+01	3.062068131569004592e+00	1.318584097785072800e+02
7.700000000000000000e+01	1.353189902816798185e+00	1.164484885592704586e+02
7.800000000000000000e+01	1.551830508788055729e+00	1.182397432182953310e+02
7.900000000000000000e+01	1.130118810758766079e+00	1.144369303937636033e+02
8.000000000000000000e+01	2.240180456927232555e+00	1.244469839061445668e+02
8.100000000000000000e+01	1.510380530912702746e+00	1.178659653312280255e+02
8.200000000000000000e+01	2.895459099927472302e+00	1.303560019364435050e+02
8.300000000000000000e+01	2.363185952487448560e+00	1.255561940091372151e+02
8.400000000000000000e+01	1.694595685437813248e+00	1.195271375381525019e+02
8.500000000000000000e+01	2.290120110387313446e+00	1.248973179981750832e+02
8.600000000000000000e+01	1.754437552083462304e+00	1.200667654853672559e+02
8.700000000000000000e+01	2.462577372507782858e+00	1.264524626411624411e+02
8.800000000000000000e+01	1.571077027995845921e+00	1.184132999643211264e+02
8.900000000000000000e+01	1.565975299801225296e+00	1.183672947965810778e+02
9.000000000000000000e+01	3.495215084292713215e+00	1.357643407603178503e+02
9.100000000000000000e+01	2.265649351331543215e+00	1.246766513275605917e+02
9.200000000000000000e+01	2.383343471237781230e+00	1.257379657531336932e+02
9.300000000000000000e+01	2.523756647757169791e+00	1.270041507579520470e+02
9.400000000000000000e+01	2.393351443624968766e+00	1.258282132988370989e+02
9.500000000000000000e+01	2.109779659322212897e+00	1.232710861831767630e+02
9.600000000000000000e+01	3.228737876404009111e+00	1.333613651057649179e+02
9.700000000000000000e+01	1.481452988008815419e+00	1.176051093207090759e+02
9.800000000000000000e+01	2.191047057801728926e+00	1.240039202653196924e+02
9.900000000000000000e+01	1.913084765050129477e+00	1.214973771066838424e+02
1.000000000000000000e+02	1.960056456434472016e+00	1.219209474065381187e+02
1.010000000000000000e+02	6.937241569485990134e-01	1.105017130549476434e+02
1.020000000000000000e+02	1.972858060137105962e+00	1.220363867053824549e+02
1.030000000000000000e+02	1.745430383875170577e+00	1.199855427568176935e+02
1.040000000000000000e+02	1.796888444533192075e+00	1.204495691850868582e+02
1.050000000000000000e+02	2.704728281366978848e+00	1.286360743028380114e+02
1.060000000000000000e+02	1.123558680791563624e+00	1.143777739926335073e+02
1.070000000000000000e+02	1.599996893920224927e+00	1.186740867471751528e+02
1.080000000000000000e+02	2.291682862147124577e+00	1.249114102144013430e+02
1.090000000000000000e+02	1.543873218771729228e+00	1.181679878350227852e+02
1.100000000000000000e+02	2.034306311405305934e+00	1.225905003310175800e+02
1.110000000000000000e+02	1.694254302995084949e+00	1.195240590996426278e+02
1.120000000000000000e+02	1.943779956183705915e+00	1.217741730007500962e+02
1.130000000000000000e+02	1.474388562819002102e+00	1.175414054044190948e+02
1.140000000000000000e+02	1.168495183761310674e+00	1.147829918478211368e+02
1.150000000000000000e+02	1.976753949326300219e+00	1.220715181410074450e+02
1.160000000000000000e+02	2.442083602943146303e+00	1.262676587334510998e+02
1.170000000000000000e+02	3.523055795598423412e+00	1.360153961958018556e+02
1.180000000000000000e+02	2.365904086693872532e+00	1.255807049621586486e+02
1.190000000000000000e+02	1.003120462217073738e+00	1.132917144778058827e+02
1.200000000000000000e+02	9.364618831668884980e-01	1.126906163805472687e+02
1.210000000000000000e+02	2.123517056122530278e+00	1.233949640574971909e+02
1.220000000000000000e+02	2.022529118829684336e+00	1.224842987265260490e+02
1.230000000000000000e+02	2.062556696863588002e+00	1.228452500299724761e+02
1.240000000000000000e+02	1.969060135130244360e+00	1.220021386681802653e+02
1.250000000000000000e+02	2.070898100423227639e+00	1.229204691822497892e+02
1.260000000000000000e+02	1.132550889462240695e+00	1.144588618225740078e+02
1.270000000000000000e+02	1.841923862921817978e+00	1.208556790165350776e+02
1.280000000000000000e+02	1.242303618480863125e+00	1.154485642363078171e+02
1.290000000000000000e+02	2.263873705950461002e+00	1.246606393291774424e+02
1.300000000000000000e+02	1.627066687906879583e+00	1.189181903853026654e+02
1.310000000000000000e+02	1.547182079020081646e+00	1.181978256987714531e+02
1.320000000000000000e+02	1.602593902091929534e+00	1.186975054382546801e+02
1.330000000000000000e+02	2.741899048166033914e+00	1.289712641240871847e+02
1.340000000000000000e+02	3.364513464840009238e+00	1.345857303566593828e+02
1.350000000000000000e+02	2.436983015986797341e+00	1.262216638569018130e+02
1.360000000000000000e+02	9.114977834579680582e-01	1.124655009783196249e+02
1.370000000000000000e+02	2.548247532480333533e+00	1.272249989130888395e+02
1.380000000000000000e+02	1.439616051708180189e+00	1.172278420107277412e+02
1.390000000000000000e+02	2.179431086770287518e+00	1.238991724866496185e+02
1.400000000000000000e+02	1.127087652526013617e+00	1.144095967261073383e+02
1.410000000000000000e+02	1.106940428022654910e+00	1.142279178111563596e+02
1.420000000000000000e+02	2.537478950388227794e+00	1.271278925196137379e+02
1.430000000000000000e+02	1.318542321402664586e+00	1.161360517272916582e+02
1.440000000000000000e+02	1.140312726756497419e+00	1.145288546981391562e+02
1.450000000000000000e+02	1.769209205008860808e+00	1.201999698319546042e+02
1.460000000000000000e+02	2.138563929885401116e+00	1.235306502259908541e+02
1.470000000000000000e+02	1.576522155143578185e+00	1.184624017545853434e+02
1.480000000000000000e+02	1.496604466357397412e+00	1.177417387678974308e+02
1.490000000000000000e+02	1.622405778205244786e+00	1.188761603271606049e+02
1.500000000000000000e+02	2.487121930952390425e+00	1.266737948025935907e+02
1.510000000000000000e+02	2.207536386448174515e+00	1.241526138650885684e+02
1.520000000000000000e+02	1.653932670023224638e+00	1.191604561365566894e+02
1.530000000000000000e+02	2.129617893934504735e+00	1.234499787615715150e+02
1.540000000000000000e+02	1.715883991963612409e+00	1.197191062348881729e+02
1.550000000000000000e+02	1.282132251598251171e+00	1.158077215409549581e+02
1.560000000000000000e+02	2.151583992268995882e+00	1.236480594902818950e+02
1.570000000000000000e+02	1.846942836065720295e+00	1.209009379351916067e+02
1.580000000000000000e+02	3.009840050929797339e+00	1.313874396446845765e+02
1.590000000000000000e+02	1.739438045651785281e+00	1.199315064548812870e+02
1.600000000000000000e+02	2.043998870354806208e+00	1.226779036154129017e+02
1.610000000000000000e+02	1.316019017075458208e+00	1.161132976654514550e+02
1.620000000000000000e+02	1.564193877789720410e+00	1.183512307070551941e+02
1.630000000000000000e+02	1.837134517124960897e+00	1.208124907775023047e+02
1.640000000000000000e+02	1.405874493832845795e+00	1.169235753052803375e+02
1.650000000000000000e+02	1.965919257762997585e+00	1.219738156010510721e+02
1.660000000000000000e+02	1.349009690450981624e+00	1.164107932208004144e+02
1.670000000000000000e+02	2.963679184477546524e+00	1.309711810116980075e+02
1.680000000000000000e+02	1.713055960568188540e+00	1.196936042767756732e+02
1.690000000000000000e+02	2.105015754655454874e+00	1.232281273611989576e+02
1.700000000000000000e+02	2.441694592789592999e+00	1.262641508089431568e+02
1.710000000000000000e+02	2.958207070130596694e+00	1.309218358625993801e+02
1.720000000000000000e+02	1.525188532157560006e+00	1.179994974511639469e+02
1.730000000000000000e+02	3.440033203106382054e+00	1.352667345368296310e+02
1.740000000000000000e+02	1.470580300443485644e+00	1.175070641493188077e+02
1.750000000000000000e+02	1.300422738452313043e+00	1.159726572026892626e+02
1.760000000000000000e+02	1.324646024282599699e+00	1.161910922673037447e+02
1.770000000000000000e+02	2.687158606096123670e+00	1.284776386067093483e+02
1.780000000000000000e+02	2.096799513502198842e+00	1.231540368691090919e+02
1.790000000000000000e+02	1.707349068929326474e+00	1.196421420080885696e+02
1.800000000000000000e+02	1.617395567199515050e+00	1.188309804216582535e+02
1.810000000000000000e+02	2.128410876236669580e+00	1.234390944005205597e+02
1.820000000000000000e+02	1.674909018622492862e+00	1.193496117322821988e+02
1.830000000000000000e+02	1.632497374631392884e+00	1.189671619581058479e+02
1.840000000000000000e+02	2.090544833702684180e+00	1.230976348848480768e+02
1.850000000000000000e+02	2.666241802163676677e+00	1.282890199589122062e+02
1.860000000000000000e+02	1.882093713823787651e+00	1.212179132748764943e+02
1.870000000000000000e+02	1.647958420226504073e+00	1.191065829481910612e+02
1.880000000000000000e+02	1.521389724359551776e+00	1.179652414533348406e+02
1.890000000000000000e+02	1.909867676741411557e+00	1.214683668024043754e+02
1.900000000000000000e+02	1.991102834653761811e+00	1.222009101531237718e+02
1.910000000000000000e+02	2.468258593542163482e+00	1.265036934234943118e+02
1.920000000000000000e+02	1.583660159779097132e+00	1.185267691783404018e+02
1.930000000000000000e+02	1.961689294451401500e+00	1.219356716301728483e+02
1.940000000000000000e+02	2.210061289366131998e+00	1.241753823423254488e+02
1.950000000000000000e+02	2.883823427826127883e+00	1.302510765020867893e+02
1.960000000000000000e+02	1.574655999458698830e+00	1.184455735736166986e+02
1.970000000000000000e+02	1.957793062048984734e+00	1.219005370996001716e+02
1.980000000000000000e+02	2.409366463093078004e+00	1.259726297845619456e+02
1.990000000000000000e+02	2.508220912832773042e+00	1.268640562519539685e+02
2.000000000000000000e+02	2.586045100517321504e+00	1.275658409555051804e+02
2.010000000000000000e+02	1.847733138856806567e+00	1.209080645423102851e+02
2.020000000000000000e+02	1.734415807494963824e+00	1.198862180937571793e+02
2.030000000000000000e+02	4.016100850930001798e+00	1.404614622362953753e+02
2.040000000000000000e+02	1.586295846840818591e+00	1.185505366588409686e+02
2.050000000000000000e+02	4.570436366988980481e+00	1.454602190159000088e+02
2.060000000000000000e+02	1.696034196592586918e+00	1.195401094065952634e+02
2.070000000000000000e+02	1.922638818405113081e+00	1.215835314078198479e+02
2.080000000000000000e+02	3.143130376078949517e+00	1.325893938713088289e+02
2.090000000000000000e+02	2.650311597999523094e+00	1.281453683007392215e+02
2.100000000000000000e+02	2.479494412782291768e+00	1.266050131585174370e+02
2.110000000000000000e+02	2.394114431789397646e+00	1.258350935945230304e+02
2.120000000000000000e+02	1.786759272264890619e+00	1.203582287115268485e+02
2.130000000000000000e+02	1.638762077806429351e+00	1.190236543288113467e+02
2.140000000000000000e+02	2.066791881019913735e+00	1.228834410801595851e+02
2.150000000000000000e+02	1.813783301897743616e+00	1.206019196666001534e+02
2.160000000000000000e+02	1.903416089011776613e+00	1.214101891880021640e+02
2.170000000000000000e+02	1.524913047031981828e+00	1.179970132460223482e+02
2.180000000000000000e+02	1.800139782785164400e+00	1.204788883404701920e+02
2.190000000000000000e+02	1.126960729427194607e+00	1.144084521887606627e+02
2.200000000000000000e+02	1.830260827868715579e+00	1.207505068349708353e+02
2.210000000000000000e+02	1.638896057005063245e+00	1.190248624949996668e+02
2.220000000000000000e+02	1.533632375375731494e+00	1.180756403597634687e+02
2.230000000000000000e+02	2.177325895221528196e+00	1.238801887841411826e+02
2.240000000000000000e+02	1.832298797514496647e+00	1.207688843595716435e+02
2.250000000000000000e+02	2.310230836437640267e+00	1.250786677859381797e+02
2.260000000000000000e+02	1.763732101263102869e+00	1.201505796906258468e+02
2.270000000000000000e+02	1.418521167063478750e+00	1.170376175084581405e+02
2.280000000000000000e+02	1.761545456299005830e+00	1.201308614766160758e+02
2.290000000000000000e+02	1.956688365086868941e+00	1.218905754224771840e+02
2.300000000000000000e+02	2.424480371135848689e+00	1.261089204390598724e+02
2.310000000000000000e+02	1.759136445542208715e+00	1.201091380645239042e+02
2.320000000000000000e+02	1.778286154086822890e+00	1.202818218140613453e+02
2.330000000000000000e+02	9.325866177936743551e-01	1.126556709215320495e+02
2.340000000000000000e+02	1.194688331445670215e+00	1.150191902705692257e+02
2.350000000000000000e+02	2.173740089524761832e+00	1.238478535466942105e+02
2.360000000000000000e+02	1.466477057175290755e+00	1.174700628847217274e+02
2.370000000000000000e+02	3.481528385655648261e+00	1.356409200600011218e+02
2.380000000000000000e+02	2.187732429635862896e+00	1.239740303889975195e+02
2.390000000000000000e+02	3.214734077801501222e+00	1.332350849357657410e+02
2.400000000000000000e+02	1.615691715526943906e+00	1.188156158277381991e+02
2.410000000000000000e+02	1.317943032521714075e+00	1.161306476006033819e+02
2.420000000000000000e+02	4.844415047472456770e+00	1.479308396903079483e+02
2.430000000000000000e+02	2.523790804395043441e+00	1.270044587676685239e+02
2.440000000000000000e+02	1.537839182252190628e+00	1.181135755159729968e+02
2.450000000000000000e+02	1.803523307521435859e+00	1.205093994961230806e+02
2.460000000000000000e+02	1.744689190239869570e+00	1.199788589947239359e+02
2.470000000000000000e+02	1.491674428127410135e+00	1.176972818256450779e+02
2.480000000000000000e+02	1.722342255965295443e+00	1.197773440530103244e+02
2.490000000000000000e+02	2.160128696815538873e+00	1.237251119225081482e+02
2.500000000000000000e+02	1.084377774171210618e+00	1.140244576040463755e+02
2.510000000000000000e+02	1.657329511962923441e+00	1.191910873809626707e+02
2.520000000000000000e+02	1.611152113261926866e+00	1.187746796673415304e+02
2.530000000000000000e+02	2.405109441731845710e+00	1.259342418159510544e+02
2.540000000000000000e+02	1.307797574133611196e+00	1.160391602658926615e+02
2.550000000000000000e+02	1.645456890587520871e+00	1.190840252410263531e+02
2.560000000000000000e+02	3.573537441210210552e+00	1.364706177375164486e+02
2.570000000000000000e+02	1.251804043314951098e+00	1.155342349387483694e+02
2.580000000000000000e+02	2.150023329577444908e+00	1.236339861123653350e+02
2.590000000000000000e+02	2.101649624067038591e+00	1.231977730584122526e+02
2.600000000000000000e+02	2.584188346681184356e+00	1.275490975563226215e+02
2.610000000000000000e+02	1.412833864354802182e+00	1.169863318842304523e+02
2.620000000000000000e+02	1.697797785592063846e+00	1.195560126857685646e+02
2.630000000000000000e+02	1.721867919892009269e+00	1.197730666964393293e+02
2.640000000000000000e+02	2.653034290496491199e+00	1.281699203584438465e+02
2.650000000000000000e+02	1.659520808031361927e+00	1.192108475366101032e+02
2.660000000000000000e+02	1.874599729084349686e+00	1.211503357772468235e+02
2.670000000000000000e+02	2.891074557801790235e+00	1.303164640409970048e+02
2.680000000000000000e+02	3.319003829095384273e+00	1.341753442391810722e+02
2.690000000000000000e+02	1.762407149752328817e+00	1.201386318537017104e+02
2.700000000000000000e+02	2.648262039702431014e+00	1.281268862747170942e+02
2.710000000000000000e+02	1.814868662881780281e+00	1.206117069802758834e+02
2.720000000000000000e+02	1.218863724377613700e+00	1.152371934578398509e+02
2.730000000000000000e+02	2.117624659658238873e+00	1.233418289869114233e+02
2.740000000000000000e+02	1.701152470844018882e+00	1.195862637794850087e+02
2.750000000000000000e+02	1.893203489604220024e+00	1.213180964047562895e+02
2.760000000000000000e+02	1.934961816615595742e+00	1.216946548503292718e+02
2.770000000000000000e+02	2.350747460754953000e+00	1.254440290962376849e+02
2.780000000000000000e+02	2.353452236359487859e+00	1.254684195871926988e+02
2.790000000000000000e+02	1.630276606974329967e+00	1.189471360404800180e+02
2.800000000000000000e+02	2.063119500325852673e+00	1.228503251470109490e+02
2.810000000000000000e+02	1.533750045146726082e+00	1.180767014546211442e+02
2.820000000000000000e+02	2.306862639123542724e+00	1.250482948463174466e+02
2.830000000000000000e+02	1.938557197803581600e+00	1.217270764353947214e+02
2.840000000000000000e+02	1.150958041039608748e+00	1.146248495160826906e+02
2.850000000000000000e+02	1.963991609675853400e+00	1.219564329083222844e+02
2.860000000000000000e+02	1.831619412366107369e+00	1.207627579595520046e+02
2.870000000000000000e+02	2.298770757627275341e+00	1.249753257755698286e+02
2.880000000000000000e+02	2.009972708488789284e+00	1.223710704748612841e+02
2.890000000000000000e+02	2.488156152283966804e+00	1.266831209611078179e+02
2.900000000000000000e+02	2.083030695151290246e+00	1.230298756489006706e+02
2.910000000000000000e+02	1.815458283458191824e+00	1.206170239223955036e+02
2.920000000000000000e+02	2.403780527280422241e+00	1.259222582429503632e+02
2.930000000000000000e+02	2.047222263633812211e+00	1.227069707751744119e+02
2.940000000000000000e+02	2.136642834712138228e+00	1.235133266245916843e+02
2.950000000000000000e+02	1.549877367477866530e+00	1.182221306387600208e+02
2.960000000000000000e+02	3.038714097225997168e+00	1.316478132460440520e+02
2.970000000000000000e+02	2.428194934381257220e+00	1.261424167561247884e+02
2.980000000000000000e+02	1.764228283697920174e+00	1.201550540481910900e+02
2.990000000000000000e+02	1.617395833377531567e+00	1.188309828219359190e+02
3.000000000000000000e+02	1.146010207388308499e+00	1.145802321024545165e+02
3.010000000000000000e+02	1.654193519106911037e+00	1.191628083602330719e+02
3.020000000000000000e+02	1.109211493963486728e+00	1.142483972968464911e+02
3.030000000000000000e+02	2.285467811933966864e+00	1.248553655925277894e+02
3.040000000000000000e+02	2.266184122663581935e+00	1.246814736630309426e+02
3.050000000000000000e+02	1.404969557216148246e+00	1.169154149801400848e+02
3.060000000000000000e+02	1.424651853012458780e+00	1.170929013700605310e+02
3.070000000000000000e+02	2.227052468454337575e+00	1.243286014112829747e+02
3.080000000000000000e+02	2.147138342186803772e+00	1.236079705498400045e+02
3.090000000000000000e+02	3.119773465239396693e+00	1.323787713998498532e+02
3.100000000000000000e+02	2.249547552679174611e+00	1.245314523048647573e+02
3.110000000000000000e+02	2.941158807128581465e+00	1.307681020357147759e+02
3.120000000000000000e+02	3.177756124926277792e+00	1.329016338266882258e+02
3.130000000000000000e+02	1.682769859421111125e+00	1.194204973784245283e+02
3.140000000000000000e+02	1.651245192829078556e+00	1.191362216351489849e+02
3.150000000000000000e+02	1.767794469164182480e+00	1.201872123589259758e+02
3.160000000000000000e+02	1.543127698294084471e+00	1.181612650553451260e+02
3.170000000000000000e+02	2.553388629056639214e+00	1.272713590877861378e+02
3.180000000000000000e+02	1.479540847690591576e+00	1.175878664703010230e+02
3.190000000000000000e+02	1.997909846403603584e+00	1.222622928268793316e+02
3.200000000000000000e+02	1.723198154643464708e+00	1.197850621753319302e+02
3.210000000000000000e+02	2.103970878979468218e+00	1.232187051264370297e+02
3.220000000000000000e+02	1.393868331578732578e+00	1.168153089517342664e+02
3.230000000000000000e+02	2.064868362652347855e+00	1.228660956274472653e+02
3.240000000000000000e+02	2.922231240160129584e+00	1.305974214623724379e+02
3.250000000000000000e+02	1.707690704994837994e+00	1.196452227336584855e+02
3.260000000000000000e+02	2.946991700761383282e+00	1.308207005356250363e+02
3.270000000000000000e+02	2.004521892574127939e+00	1.223219173857691402e+02
3.280000000000000000e+02	2.904546275691714197e+00	1.304379461383627756e+02
3.290000000000000000e+02	1.969937897399427040e+00	1.220100539468641045e+02
3.300000000000000000e+02	1.508558026083096859e+00	1.178495307747023730e+02
3.310000000000000000e+02	2.090197626928902430e+00	1.230945039250519102e+02
3.320000000000000000e+02	2.371516143009469335e+00	1.256313120471142639e+02
3.330000000000000000e+02	2.012211594569312201e+00	1.223912597765559553e+02
3.340000000000000000e+02	1.420594873214362508e+00	1.170563172893315311e+02
3.350000000000000000e+02	2.107330213717411471e+00	1.232489981471975398e+02
3.360000000000000000e+02	1.399463463683469300e+00	1.168657634215113035e+02
3.370000000000000000e+02	1.592556556364521647e+00	1.186069930165343038e+02
3.380000000000000000e+02	2.815562840762333874e+00	1.296355321927652255e+02
3.390000000000000000e+02	1.466966336963940742e+00	1.174744749972236093e+02
3.400000000000000000e+02	2.851736283085954948e+00	1.299617285753141687e+02
3.410000000000000000e+02	1.661511515552616114e+00	1.192287988719111951e+02
3.420000000000000000e+02	2.135804460168609697e+00	1.235057665273005938e+02
3.430000000000000000e+02	1.380054250973776320e+00	1.166907395761890029e+02
3.440000000000000000e+02	1.908319598296199349e+00	1.214544069037524139e+02
3.450000000000000000e+02	1.536429370177335718e+00	1.181008624433608531e+02
3.460000000000000000e+02	2.664379291524303639e+00	1.282722246473798577e+02
3.470000000000000000e+02	1.173536199148981662e+00	1.148284495338528046e+02
3.480000000000000000e+02	1.614584359309974460e+00	1.188056301706106126e+02
3.490000000000000000e+02	1.907606315156750387e+00	1.214479748263808432e+02
3.500000000000000000e+02	1.338282774235976413e+00	1.163140625520977665e+02
3.510000000000000000e+02	1.065520895181361505e+00	1.138544144641753491e+02
3.520000000000000000e+02	2.859315624326519423e+00	1.300300757807765990e+02
3.530000000000000000e+02	2.230065322666217487e+00	1.243557700212336101e+02
3.540000000000000000e+02	1.642708930102130482e+00	1.190592453275831701e+02
3.550000000000000000e+02	2.262765563174118366e+00	1.246506465791992468e+02
3.560000000000000000e+02	1.224687602353117688e+00	1.152897106584706250e+02
3.570000000000000000e+02	2.046358847064170039e+00	1.226991848597746468e+02
3.580000000000000000e+02	1.627161563033894032e+00	1.189190459279670620e+02
3.590000000000000000e+02	2.907951239974573276e+00	1.304686506265295520e+02
3.600000000000000000e+02	1.705227579448892694e+00	1.196230113379150737e+02
3.610000000000000000e+02	2.568325334900255275e+00	1.274060518098609549e+02
3.620000000000000000e+02	3.127652369524056120e+00	1.324498199346592457e+02
3.630000000000000000e+02	1.262041548882758990e+00	1.156265523149236287e+02
3.640000000000000000e+02	1.729413541765917994e+00	1.198411098353070940e+02
3.650000000000000000e+02	1.467322009238575919e+00	1.174776822952275097e+02
3.660000000000000000e+02	1.676432114203128432e+00	1.193633463463185080e+02
3.670000000000000000e+02	1.445502329387027496e+00	1.172809219047654921e+02
3.680000000000000000e+02	8.575067559820279683e-01	1.119786333560681442e+02
3.690000000000000000e+02	1.718300220245659427e+00	1.197408947314864491e+02
3.700000000000000000e+02	9.375968068339370909e-01	1.127008506289593583e+02
3.710000000000000000e+02	2.358983402783112915e+00	1.255182972422558123e+02
3.720000000000000000e+02	2.192727752167591415e+00	1.240190760367115956e+02
3.730000000000000000e+02	2.084536072485989155e+00	1.230434504874951358e+02
3.740000000000000000e+02	1.598934147892017377e+00	1.186645033653430232e+02
3.750000000000000000e+02	1.572843953618061619e+00	1.184292333317082750e+02
3.760000000000000000e+02	2.336058420275724412e+00	1.253115697127880139e+02
3.770000000000000000e+02	2.151711036451683157e+00	1.236492051195102420e+02
3.780000000000000000e+02	1.692211986567638160e+00	1.195056423776537855e+02
3.790000000000000000e+02	2.372413985020375815e+00	1.256394083961826880e+02
3.800000000000000000e+02	2.232212957842434342e+00	1.243751364619292303e+02
3.810000000000000000e+02	1.801943009577064547e+00	1.204951490560297174e+02
3.820000000000000000e+02	1.583644583966703268e+00	1.185266287224332018e+02
3.830000000000000000e+02	1.101883689709605596e+00	1.141823183426165258e+02
3.840000000000000000e+02	2.404307384536770176e+00	1.259270092127254372e+02
3.850000000000000000e+02	1.772284508549346382e+00	1.202277015828112638e+02
3.860000000000000000e+02	1.027719775070829789e+00	1.135135403907034544e+02
3.870000000000000000e+02	1.156131228823896739e+00	1.146714990753473131e+02
3.880000000000000000e+02	1.280476097704734251e+00	1.157927870648778423e+02
3.890000000000000000e+02	1.316446468627625155e+00	1.161171522377861578e+02
3.900000000000000000e+02	2.026000362456254589e+00	1.225156008930106140e+02
3.910000000000000000e+02	1.412411253039189463e+00	1.169825209590455160e+02
3.920000000000000000e+02	3.675053109992528100e+00	1.373860419217170374e+02
3.930000000000000000e+02	1.640226372915091213e+00	1.190368587057450043e+02
3.940000000000000000e+02	1.533403118295014300e+00	1.180735730190405519e+02
3.950000000000000000e+02	1.712613616525560101e+00	1.196896154104339871e+02
3.960000000000000000e+02	1.508046388491558476e+00	1.178449170492503413e+02
3.970000000000000000e+02	1.944379556353840854e+00	1.217795799345089591e+02
3.980000000000000000e+02	1.860152943426685912e+00	1.210200609424984322e+02
3.990000000000000000e+02	1.413876721517652646e+00	1.169957359169181359e+02
4.000000000000000000e+02	1.358683944423106915e+00	1.164980314388647855e+02
4.010000000000000000e+02	2.958683930319690347e+00	1.309261359805498159e+02
4.020000000000000000e+02	1.846068293049682785e+00	1.208930516863335924e+02
4.030000000000000000e+02	2.108453681199511820e+00	1.232591290887124131e+02
4.040000000000000000e+02	1.520849404996329923e+00	1.179603690881303635e+02
4.050000000000000000e+02	4.020635607699904135e+00	1.405023547021228580e+02
4.060000000000000000e+02	1.743479144543555792e+00	1.199679473284986102e+02
4.070000000000000000e+02	2.159985631772379122e+00	1.237238218241224388e+02
4.080000000000000000e+02	2.306745106285634339e+00	1.250472349862628363e+02
4.090000000000000000e+02	1.811622096149491767e+00	1.205824308523834532e+02
4.100000000000000000e+02	1.399723910140538541e+00	1.168681120144758268e+02
4.110000000000000000e+02	1.718723228137339021e+00	1.197447092328220180e+02
4.120000000000000000e+02	1.480797976022798057e+00	1.175992027072755661e+02
4.130000000000000000e+02	2.124293493446543835e+00	1.234019656318594969e+02
4.140000000000000000e+02	2.467130744988293323e+00	1.264935229753781414e+02
4.150000000000000000e+02	1.773678600875011391e+00	1.202402729015567360e+02
4.160000000000000000e+02	1.045961808080509980e+00	1.136780391167262962e+02
4.170000000000000000e+02	2.036571711061049506e+00	1.226109287206112555e+02
4.180000000000000000e+02	3.878943463122695334e+00	1.392246365191755331e+02
4.190000000000000000e+02	1.219829824711446520e+00	1.152459053308005679e+02
4.200000000000000000e+02	2.775581991911645119e+00	1.292750022727853718e+02
4.210000000000000000e+02	1.162702586662131221e+00	1.147307567245389492e+02
4.220000000000000000e+02	8.227922828341895922e-01	1.116655933235047371e+02
4.230000000000000000e+02	2.514040641847761659e+00	1.269165360390618957e+02
4.240000000000000000e+02	1.506422981075188350e+00	1.178302778666730859e+02
4.250000000000000000e+02	4.518667952484881845e+00	1.449933939515210852e+02
4.260000000000000000e+02	1.647983282564297047e+00	1.191068071459485509e+02
4.270000000000000000e+02	1.659168952731573610e+00	1.192076746584265834e+02
4.280000000000000000e+02	2.200357573034471326e+00	1.240878784455066040e+02
4.290000000000000000e+02	2.799754119453375711e+00	1.294929760141861266e+02
4.300000000000000000e+02	3.330965983143212128e+00	1.342832137458480020e+02
4.310000000000000000e+02	1.626212902516369629e+00	1.189104913196907773e+02
4.320000000000000000e+02	2.114269368329232623e+00	1.233115724278555092e+02
4.330000000000000000e+02	1.836617919973655644e+00	1.208078323288956426e+02
4.340000000000000000e+02	1.737653180759811011e+00	1.199154113189555630e+02
4.350000000000000000e+02	1.290321879106794523e+00	1.158815720427626275e+02
4.360000000000000000e+02	1.206663556867493714e+00	1.151271776492062884e+02
4.370000000000000000e+02	1.993565211826820782e+00	1.222231148003657211e+02
4.380000000000000000e+02	2.306503980632645057e+00	1.250450606199130448e+02
4.390000000000000000e+02	1.668197092915999047e+00	1.192890865031428689e+02
4.400000000000000000e+02	1.480256722862088203e+00	1.175943219214911437e+02
4.410000000000000000e+02	2.447681160633550679e+00	1.263181350761055626e+02
4.420000000000000000e+02	2.222816583176842276e+00	1.242904040386898430e+02
4.430000000000000000e+02	1.752525573082790000e+00	1.200495240896507738e+02
4.440000000000000000e+02	2.075384566383501550e+00	1.229609261825423800e+02
4.450000000000000000e+02	1.262207316732526285e+00	1.156280471373531071e+02
4.460000000000000000e+02	2.826086984854516704e+00	1.297304343505853694e+02
4.470000000000000000e+02	1.525823288151300083e+00	1.180052214048619845e+02
4.480000000000000000e+02	1.193021725536312694e+00	1.150041615427554973e+02
4.490000000000000000e+02	1.557895745731659121e+00	1.182944368892101750e+02
4.500000000000000000e+02	2.067493833481738541e+00	1.228897709824044426e+02
4.510000000000000000e+02	2.419895467075469764e+00	1.260675757667599726e+02
4.520000000000000000e+02	2.141592419237425382e+00	1.235579598268405732e+02
4.530000000000000000e+02	2.417539015047796447e+00	1.260463263064459625e+02
4.540000000000000000e+02	1.518468989744608200e+00	1.179389035378758592e+02
4.550000000000000000e+02	1.346724961832562073e+00	1.163901905310213465e+02
4.560000000000000000e+02	1.293660770644001090e+00	1.159116807156231346e+02
4.570000000000000000e+02	1.660893787519942766e+00	1.192232284689660133e+02
4.580000000000000000e+02	1.943866338536448080e+00	1.217749519592669287e+02
4.590000000000000000e+02	1.936994911948962006e+00	1.217129884204990162e+02
4.600000000000000000e+02	1.316995720563893579e+00	1.161221051530524448e+02
4.610000000000000000e+02	2.144876596655200363e+00	1.235875751115498105e+02
4.620000000000000000e+02	1.662717703863426655e+00	1.192396757539104044e+02
4.630000000000000000e+02	2.216089985106098226e+00	1.242297465005460566e+02
4.640000000000000000e+02	1.988232856662484282e+00	1.221750299388390886e+02
4.650000000000000000e+02	2.250585148321499585e+00	1.245408088914468863e+02
4.660000000000000000e+02	9.000020840671052458e-01	1.123618377570363975e+02
4.670000000000000000e+02	2.032922991218373276e+00	1.225780261507378270e+02
4.680000000000000000e+02	9.367672760635288309e-01	1.126933702809709246e+02
4.690000000000000000e+02	2.247630019364267095e+00	1.245141608227563097e+02
4.700000000000000000e+02	1.937010183785891293e+00	1.217131261352875669e+02
4.710000000000000000e+02	2.175699993751355699e+00	1.238655271112706089e+02
4.720000000000000000e+02	2.602043839056189967e+00	1.277101106268855375e+02
4.730000000000000000e+02	1.899024653486569347e+00	1.213705891308745066e+02
4.740000000000000000e+02	2.194340760735900453e+00	1.240336214469961789e+02
4.750000000000000000e+02	1.388311716942850271e+00	1.167652018157523628e+02
4.760000000000000000e+02	1.685186887905838482e+00	1.194422930909028366e+02
4.770000000000000000e+02	2.228151671445126603e+00	1.243385135461601152e+02
4.780000000000000000e+02	1.441065449705709156e+00	1.172409120519872374e+02
4.790000000000000000e+02	2.275006175404341580e+00	1.247610271007421403e+02
4.800000000000000000e+02	1.561158805655535886e+00	1.183238617455367176e+02
4.810000000000000000e+02	1.396132509387982834e+00	1.168357263232472576e+02
4.820000000000000000e+02	1.902057746689975959e+00	1.213979402472552351e+02
4.830000000000000000e+02	1.574868787130988990e+00	1.184474924003717291e+02
4.840000000000000000e+02	2.322952783229635276e+00	1.251933887733798088e+02
4.850000000000000000e+02	1.177828708161206883e+00	1.148671575146780697e+02
4.860000000000000000e+02	1.432023130702587466e+00	1.171593723488457925e+02
4.870000000000000000e+02	3.752701053017116983e+00	1.380862373275174946e+02
4.880000000000000000e+02	1.159101245788212387e+00	1.146982813976157161e+02
4.890000000000000000e+02	2.295404103726253808e+00	1.249449667537774644e+02
4.900000000000000000e+02	2.019276225153673554e+00	1.224549655450047112e+02
4.910000000000000000e+02	2.087245826562044382e+00	1.230678858721427673e+02
4.920000000000000000e+02	1.634999774290880836e+00	1.189897275107373673e+02
4.930000000000000000e+02	1.783248899373750973e+00	1.203265736943392881e+02
4.940000000000000000e+02	2.101913461674060457e+00	1.232001522312933162e+02
4.950000000000000000e+02	1.847901457726181640e+00	1.209095823687259639e+02
4.960000000000000000e+02	2.206766800810963769e+00	1.241456740762602351e+02
4.970000000000000000e+02	2.055498672283864625e+00	1.227816038316026948e+02
4.980000000000000000e+02	1.430061437470302899e+00	1.171416826517935448e+02
4.990000000000000000e+02	2.240762762514643125e+00	1.244522348848723396e+02
5.000000000000000000e+02	2.553496051376531462e+00	1.272723277755831219e+02
5.010000000000000000e+02	1.907940944636611125e+00	1.214509923696062970e+02
5.020000000000000000e+02	3.498243618889880224e+00	1.357916507691685979e+02
5.030000000000000000e+02	1.512648550497954325e+00	1.178864173462074234e+02
5.040000000000000000e+02	1.802424149676379761e+00	1.204994877683505337e+02
5.050000000000000000e+02	1.550794964711918134e+00	1.182304051318454867e+02
5.060000000000000000e+02	1.701745658309521625e+00	1.195916128862603500e+02
5.070000000000000000e+02	2.685997291240446838e+00	1.284671663740273573e+02
5.080000000000000000e+02	1.163056815816452927e+00	1.147339510091110242e+02
5.090000000000000000e+02	1.475642942538916813e+00	1.175527168556024833e+02
5.100000000000000000e+02	1.484653603672671185e+00	1.176339710818358952e+02
5.110000000000000000e+02	2.741815459807424471e+00	1.289705103605952274e+02
5.120000000000000000e+02	1.440739186317049114e+00	1.172379699505364812e+02
5.130000000000000000e+02	1.488626271149049884e+00	1.176697948706882642e+02
5.140000000000000000e+02	1.264332576990810919e+00	1.156472118107625562e+02
5.150000000000000000e+02	1.326085452961662803e+00	1.162040724095817978e+02
5.160000000000000000e+02	2.304093680797398846e+00	1.250233255834716175e+02
5.170000000000000000e+02	2.792916579680538636e+00	1.294313180519861248e+02
5.180000000000000000e+02	2.038372241804130347e+00	1.226271651243741729e+02
5.190000000000000000e+02	2.061895207801868857e+00	1.228392850090851027e+02
5.200000000000000000e+02	1.151626426000213144e+00	1.146308767211893809e+02
5.210000000000000000e+02	1.429233727891429995e+00	1.171342187265189239e+02
5.220000000000000000e+02	2.207072380341934981e+00	1.241484296596711943e+02
5.230000000000000000e+02	1.433167780346996878e+00	1.171696943018949923e+02
5.240000000000000000e+02	1.258093265299803587e+00	1.155909484094253514e+02
5.250000000000000000e+02	1.617327011398883796e+00	1.188303622152412657e+02
5.260000000000000000e+02	2.889339214282110824e+00	1.303008154672855312e+02
5.270000000000000000e+02	1.847590507583763531e+00	1.209067783554749553e+02
5.280000000000000000e+02	1.741128441621031975e+00	1.199467497111163681e+02
5.290000000000000000e+02	1.666371597755825995e+00	1.192726249811156976e+02
5.300000000000000000e+02	1.693411539392513987e+00	1.195164594237245126e+02
5.310000000000000000e+02	1.927797647157381888e+00	1.216300514835738937e+02
5.320000000000000000e+02	2.331344937491769187e+00	1.252690655734368903e+02
5.330000000000000000e+02	1.245222520294063884e+00	1.154748856243571851e+02
5.340000000000000000e+02	2.670658333740681734e+00	1.283288463213286832e+02
5.350000000000000000e+02	1.751495167607758141e+00	1.200402323408725636e+02
5.360000000000000000e+02	1.020121635903774138e+00	1.134450236737091586e+02
5.370000000000000000e+02	1.580696760605814211e+00	1.185000465324355616e+02
5.380000000000000000e+02	1.785146072748478696e+00	1.203436815793552626e+02
5.390000000000000000e+02	1.397807199454380367e+00	1.168508279504759457e+02
5.400000000000000000e+02	1.884057458944965235e+00	1.212356214749710546e+02
5.410000000000000000e+02	1.461635338507891291e+00	1.174264023699027035e+02
5.420000000000000000e+02	1.939208046015450382e+00	1.217329455017224547e+02
5.430000000000000000e+02	1.717271065515202366e+00	1.197316142613792778e+02
5.440000000000000000e+02	1.882790499446958421e+00	1.212241965848157719e+02
5.450000000000000000e+02	2.390665803169012893e+00	1.258039953603361880e+02
5.460000000000000000e+02	2.512895980698500509e+00	1.269062139822669479e+02
5.470000000000000000e+02	2.044921225661583630e+00	1.226862210147304495e+02
5.480000000000000000e+02	1.696354855498497960e+00	1.195430009692561839e+02
5.490000000000000000e+02	7.604233095117103325e-01	1.111031770265133076e+02
5.500000000000000000e+02	1.841431713168813156e+00	1.208512410239418813e+02
5.510000000000000000e+02	2.118106220897424397e+00	1.233461714968885587e+02
5.520000000000000000e+02	1.984521905093971528e+00	1.221415661903068610e+02
5.530000000000000000e+02	2.296977499799349065e+00	1.249591549557950998e+02
5.540000000000000000e+02	1.506916575100452516e+00	1.178347288830858588e+02
5.550000000000000000e+02	1.751752008447610587e+00	1.200425484199479627e+02
5.560000000000000000e+02	1.974195713282948628e+00	1.220484490801317179e+02
5.570000000000000000e+02	1.726987477534200899e+00	1.198192326423892240e+02
5.580000000000000000e+02	1.404009490866951371e+00	1.169067575190305490e+02
5.590000000000000000e+02	1.520450299237116942e+00	1.179567701258379344e+02
5.600000000000000000e+02	3.925848545089763331e+00	1.396476061642520961e+02
5.610000000000000000e+02	1.615737767640491818e+00	1.188160311056847576e+02
5.620000000000000000e+02	1.465363010214967954e+00	1.174600168933782527e+02
5.630000000000000000e+02	2.745064474505548358e+00	1.289998085631797267e+02
5.640000000000000000e+02	2.283954703340672854e+00	1.248417210368031647e+02
5.650000000000000000e+02	1.652366533060713349e+00	1.191463333940436371e+02
5.660000000000000000e+02	2.024858669901352659e+00	1.225053056057094949e+02
5.670000000000000000e+02	1.675727069342542785e+00	1.193569885581655257e+02
5.680000000000000000e+02	2.386475989515410401e+00	1.257662134416254247e+02
5.690000000000000000e+02	2.221525371919277791e+00	1.242787604567062516e+02
5.700000000000000000e+02	1.949103563824408747e+00	1.218221789809101097e+02
5.710000000000000000e+02	1.552693144106572776e+00	1.182475220887119605e+02
5.720000000000000000e+02	2.599196580822557223e+00	1.276844352895017067e+02
5.730000000000000000e+02	2.084759555851759316e+00	1.230454657633658258e+02
5.740000000000000000e+02	1.608836199631543895e+00	1.187537957646770224e+02
5.750000000000000000e+02	1.639707196338398898e+00	1.190321769970011729e+02
5.760000000000000000e+02	1.966391251573816001e+00	1.219780718361170386e+02
5.770000000000000000e+02	1.725214348021558042e+00	1.198032433310143006e+02
5.780000000000000000e+02	1.441521834127474033e+00	1.172450275283662648e+02
5.790000000000000000e+02	1.756040572526520238e+00	1.200812208270789796e+02
5.800000000000000000e+02	1.339854939276956980e+00	1.163282396532027718e+02
5.810000000000000000e+02	1.332035429381293934e+00	1.162577267111816184e+02
5.820000000000000000e+02	2.446585402269410459e+00	1.263082540033745715e+02
5.830000000000000000e+02	1.963881008540175888e+00	1.219554355553460141e+02
5.840000000000000000e+02	1.876770869320453672e+00	1.211699141763576222e+02
5.850000000000000000e+02	2.146262678571827731e+00	1.236000741959077658e+02
5.860000000000000000e+02	1.280612483103345856e+00	1.157940169291318853e+02
5.870000000000000000e+02	1.643307113362718619e+00	1.190646394842675022e+02
5.880000000000000000e+02	2.226970172883792287e+00	1.243278593055919714e+02
5.890000000000000000e+02	1.479620902809847705e+00	1.175885883725759555e+02
5.900000000000000000e+02	1.427478739871568036e+00	1.171183930072419344e+02
5.910000000000000000e+02	1.691877935784054543e+00	1.195026300528598711e+02
5.920000000000000000e+02	1.602794758410880593e+00	1.186993166732504505e+02
5.930000000000000000e+02	2.052177075430585251e+00	1.227516511146858846e+02
5.940000000000000000e+02	2.230431374775270648e+00	1.243590709200734210e+02
5.950000000000000000e+02	1.342126042348504411e+00	1.163487194737215589e+02
5.960000000000000000e+02	2.514214182000952480e+00	1.269181009487459448e+02
5.970000000000000000e+02	1.449985284732448143e+00	1.173213472478589665e+02
5.980000000000000000e+02	1.603862669585246703e+00	1.187089466321259579e+02
5.990000000000000000e+02	2.754518299454596697e+00	1.290850590481084907e+02
6.000000000000000000e+02	1.658021269201264358e+00	1.191973253471128089e+02
6.010000000000000000e+02	1.788831559472948918e+00	1.203769156969904941e+02
6.020000000000000000e+02	2.035152438217295412e+00	1.225981303348966520e+02
6.030000000000000000e+02	1.841721889599350348e+00	1.208538577088870198e+02
6.040000000000000000e+02	1.772326040272900194e+00	1.202280760978453316e+02
6.050000000000000000e+02	1.724735713774486090e+00	1.197989272153800187e+02
6.060000000000000000e+02	1.367358894141690984e+00	1.165762583654503146e+02
6.070000000000000000e+02	1.502628368023702254e+00	1.177960596952451624e+02
6.080000000000000000e+02	1.095696513989217857e+00	1.141265250808050240e+02
6.090000000000000000e+02	1.833233237694352979e+00	1.207773107350227377e+02
6.100000000000000000e+02	1.641062951088256616e+00	1.190444026041488428e+02
6.110000000000000000e+02	1.226727234436345348e+00	1.153081031742098759e+02
6.120000000000000000e+02	1.392232288315607747e+00	1.168005558245823039e+02
6.130000000000000000e+02	1.392904464974022094e+00	1.168066172215720258e+02
6.140000000000000000e+02	2.543123002885212092e+00	1.271787881322281493e+02
6.150000000000000000e+02	2.437650905043164951e+00	1.262276865901596068e+02
6.160000000000000000e+02	2.012740901739726418e+00	1.223960328385913954e+02
6.170000000000000000e+02	1.926114919423847383e+00	1.216148773761560022e+02
6.180000000000000000e+02	2.631063163888818668e+00	1.279717942869511091e+02
6.190000000000000000e+02	1.968059613970755795e+00	1.219931164031724506e+02
6.200000000000000000e+02	1.888786115868571036e+00	1.212782624481191505e+02
6.210000000000000000e+02	2.354909583349762858e+00	1.254815613090142961e+02
6.220000000000000000e+02	1.257401683598331488e+00	1.155847120261904024e+02
6.230000000000000000e+02	1.464668005494178749e+00	1.174537496428426806e+02
6.240000000000000000e+02	1.749749253102985458e+00	1.200244884426114709e+02
6.250000000000000000e+02	1.360959183331404532e+00	1.165185485545620310e+02
6.260000000000000000e+02	2.470113295326854530e+00	1.265204183181687085e+02
6.270000000000000000e+02	1.261352793136932604e+00	1.156203414149285891e+02
6.280000000000000000e+02	1.355890800251170258e+00	1.164728440785723222e+02
6.290000000000000000e+02	1.527932972447784365e+00	1.180242456210169451e+02
6.300000000000000000e+02	1.601891687087026561e+00	1.186911731685104456e+02
6.310000000000000000e+02	2.119700525130559843e+00	1.233605482396071125e+02
6.320000000000000000e+02	1.238210654649748221e+00	1.154116556672070715e+02
6.330000000000000000e+02	3.062014135298461337e+00	1.318579228636053244e+02
6.340000000000000000e+02	1.062532620769088609e+00	1.138274675041756296e+02
6.350000000000000000e+02	1.680939724951229453e+00	1.194039940211185638e+02
6.360000000000000000e+02	2.429573303169395793e+00	1.261548462868420160e+02
6.370000000000000000e+02	9.676586194579874789e-01	1.129719349908815929e+02
6.380000000000000000e+02	2.254176535804674142e+00	1.245731944630179555e+02
6.390000000000000000e+02	2.198068523191393453e+00	1.240672367888014946e+02
6.400000000000000000e+02	1.418550341927899527e+00	1.170378805947066212e+02
6.410000000000000000e+02	2.029041752214067351e+00	1.225430268241134399e+02
6.420000000000000000e+02	1.843175284075854181e+00	1.208669637886571167e+02
6.430000000000000000e+02	1.641610151532853168e+00	1.190493370199547627e+02
6.440000000000000000e+02	2.947795129689312787e+00	1.308279455085413758e+02
6.450000000000000000e+02	1.430792189662821290e+00	1.171482722574939572e+02
6.460000000000000000e+02	1.887721488311470797e+00	1.212686620994771403e+02
6.470000000000000000e+02	1.515342991714488274e+00	1.179107146461425941e+02
6.480000000000000000e+02	1.023905409786400877e+00	1.134791441022228184e+02
6.490000000000000000e+02	1.452269332800598001e+00	1.173419438007314568e+02
6.500000000000000000e+02	1.038162788319223262e+00	1.136077109458322951e+02
6.510000000000000000e+02	1.412808109797839329e+00	1.169860996408282290e+02
6.520000000000000000e+02	1.689393837511117491e+00	1.194802295341788323e+02
6.530000000000000000e+02	1.705374342742381977e+00	1.196243347855150887e+02
6.540000000000000000e+02	1.807698349849215624e+00	1.205470482134369092e+02
6.550000000000000000e+02	2.125111385122633756e+00	1.234093410235535089e+02
6.560000000000000000e+02	1.820484812672166441e+00	1.206623509784081989e+02
6.570000000000000000e+02	1.440612088580399019e+00	1.172368238383817527e+02
6.580000000000000000e+02	1.550431070954114698e+00	1.182271236960792749e+02
6.590000000000000000e+02	1.545944008721583440e+00	1.181866613188626189e+02
6.600000000000000000e+02	1.721417197312038461e+00	1.197690022760890542e+02
6.610000000000000000e+02	1.910503194393563975e+00	1.214740976244069799e+02
6.620000000000000000e+02	2.804039224381747797e+00	1.295316172282009006e+02
6.630000000000000000e+02	2.175734010393575169e+00	1.238658338585671288e+02
6.640000000000000000e+02	1.346650580051285573e+00	1.163895197884427830e+02
6.650000000000000000e+02	1.243822402340357458e+00	1.154622599691166727e+02
6.660000000000000000e+02	1.550835079815522821e+00	1.182307668724164955e+02
6.670000000000000000e+02	1.741709327943038677e+00	1.199519878915255049e+02
6.680000000000000000e+02	2.590958880235961548e+00	1.276101512855678521e+02
6.690000000000000000e+02	2.557569754288061770e+00	1.273090626580815012e+02
6.700000000000000000e+02	1.859563538632206248e+00	1.210147459462065029e+02
6.710000000000000000e+02	1.833290818091459551e+00	1.207778299700204485e+02
6.720000000000000000e+02	1.195439266385458499e+00	1.150259618755134596e+02
6.730000000000000000e+02	1.831458580608540609e+00	1.207613076486568389e+02
6.740000000000000000e+02	1.017565483766502243e+00	1.134219734045928476e+02
6.750000000000000000e+02	1.196071272097372518e+00	1.150316610283652210e+02
6.760000000000000000e+02	2.798414387489210231e+00	1.294808948935566377e+02
6.770000000000000000e+02	2.397374787037232391e+00	1.258644940612564227e+02
6.780000000000000000e+02	1.857314309606521441e+00	1.209944633763272464e+02
6.790000000000000000e+02	2.189590713144056178e+00	1.239907875820979086e+02
6.800000000000000000e+02	3.053990096526202791e+00	1.317855655690595995e+02
6.810000000000000000e+02	1.807205769378817939e+00	1.205426063368214500e+02
6.820000000000000000e+02	1.881853264476740506e+00	1.212157450071597680e+02
6.830000000000000000e+02	3.776932808492623028e+00	1.383047487677117999e+02
6.840000000000000000e+02	1.987286136744312870e+00	1.221664928300444188e+02
6.850000000000000000e+02	1.359786502270059039e+00	1.165079738263768547e+02
6.860000000000000000e+02	1.449906873854009071e+00	1.173206401726331620e+02
6.870000000000000000e+02	1.931093177318417675e+00	1.216597691423881713e+02
6.880000000000000000e+02	2.692030399291036158e+00	1.285215703205476245e+02
6.890000000000000000e+02	1.821230207186974592e+00	1.206690726222077359e+02
6.900000000000000000e+02	1.542455245598202795e+00	1.181552011691694872e+02
6.910000000000000000e+02	1.457804066136497934e+00	1.173918536206593330e+02
6.920000000000000000e+02	2.425802000159770877e+00	1.261208383152414712e+02
6.930000000000000000e+02	2.391042704457246426e+00	1.258073940923589760e+02
6.940000000000000000e+02	1.148301523057490003e+00	1.146008941913947439e+02
6.950000000000000000e+02	1.040571094626164816e+00	1.136294280055018220e+02
6.960000000000000000e+02	1.027227603942977074e+00	1.135091022053611738e+02
6.970000000000000000e+02	1.721819800630332908e+00	1.197726327778492958e+02
6.980000000000000000e+02	1.466123098486930676e+00	1.174668710390941584e+02
6.990000000000000000e+02	1.718863395899875801e+00	1.197459732047902037e+02
7.000000000000000000e+02	1.334827238970863084e+00	1.162829020367902757e+02
7.010000000000000000e+02	1.658497785819177617e+00	1.192016223668876194e+02
7.020000000000000000e+02	1.590208205509822115e+00	1.185858166090775399e+02
7.030000000000000000e+02	2.461467467995142044e+00	1.264424540046119319e+02
7.040000000000000000e+02	1.617972822436406943e+00	1.188361858585198263e+02
7.050000000000000000e+02	2.846686732382464058e+00	1.299161939215137238e+02
7.060000000000000000e+02	1.373155276079303322e+00	1.166285276187606854e+02
7.070000000000000000e+02	1.199550752334516357e+00	1.150630374690244366e+02
7.080000000000000000e+02	1.675871013591927916e+00	1.193582865848509016e+02
7.090000000000000000e+02	1.185034668500350996e+00	1.149321377334361074e+02
7.100000000000000000e+02	2.470013058693339314e+00	1.265195144277687120e+02
7.110000000000000000e+02	2.012369268560070257e+00	1.223926816120823275e+02
7.120000000000000000e+02	2.526609223239086877e+00	1.270298740439701248e+02
7.130000000000000000e+02	2.183574505315091674e+00	1.239365360344317111e+02
7.140000000000000000e+02	1.203473745423833119e+00	1.150984133158418672e+02
7.150000000000000000e+02	1.553015611128351292e+00	1.182504299561760064e+02
7.160000000000000000e+02	1.019286042922660007e+00	1.134374886593391096e+02
7.170000000000000000e+02	2.010831142044774644e+00	1.223788114556094229e+02
7.180000000000000000e+02	1.519626869863395680e+00	1.179493447975932696e+02
7.190000000000000000e+02	3.536506462356221459e+00	1.361366884632065535e+02
7.200000000000000000e+02	1.899061592077265992e+00	1.213709222270325654e+02
7.210000000000000000e+02	2.598739108050866609e+00	1.276803099988560177e+02
7.220000000000000000e+02	1.595007555957673961e+00	1.186290950657051440e+02
7.230000000000000000e+02	2.399601666024949953e+00	1.258845750882062191e+02
7.240000000000000000e+02	2.137554192688766896e+00	1.235215448547651818e+02
7.250000000000000000e+02	1.996054221508834381e+00	1.222455596079994109e+02
7.260000000000000000e+02	2.349512493796462653e+00	1.254328927009003820e+02
7.270000000000000000e+02	1.821863501884835479e+00	1.206747833985745899e+02
7.280000000000000000e+02	1.671880875105748343e+00	1.193223052500247405e+02
7.290000000000000000e+02	1.299039752091001532e+00	1.159601860327038878e+02
7.300000000000000000e+02	1.612876401049411879e+00	1.187902285452647106e+02
7.310000000000000000e+02	2.855388148850544372e+00	1.299946595137442387e+02
7.320000000000000000e+02	2.029554502933149873e+00	1.225476505872659203e+02
7.330000000000000000e+02	1.512571683685875357e+00	1.178857241947010266e+02
7.340000000000000000e+02	1.432712774389458321e+00	1.171655912559072874e+02
7.350000000000000000e+02	1.978580178425339398e+00	1.220879862813763452e+02
7.360000000000000000e+02	1.819073334330552072e+00	1.206496228801265431e+02
7.370000000000000000e+02	1.719138229692978248e+00	1.197484515364985782e+02
7.380000000000000000e+02	1.438872253459957395e+00	1.172211347613665708e+02
7.390000000000000000e+02	2.537196988126417363e+00	1.271253499064724508e+02
7.400000000000000000e+02	2.582331347021557644e+00	1.275323519404106491e+02
7.410000000000000000e+02	1.207005536144577285e+00	1.151302614697090121e+02
7.420000000000000000e+02	1.205711701247810907e+00	1.151185942288872752e+02
7.430000000000000000e+02	1.006468353848520403e+00	1.133219043096049603e+02
7.440000000000000000e+02	2.506640452767391558e+00	1.268498043499238008e+02
7.450000000000000000e+02	2.010782312239979053e+00	1.223783711296503327e+02
7.460000000000000000e+02	2.571617054883640563e+00	1.274357351101490110e+02
7.470000000000000000e+02	1.346238295116112926e+00	1.163858019820689833e+02
7.480000000000000000e+02	1.956047874182417656e+00	1.218847997538466359e+02
7.490000000000000000e+02	1.216053466847043296e+00	1.152118517767163866e+02
7.500000000000000000e+02	1.367796445764523972e+00	1.165802040158329902e+02
7.510000000000000000e+02	3.073309583775391651e+00	1.319597803091721460e+02
7.520000000000000000e+02	1.102562060310873004e+00	1.141884355938911284e+02
7.530000000000000000e+02	9.641119208172501676e-01	1.129399524038706630e+02
7.540000000000000000e+02	2.964824247698334858e+00	1.309815066941992541e+02
7.550000000000000000e+02	1.296977557442227091e+00	1.159415900575538245e+02
7.560000000000000000e+02	1.684136026020997878e+00	1.194328168751109587e+02
7.570000000000000000e+02	2.503914561363218994e+00	1.268252234458641965e+02
7.580000000000000000e+02	1.917705314197553523e+00	1.215390432108880105e+02
7.590000000000000000e+02	2.726079375960456019e+00	1.288286091950814409e+02
7.600000000000000000e+02	1.859243399489510562e+00	1.210118590705443751e+02
7.610000000000000000e+02	1.731735031933018920e+00	1.198620440247562584e+02
7.620000000000000000e+02	2.118114308970879822e+00	1.233462444316200504e+02
7.630000000000000000e+02	3.040210960504131865e+00	1.316613113085765008e+02
7.640000000000000000e+02	4.724119081507333284e+00	1.468460629476911663e+02
7.650000000000000000e+02	1.304749939965679895e+00	1.160116780254130902e+02
7.660000000000000000e+02	1.810486377457263263e+00	1.205721894347797871e+02
7.670000000000000000e+02	3.264283716131618718e+00	1.336819020408477741e+02
7.680000000000000000e+02	1.674181708157987725e+00	1.193430531625892996e+02
7.690000000000000000e+02	2.028325821589820777e+00	1.225365708728745204e+02
7.700000000000000000e+02	1.763891206605315620e+00	1.201520144334576088e+02
7.710000000000000000e+02	2.606613065641698146e+00	1.277513139265302016e+02
7.720000000000000000e+02	2.587465331837897065e+00	1.275786479843472137e+02
7.730000000000000000e+02	1.852855146054889213e+00	1.209542525772906600e+02
7.740000000000000000e+02	1.918293808763529285e+00	1.215443499991348517e+02
7.750000000000000000e+02	3.074972287467489185e+00	1.319747738484864499e+02
7.760000000000000000e+02	1.067611306793024628e+00	1.138732648876341500e+02
7.770000000000000000e+02	1.716787141173518716e+00	1.197272504419707531e+02
7.780000000000000000e+02	2.406555622967556207e+00	1.259472828498504100e+02
7.790000000000000000e+02	1.444223908024762970e+00	1.172693936564994459e+02
7.800000000000000000e+02	1.172420424170318665e+00	1.148183879599909005e+02
7.810000000000000000e+02	1.976673449985054454e+00	1.220707922329316517e+02
7.820000000000000000e+02	1.866969795480389882e+00	1.210815323518378079e+02
7.830000000000000000e+02	1.656722403900025897e+00	1.191856127442896707e+02
7.840000000000000000e+02	2.122449635177893867e+00	1.233853385193003476e+02
7.850000000000000000e+02	1.366082834343029573e+00	1.165647514127385591e+02
7.860000000000000000e+02	1.442420001026964549e+00	1.172531268071387416e+02
7.870000000000000000e+02	1.989171135902441989e+00	1.221834909332658015e+02
7.880000000000000000e+02	1.712226424180502304e+00	1.196861238781330741e+02
7.890000000000000000e+02	2.235889893624036340e+00	1.244082934708777657e+02
7.900000000000000000e+02	2.523364341991560789e+00	1.270006131150467894e+02
7.910000000000000000e+02	1.481724798379821628e+00	1.176075603885109331e+02
7.920000000000000000e+02	2.999219877491585695e+00	1.312916715359545776e+02
7.930000000000000000e+02	2.450661076153021867e+00	1.263450066592426424e+02
7.940000000000000000e+02	1.406516490208332471e+00	1.169293645495944247e+02
7.950000000000000000e+02	2.055198935307885666e+00	1.227789009338135884e+02
7.960000000000000000e+02	1.818358470911193736e+00	1.206431765524775273e+02
7.970000000000000000e+02	2.166515281823665262e+00	1.237827033706168152e+02
7.980000000000000000e+02	1.530846531227727958e+00	1.180505188279143880e+02
7.990000000000000000e+02	1.981534876968892744e+00	1.221146304687834316e+02
8.000000000000000000e+02	3.117064470849174374e+00	1.323543428657189054e+02
8.010000000000000000e+02	1.627373583733251916e+00	1.189209578384935071e+02
8.020000000000000000e+02	2.005776636171593186e+00	1.223332321182421509e+02
8.030000000000000000e+02	1.765937011762620523e+00	1.201704626152961737e+02
8.040000000000000000e+02	1.670609277776611945e+00	1.193108385379238428e+02
8.050000000000000000e+02	2.785364804886816259e+00	1.293632194287614254e+02
8.060000000000000000e+02	2.499691190610482838e+00	1.267871389238167552e+02
8.070000000000000000e+02	2.237998638561521592e+00	1.244273092163014951e+02
8.080000000000000000e+02	2.831127061282941337e+00	1.297758835694905883e+02
8.090000000000000000e+02	2.403984739034080942e+00	1.259240997357981087e+02
8.100000000000000000e+02	1.133182314952749348e+00	1.144645557432412915e+02
8.110000000000000000e+02	2.610695626538445335e+00	1.277881286864897561e+02
8.120000000000000000e+02	2.662273794101049251e+00	1.282532381866281526e+02
8.130000000000000000e+02	1.313742242110762515e+00	1.160927666982651516e+02
8.140000000000000000e+02	1.338710151242160862e+00	1.163179164522092037e+02
8.150000000000000000e+02	1.676724567509604524e+00	1.193659835631413841e+02
8.160000000000000000e+02	2.036072618611703966e+00	1.226064281217996381e+02
8.170000000000000000e+02	1.171529514056795396e+00	1.148103541197606177e+02
8.180000000000000000e+02	1.237948077518795209e+00	1.154092878607514194e+02
8.190000000000000000e+02	1.757374142125322836e+00	1.200932463781756923e+02
8.200000000000000000e+02	1.063516636675885918e+00	1.138363409319875643e+02
8.210000000000000000e+02	2.138544515703763249e+00	1.235304751573379036e+02
8.220000000000000000e+02	1.786387357985670832e+00	1.203548749501840831e+02
8.230000000000000000e+02	2.326451470101851271e+00	1.252249384111272690e+02
8.240000000000000000e+02	1.446703967087139553e+00	1.172917577513350409e+02
8.250000000000000000e+02	1.544409597876506002e+00	1.181728246686889747e+02
8.260000000000000000e+02	1.990720739114291593e+00	1.221974645816006557e+02
8.270000000000000000e+02	1.943912971066420248e+00	1.217753724711565440e+02
8.280000000000000000e+02	1.340934595370477211e+00	1.163379755226550714e+02
8.290000000000000000e+02	1.799139275464491039e+00	1.204698662002547849e+02
8.300000000000000000e+02	2.075622681633742417e+00	1.229630734023884600e+02
8.310000000000000000e+02	2.145260734673005043e+00	1.235910391012549212e+02
8.320000000000000000e+02	2.245249630231692439e+00	1.244926955080329236e+02
8.330000000000000000e+02	2.381713703437174257e+00	1.257232692153755096e+02
8.340000000000000000e+02	1.350681478004489344e+00	1.164258686744292390e+02
8.350000000000000000e+02	2.149838528759550726e+00	1.236323196589006557e+02
8.360000000000000000e+02	2.033775010479094369e+00	1.225857092901588032e+02
8.370000000000000000e+02	1.873760465788073537e+00	1.211427676655696928e+02
8.380000000000000000e+02	2.546456334163305080e+00	1.272088466650883447e+02
8.390000000000000000e+02	1.903265827735581617e+00	1.214088341971142881e+02
8.400000000000000000e+02	1.942574772294200613e+00	1.217633051761857246e+02
8.410000000000000000e+02	1.744914751489382354e+00	1.199808930080471896e+02
8.420000000000000000e+02	8.935792906435913174e-01	1.123039197971733074e+02
8.430000000000000000e+02	1.435862939515064163e+00	1.171939980760050730e+02
8.440000000000000000e+02	1.464837938551188934e+00	1.174552820253009600e+02
8.450000000000000000e+02	1.275218488193087696e+00	1.157453762271640585e+02
8.460000000000000000e+02	1.168486793209324137e+00	1.147829161854697020e+02
8.470000000000000000e+02	1.863077243171787467e+00	1.210464310067518454e+02
8.480000000000000000e+02	2.026899318391559568e+00	1.225237072869651627e+02
8.490000000000000000e+02	2.567028535430505798e+00	1.273943578358084210e+02
8.500000000000000000e+02	2.094974052791297225e+00	1.231375756577304657e+02
8.510000000000000000e+02	1.390468079776763455e+00	1.167846469586722122e+02
8.520000000000000000e+02	1.579561808453722183e+00	1.184898120271577255e+02
8.530000000000000000e+02	1.442694218170448739e+00	1.172555995781688551e+02
8.540000000000000000e+02	1.747554667014833418e+00	1.200046986189960450e+02
8.550000000000000000e+02	2.025846389647962376e+00	1.225142124331392353e+02
8.560000000000000000e+02	1.877557654801698561e+00	1.211770090659047128e+02
8.570000000000000000e+02	2.457147581732206820e+00	1.264034991476374188e+02
8.580000000000000000e+02	1.785073465197750231e+00	1.203430268360167190e+02
8.590000000000000000e+02	1.452642801035419318e+00	1.173453115749705233e+02
8.600000000000000000e+02	1.732148202754410171e+00	1.198657698196669799e+02
8.610000000000000000e+02	2.115801761162497741e+00	1.233253908804756236e+02
8.620000000000000000e+02	2.127275736148265484e+00	1.234288582005147390e+02
8.630000000000000000e+02	1.027044977283796179e+00	1.135074553575149281e+02
8.640000000000000000e+02	1.661765749289116023e+00	1.192310914412615546e+02
8.650000000000000000e+02	1.536256318642993168e+00	1.180993019398292319e+02
8.660000000000000000e+02	1.599160450877598727e+00	1.186665440673198049e+02
8.670000000000000000e+02	1.863848186318671996e+00	1.210533830370124662e+02
8.680000000000000000e+02	1.762468537210247099e+00	1.201391854191193289e+02
8.690000000000000000e+02	1.221218973557845366e+00	1.152584320713983601e+02
8.700000000000000000e+02	2.193641034939432188e+00	1.240273116238518298e+02
8.710000000000000000e+02	1.712256082030888082e+00	1.196863913197390730e+02
8.720000000000000000e+02	2.437622656933921661e+00	1.262274318609865702e+02
8.730000000000000000e+02	1.715161911158419983e+00	1.197125948239902442e+02
8.740000000000000000e+02	1.010370363694717000e+00	1.133570909386548777e+02
8.750000000000000000e+02	1.609693896877803621e+00	1.187615301057040398e+02
8.760000000000000000e+02	1.784066107145165336e+00	1.203339429188781509e+02
8.770000000000000000e+02	2.228900857415766712e+00	1.243452693796606354e+02
8.780000000000000000e+02	2.162898251617767720e+00	1.237500865641161027e+02
8.790000000000000000e+02	1.752304945350288801e+00	1.200475345646399035e+02
8.800000000000000000e+02	1.810741649530086317e+00	1.205744913673958649e+02
8.810000000000000000e+02	1.350645867862846572e+00	1.164255475576474197e+02
8.820000000000000000e+02	2.242816282809014794e+00	1.244707526384641056e+02
8.830000000000000000e+02	1.584431097262687160e+00	1.185337211575319003e+02
8.840000000000000000e+02	2.080701861468248648e+00	1.230088752388161026e+02
8.850000000000000000e+02	1.647008748307462023e+00	1.190980192195354164e+02
8.860000000000000000e+02	1.422404996972862268e+00	1.170726401987385401e+02
8.870000000000000000e+02	2.359090118299807415e+00	1.255192595564087128e+02
8.880000000000000000e+02	1.733854595789313890e+00	1.198811573304881222e+02
8.890000000000000000e+02	2.453730952059173021e+00	1.263726894660516109e+02
8.900000000000000000e+02	1.734863411024784918e+00	1.198902543878686942e+02
8.910000000000000000e+02	1.514079268087928920e+00	1.178993189356697684e+02
8.920000000000000000e+02	2.510787463397994301e+00	1.268872002895745652e+02
8.930000000000000000e+02	2.257652090126047728e+00	1.246045355014748850e+02
8.940000000000000000e+02	2.260654355077934774e+00	1.246316086220808188e+02
8.950000000000000000e+02	3.345299942865334053e+00	1.344124711653417990e+02
8.960000000000000000e+02	3.702498127577887654e+00	1.376335291631922644e+02
8.970000000000000000e+02	2.925955045280998590e+00	1.306310011186538986e+02
8.980000000000000000e+02	2.630739276862341658e+00	1.279688736145018026e+02
8.990000000000000000e+02	2.604831779673381753e+00	1.277352510637826839e+02
9.000000000000000000e+02	1.540370148346118961e+00	1.181363986682958398e+02
9.010000000000000000e+02	3.209228802733133712e+00	1.331854407576924473e+02
9.020000000000000000e+02	2.728704823756871178e+00	1.288522843423372706e+02
9.030000000000000000e+02	2.075211298176070418e+00	1.229593637251470000e+02
9.040000000000000000e+02	1.224714373528048572e+00	1.152899520692918856e+02
9.050000000000000000e+02	2.517590705016935271e+00	1.269485489659280972e+02
9.060000000000000000e+02	1.157753707478920591e+00	1.146861298827583653e+02
9.070000000000000000e+02	2.090102097060414721e+00	1.230936424782134395e+02
9.080000000000000000e+02	1.313642806108783923e+00	1.160918700276124014e+02
9.090000000000000000e+02	1.724900595691240879e+00	1.198004140488506124e+02
9.100000000000000000e+02	1.999465324037890568e+00	1.222763194482028268e+02
9.110000000000000000e+02	1.681765730193249819e+00	1.194114425774241255e+02
9.120000000000000000e+02	1.943482691084124525e+00	1.217714923932681330e+02
9.130000000000000000e+02	1.578300555023448792e+00	1.184784385918415097e+02
9.140000000000000000e+02	2.457804452696791930e+00	1.264094225245317773e+02
9.150000000000000000e+02	1.615896482153421854e+00	1.188174623241879004e+02
9.160000000000000000e+02	1.274315963868783541e+00	1.157372376550282667e+02
9.170000000000000000e+02	2.447564958362114407e+00	1.263170872145211661e+02
9.180000000000000000e+02	1.762636997634063674e+00	1.201407045220114469e+02
9.190000000000000000e+02	1.812368587758728555e+00	1.205891623893037519e+02
9.200000000000000000e+02	2.266446103919011801e+00	1.246838360961400838e+02
9.210000000000000000e+02	2.249858447361503977e+00	1.245342558180007870e+02
9.220000000000000000e+02	1.926616018312538037e+00	1.216193960681656705e+02
9.230000000000000000e+02	2.175852733666684191e+00	1.238669044534490240e+02
9.240000000000000000e+02	1.615342958536878148e+00	1.188124708887652901e+02
9.250000000000000000e+02	2.169229332038039360e+00	1.238071774959727804e+02
9.260000000000000000e+02	1.186742394022162195e+00	1.149475372600450953e+02
9.270000000000000000e+02	2.743370234454789003e+00	1.289845306426881564e+02
9.280000000000000000e+02	3.891260872851239672e+00	1.393357095671834713e+02
9.290000000000000000e+02	1.667385282578829120e+00	1.192817659503204055e+02
9.300000000000000000e+02	1.578917705205323152e+00	1.184840037839793183e+02
9.310000000000000000e+02	2.934514549666565220e+00	1.307081870093967382e+02
9.320000000000000000e+02	2.061353187608611748e+00	1.228343973065345125e+02
9.330000000000000000e+02	2.357157470714756009e+00	1.255018317803804990e+02
9.340000000000000000e+02	2.421030573991404200e+00	1.260778116676308827e+02
9.350000000000000000e+02	1.528475325793092754e+00	1.180291363277879526e+02
9.360000000000000000e+02	1.727565243027593622e+00	1.198244426805221678e+02
9.370000000000000000e+02	1.354949720023983950e+00	1.164643578260600520e+02
9.380000000000000000e+02	1.399247148233725424e+00	1.168638127827923086e+02
9.390000000000000000e+02	2.112640580638337262e+00	1.232968847283007676e+02
9.400000000000000000e+02	1.800046455532890555e+00	1.204780467558675241e+02
9.410000000000000000e+02	2.071062630401813820e+00	1.229219528420949246e+02
9.420000000000000000e+02	2.064145679872655847e+00	1.228595787882048995e+02
9.430000000000000000e+02	9.634009071527189771e-01	1.129335407916376397e+02
9.440000000000000000e+02	1.675237833741757942e+00	1.193525768441306099e+02
9.450000000000000000e+02	2.956282985566183630e+00	1.309044853041699525e+02
9.460000000000000000e+02	1.136895888982238256e+00	1.144980431399869332e+02
9.470000000000000000e+02	1.646751089104391941e+00	1.190956957608161702e+02
9.480000000000000000e+02	1.258114748533719629e+00	1.155911421358925821e+02
9.490000000000000000e+02	1.779150926193259874e+00	1.202896199531028429e+02
9.500000000000000000e+02	9.639227613890892776e-01	1.129382466463527948e+02
9.510000000000000000e+02	1.077048488404784843e+00	1.139583652901801258e+02
9.520000000000000000e+02	1.963480548125994485e+00	1.219518243773637920e+02
9.530000000000000000e+02	2.015884091706929837e+00	1.224243767597419748e+02
9.540000000000000000e+02	1.558385287670577268e+00	1.182988513656692362e+02
9.550000000000000000e+02	1.870011807901509560e+00	1.211089638978477439e+02
9.560000000000000000e+02	2.256192155051448101e+00	1.245913704414335825e+02
9.570000000000000000e+02	2.199951380297608061e+00	1.240842155759296048e+02
9.580000000000000000e+02	1.433789320782679511e+00	1.171752990834337140e+02
9.590000000000000000e+02	2.993163902021960698e+00	1.312370613809871713e+02
9.600000000000000000e+02	1.556308967530629639e+00	1.182801280129784800e+02
9.610000000000000000e+02	1.269786965599395412e+00	1.156963971168558771e+02
9.620000000000000000e+02	2.209142551487829120e+00	1.241670975634058181e+02
9.630000000000000000e+02	1.846772445116852124e+00	1.208994014236635479e+02
9.640000000000000000e+02	1.469982468007096532e+00	1.175016731562146504e+02
9.650000000000000000e+02	2.630578937704769249e+00	1.279674277456593217e+02
9.660000000000000000e+02	2.640201511977394500e+00	1.280541999386526584e+02
9.670000000000000000e+02	1.414090548527254576e+00	1.169976641159653639e+02
9.680000000000000000e+02	2.347899315771110107e+00	1.254183457625258313e+02
9.690000000000000000e+02	1.701976753103249251e+00	1.195936967986805541e+02
9.700000000000000000e+02	2.184541698799285836e+00	1.239452577649473284e+02
9.710000000000000000e+02	1.317917763984958412e+00	1.161304197399201712e+02
9.720000000000000000e+02	2.411381378392262409e+00	1.259907994150841546e+02
9.730000000000000000e+02	2.017156748138418276e+00	1.224358530223676098e+02
9.740000000000000000e+02	1.898066855606040049e+00	1.213619521258295748e+02
9.750000000000000000e+02	2.620821310613208333e+00	1.278794377050363380e+02
9.760000000000000000e+02	2.087667501373669854e+00	1.230716883523417380e+02
9.770000000000000000e+02	1.226961304229112759e+00	1.153102139138785276e+02
9.780000000000000000e+02	1.812390241830361015e+00	1.205893576563112646e+02
9.790000000000000000e+02	1.594892111748691610e+00	1.186280540399985028e+02
9.800000000000000000e+02	2.162717647197012205e+00	1.237484579519371550e+02
9.810000000000000000e+02	1.763593537616017226e+00	1.201493301838736869e+02
9.820000000000000000e+02	1.900255656228964973e+00	1.213816897786338416e+02
9.830000000000000000e+02	3.016321955916440256e+00	1.314458906469351405e+02
9.840000000000000000e+02	1.632434433907051119e+00	1.189665943860066335e+02
9.850000000000000000e+02	1.249848252203675791e+00	1.155165984644584256e+02
9.860000000000000000e+02	1.387623750017548341e+00	1.167589980289980076e+02
9.870000000000000000e+02	1.602599118827319868e+00	1.186975524805073405e+02
9.880000000000000000e+02	1.876277659324070424e+00	1.211654666229504045e+02
9.890000000000000000e+02	2.001248836073629800e+00	1.222924023846589563e+02
9.900000000000000000e+02	1.980307507290616664e+00	1.221035625824174531e+02
9.910000000000000000e+02	1.225514832875241877e+00	1.152971702638196803e+02
9.920000000000000000e+02	2.151264156461163424e+00	1.236451753499617325e+02
9.930000000000000000e+02	1.857049440738085089e+00	1.209920749039789172e+02
9.940000000000000000e+02	1.861927250047893612e+00	1.210360608685268318e+02
9.950000000000000000e+02	2.033130181944014403e+00	1.225798945066602954e+02
9.960000000000000000e+02	2.431288151940846021e+00	1.261703100478206068e+02
9.970000000000000000e+02	1.495800986871151039e+00	1.177344933390681376e+02
9.980000000000000000e+02	1.632040101107315344e+00	1.189630384641885428e+02
9.990000000000000000e+02	1.913547841727969878e+00	1.215015529309198428e+02
