POISSON BOLTZMANN:
Frame #,BOND,ANGLE,DIHED,UB,IMP,CMAP,VDWAALS,EEL,1-4 VDW,1-4 EEL,EPB,ENPOLAR,EDISPER,G gas,G solv,TOTAL
0,500.6283,1442.7912,-1141.4677,0.0,0.0,0.0,-1259.1973,-16028.3683,620.5542,11773.5643,-2025.1512,1239.1669,-750.0337,-4091.4952999999987,-1536.018,-5627.513299999999
1,559.6584,1485.9921,-1088.2731,0.0,0.0,0.0,-1251.2882,-16155.5839,614.4644,11765.9406,-1949.915,1241.8081,-754.4121,-4069.0896999999986,-1462.519,-5531.608699999999
2,483.2798,1435.5569,-1085.3909,0.0,0.0,0.0,-1265.0639,-16124.4377,633.5585,11789.7849,-2003.3255,1232.859,-748.3597,-4132.712400000002,-1518.8262,-5651.538600000003
3,511.4133,1445.091,-1080.4051,0.0,0.0,0.0,-1276.8412,-16075.0239,607.2478,11793.8746,-2012.0403,1236.8894,-736.666,-4074.6435,-1511.8168999999998,-5586.4604
4,535.7218,1437.3824,-1119.1744,0.0,0.0,0.0,-1275.865,-16094.4401,619.298,11700.8554,-1941.4112,1237.0312,-755.6951,-4196.221899999999,-1460.0751,-5656.297
5,487.5594,1415.9008,-1097.593,0.0,0.0,0.0,-1268.2604,-16079.4538,624.8141,11786.5285,-1983.4979,1243.1784,-755.8327,-4130.504399999998,-1496.1522,-5626.656599999998
6,502.2252,1438.885,-1064.159,0.0,0.0,0.0,-1268.4563,-16039.809,613.0322,11713.3179,-2020.7835,1238.7747,-757.402,-4104.964,-1539.4108,-5644.3748
7,534.6169,1430.6473,-1102.952,0.0,0.0,0.0,-1276.8007,-16145.7374,623.0224,11765.9887,-1922.836,1229.4948,-743.8654,-4171.214800000002,-1437.2066,-5608.421400000002
8,492.2041,1388.5656,-1069.6987,0.0,0.0,0.0,-1291.3728,-16076.5161,594.7001,11728.7683,-1952.0684,1238.1935,-753.9851,-4233.349500000002,-1467.8600000000001,-5701.209500000002
9,516.856,1446.2118,-1108.0731,0.0,0.0,0.0,-1261.8555,-16239.1042,602.2796,11739.8899,-1856.1826,1231.81,-743.3942,-4303.7955,-1367.7668,-5671.5623000000005
10,511.7233,1412.1695,-1080.634,0.0,0.0,0.0,-1285.0961,-16192.9963,611.6047,11832.7161,-1908.6447,1237.206,-748.2795,-4190.512800000002,-1419.7182000000003,-5610.231000000002
11,533.8738,1407.5711,-1077.4787,0.0,0.0,0.0,-1254.6176,-15948.8905,603.4779,11780.0611,-2132.8644,1247.1805,-755.9187,-3956.0028999999995,-1641.6026,-5597.6055
12,505.9091,1419.9703,-1081.0674,0.0,0.0,0.0,-1258.6731,-16177.9775,616.6375,11893.0124,-1986.1921,1240.178,-752.9538,-4082.188699999999,-1498.9678999999999,-5581.156599999999
13,495.2288,1453.9489,-1093.7041,0.0,0.0,0.0,-1267.344,-16113.1864,614.4929,11781.7248,-1992.6951,1235.0845,-747.2552,-4128.839099999999,-1504.8658,-5633.704899999999
14,496.8317,1403.8357,-1086.2428,0.0,0.0,0.0,-1255.703,-15958.9199,611.446,11787.7824,-2124.885,1243.391,-752.5817,-4000.9699,-1634.0757,-5635.0456
15,501.171,1427.7235,-1069.2388,0.0,0.0,0.0,-1260.8819,-16010.9743,614.895,11774.2843,-2095.9575,1235.5003,-749.6372,-4023.021199999999,-1610.0944,-5633.1156
16,483.798,1344.784,-1047.064,0.0,0.0,0.0,-1275.4909,-16143.8309,604.4115,11854.7966,-1988.9108,1241.8412,-747.752,-4178.595700000002,-1494.8216,-5673.417300000001
17,474.7589,1418.3085,-1058.7667,0.0,0.0,0.0,-1258.8945,-16106.2947,601.7425,11790.3034,-1983.323,1236.8091,-743.8735,-4138.8426,-1490.3874,-5629.23
18,518.2258,1461.6502,-1115.8994,0.0,0.0,0.0,-1269.6547,-16028.2995,606.0709,11736.1765,-2009.5693,1236.072,-745.3272,-4091.730199999998,-1518.8245000000002,-5610.554699999998
19,525.3068,1422.0857,-1108.8991,0.0,0.0,0.0,-1248.8726,-15975.22,606.3278,11771.6363,-2108.9938,1238.1274,-751.449,-4007.6351000000013,-1622.3154,-5629.950500000001
20,480.2134,1427.9569,-1072.0398,0.0,0.0,0.0,-1251.1638,-16332.5869,601.0013,11870.0499,-1872.7263,1227.3213,-737.5578,-4276.569000000001,-1382.9628,-5659.5318000000025
21,512.5969,1439.2766,-1088.6044,0.0,0.0,0.0,-1298.7558,-15891.9912,606.2974,11754.3246,-2118.8158,1234.2954,-737.8926,-3966.8559000000005,-1622.413,-5589.268900000001
22,538.2215,1432.7653,-1102.1183,0.0,0.0,0.0,-1287.0427,-16068.9568,601.3708,11782.1349,-2035.8076,1237.48,-745.3229,-4103.6253000000015,-1543.6505000000002,-5647.275800000002
23,471.3036,1411.3433,-1060.0126,0.0,0.0,0.0,-1268.4374,-16227.5618,625.248,11891.0178,-1999.7177,1228.4411,-747.2194,-4157.099100000001,-1518.4959999999999,-5675.595100000001
24,493.0744,1362.6531,-1101.4794,0.0,0.0,0.0,-1286.0909,-16179.399,605.7535,11839.9946,-1973.8984,1231.9849,-745.608,-4265.493699999999,-1487.5215,-5753.0152
25,508.1559,1457.1052,-1089.7211,0.0,0.0,0.0,-1248.866,-16206.3527,607.6102,11800.775,-1926.4197,1237.1871,-752.2016,-4171.293500000002,-1441.4341999999997,-5612.727700000002
26,503.8513,1436.774,-1139.9306,0.0,0.0,0.0,-1256.8338,-16185.1622,628.3727,11839.9613,-1958.3173,1233.2417,-746.5383,-4172.967299999998,-1471.6138999999998,-5644.581199999999
27,508.571,1410.1546,-1075.3117,0.0,0.0,0.0,-1285.1105,-16221.4589,615.683,11796.923,-1892.836,1235.5381,-751.4656,-4250.549499999999,-1408.7635,-5659.313
28,481.1342,1427.3935,-1100.2455,0.0,0.0,0.0,-1247.9925,-16111.7368,601.3019,11742.9379,-1957.3473,1235.2782,-746.7254,-4207.2073,-1468.7945,-5676.0018
29,493.6861,1430.1891,-1081.5851,0.0,0.0,0.0,-1273.4846,-16297.8674,608.1392,11824.0181,-1863.0076,1224.6658,-736.2886,-4296.904600000002,-1374.6304,-5671.535000000002
30,523.0238,1478.3593,-1092.7681,0.0,0.0,0.0,-1241.0485,-16132.6714,592.7718,11766.0511,-1969.5099,1237.1398,-749.1532,-4106.281999999997,-1481.5233,-5587.805299999997
31,544.0559,1468.5527,-1075.4084,0.0,0.0,0.0,-1259.4667,-16151.9848,621.2666,11797.0996,-2002.0795,1254.0648,-768.9638,-4055.8850999999995,-1516.9785,-5572.863599999999
32,498.2063,1438.2248,-1064.6896,0.0,0.0,0.0,-1257.4602,-16245.4687,602.0793,11819.9362,-1908.8103,1241.4868,-754.6564,-4209.171899999999,-1421.9799000000003,-5631.1518
33,509.5149,1387.3724,-1105.4871,0.0,0.0,0.0,-1276.8152,-15995.7491,618.0013,11786.6277,-2056.7454,1236.9934,-747.4946,-4076.535100000003,-1567.2465999999997,-5643.781700000002
34,491.0846,1408.3415,-1099.9591,0.0,0.0,0.0,-1268.2237,-16072.2896,598.835,11744.6034,-1969.8741,1232.0605,-735.2447,-4197.607900000003,-1473.0583,-5670.666200000002
35,510.2467,1407.6088,-1086.3565,0.0,0.0,0.0,-1253.6685,-16083.459,613.0253,11786.5071,-2032.8378,1238.8408,-750.5503,-4106.0961000000025,-1544.5473000000002,-5650.643400000003
36,511.3693,1399.2058,-1086.6315,0.0,0.0,0.0,-1271.4802,-16146.1772,610.8438,11818.9428,-1994.5385,1234.3993,-745.7072,-4163.9272,-1505.8464,-5669.7736
37,480.053,1450.7524,-1108.2552,0.0,0.0,0.0,-1286.4717,-16204.3696,610.3668,11755.2983,-1881.0119,1225.1383,-738.6448,-4302.625999999998,-1394.5184,-5697.144399999997
38,503.2949,1436.1416,-1105.979,0.0,0.0,0.0,-1320.2207,-16235.9809,615.6095,11837.9608,-1881.9505,1223.7397,-734.7693,-4269.173799999999,-1392.9800999999998,-5662.153899999998
39,480.9146,1408.9809,-1085.418,0.0,0.0,0.0,-1274.047,-16114.8042,600.7104,11809.9763,-2008.4613,1231.7675,-742.4877,-4173.687,-1519.1815000000001,-5692.8685
40,558.9817,1495.589,-1111.5308,0.0,0.0,0.0,-1297.3082,-16111.1412,600.1968,11732.3839,-1936.4888,1220.059,-727.5155,-4132.828800000001,-1443.9453,-5576.7741000000005
41,522.3933,1418.3144,-1062.8091,0.0,0.0,0.0,-1282.5966,-16075.721,606.9077,11770.2281,-1966.0865,1227.6946,-732.6774,-4103.283199999998,-1471.0692999999999,-5574.352499999997
42,533.2307,1457.8433,-1084.8978,0.0,0.0,0.0,-1263.2627,-16094.3712,598.9786,11747.9029,-2013.8975,1225.1478,-738.6601,-4104.5761999999995,-1527.4098000000001,-5631.986
43,515.4578,1410.6086,-1072.5556,0.0,0.0,0.0,-1310.3613,-16073.3974,590.7068,11733.5068,-1929.0019,1222.3931,-726.2064,-4206.034299999999,-1432.8152,-5638.849499999999
44,505.2432,1412.1039,-1075.7607,0.0,0.0,0.0,-1292.7393,-15981.7762,610.8364,11723.0274,-2064.3199,1230.4729,-744.9428,-4099.0653,-1578.7898,-5677.855100000001
45,515.3308,1454.6356,-1101.6831,0.0,0.0,0.0,-1256.7142,-16032.5728,621.9513,11800.2464,-2092.8318,1243.2965,-762.1658,-3998.8060000000005,-1611.7011,-5610.5071
46,518.13,1453.1225,-1091.9548,0.0,0.0,0.0,-1279.5233,-15880.6827,607.7317,11674.6282,-2123.374,1236.3082,-749.7578,-3998.5483999999997,-1636.8235999999997,-5635.372
47,512.2419,1447.7548,-1082.5535,0.0,0.0,0.0,-1270.0147,-16135.0272,599.3286,11761.9155,-1935.5054,1241.8459,-749.5309,-4166.354600000002,-1443.1904,-5609.545000000002
48,507.024,1402.0946,-1052.3104,0.0,0.0,0.0,-1271.9891,-16191.5991,612.1577,11806.544,-1949.4626,1234.6025,-746.5791,-4188.078299999999,-1461.4392000000003,-5649.517499999999
49,519.8827,1433.219,-1088.1938,0.0,0.0,0.0,-1280.5557,-16134.9635,607.2852,11781.5155,-1979.0614,1243.7548,-747.7767,-4161.810600000001,-1483.0833000000002,-5644.893900000002
50,482.6952,1341.8984,-1097.7769,0.0,0.0,0.0,-1279.1027,-16183.9085,628.6501,11878.6907,-1992.6017,1230.78,-737.2833,-4228.853699999998,-1499.105,-5727.958699999998
51,551.9229,1426.8518,-1067.1517,0.0,0.0,0.0,-1263.759,-16026.8265,606.6515,11727.1543,-1997.5078,1234.749,-743.5027,-4045.1566999999995,-1506.2615,-5551.4182
52,543.2198,1397.074,-1084.2244,0.0,0.0,0.0,-1270.793,-15931.6056,592.2679,11711.8005,-2092.9728,1249.524,-753.5971,-4042.2608,-1597.0459,-5639.3067
53,492.4724,1443.0735,-1083.0628,0.0,0.0,0.0,-1282.1701,-15864.5336,603.8768,11731.4744,-2138.8433,1248.4846,-754.8015,-3958.8694000000014,-1645.1602,-5604.029600000002
54,498.3888,1411.9346,-1092.5234,0.0,0.0,0.0,-1269.0975,-15914.6583,602.8959,11760.412,-2164.0205,1246.1173,-759.7451,-4002.6479,-1677.6483000000003,-5680.296200000001
55,499.3916,1431.308,-1087.283,0.0,0.0,0.0,-1286.689,-16071.7231,592.6818,11690.8247,-1940.3969,1235.5286,-747.7648,-4231.489000000001,-1452.6331,-5684.122100000001
56,508.5093,1441.7461,-1105.133,0.0,0.0,0.0,-1271.6707,-16172.2515,613.367,11816.2162,-1972.112,1239.9276,-746.5235,-4169.2166,-1478.7079,-5647.9245
57,532.9403,1458.9219,-1078.5104,0.0,0.0,0.0,-1270.2569,-16312.9874,605.5172,11808.0734,-1816.4765,1228.0537,-736.3769,-4256.301900000002,-1324.7997,-5581.101600000003
58,498.5222,1463.3809,-1078.5495,0.0,0.0,0.0,-1301.5212,-16143.3569,600.5567,11741.209,-1855.5855,1230.1279,-736.6905,-4219.7588,-1362.1480999999999,-5581.906899999999
59,492.25,1424.6331,-1099.9268,0.0,0.0,0.0,-1248.205,-16073.7382,600.5849,11771.0788,-2041.6786,1249.9399,-760.5465,-4133.323200000001,-1552.2851999999998,-5685.608400000001
60,500.032,1415.5671,-1085.6097,0.0,0.0,0.0,-1265.4114,-16209.8196,605.4577,11781.7906,-1886.0192,1241.605,-745.7106,-4257.9933,-1390.1248,-5648.1181
61,519.8309,1482.8788,-1083.3807,0.0,0.0,0.0,-1289.1477,-16382.9335,600.8412,11798.2643,-1718.1468,1234.0497,-737.0552,-4353.6466999999975,-1221.1523,-5574.798999999998
62,474.5674,1426.5029,-1055.5669,0.0,0.0,0.0,-1275.9028,-16353.9169,592.0721,11805.5682,-1770.0308,1226.9669,-735.3836,-4386.6759999999995,-1278.4475000000002,-5665.123500000001
63,517.2822,1391.7293,-1074.5395,0.0,0.0,0.0,-1263.8991,-16206.6741,628.8135,11803.9094,-1898.4245,1224.7273,-730.8138,-4203.3783,-1404.511,-5607.889300000001
64,505.7677,1389.8385,-1065.4014,0.0,0.0,0.0,-1284.6395,-16254.7796,612.342,11803.8357,-1852.6119,1221.4717,-724.8539,-4293.036599999999,-1355.9941,-5649.030699999999
65,499.6968,1424.3346,-1071.8465,0.0,0.0,0.0,-1270.571,-16202.9019,595.3586,11761.018,-1871.1183,1239.3086,-739.9407,-4264.911400000001,-1371.7504,-5636.661800000001
66,509.7239,1396.5254,-1094.7012,0.0,0.0,0.0,-1295.0635,-16232.497,620.9443,11816.6992,-1852.714,1230.8556,-731.8854,-4278.368900000001,-1353.7437999999997,-5632.1127000000015
67,485.7256,1430.4344,-1099.0935,0.0,0.0,0.0,-1289.8624,-16050.0562,599.645,11809.5815,-2022.4058,1233.6953,-734.7146,-4113.625599999999,-1523.4251,-5637.0507
68,526.2908,1419.2698,-1092.024,0.0,0.0,0.0,-1297.1,-16119.9282,612.0328,11797.2779,-1981.9671,1236.7382,-737.6317,-4154.180900000001,-1482.8606,-5637.041500000001
69,515.3735,1401.1687,-1071.0052,0.0,0.0,0.0,-1286.6565,-16075.2604,613.6223,11756.8309,-1979.6273,1241.1514,-747.1105,-4145.9267,-1485.5864000000001,-5631.5131
70,499.7304,1425.4893,-1123.7362,0.0,0.0,0.0,-1280.0565,-16182.0127,608.8501,11760.0937,-1922.696,1226.6409,-734.5195,-4291.6419000000005,-1430.5746,-5722.2165
71,529.3073,1361.3203,-1096.4679,0.0,0.0,0.0,-1264.8125,-16368.1621,627.0739,11814.5441,-1740.6676,1227.3355,-736.9197,-4397.196899999999,-1250.2518,-5647.448699999999
72,481.8298,1404.0858,-1102.8122,0.0,0.0,0.0,-1295.083,-16248.7439,621.352,11804.4065,-1828.9891,1221.4008,-722.5069,-4334.965,-1330.0952000000002,-5665.0602
73,519.4169,1439.2773,-1078.5605,0.0,0.0,0.0,-1263.7891,-16264.9557,602.6448,11754.7359,-1790.7491,1231.2525,-740.3505,-4291.230400000002,-1299.8471,-5591.077500000003
74,539.7975,1442.4177,-1082.2603,0.0,0.0,0.0,-1282.9663,-16136.4371,608.3091,11733.4102,-1894.7735,1227.0236,-727.0376,-4177.729199999998,-1394.7875,-5572.516699999998
75,543.2383,1391.9758,-1101.9649,0.0,0.0,0.0,-1272.3827,-16305.9517,591.1573,11828.6942,-1830.3279,1232.1172,-736.5255,-4325.233700000001,-1334.7362,-5659.969900000001
76,500.5479,1489.5502,-1078.7185,0.0,0.0,0.0,-1266.2701,-16047.5635,595.934,11754.3836,-2034.1266,1232.0935,-737.1422,-4052.136400000003,-1539.1753,-5591.311700000003
77,497.8592,1399.9214,-1067.3399,0.0,0.0,0.0,-1270.52,-16354.638,614.4976,11783.1348,-1751.8554,1225.573,-728.7023,-4397.0849,-1254.9847,-5652.0696
78,517.5857,1430.4947,-1094.7086,0.0,0.0,0.0,-1298.893,-16245.5379,600.6651,11793.2655,-1830.8204,1221.0843,-728.3602,-4297.128499999999,-1338.0963000000002,-5635.224799999999
79,494.1846,1385.7336,-1097.6772,0.0,0.0,0.0,-1277.9791,-16210.1405,600.5923,11788.4213,-1865.4097,1231.8384,-743.1777,-4316.865,-1376.7489999999998,-5693.614
80,505.1366,1376.5915,-1081.4711,0.0,0.0,0.0,-1285.9702,-16347.8433,612.8145,11819.3632,-1758.7375,1221.5143,-730.199,-4401.378799999999,-1267.4222,-5668.800999999999
81,493.9724,1443.0856,-1081.3396,0.0,0.0,0.0,-1263.6767,-16269.7989,599.1487,11764.9536,-1802.011,1214.0535,-727.4222,-4313.6548999999995,-1315.3797,-5629.0346
82,512.517,1454.8018,-1088.6498,0.0,0.0,0.0,-1281.8209,-16164.6801,617.2639,11769.839,-1905.1002,1229.3483,-738.164,-4180.729099999999,-1413.9159,-5594.644999999998
83,496.6852,1440.3016,-1081.6454,0.0,0.0,0.0,-1274.9664,-16187.8217,612.6409,11788.6624,-1889.5801,1228.3608,-743.5598,-4206.143400000001,-1404.7791,-5610.9225000000015
84,534.5534,1428.1739,-1104.1537,0.0,0.0,0.0,-1274.156,-16294.863,619.8955,11814.2888,-1821.5983,1233.993,-736.5413,-4276.2611,-1324.1466,-5600.407699999999
85,515.088,1405.5627,-1112.8183,0.0,0.0,0.0,-1274.1265,-15940.5942,608.4098,11722.1427,-2040.6966,1237.91,-744.2908,-4076.335799999999,-1547.0774,-5623.413199999999
86,485.0675,1447.4452,-1126.6091,0.0,0.0,0.0,-1272.161,-16043.814,608.149,11753.5702,-2030.4025,1234.1584,-746.7558,-4148.352200000001,-1542.9998999999998,-5691.352100000001
87,504.0588,1408.4446,-1097.7085,0.0,0.0,0.0,-1296.04,-16101.7518,621.1863,11813.8834,-2036.5596,1230.0807,-744.2317,-4147.927199999998,-1550.7106,-5698.637799999999
88,455.039,1441.7931,-1109.7721,0.0,0.0,0.0,-1271.1184,-16073.1329,613.6943,11785.8416,-1989.5864,1235.5806,-744.5993,-4157.6554,-1498.6050999999998,-5656.260499999999
89,520.3121,1381.9588,-1070.225,0.0,0.0,0.0,-1277.5945,-16158.7156,612.9614,11751.7889,-1923.6689,1225.625,-734.8612,-4239.513899999998,-1432.9051,-5672.418999999998
90,518.0413,1392.8313,-1062.0509,0.0,0.0,0.0,-1272.8957,-16133.9133,608.6853,11793.5977,-1952.482,1229.079,-735.1171,-4155.704300000001,-1458.5201000000002,-5614.224400000002
91,481.6234,1417.7408,-1058.105,0.0,0.0,0.0,-1283.4954,-16092.5967,617.1226,11805.6412,-2037.4425,1226.4141,-734.8558,-4112.069100000001,-1545.8842000000002,-5657.953300000001
92,480.6972,1399.1845,-1086.9787,0.0,0.0,0.0,-1258.4807,-16200.3052,594.3745,11811.5361,-1917.5944,1232.6464,-737.0745,-4259.972300000001,-1422.0224999999998,-5681.994800000001
93,537.6744,1453.4977,-1090.5857,0.0,0.0,0.0,-1269.1106,-16069.991,610.8542,11755.8529,-2000.0991,1231.914,-744.5542,-4071.808100000002,-1512.7393,-5584.547400000001
94,503.5926,1422.6703,-1116.1463,0.0,0.0,0.0,-1275.1456,-15985.1132,599.7455,11710.802,-2068.208,1226.8252,-736.4909,-4139.594699999998,-1577.8737,-5717.468399999998
95,530.5387,1404.1494,-1091.4032,0.0,0.0,0.0,-1272.4483,-16255.6831,616.5879,11833.0385,-1890.2146,1225.7337,-734.1986,-4235.220099999999,-1398.6795000000002,-5633.899599999999
96,510.5469,1438.4726,-1059.1112,0.0,0.0,0.0,-1275.0074,-16210.4544,603.2246,11807.2891,-1908.5048,1222.9412,-724.3035,-4185.039800000002,-1409.8671,-5594.906900000002
97,487.135,1466.9881,-1071.794,0.0,0.0,0.0,-1292.961,-16133.8239,615.6788,11762.5715,-1956.2933,1222.6105,-734.8517,-4166.2055,-1468.5345000000002,-5634.740000000001
98,498.6783,1407.7571,-1116.8082,0.0,0.0,0.0,-1284.6817,-16226.0772,624.2166,11793.7152,-1829.993,1222.7002,-725.8677,-4303.199899999998,-1333.1605,-5636.360399999998
99,544.5979,1412.2717,-1129.1238,0.0,0.0,0.0,-1273.9992,-16059.8196,613.5958,11760.0161,-1977.9818,1229.4144,-740.5407,-4132.4611,-1489.1081000000001,-5621.5692
100,526.117,1430.1131,-1099.6822,0.0,0.0,0.0,-1285.9673,-16143.9609,616.0088,11788.9014,-1904.9574,1235.9255,-739.5587,-4168.4701000000005,-1408.5906,-5577.0607
101,502.2468,1410.1192,-1103.4447,0.0,0.0,0.0,-1291.1292,-16327.816,611.7244,11781.1442,-1783.1452,1212.1682,-718.9384,-4417.1553,-1289.9153999999999,-5707.0707
102,497.9972,1485.5794,-1093.7824,0.0,0.0,0.0,-1279.4421,-16214.7355,627.7184,11806.1969,-1928.6587,1220.0873,-737.0494,-4170.468099999998,-1445.6208000000001,-5616.088899999998
103,508.0898,1409.9113,-1079.3008,0.0,0.0,0.0,-1268.4445,-16014.0807,614.4318,11729.9756,-2017.6112,1234.4844,-744.5682,-4099.4175,-1527.6950000000002,-5627.112499999999
104,499.6384,1437.9781,-1105.9306,0.0,0.0,0.0,-1264.4182,-16138.5332,614.2942,11732.8143,-1900.4825,1225.4407,-736.0615,-4224.157000000001,-1411.1033,-5635.260300000001
105,500.4407,1455.3057,-1122.2601,0.0,0.0,0.0,-1247.2743,-16229.9456,614.7216,11754.3109,-1873.8346,1223.9618,-733.4029,-4274.701099999998,-1383.2757,-5657.976799999999
106,513.9604,1415.8911,-1098.9535,0.0,0.0,0.0,-1267.9227,-16136.5804,602.4151,11686.7665,-1872.2059,1228.8853,-733.6413,-4284.423500000001,-1376.9619,-5661.385400000001
107,474.3207,1447.9928,-1131.1071,0.0,0.0,0.0,-1264.2577,-16128.6525,623.0771,11779.3586,-1944.624,1231.966,-741.3844,-4199.268099999999,-1454.0424000000003,-5653.310499999999
108,534.245,1397.8168,-1092.4271,0.0,0.0,0.0,-1294.5145,-16092.8508,589.6377,11809.6395,-1985.4739,1235.3254,-739.9688,-4148.4534,-1490.1173,-5638.5707
109,490.7291,1446.192,-1097.9005,0.0,0.0,0.0,-1274.2963,-16100.3511,627.0203,11800.8405,-2014.7865,1222.4262,-732.077,-4107.765999999998,-1524.4372999999998,-5632.203299999998
110,530.9993,1417.6241,-1085.0162,0.0,0.0,0.0,-1270.8772,-16152.5515,603.5061,11753.1389,-1899.7916,1234.5647,-736.1635,-4203.176499999998,-1401.3904000000002,-5604.566899999998
111,499.2956,1421.1428,-1109.6248,0.0,0.0,0.0,-1282.1419,-16197.9524,622.2354,11819.7795,-1920.2307,1226.0786,-731.5722,-4227.265799999999,-1425.7242999999999,-5652.990099999999
112,527.4588,1390.9699,-1091.5084,0.0,0.0,0.0,-1269.9674,-16117.0888,600.4975,11777.4835,-1945.5884,1242.172,-747.9558,-4182.154900000001,-1451.3722,-5633.527100000001
113,549.2553,1440.6906,-1059.9984,0.0,0.0,0.0,-1275.2746,-16166.2924,606.5063,11754.9298,-1908.8127,1226.1637,-732.8726,-4150.1834,-1415.5216,-5565.705
114,492.8969,1436.6789,-1113.6275,0.0,0.0,0.0,-1275.0825,-16255.932,613.9043,11770.3909,-1847.2254,1228.8805,-742.4423,-4330.771000000001,-1360.7872000000002,-5691.5582
115,536.1685,1408.8063,-1099.4952,0.0,0.0,0.0,-1283.0948,-16101.8486,602.4633,11757.3043,-1930.6057,1235.3963,-748.3272,-4179.6961999999985,-1443.5366,-5623.232799999998
116,515.663,1431.937,-1085.708,0.0,0.0,0.0,-1293.5567,-16068.2955,612.4217,11766.9477,-2007.1649,1229.8066,-741.6667,-4120.5908,-1519.025,-5639.6158
117,535.0863,1424.042,-1101.356,0.0,0.0,0.0,-1289.4975,-16109.0326,601.7721,11707.7585,-1906.7763,1229.4239,-740.3217,-4231.227199999999,-1417.6741,-5648.9012999999995
118,488.6266,1444.2938,-1120.212,0.0,0.0,0.0,-1260.2003,-15988.4257,603.9305,11669.4918,-1978.1246,1231.6447,-743.5122,-4162.4953000000005,-1489.9921,-5652.487400000001
119,522.5381,1484.9937,-1101.1841,0.0,0.0,0.0,-1277.1241,-16200.9609,609.1193,11754.7631,-1893.2562,1222.9081,-739.5204,-4207.8549,-1409.8685,-5617.7234
120,505.9896,1446.8176,-1083.8043,0.0,0.0,0.0,-1264.4229,-16432.9006,621.2523,11831.8158,-1771.6978,1220.9473,-736.7845,-4375.252499999999,-1287.5349999999999,-5662.7874999999985
121,491.4554,1484.1552,-1058.7865,0.0,0.0,0.0,-1282.9501,-16053.3965,611.2091,11714.369,-1961.222,1231.5029,-741.1688,-4093.9443999999985,-1470.8879000000002,-5564.832299999999
122,516.6821,1419.665,-1076.1655,0.0,0.0,0.0,-1257.6766,-16065.2024,628.4669,11760.8183,-2012.1424,1228.6018,-740.3757,-4073.4122000000007,-1523.9163,-5597.328500000001
123,516.9421,1375.2367,-1101.5018,0.0,0.0,0.0,-1278.7208,-16014.5866,594.1198,11777.7101,-2032.903,1233.3646,-743.0641,-4130.800500000001,-1542.6025,-5673.403000000002
124,495.015,1375.8601,-1082.8906,0.0,0.0,0.0,-1260.7359,-16177.6042,632.3239,11823.0791,-1970.5619,1228.2852,-740.2588,-4194.952599999999,-1482.5355,-5677.488099999998
125,508.6487,1452.7459,-1078.9911,0.0,0.0,0.0,-1260.8483,-16187.4863,599.1365,11759.5567,-1899.9053,1229.4381,-741.2392,-4207.237900000002,-1411.7063999999998,-5618.944300000002
126,513.5263,1425.3791,-1100.3022,0.0,0.0,0.0,-1311.2406,-16056.7622,612.2336,11822.5421,-1994.3161,1229.6932,-732.8486,-4094.6239000000005,-1497.4715,-5592.095400000001
127,571.1344,1473.9667,-1078.8662,0.0,0.0,0.0,-1287.6269,-16217.7786,605.2472,11718.9444,-1821.8342,1229.0176,-734.5777,-4214.979000000001,-1327.3943000000002,-5542.373300000001
128,490.583,1372.5098,-1095.4355,0.0,0.0,0.0,-1279.3083,-16136.4287,630.1439,11836.5956,-1975.6942,1231.4226,-747.3769,-4181.340200000002,-1491.6484999999998,-5672.988700000003
129,521.785,1424.7959,-1088.5737,0.0,0.0,0.0,-1257.7596,-16142.684,611.8415,11753.042,-1951.1945,1236.8091,-749.0522,-4177.552899999999,-1463.4376000000002,-5640.990499999998
130,530.0696,1371.0683,-1107.7185,0.0,0.0,0.0,-1272.0534,-16022.3281,627.7099,11726.6525,-1933.6238,1234.7065,-744.7722,-4146.599700000001,-1443.6895,-5590.289200000001
131,502.8832,1426.1028,-1091.1507,0.0,0.0,0.0,-1290.9004,-16018.7583,606.6295,11655.4279,-1970.048,1222.6152,-742.0455,-4209.766000000001,-1489.4783,-5699.244300000001
132,510.9378,1436.5055,-1100.4033,0.0,0.0,0.0,-1324.224,-16144.9351,602.0753,11757.9536,-1903.0678,1231.1863,-737.7059,-4262.090199999999,-1409.5874,-5671.677599999998
133,515.6792,1427.1051,-1111.2265,0.0,0.0,0.0,-1249.1708,-16215.6831,604.9449,11715.1611,-1855.2721,1227.7702,-742.8514,-4313.1901,-1370.3533,-5683.5434000000005
134,522.6529,1461.6799,-1112.4651,0.0,0.0,0.0,-1287.0213,-16271.9331,603.03,11732.5577,-1763.2212,1227.6568,-736.4855,-4351.499,-1272.0499,-5623.5489
135,539.9811,1490.9426,-1094.7866,0.0,0.0,0.0,-1290.715,-16127.4522,586.145,11746.8829,-1907.9494,1233.9316,-740.762,-4149.002199999999,-1414.7798,-5563.781999999998
136,551.5187,1435.7825,-1110.5176,0.0,0.0,0.0,-1275.8703,-16235.6473,578.4006,11657.8723,-1741.3011,1223.7161,-730.6723,-4398.461099999999,-1248.2572999999998,-5646.718399999998
137,514.3271,1438.511,-1089.8599,0.0,0.0,0.0,-1259.4653,-16358.5129,598.5443,11791.6289,-1797.3159,1236.0956,-750.0158,-4364.826800000001,-1311.2361,-5676.0629
138,489.2015,1446.9285,-1103.4218,0.0,0.0,0.0,-1296.9276,-16070.5855,610.214,11767.8568,-1956.7786,1229.5987,-733.5931,-4156.7341,-1460.7730000000001,-5617.507099999999
139,492.9381,1385.4125,-1073.0805,0.0,0.0,0.0,-1270.4336,-16173.4255,615.0544,11784.0805,-1948.1396,1225.677,-738.6061,-4239.454099999999,-1461.0687,-5700.5228
140,483.638,1441.8791,-1089.6512,0.0,0.0,0.0,-1277.2816,-16207.7199,608.5072,11827.0946,-1923.3118,1224.9304,-731.0418,-4213.533800000001,-1429.4232,-5642.957
141,531.0246,1430.7055,-1105.4847,0.0,0.0,0.0,-1278.2794,-16039.2609,594.068,11730.48,-1977.1764,1234.7821,-742.1111,-4136.746900000002,-1484.5054,-5621.252300000002
142,461.8089,1419.1402,-1075.7753,0.0,0.0,0.0,-1300.8944,-16263.3159,627.9312,11829.1077,-1851.1183,1214.8662,-724.2084,-4301.997599999999,-1360.4605000000001,-5662.458099999998
143,520.6964,1438.3399,-1103.3668,0.0,0.0,0.0,-1255.4626,-16215.791,585.2331,11739.1651,-1854.4229,1225.8376,-730.3697,-4291.1859,-1358.955,-5650.1409
144,531.4406,1416.3032,-1081.7026,0.0,0.0,0.0,-1272.3648,-16190.4489,601.2227,11752.1738,-1867.926,1232.5849,-736.7488,-4243.375999999998,-1372.0899,-5615.465899999998
145,519.5015,1361.0268,-1087.2132,0.0,0.0,0.0,-1263.0333,-16208.2825,609.1868,11729.4169,-1816.7243,1226.6692,-741.3718,-4339.397000000001,-1331.4269,-5670.8239
146,502.8387,1385.3607,-1065.1211,0.0,0.0,0.0,-1272.5327,-16272.9218,601.1904,11751.016,-1802.6488,1226.3149,-734.731,-4370.1698,-1311.0648999999999,-5681.234699999999
147,490.4228,1342.8173,-1056.0583,0.0,0.0,0.0,-1284.439,-16137.8932,614.3201,11746.464,-1865.6481,1236.2043,-733.4872,-4284.366299999998,-1362.931,-5647.297299999998
148,511.3504,1413.3851,-1114.8481,0.0,0.0,0.0,-1250.1473,-16280.6096,605.0822,11785.6769,-1814.46,1220.1629,-736.7496,-4330.1104,-1331.0466999999999,-5661.157099999999
149,514.042,1417.414,-1121.7373,0.0,0.0,0.0,-1271.7203,-16112.0372,610.7538,11743.374,-1892.5235,1242.9091,-743.1286,-4219.911000000002,-1392.743,-5612.654000000002
150,522.2311,1409.3925,-1120.1019,0.0,0.0,0.0,-1278.3333,-16233.3466,610.9506,11753.3017,-1840.6894,1232.67,-744.4724,-4335.905900000002,-1352.4917999999998,-5688.397700000001
151,483.6226,1476.5267,-1083.3905,0.0,0.0,0.0,-1300.4687,-16066.0748,600.523,11727.7924,-1935.6457,1234.7679,-745.4419,-4161.469300000001,-1446.3197,-5607.789000000001
152,511.3513,1404.6991,-1089.8077,0.0,0.0,0.0,-1269.8891,-16156.274,610.3653,11742.9261,-1861.3753,1235.9302,-736.6204,-4246.628999999999,-1362.0655,-5608.694499999999
153,540.0973,1435.4221,-1119.6815,0.0,0.0,0.0,-1273.3454,-16030.0695,599.425,11758.5802,-2018.0995,1235.8027,-751.2395,-4089.571799999998,-1533.5363000000002,-5623.108099999998
154,540.6589,1417.7975,-1074.5312,0.0,0.0,0.0,-1288.2122,-16139.0601,615.3665,11809.5622,-1987.5234,1223.976,-736.9685,-4118.418399999999,-1500.5158999999999,-5618.934299999998
155,503.9041,1399.6237,-1113.7925,0.0,0.0,0.0,-1275.3976,-16084.3972,618.1794,11816.7112,-2016.7071,1228.1245,-734.6135,-4135.168899999999,-1523.1961000000001,-5658.364999999999
156,507.2768,1437.375,-1097.9562,0.0,0.0,0.0,-1303.5518,-16219.6631,596.7555,11759.1193,-1831.0653,1221.7836,-733.4671,-4320.6445,-1342.7487999999998,-5663.393300000001
157,537.5824,1402.9934,-1083.8662,0.0,0.0,0.0,-1278.9859,-16183.9238,608.7139,11790.0305,-1915.5963,1231.862,-737.2022,-4207.4557,-1420.9364999999998,-5628.3922
158,503.1715,1431.3219,-1073.9263,0.0,0.0,0.0,-1321.08,-16095.129,593.267,11799.372,-2012.9099,1222.6294,-735.0707,-4163.002900000003,-1525.3512,-5688.354100000004
159,510.2021,1436.6573,-1076.7277,0.0,0.0,0.0,-1254.4176,-16108.1195,603.1131,11788.4831,-1984.4371,1232.0652,-743.8871,-4100.8092,-1496.259,-5597.0682
160,506.9602,1491.6906,-1087.3172,0.0,0.0,0.0,-1269.1096,-16234.2324,588.5416,11761.5516,-1843.5851,1233.6008,-743.1441,-4241.915200000001,-1353.1284,-5595.043600000001
161,521.1653,1416.4167,-1091.444,0.0,0.0,0.0,-1248.9903,-16287.2626,604.1565,11726.5571,-1820.2443,1215.3576,-731.9903,-4359.4012999999995,-1336.877,-5696.2783
162,494.3063,1442.7091,-1108.0313,0.0,0.0,0.0,-1285.9831,-16234.8748,603.7395,11779.5964,-1841.7826,1228.1434,-738.865,-4308.537900000001,-1352.5042,-5661.0421000000015
163,487.4237,1449.3186,-1083.7571,0.0,0.0,0.0,-1283.3733,-16277.1199,624.4003,11842.9347,-1881.538,1228.8191,-743.8659,-4240.172999999999,-1396.5848,-5636.757799999999
164,525.3661,1417.6093,-1079.6549,0.0,0.0,0.0,-1267.0505,-16307.7812,618.0333,11766.9024,-1785.6373,1224.7792,-730.5301,-4326.575500000001,-1291.3882,-5617.963700000001
165,493.0625,1477.476,-1079.2164,0.0,0.0,0.0,-1275.2615,-16211.6111,624.0482,11794.8028,-1897.1083,1217.3657,-729.4782,-4176.699500000002,-1409.2208,-5585.920300000002
166,498.144,1401.1821,-1102.2722,0.0,0.0,0.0,-1254.0337,-16290.4781,630.299,11789.0204,-1834.8307,1225.5447,-741.0941,-4328.138500000003,-1350.3801,-5678.518600000003
167,504.1676,1431.722,-1116.0862,0.0,0.0,0.0,-1303.852,-16145.3084,604.9008,11733.424,-1884.6832,1230.1846,-743.9033,-4291.0322,-1398.4018999999998,-5689.434099999999
168,483.485,1444.7023,-1081.3123,0.0,0.0,0.0,-1298.2484,-16209.3504,609.8114,11768.2127,-1864.8811,1227.652,-739.1785,-4282.699699999999,-1376.4076,-5659.1073
169,518.4114,1430.4531,-1087.6934,0.0,0.0,0.0,-1246.714,-16350.5301,601.5632,11720.8325,-1758.4317,1218.7832,-730.1405,-4413.677299999999,-1269.789,-5683.4663
170,487.569,1435.3208,-1130.6081,0.0,0.0,0.0,-1290.8903,-16502.5214,617.1916,11821.2435,-1671.0879,1212.5131,-730.5833,-4562.6949,-1189.1581,-5751.853000000001
171,485.2914,1429.1212,-1115.5333,0.0,0.0,0.0,-1282.7025,-16168.9464,608.105,11774.0267,-1961.2722,1230.6902,-740.4779,-4270.6379,-1471.0599000000002,-5741.6978
172,489.099,1406.3485,-1128.8817,0.0,0.0,0.0,-1270.0412,-16269.5321,614.4631,11787.8503,-1787.8252,1233.1992,-737.6618,-4370.694099999999,-1292.2878,-5662.981899999999
173,508.0418,1405.8847,-1088.1278,0.0,0.0,0.0,-1291.777,-16263.0105,607.9079,11752.5965,-1756.514,1226.2345,-732.6625,-4368.484399999999,-1262.942,-5631.4264
174,519.5888,1449.2565,-1100.6339,0.0,0.0,0.0,-1259.6413,-16196.9978,601.5567,11773.3579,-1856.5007,1228.4789,-739.9075,-4213.5131,-1367.9293,-5581.442400000001
175,513.5358,1416.6112,-1142.5079,0.0,0.0,0.0,-1297.6,-16322.9752,595.1902,11788.1753,-1748.9061,1229.7121,-743.5869,-4449.570599999997,-1262.7809,-5712.351499999998
176,511.3391,1364.6275,-1117.9355,0.0,0.0,0.0,-1286.2893,-16166.9238,604.2117,11721.9428,-1863.5394,1228.597,-735.9224,-4369.0275,-1370.8647999999998,-5739.8923
177,501.5921,1447.8334,-1092.7646,0.0,0.0,0.0,-1271.155,-16147.183,620.0411,11744.5368,-1902.3897,1230.6193,-745.4766,-4197.099200000001,-1417.2469999999998,-5614.3462
178,514.0101,1387.7968,-1073.9176,0.0,0.0,0.0,-1276.2478,-16222.2005,589.8756,11683.7717,-1829.6368,1228.4033,-736.9685,-4396.911700000002,-1338.202,-5735.113700000003
179,510.4276,1416.5803,-1100.1909,0.0,0.0,0.0,-1276.8544,-16169.1626,602.2925,11784.6615,-1928.2728,1230.4209,-734.9626,-4232.246000000001,-1432.8145,-5665.0605000000005
180,521.5681,1441.8228,-1095.8352,0.0,0.0,0.0,-1298.9202,-16226.2237,601.8376,11756.0882,-1835.3558,1223.2011,-727.0767,-4299.662400000001,-1339.2314000000001,-5638.893800000001
181,507.1116,1419.3597,-1107.577,0.0,0.0,0.0,-1263.2011,-16333.3011,604.61,11738.2216,-1726.1944,1223.6216,-733.1489,-4434.776299999998,-1235.7217,-5670.497999999998
182,508.571,1421.5171,-1084.046,0.0,0.0,0.0,-1272.1099,-16260.0987,616.002,11776.1052,-1855.2088,1222.5254,-731.9934,-4294.059299999999,-1364.6768000000002,-5658.736099999999
183,517.6909,1353.2762,-1104.0069,0.0,0.0,0.0,-1254.8395,-16272.7224,606.7847,11826.2151,-1861.2806,1221.5143,-724.9323,-4327.6019,-1364.6986000000002,-5692.3005
184,533.8081,1465.5946,-1090.9634,0.0,0.0,0.0,-1271.8714,-16249.8286,593.0118,11735.2082,-1827.128,1229.8303,-736.1458,-4285.040700000003,-1333.4434999999999,-5618.484200000003
185,510.1249,1412.8062,-1073.4612,0.0,0.0,0.0,-1287.5606,-16325.0272,603.6986,11842.3983,-1808.732,1226.1967,-731.844,-4317.021000000001,-1314.3793,-5631.4003
186,532.4053,1434.2311,-1090.9885,0.0,0.0,0.0,-1300.589,-16175.6692,598.8321,11717.0361,-1851.5507,1229.1688,-734.3085,-4284.742100000001,-1356.6904,-5641.432500000002
187,483.0372,1389.0372,-1094.6818,0.0,0.0,0.0,-1276.4843,-16202.6276,595.5199,11827.9882,-1881.3543,1235.5192,-744.1558,-4278.211200000002,-1389.9909,-5668.202100000002
188,513.847,1410.2053,-1064.752,0.0,0.0,0.0,-1269.6544,-16166.5068,621.4606,11844.7746,-2014.2269,1225.899,-743.8804,-4110.625699999999,-1532.2083,-5642.833999999999
189,536.2495,1410.3729,-1089.775,0.0,0.0,0.0,-1290.4487,-15980.9039,599.3682,11772.7185,-2100.0416,1239.4267,-749.1477,-4042.418499999998,-1609.7626,-5652.181099999998
190,473.8006,1444.5722,-1095.3872,0.0,0.0,0.0,-1269.0019,-16096.9816,614.1204,11770.7108,-1969.5463,1228.9609,-741.6854,-4158.166699999998,-1482.2707999999998,-5640.437499999998
191,522.3949,1438.4673,-1115.77,0.0,0.0,0.0,-1273.7337,-16087.3462,607.9765,11781.1609,-1999.7993,1234.749,-749.4485,-4126.8503,-1514.4987999999998,-5641.349099999999
192,532.5407,1430.2496,-1094.203,0.0,0.0,0.0,-1298.0107,-16175.4205,631.5335,11771.8855,-1907.9285,1226.622,-734.5877,-4201.4249,-1415.8942,-5617.3191
193,553.4578,1362.1604,-1120.4494,0.0,0.0,0.0,-1258.5085,-16213.6247,596.3578,11727.5697,-1868.6081,1220.9898,-730.2862,-4353.036900000001,-1377.9044999999999,-5730.9414
194,483.9198,1410.9074,-1101.4602,0.0,0.0,0.0,-1302.8293,-16118.7077,605.8229,11808.6369,-1966.1555,1213.7416,-722.7253,-4213.710200000003,-1475.1392,-5688.849400000003
195,505.2769,1461.817,-1101.0095,0.0,0.0,0.0,-1304.9822,-16129.3873,604.4371,11737.4157,-1886.4922,1231.0162,-736.9787,-4226.432300000002,-1392.4546999999998,-5618.8870000000015
196,519.4758,1430.5805,-1090.0731,0.0,0.0,0.0,-1303.4915,-16230.0338,625.2593,11834.4503,-1887.1356,1220.4228,-723.4163,-4213.832499999999,-1390.1291,-5603.961599999998
197,526.7487,1413.1407,-1077.2411,0.0,0.0,0.0,-1300.1341,-16274.2107,610.0202,11768.9982,-1822.3668,1216.5436,-726.8876,-4332.678099999997,-1332.7108,-5665.388899999997
198,506.2087,1397.4407,-1065.436,0.0,0.0,0.0,-1255.7262,-16194.6285,623.0717,11807.6301,-1952.2619,1237.2343,-743.9678,-4181.439499999999,-1458.9953999999998,-5640.434899999998
199,474.6436,1447.1432,-1105.27,0.0,0.0,0.0,-1296.6506,-16126.2101,590.9912,11732.6547,-1978.6038,1228.7671,-728.9568,-4282.698,-1478.7935000000002,-5761.4915
200,485.6195,1403.0069,-1080.9239,0.0,0.0,0.0,-1277.4372,-16097.1892,602.9058,11782.3504,-1962.5536,1225.4644,-731.7731,-4181.667700000002,-1468.8622999999998,-5650.5300000000025
201,510.0869,1433.4398,-1092.5975,0.0,0.0,0.0,-1282.1146,-16084.3771,601.1883,11779.5339,-1978.4443,1233.5394,-742.7605,-4134.8403,-1487.6654000000003,-5622.505700000001
202,504.3822,1404.1352,-1073.6971,0.0,0.0,0.0,-1235.8693,-16292.688,614.8246,11842.9951,-1885.8253,1227.1276,-746.5118,-4235.917300000001,-1405.2095,-5641.126800000002
203,531.4328,1420.9734,-1068.4695,0.0,0.0,0.0,-1274.9243,-16035.7699,611.3251,11756.6107,-2028.7368,1236.8847,-748.0862,-4058.8217000000004,-1539.9382999999998,-5598.76
204,538.8786,1416.9326,-1085.3542,0.0,0.0,0.0,-1260.5423,-16209.9775,573.8859,11788.315,-1924.8346,1236.3271,-745.0548,-4237.8619,-1433.5623,-5671.4241999999995
205,502.9766,1412.7547,-1098.0331,0.0,0.0,0.0,-1286.8999,-16294.5196,616.4224,11845.5113,-1864.8821,1233.133,-742.3719,-4301.7876000000015,-1374.121,-5675.908600000002
206,490.9071,1411.7935,-1068.6455,0.0,0.0,0.0,-1286.6611,-16226.0224,593.3285,11834.5776,-1903.352,1228.6963,-742.1458,-4250.722300000001,-1416.8015,-5667.523800000001
207,508.9839,1423.1779,-1078.7382,0.0,0.0,0.0,-1269.2393,-16244.7371,608.4566,11802.9076,-1884.5615,1241.3971,-750.023,-4249.188600000001,-1393.1874000000003,-5642.376000000001
208,516.5411,1402.2118,-1074.1449,0.0,0.0,0.0,-1278.5477,-16338.849,612.3957,11830.469,-1824.5376,1226.8204,-734.1101,-4329.924000000001,-1331.8273,-5661.7513
209,505.6635,1438.9922,-1099.0465,0.0,0.0,0.0,-1300.7065,-16189.5293,607.2296,11802.5536,-1914.5004,1233.0811,-738.2088,-4234.8434,-1419.6281,-5654.4715
210,523.2982,1405.7592,-1078.6913,0.0,0.0,0.0,-1310.2158,-16234.3906,619.0061,11778.9811,-1835.7616,1227.515,-734.476,-4296.2531,-1342.7226,-5638.975699999999
211,517.6017,1462.8806,-1103.1715,0.0,0.0,0.0,-1291.8167,-16033.5089,614.9841,11727.1271,-2003.6096,1227.6095,-730.8807,-4105.9036000000015,-1506.8808,-5612.7844000000005
212,517.6309,1404.271,-1090.6316,0.0,0.0,0.0,-1304.4672,-16166.5212,601.5689,11847.6448,-1972.4906,1227.6993,-732.214,-4190.504399999998,-1477.0053000000003,-5667.509699999998
213,512.0789,1459.3081,-1079.8216,0.0,0.0,0.0,-1303.048,-16073.1254,618.2675,11794.9625,-2039.043,1224.6847,-734.0267,-4071.3780000000006,-1548.3849999999998,-5619.763000000001
214,507.6906,1411.1784,-1092.1228,0.0,0.0,0.0,-1322.9499,-16032.8816,603.0459,11839.179,-2069.6918,1233.9032,-739.0001,-4086.8603999999996,-1574.7887,-5661.6491000000005
215,539.2564,1429.8966,-1050.7291,0.0,0.0,0.0,-1255.0694,-16180.3273,609.8728,11806.1773,-1971.6722,1228.6868,-739.1397,-4100.922700000001,-1482.1251,-5583.0478
216,500.4101,1374.2016,-1098.2322,0.0,0.0,0.0,-1271.9723,-16163.7623,602.7575,11819.338,-1972.3484,1229.6602,-739.2259,-4237.259600000001,-1481.9141,-5719.173700000001
217,502.0052,1400.8667,-1106.2913,0.0,0.0,0.0,-1270.0446,-16000.5977,616.6574,11747.0576,-2088.1406,1228.564,-737.0213,-4110.346699999998,-1596.5979000000002,-5706.944599999999
218,510.3352,1392.7678,-1085.3971,0.0,0.0,0.0,-1293.1707,-16013.9119,600.1219,11802.4433,-2057.9115,1222.7569,-734.3716,-4086.8115,-1569.5262,-5656.3377
219,506.039,1453.9571,-1075.1218,0.0,0.0,0.0,-1273.7581,-16125.3868,609.3911,11807.2664,-2007.7565,1229.1829,-742.3071,-4097.613099999999,-1520.8807,-5618.493799999998
220,503.2112,1420.1607,-1070.4413,0.0,0.0,0.0,-1265.976,-15983.8743,635.1624,11771.9034,-2094.198,1228.8853,-740.3882,-3989.8539,-1605.7008999999998,-5595.554800000001
221,517.578,1401.1092,-1127.538,0.0,0.0,0.0,-1272.1268,-16134.0332,613.048,11780.3377,-1912.5566,1232.8873,-735.1429,-4221.625099999999,-1414.8121999999998,-5636.437299999999
222,499.6094,1436.0432,-1099.059,0.0,0.0,0.0,-1264.364,-16087.7381,617.5117,11814.9832,-2032.3703,1237.4611,-750.1107,-4083.0136,-1545.0199,-5628.0335000000005
223,498.4454,1478.1844,-1091.4647,0.0,0.0,0.0,-1283.975,-16002.0033,608.8755,11758.861,-2037.9224,1232.3865,-742.7755,-4033.0766999999996,-1548.3113999999998,-5581.388099999998
224,504.0997,1402.8862,-1085.5772,0.0,0.0,0.0,-1285.0253,-16048.9487,615.4963,11775.8625,-2029.8698,1234.9805,-748.2471,-4121.206500000002,-1543.1364,-5664.342900000003
225,516.1814,1405.3211,-1106.4394,0.0,0.0,0.0,-1281.1775,-16035.8226,601.5971,11794.441,-2032.2863,1239.1858,-750.1427,-4105.898899999998,-1543.2432,-5649.142099999998
226,498.9192,1440.686,-1118.6148,0.0,0.0,0.0,-1299.6782,-16001.2675,598.2433,11750.5485,-2042.8365,1233.8371,-747.5012,-4131.163500000001,-1556.5005999999998,-5687.6641
227,501.3329,1490.342,-1088.7717,0.0,0.0,0.0,-1255.6713,-15989.6381,586.6129,11737.3362,-2098.3358,1238.4817,-746.3025,-4018.4570999999996,-1606.1565999999998,-5624.613699999999
228,514.5283,1427.9348,-1114.6474,0.0,0.0,0.0,-1278.9683,-15955.563,588.2719,11722.8428,-2075.7709,1249.9115,-756.373,-4095.6008999999995,-1582.2324,-5677.833299999998
229,480.2593,1447.8415,-1087.7524,0.0,0.0,0.0,-1278.7497,-16110.4685,614.7391,11816.4818,-2022.6554,1237.3903,-742.8564,-4117.6489,-1528.1215000000002,-5645.770399999999
230,490.8021,1384.5714,-1118.2777,0.0,0.0,0.0,-1269.3033,-16020.9004,620.2826,11797.1233,-2079.6214,1231.5832,-741.7614,-4115.701999999999,-1589.7995999999998,-5705.5016
231,514.8957,1383.6918,-1102.3298,0.0,0.0,0.0,-1272.9781,-16181.3438,610.3968,11849.9139,-1957.4932,1235.4719,-738.5523,-4197.753500000001,-1460.5735999999997,-5658.327100000001
232,505.3537,1428.8996,-1083.9001,0.0,0.0,0.0,-1282.5083,-16140.6487,619.8271,11807.6011,-1982.4271,1219.4778,-731.191,-4145.375600000001,-1494.1403000000003,-5639.515900000001
233,502.5089,1438.4132,-1111.7703,0.0,0.0,0.0,-1270.2548,-16029.8835,598.5852,11727.9183,-1973.1767,1236.02,-745.2173,-4144.483,-1482.374,-5626.857
234,496.93,1471.3792,-1098.7488,0.0,0.0,0.0,-1278.0132,-16037.7368,605.7251,11787.7213,-2011.8902,1236.4216,-742.3316,-4052.7432000000026,-1517.8002000000001,-5570.543400000002
235,515.8167,1429.1495,-1089.0095,0.0,0.0,0.0,-1278.1694,-16051.8674,622.7496,11759.0145,-2011.8951,1239.5968,-751.9416,-4092.3160000000007,-1524.2399,-5616.5559
236,511.4346,1417.2861,-1103.6447,0.0,0.0,0.0,-1311.9744,-16234.6331,618.0954,11808.1884,-1903.8281,1217.9705,-730.9365,-4295.247699999998,-1416.7941,-5712.041799999997
237,518.6622,1434.9815,-1101.9283,0.0,0.0,0.0,-1263.415,-16186.9585,608.8232,11749.3187,-1881.3982,1227.0142,-737.0423,-4240.5162,-1391.4263,-5631.9425
238,501.9326,1394.6554,-1110.7512,0.0,0.0,0.0,-1270.2686,-16223.056,614.6807,11753.7152,-1872.3771,1233.2323,-740.229,-4339.091899999998,-1379.3738,-5718.465699999998
239,531.9512,1448.0262,-1109.6929,0.0,0.0,0.0,-1266.22,-16123.9253,594.7142,11770.9058,-1973.8263,1240.0315,-749.7425,-4154.240800000001,-1483.5373,-5637.778100000001
240,524.6294,1413.5421,-1067.0796,0.0,0.0,0.0,-1284.6059,-16122.6298,600.038,11868.7816,-2024.8663,1227.8458,-734.2644,-4067.324200000001,-1531.2848999999999,-5598.609100000001
241,474.4705,1488.7959,-1095.3211,0.0,0.0,0.0,-1285.4952,-16297.5219,615.3211,11811.5652,-1814.9074,1211.2941,-725.6522,-4288.1855,-1329.2655,-5617.450999999999
242,548.2638,1452.7235,-1098.9177,0.0,0.0,0.0,-1291.9784,-16168.6904,605.8265,11710.6187,-1846.4903,1222.7428,-728.045,-4242.154,-1351.7925,-5593.9465
243,520.473,1416.4766,-1105.3054,0.0,0.0,0.0,-1263.7423,-16119.426,600.6034,11773.8134,-1951.5345,1242.4885,-748.8836,-4177.1073,-1457.9296,-5635.0369
244,493.9297,1436.3225,-1078.3813,0.0,0.0,0.0,-1290.0234,-16259.806,630.757,11832.5785,-1862.111,1226.2393,-737.0039,-4234.623000000001,-1372.8756000000003,-5607.498600000001
245,512.5951,1387.2572,-1084.3551,0.0,0.0,0.0,-1264.5209,-16115.9272,600.0295,11795.669,-1979.43,1230.2035,-736.4071,-4169.252399999999,-1485.6336000000001,-5654.886
246,526.827,1448.944,-1067.6038,0.0,0.0,0.0,-1279.159,-15963.592,610.0412,11786.0052,-2097.1918,1237.1493,-742.039,-3938.537400000001,-1602.0815,-5540.618900000001
247,500.7405,1453.4752,-1072.6871,0.0,0.0,0.0,-1275.19,-16240.327,609.0671,11837.6022,-1924.8578,1240.9907,-750.0176,-4187.319099999999,-1433.8847,-5621.203799999998
248,479.673,1427.354,-1089.4355,0.0,0.0,0.0,-1263.401,-16014.1798,633.7307,11783.7983,-2068.4554,1234.8104,-742.9922,-4042.4603000000006,-1576.6371999999997,-5619.0975
249,538.2851,1412.031,-1087.0505,0.0,0.0,0.0,-1296.0647,-16134.8005,605.2763,11842.6731,-1991.7991,1239.7669,-748.8495,-4119.650199999998,-1500.8817,-5620.531899999998
250,515.2891,1441.8821,-1058.3004,0.0,0.0,0.0,-1294.4858,-16077.1662,607.702,11846.5788,-2001.0399,1241.2837,-742.2341,-4018.5004000000026,-1501.9903,-5520.490700000002
251,500.2703,1370.2831,-1065.7169,0.0,0.0,0.0,-1298.6613,-16035.8014,614.9638,11815.4383,-2016.4191,1239.7055,-749.7602,-4099.224099999999,-1526.4738000000002,-5625.697899999999
252,503.6549,1421.0293,-1057.1772,0.0,0.0,0.0,-1267.2596,-16161.6886,613.3401,11784.8383,-1938.52,1224.6753,-739.6591,-4163.262800000002,-1453.5038,-5616.766600000003
253,502.6909,1408.07,-1066.6215,0.0,0.0,0.0,-1289.9359,-16234.7936,638.2378,11857.2029,-1937.7827,1225.6061,-736.8505,-4185.1494,-1449.0271,-5634.1765
254,505.3293,1444.3481,-1079.21,0.0,0.0,0.0,-1298.673,-16064.6564,597.0135,11778.7818,-1998.8427,1234.3663,-742.9891,-4117.066699999999,-1507.4655,-5624.5322
255,523.7265,1448.0133,-1090.2681,0.0,0.0,0.0,-1271.5294,-15984.58,585.8842,11698.9178,-2006.434,1239.8992,-743.1102,-4089.8356999999996,-1509.645,-5599.4807
256,521.695,1459.457,-1057.6869,0.0,0.0,0.0,-1280.614,-16092.7739,587.4746,11782.3045,-1980.6042,1240.282,-748.4441,-4080.1437000000005,-1488.7663000000002,-5568.91
257,525.6437,1456.94,-1090.4875,0.0,0.0,0.0,-1281.4122,-16141.7883,599.4373,11782.0627,-1963.4895,1226.433,-735.3524,-4149.604299999999,-1472.4089,-5622.0131999999985
258,531.0174,1416.8281,-1062.2133,0.0,0.0,0.0,-1281.3779,-16016.2409,609.0812,11733.7527,-2042.9286,1234.2481,-748.6669,-4069.1527000000006,-1557.3474,-5626.500100000001
259,510.5562,1430.9283,-1087.606,0.0,0.0,0.0,-1303.5139,-16072.343,598.1207,11814.7063,-2004.2068,1236.5398,-745.0433,-4109.151400000001,-1512.7103,-5621.8617
260,517.6036,1439.3239,-1091.4883,0.0,0.0,0.0,-1284.2637,-16047.5784,596.5217,11787.2526,-2045.5927,1237.3477,-746.8359,-4082.628600000002,-1555.0809,-5637.709500000002
261,525.6789,1450.0238,-1086.8692,0.0,0.0,0.0,-1283.4792,-16015.5975,587.1961,11694.1473,-2009.9896,1244.7802,-746.8927,-4128.899800000001,-1512.1021,-5641.001900000001
262,512.5637,1426.2602,-1076.0144,0.0,0.0,0.0,-1284.3488,-16083.1399,619.1161,11748.5245,-1965.5071,1236.9036,-744.8495,-4137.0386,-1473.453,-5610.491599999999
263,518.8624,1408.3004,-1071.0955,0.0,0.0,0.0,-1258.2409,-15968.4671,611.965,11793.88,-2130.451,1237.3241,-752.5312,-3964.7957000000006,-1645.6581,-5610.453800000001
264,535.7757,1452.1277,-1097.6754,0.0,0.0,0.0,-1296.5794,-16113.6723,608.3513,11727.2543,-1895.8963,1233.993,-737.6348,-4184.418100000001,-1399.5381000000002,-5583.9562000000005
265,464.1656,1429.7347,-1090.9468,0.0,0.0,0.0,-1284.6451,-16056.1788,620.5178,11785.4244,-1991.6431,1235.3869,-736.3901,-4131.9282,-1492.6462999999999,-5624.5745
266,523.7196,1385.3932,-1052.6346,0.0,0.0,0.0,-1276.0568,-16120.6545,601.2757,11695.4039,-1901.2327,1228.597,-735.0653,-4243.553500000002,-1407.701,-5651.254500000003
267,535.9946,1396.7538,-1081.5968,0.0,0.0,0.0,-1276.0924,-16277.9024,618.2649,11834.6652,-1868.0814,1228.4931,-741.157,-4249.9131,-1380.7453,-5630.6584
268,486.1815,1442.4305,-1096.579,0.0,0.0,0.0,-1257.1022,-16019.4263,603.8022,11808.7154,-2063.4171,1244.6384,-754.6722,-4031.977899999998,-1573.4509,-5605.428799999999
269,491.1512,1380.0659,-1076.8742,0.0,0.0,0.0,-1284.7546,-16057.8724,596.6601,11743.5708,-1955.2745,1237.9336,-740.5454,-4208.0532,-1457.8863,-5665.9394999999995
270,506.2543,1414.5428,-1084.9258,0.0,0.0,0.0,-1275.5378,-16062.9755,609.4305,11808.8177,-2008.7918,1248.4468,-758.1618,-4084.3938,-1518.5068,-5602.9006
271,539.3306,1374.6949,-1066.2696,0.0,0.0,0.0,-1272.9327,-16074.4,614.0457,11764.8339,-1943.1727,1237.825,-746.8267,-4120.697199999999,-1452.1743999999999,-5572.871599999999
272,503.6847,1438.4968,-1075.0242,0.0,0.0,0.0,-1256.93,-16092.3921,614.0745,11771.5273,-1989.1704,1235.9208,-748.3241,-4096.562999999998,-1501.5737,-5598.136699999998
273,526.4021,1391.4135,-1108.2279,0.0,0.0,0.0,-1291.8074,-16102.6432,599.7285,11774.3121,-1971.9152,1235.0939,-746.1122,-4210.822300000002,-1482.9334999999999,-5693.755800000001
274,476.422,1373.3148,-1078.7671,0.0,0.0,0.0,-1254.5966,-15985.4486,617.7245,11826.5304,-2136.4602,1243.4855,-759.5955,-4024.820599999999,-1652.5702,-5677.390799999999
275,516.2581,1432.9127,-1102.2896,0.0,0.0,0.0,-1266.3502,-15965.5991,605.8043,11744.359,-2077.7825,1249.3823,-757.5309,-4034.9048000000003,-1585.9310999999998,-5620.835899999999
276,506.4874,1399.45,-1081.3947,0.0,0.0,0.0,-1267.4739,-15979.2869,615.8662,11787.2938,-2085.9863,1249.869,-757.3875,-4019.0580999999984,-1593.5048000000002,-5612.562899999999
277,487.5246,1393.2053,-1081.6866,0.0,0.0,0.0,-1259.6464,-16110.9109,603.5868,11771.5483,-1964.8767,1237.3808,-751.832,-4196.378899999998,-1479.3279000000002,-5675.706799999998
278,487.5575,1429.7471,-1110.7773,0.0,0.0,0.0,-1278.3851,-15914.65,612.1766,11751.2504,-2115.2537,1242.3657,-756.2147,-4023.080799999998,-1629.1027000000001,-5652.183499999997
279,507.1433,1419.4553,-1111.3602,0.0,0.0,0.0,-1254.0349,-16111.7685,619.2198,11788.821,-1989.1159,1236.724,-748.6487,-4142.524199999998,-1501.0406,-5643.564799999997
280,478.2053,1444.6291,-1091.4606,0.0,0.0,0.0,-1279.7423,-16006.252,607.2533,11770.1514,-2047.5511,1242.6728,-747.3174,-4077.2158,-1552.1956999999998,-5629.411499999999
281,504.3721,1445.9709,-1111.2483,0.0,0.0,0.0,-1311.7748,-16087.5191,614.057,11779.62,-1924.3108,1231.399,-736.1044,-4166.522199999998,-1429.0162,-5595.538399999998
282,512.3815,1431.2411,-1098.5663,0.0,0.0,0.0,-1284.4506,-16072.5959,607.2248,11745.8624,-1955.3093,1237.3855,-745.9375,-4158.903,-1463.8612999999998,-5622.7643
283,502.7113,1377.5794,-1085.9903,0.0,0.0,0.0,-1276.6696,-16193.1775,620.605,11753.0883,-1864.0447,1231.8195,-740.5738,-4301.8534,-1372.799,-5674.652400000001
284,513.4334,1450.6244,-1079.1238,0.0,0.0,0.0,-1301.9627,-16014.9982,607.8046,11765.5385,-2027.9612,1238.2077,-747.8093,-4058.6838000000007,-1537.5628000000002,-5596.2466
285,505.8431,1392.7639,-1108.1661,0.0,0.0,0.0,-1277.5545,-16021.8541,616.077,11725.7395,-1975.9163,1233.0102,-735.8717,-4167.151200000002,-1478.7778000000003,-5645.929000000002
286,538.4058,1395.1122,-1113.1042,0.0,0.0,0.0,-1257.7785,-15967.3638,605.115,11788.0867,-2089.4199,1238.907,-749.5227,-4011.526799999998,-1600.0356,-5611.562399999997
287,509.8776,1423.1578,-1100.0429,0.0,0.0,0.0,-1284.4875,-15896.1313,601.3294,11709.9538,-2069.9137,1243.8115,-752.3951,-4036.3431,-1578.4973,-5614.8404
288,502.4196,1366.2848,-1093.633,0.0,0.0,0.0,-1280.8339,-16006.4582,604.1496,11755.0371,-2019.3399,1233.2512,-741.5527,-4153.033999999998,-1527.6414,-5680.675399999998
289,504.1028,1406.8754,-1072.2468,0.0,0.0,0.0,-1274.9345,-16140.6774,626.5358,11811.0968,-1986.8913,1226.811,-739.094,-4139.2479,-1499.1743000000001,-5638.422200000001
290,499.0946,1427.5951,-1075.3013,0.0,0.0,0.0,-1280.498,-16215.1638,623.7654,11842.8706,-1941.5073,1222.738,-732.7112,-4177.637400000001,-1451.4805,-5629.117900000001
291,528.2856,1435.5989,-1070.2016,0.0,0.0,0.0,-1240.4607,-16238.5882,613.0436,11757.4819,-1852.9141,1228.5356,-740.013,-4214.8405,-1364.3915000000002,-5579.232
292,489.3003,1457.738,-1098.4417,0.0,0.0,0.0,-1272.9003,-16179.8429,609.0998,11810.3988,-1930.5405,1235.7838,-745.7601,-4184.647999999999,-1440.5168,-5625.164799999999
293,474.5048,1396.8766,-1098.6374,0.0,0.0,0.0,-1261.4246,-16174.9481,602.941,11775.6065,-1934.1427,1230.2083,-739.8525,-4285.0812000000005,-1443.7869,-5728.868100000001
294,521.0104,1441.9369,-1100.2045,0.0,0.0,0.0,-1266.8406,-16213.2986,618.0401,11713.5954,-1809.7671,1225.7762,-737.2358,-4285.760900000001,-1321.2267000000002,-5606.987600000001
295,480.4389,1459.9023,-1107.0568,0.0,0.0,0.0,-1236.4168,-16398.0381,602.3553,11809.8267,-1751.7367,1222.2797,-734.8014,-4388.988500000001,-1264.2583999999997,-5653.246900000001
296,530.5203,1398.3518,-1123.5477,0.0,0.0,0.0,-1264.9824,-16218.7164,616.6462,11778.5352,-1854.434,1228.9467,-743.7108,-4283.193000000001,-1369.1981,-5652.391100000002
297,507.3325,1373.0537,-1087.5521,0.0,0.0,0.0,-1280.6859,-16151.1568,605.0929,11807.0445,-1947.1089,1231.484,-751.6678,-4226.871200000001,-1467.2927,-5694.163900000002
298,493.3481,1388.7843,-1086.0099,0.0,0.0,0.0,-1287.0866,-15983.4098,605.7364,11791.848,-2095.9894,1247.9081,-764.8614,-4076.789499999999,-1612.9426999999998,-5689.732199999999
299,507.2622,1417.592,-1102.2207,0.0,0.0,0.0,-1247.2587,-16055.5451,582.7192,11761.4589,-2040.9026,1244.199,-751.8302,-4135.992199999999,-1548.5337999999997,-5684.525999999998
300,508.1692,1427.9291,-1104.2743,0.0,0.0,0.0,-1277.7904,-16229.4679,599.8161,11726.6569,-1874.121,1217.2665,-729.5377,-4348.961300000001,-1386.3922000000002,-5735.353500000001
301,531.8851,1430.9096,-1118.1831,0.0,0.0,0.0,-1244.0107,-16155.6227,613.319,11740.7677,-1900.5644,1226.9197,-746.3792,-4200.935099999999,-1420.0239000000001,-5620.959
302,485.2082,1417.7327,-1102.4336,0.0,0.0,0.0,-1226.9388,-16139.16,626.9668,11779.8953,-1978.9198,1235.4247,-756.3215,-4158.729399999998,-1499.8165999999999,-5658.5459999999985
303,523.5134,1417.5936,-1109.9015,0.0,0.0,0.0,-1240.9326,-16106.1199,615.4939,11740.6411,-1986.9956,1241.8885,-754.8612,-4159.712000000001,-1499.9683,-5659.680300000002
304,520.9892,1459.2881,-1115.4499,0.0,0.0,0.0,-1298.5281,-16115.012,611.6991,11738.3168,-1886.1973,1232.1597,-746.7147,-4198.6968,-1400.7523,-5599.4491
305,543.0752,1426.1256,-1103.2101,0.0,0.0,0.0,-1275.0337,-16082.0825,605.675,11683.2255,-1927.619,1232.1408,-744.8666,-4202.225000000002,-1440.3447999999999,-5642.569800000002
306,502.876,1419.8523,-1111.302,0.0,0.0,0.0,-1259.3656,-16148.3873,590.1484,11733.4305,-1884.8921,1242.0869,-745.9796,-4272.7477,-1388.7848,-5661.532499999999
307,499.1356,1479.977,-1095.9186,0.0,0.0,0.0,-1276.406,-16134.1685,608.8272,11775.4811,-1950.6569,1233.289,-745.9032,-4143.072199999999,-1463.2711,-5606.343299999999
308,513.9916,1420.1812,-1084.8501,0.0,0.0,0.0,-1247.5237,-16266.0098,611.5561,11787.6919,-1849.9877,1236.4027,-749.4013,-4264.962800000001,-1362.9862999999998,-5627.9491
309,501.9003,1435.1935,-1125.3205,0.0,0.0,0.0,-1264.1275,-16075.3952,621.0492,11727.5246,-1930.0458,1242.4082,-753.7831,-4179.1756000000005,-1441.4207000000001,-5620.5963
310,498.9518,1397.7285,-1111.1508,0.0,0.0,0.0,-1276.5354,-16171.6342,617.838,11750.6485,-1912.1105,1234.2434,-751.7476,-4294.1536000000015,-1429.6147,-5723.768300000001
311,509.4115,1426.1014,-1104.0587,0.0,0.0,0.0,-1252.3776,-16092.1587,587.8067,11772.5459,-1979.639,1238.3967,-745.1075,-4152.729500000001,-1486.3498,-5639.079300000001
312,548.9371,1416.9107,-1083.393,0.0,0.0,0.0,-1275.7386,-16187.2643,592.7781,11757.7041,-1889.7109,1226.2723,-740.8284,-4230.0659,-1404.2669999999998,-5634.332899999999
313,471.1217,1466.5449,-1086.266,0.0,0.0,0.0,-1289.9096,-16217.8678,604.0491,11854.1724,-1908.1938,1229.783,-734.3196,-4198.1552999999985,-1412.7304000000001,-5610.885699999998
314,478.4123,1481.761,-1079.1444,0.0,0.0,0.0,-1305.3969,-16010.2429,610.1698,11735.6469,-2037.5647,1239.2661,-750.1255,-4088.7942000000003,-1548.4240999999997,-5637.2183
315,469.6279,1438.3432,-1119.969,0.0,0.0,0.0,-1284.2082,-16173.8562,599.5201,11812.436,-1909.3875,1229.4617,-744.7075,-4258.106200000002,-1424.6333,-5682.7395000000015
316,481.4692,1450.5158,-1124.2686,0.0,0.0,0.0,-1265.9944,-16121.1942,611.2353,11846.9046,-1988.631,1230.5626,-735.1596,-4121.3323,-1493.228,-5614.5603
317,520.537,1380.7226,-1080.0492,0.0,0.0,0.0,-1269.3797,-16190.6774,617.7391,11771.2633,-1930.7898,1230.4303,-744.862,-4249.844300000001,-1445.2215,-5695.065800000001
318,491.2985,1458.789,-1125.6182,0.0,0.0,0.0,-1299.8437,-15992.1032,614.1416,11794.6069,-2052.9184,1236.124,-745.7613,-4058.729099999997,-1562.5557,-5621.284799999998
319,496.7358,1417.7221,-1095.011,0.0,0.0,0.0,-1254.6,-16143.8966,612.353,11804.5021,-1974.6586,1235.9917,-750.7473,-4162.194600000001,-1489.4142,-5651.608800000001
320,492.5433,1438.2734,-1114.8365,0.0,0.0,0.0,-1279.9717,-16242.3317,612.0167,11810.8834,-1877.3266,1238.288,-748.6691,-4283.423099999998,-1387.7077,-5671.130799999998
321,531.2706,1380.8849,-1098.274,0.0,0.0,0.0,-1266.6733,-16079.0881,601.5559,11808.4728,-2028.0462,1239.2944,-748.5937,-4121.851200000001,-1537.3455,-5659.196700000001
322,487.7312,1409.358,-1090.0154,0.0,0.0,0.0,-1285.6221,-16169.8532,623.8223,11873.4844,-1963.7554,1238.6188,-743.7086,-4151.094800000001,-1468.8452000000002,-5619.9400000000005
323,500.0658,1436.4526,-1086.7736,0.0,0.0,0.0,-1266.9427,-16058.258,603.4395,11733.6844,-1988.3086,1231.1391,-748.1373,-4138.332,-1505.3067999999998,-5643.638800000001
324,521.6372,1453.8836,-1078.0516,0.0,0.0,0.0,-1250.8917,-16257.1582,618.8655,11855.9491,-1901.6891,1236.8752,-747.3798,-4135.766099999999,-1412.1937000000003,-5547.959799999998
325,526.6252,1432.6458,-1105.4632,0.0,0.0,0.0,-1260.5259,-16064.7662,605.8388,11710.6823,-1985.0567,1240.4615,-757.269,-4154.9632,-1501.8642000000002,-5656.8274
326,532.6137,1421.3971,-1108.4673,0.0,0.0,0.0,-1255.9314,-16105.0141,581.2244,11766.5853,-1933.8911,1238.7038,-750.9127,-4167.592300000002,-1446.1,-5613.6923000000015
327,485.7721,1413.4891,-1089.3663,0.0,0.0,0.0,-1254.5647,-16160.8377,616.9202,11866.25,-2004.9696,1243.9297,-758.6192,-4122.337299999999,-1519.6590999999999,-5641.9964
328,518.8169,1384.5879,-1112.5536,0.0,0.0,0.0,-1236.5752,-16248.4982,603.3385,11816.6155,-1890.4723,1242.4035,-754.3791,-4274.2682,-1402.4479000000001,-5676.7161
329,502.4412,1390.8901,-1080.2115,0.0,0.0,0.0,-1275.1664,-16090.3617,605.2965,11789.47,-1995.5981,1240.3009,-758.1413,-4157.641799999999,-1513.4385,-5671.0803
330,517.9363,1448.9713,-1102.9128,0.0,0.0,0.0,-1270.2956,-16157.6889,602.5378,11748.6863,-1936.7643,1241.1088,-754.1651,-4212.765599999999,-1449.8206,-5662.586199999999
331,495.9454,1454.07,-1086.0439,0.0,0.0,0.0,-1261.8003,-16215.3014,598.5252,11830.4193,-1937.7076,1247.2419,-758.545,-4184.1857,-1449.0106999999998,-5633.1964
332,510.3823,1380.0928,-1102.9226,0.0,0.0,0.0,-1253.8437,-16122.7782,623.7399,11800.7147,-1942.5551,1226.5984,-742.8448,-4164.614799999999,-1458.8015,-5623.416299999999
333,526.7516,1375.3726,-1086.0277,0.0,0.0,0.0,-1280.9312,-16164.8498,627.2545,11819.619,-1930.3273,1237.6643,-753.6386,-4182.811,-1446.3016,-5629.1126
334,487.8274,1463.731,-1085.6281,0.0,0.0,0.0,-1270.974,-16060.3254,590.5392,11826.5328,-2030.1562,1233.2181,-743.3111,-4048.2971,-1540.2491999999997,-5588.546299999999
335,527.9684,1399.3633,-1081.4921,0.0,0.0,0.0,-1271.3894,-16020.0623,609.7049,11741.8173,-2011.6537,1238.8503,-758.0805,-4094.089899999997,-1530.8839,-5624.973799999997
336,489.698,1376.1462,-1063.5179,0.0,0.0,0.0,-1242.9734,-16239.7437,640.0405,11825.0117,-1890.0795,1226.9433,-749.9603,-4215.338600000003,-1413.0965,-5628.435100000002
337,511.2407,1412.5068,-1098.6408,0.0,0.0,0.0,-1258.8032,-16244.8874,599.7503,11754.843,-1851.3947,1243.2871,-751.6016,-4323.990599999997,-1359.7092,-5683.699799999997
338,515.8317,1401.1626,-1067.4018,0.0,0.0,0.0,-1265.0612,-16170.4454,631.226,11776.7489,-1932.3201,1230.3925,-749.6424,-4177.939200000001,-1451.57,-5629.5092
339,489.845,1379.0309,-1086.2685,0.0,0.0,0.0,-1247.1033,-16279.0848,611.5855,11818.6717,-1874.1654,1241.6002,-757.4841,-4313.323499999999,-1390.0493000000001,-5703.372799999998
340,517.0384,1392.4886,-1079.211,0.0,0.0,0.0,-1256.3498,-16216.5493,596.9429,11737.3822,-1806.5719,1232.1597,-748.6775,-4308.258,-1323.0897,-5631.347699999999
341,518.4476,1353.4536,-1102.1187,0.0,0.0,0.0,-1300.1371,-16181.3448,633.2256,11804.2949,-1923.2919,1226.8063,-741.3349,-4274.178900000001,-1437.8204999999998,-5711.999400000001
342,500.8606,1421.9097,-1077.4565,0.0,0.0,0.0,-1316.5439,-16188.4627,602.1029,11792.7062,-1867.3787,1219.4825,-729.9342,-4264.8837,-1377.8303999999998,-5642.7141
343,497.9393,1437.0911,-1070.8335,0.0,0.0,0.0,-1302.0482,-16141.8601,602.9046,11710.721,-1891.8718,1231.5691,-747.213,-4266.085800000001,-1407.5157,-5673.601500000001
344,535.9769,1456.7863,-1100.6707,0.0,0.0,0.0,-1254.0405,-16105.9546,606.9596,11752.323,-1982.1028,1239.2992,-756.1974,-4108.619999999997,-1499.001,-5607.6209999999965
345,527.5565,1417.7717,-1081.0695,0.0,0.0,0.0,-1273.9128,-16152.9684,615.1751,11755.9495,-1910.1923,1228.6585,-742.3323,-4191.4979,-1423.8661,-5615.364
346,535.1858,1408.8596,-1082.9056,0.0,0.0,0.0,-1289.3402,-16339.9014,620.1454,11858.745,-1806.2681,1222.7995,-731.7127,-4289.2114,-1315.1813,-5604.3927
347,515.2222,1422.9944,-1115.3931,0.0,0.0,0.0,-1259.1544,-16176.8368,612.4947,11799.8535,-1944.1645,1234.8246,-746.8753,-4200.8195,-1456.2152,-5657.034699999999
348,529.0053,1420.8288,-1063.9545,0.0,0.0,0.0,-1268.0932,-16056.4276,607.279,11724.8506,-1983.1328,1236.6343,-751.2797,-4106.511600000002,-1497.7782000000002,-5604.289800000002
349,527.2587,1449.7253,-1097.4817,0.0,0.0,0.0,-1289.2288,-16207.6252,606.6688,11787.1763,-1875.1716,1236.0673,-751.9627,-4223.506600000001,-1391.067,-5614.573600000001
350,493.5704,1413.0863,-1113.0333,0.0,0.0,0.0,-1265.9051,-16027.788,608.1375,11706.1344,-1981.8285,1236.1145,-754.8668,-4185.7977999999985,-1500.5808000000002,-5686.378599999998
351,519.7503,1407.1241,-1086.8472,0.0,0.0,0.0,-1279.6031,-16213.0172,608.0921,11812.8155,-1891.5554,1229.9059,-745.1021,-4231.685499999998,-1406.7516,-5638.437099999998
352,453.2933,1385.939,-1068.1201,0.0,0.0,0.0,-1281.2944,-16219.2975,601.1437,11755.7042,-1854.7968,1229.8397,-741.6728,-4372.631799999999,-1366.6299000000001,-5739.261699999999
353,502.7878,1430.6763,-1098.8611,0.0,0.0,0.0,-1292.7993,-16102.0059,603.368,11797.3819,-1982.3655,1233.5725,-752.0306,-4159.452299999999,-1500.8236000000002,-5660.275899999999
354,492.9007,1403.8409,-1073.2241,0.0,0.0,0.0,-1273.2793,-16211.8388,613.9127,11786.379,-1902.8219,1235.9113,-753.292,-4261.308899999996,-1420.2026,-5681.511499999997
355,519.2127,1466.669,-1116.5503,0.0,0.0,0.0,-1288.6247,-16192.7251,614.9426,11738.5315,-1879.7758,1225.7148,-743.0864,-4258.544300000001,-1397.1473999999998,-5655.691700000001
356,499.7814,1405.0812,-1128.1566,0.0,0.0,0.0,-1260.3847,-16171.6898,603.5343,11776.471,-1898.0472,1240.9293,-749.7965,-4275.363200000002,-1406.9144000000001,-5682.277600000002
357,509.8837,1422.0899,-1119.9621,0.0,0.0,0.0,-1244.7595,-16136.2584,606.111,11765.832,-1910.2501,1239.0298,-747.5766,-4197.063400000001,-1418.7968999999998,-5615.860300000001
358,522.3702,1443.9843,-1104.6347,0.0,0.0,0.0,-1234.6279,-16036.4155,583.4162,11736.5702,-2008.5262,1250.9038,-760.8722,-4089.3372,-1518.4946,-5607.8318
359,523.7897,1396.91,-1114.8738,0.0,0.0,0.0,-1272.7443,-16075.6379,598.4499,11768.4748,-1966.8142,1235.3869,-744.7508,-4175.631600000001,-1476.1781,-5651.8097
360,512.4433,1389.4271,-1072.9684,0.0,0.0,0.0,-1269.6303,-16109.4,596.9841,11807.8548,-1976.3597,1241.4868,-748.7954,-4145.2894000000015,-1483.6683,-5628.957700000002
361,517.7037,1459.8317,-1101.3352,0.0,0.0,0.0,-1297.1742,-16104.4334,587.1098,11761.2119,-1875.4456,1233.8938,-742.7899,-4177.0857,-1384.3417,-5561.4274
362,529.1948,1490.833,-1064.5141,0.0,0.0,0.0,-1280.1204,-16042.1353,619.4975,11804.0363,-2039.0895,1245.1204,-756.1199,-3943.208200000001,-1550.089,-5493.297200000001
363,516.2115,1396.7379,-1082.5813,0.0,0.0,0.0,-1280.6905,-16043.3836,604.3349,11732.5704,-1949.1486,1232.2967,-749.7416,-4156.800699999998,-1466.5935,-5623.394199999999
364,520.054,1355.0318,-1093.3134,0.0,0.0,0.0,-1281.4701,-16174.2417,617.3619,11792.28,-1897.0349,1236.8422,-748.1946,-4264.297499999999,-1408.3873,-5672.684799999999
365,467.2052,1401.1367,-1088.6024,0.0,0.0,0.0,-1270.9787,-16008.2182,610.9509,11785.0878,-2065.917,1235.7885,-751.8071,-4103.4187,-1581.9355999999998,-5685.354299999999
366,481.9405,1433.9271,-1105.4139,0.0,0.0,0.0,-1223.6575,-16000.682,609.1219,11812.1204,-2108.6549,1253.1245,-768.1741,-3992.6435,-1623.7045,-5616.348
367,524.9613,1472.0921,-1094.7298,0.0,0.0,0.0,-1242.2551,-15957.5327,579.1886,11769.5804,-2176.2447,1250.9227,-767.4434,-3948.6952,-1692.7654000000002,-5641.4606
368,489.7439,1404.053,-1090.9519,0.0,0.0,0.0,-1250.7481,-15969.6356,607.0844,11807.77,-2117.922,1248.0593,-765.3524,-4002.684300000001,-1635.2151000000001,-5637.899400000001
369,484.4748,1472.3104,-1128.1274,0.0,0.0,0.0,-1258.6778,-16051.6373,595.7975,11837.4094,-2056.6992,1250.2895,-767.1432,-4048.450399999998,-1573.5529,-5622.0032999999985
370,526.0249,1376.0196,-1128.2308,0.0,0.0,0.0,-1278.5177,-16083.6987,605.0443,11802.0596,-2027.0176,1237.102,-761.2772,-4181.298800000002,-1551.1927999999998,-5732.491600000003
371,491.6138,1424.4646,-1098.8573,0.0,0.0,0.0,-1249.7544,-16118.914,602.4599,11751.3995,-1956.5354,1239.9229,-751.1866,-4197.5879,-1467.7991,-5665.387
372,517.2744,1408.6864,-1078.3373,0.0,0.0,0.0,-1213.0205,-15988.2384,602.1311,11746.4866,-2087.1371,1242.6539,-761.7144,-4005.0176999999985,-1606.1976,-5611.215299999998
373,502.9802,1449.7887,-1110.7419,0.0,0.0,0.0,-1242.9406,-16154.8745,616.3868,11782.8881,-1920.4162,1251.7354,-772.6936,-4156.513199999998,-1441.3743999999997,-5597.887599999997
374,525.6006,1460.8127,-1109.9808,0.0,0.0,0.0,-1247.2615,-16065.9706,591.5942,11713.4039,-1974.2489,1251.3148,-766.2381,-4131.801500000003,-1489.1722,-5620.973700000004
375,489.919,1413.1356,-1051.7659,0.0,0.0,0.0,-1255.5508,-16156.4403,623.2833,11831.4025,-2007.6003,1238.288,-757.2785,-4106.016600000003,-1526.5908,-5632.607400000003
376,520.0301,1398.4454,-1083.7625,0.0,0.0,0.0,-1265.2394,-16001.8402,597.6997,11797.6874,-2091.0372,1245.8527,-757.5804,-4036.9795000000013,-1602.7649000000004,-5639.744400000002
377,495.3921,1372.0972,-1088.2277,0.0,0.0,0.0,-1250.0517,-16131.1784,625.2167,11824.543,-2007.671,1238.6896,-752.8154,-4152.2087999999985,-1521.7968,-5674.005599999999
378,457.6681,1387.1993,-1121.4021,0.0,0.0,0.0,-1248.7568,-16172.1252,622.9549,11839.8341,-1925.9782,1229.0081,-743.6948,-4234.627700000001,-1440.6649,-5675.292600000001
379,489.2778,1419.2904,-1100.9167,0.0,0.0,0.0,-1255.1219,-16077.5297,619.8224,11792.735,-2014.3837,1252.4488,-758.3009,-4112.442699999996,-1520.2358000000002,-5632.678499999996
380,485.3184,1427.9037,-1079.0945,0.0,0.0,0.0,-1250.9402,-16044.3135,607.1834,11771.613,-2050.9603,1249.3492,-768.7732,-4082.329700000002,-1570.3843000000002,-5652.714000000002
381,512.2004,1402.3079,-1118.161,0.0,0.0,0.0,-1249.9925,-16132.5515,625.706,11787.2522,-1948.6353,1241.0096,-754.2557,-4173.2384999999995,-1461.8813999999998,-5635.119899999999
382,512.2556,1409.4131,-1107.1138,0.0,0.0,0.0,-1276.7962,-16014.3433,596.6964,11781.4942,-2020.4434,1257.2825,-771.757,-4098.394000000002,-1534.9179,-5633.3119000000015
383,484.7544,1431.6211,-1083.1143,0.0,0.0,0.0,-1230.7591,-16235.8675,608.7402,11807.487,-1918.087,1248.5035,-774.222,-4217.138199999999,-1443.8055,-5660.943699999999
384,535.9023,1462.8273,-1092.4263,0.0,0.0,0.0,-1248.5843,-16155.8906,604.2286,11709.2645,-1928.183,1243.0602,-762.7864,-4184.678500000002,-1447.9092,-5632.587700000002
385,495.7852,1420.831,-1111.4003,0.0,0.0,0.0,-1231.6691,-16105.4681,633.2277,11779.9699,-2012.8449,1256.6919,-783.4734,-4118.723700000002,-1539.6264,-5658.350100000002
386,506.7079,1420.118,-1098.3252,0.0,0.0,0.0,-1255.727,-16037.602,612.9519,11764.3123,-2008.8123,1247.0009,-765.5337,-4087.5641000000014,-1527.3451,-5614.909200000001
387,517.4267,1440.936,-1106.0229,0.0,0.0,0.0,-1222.7312,-16249.1321,608.1227,11750.0985,-1883.9428,1243.4855,-761.7454,-4261.302299999999,-1402.2027,-5663.504999999999
388,497.3215,1450.5708,-1081.2831,0.0,0.0,0.0,-1245.7755,-16129.9612,608.712,11825.8232,-1989.5665,1244.0242,-756.6683,-4074.5922999999984,-1502.2105999999999,-5576.802899999999
389,514.3639,1424.6395,-1079.5451,0.0,0.0,0.0,-1247.7752,-16073.1228,592.584,11774.6754,-2029.927,1241.7278,-759.9802,-4094.180299999998,-1548.1794,-5642.359699999998
390,517.9284,1382.9646,-1093.5682,0.0,0.0,0.0,-1240.6161,-15970.1827,611.3704,11806.705,-2081.8116,1250.6203,-764.6051,-3985.3985999999986,-1595.7964,-5581.194999999999
391,534.1299,1409.5361,-1086.6463,0.0,0.0,0.0,-1251.1524,-16122.3982,600.5333,11816.2588,-1977.193,1258.6433,-775.9336,-4099.738799999999,-1494.4832999999999,-5594.2221
392,467.3904,1450.303,-1076.4655,0.0,0.0,0.0,-1271.387,-16180.9221,603.8247,11823.4557,-1939.0529,1245.333,-758.6996,-4183.800800000001,-1452.4195,-5636.220300000001
393,511.1693,1446.0422,-1127.2637,0.0,0.0,0.0,-1258.4318,-16151.1543,612.644,11885.6622,-2037.5592,1245.6448,-765.8227,-4081.332099999998,-1557.7370999999998,-5639.069199999997
394,551.0117,1433.6745,-1121.6667,0.0,0.0,0.0,-1228.166,-15982.8234,613.4219,11771.0675,-2099.7756,1255.4114,-778.0468,-3963.4805000000015,-1622.411,-5585.8915000000015
395,518.1768,1435.9923,-1099.8848,0.0,0.0,0.0,-1232.6478,-16000.2429,591.2423,11759.7489,-2085.8401,1263.2833,-790.0438,-4027.6151999999984,-1612.6005999999998,-5640.215799999998
396,483.5727,1453.6653,-1071.0622,0.0,0.0,0.0,-1259.7189,-15950.6796,606.5036,11807.8583,-2159.6992,1257.0746,-772.0842,-3929.8608000000004,-1674.7088,-5604.569600000001
397,483.6655,1370.2066,-1081.8359,0.0,0.0,0.0,-1269.012,-16104.6603,618.6719,11884.0448,-2037.0929,1248.1916,-765.2938,-4098.919400000001,-1554.1951,-5653.114500000001
398,495.4157,1408.9894,-1086.4341,0.0,0.0,0.0,-1269.1499,-16154.2005,596.7361,11818.407,-1978.6091,1248.924,-770.3286,-4190.236300000002,-1500.0137,-5690.250000000002
399,499.9268,1420.698,-1113.8879,0.0,0.0,0.0,-1221.9985,-15948.278,601.6621,11776.5713,-2141.7302,1270.418,-793.7596,-3985.306200000001,-1665.0718000000002,-5650.3780000000015
400,511.488,1382.6809,-1090.8501,0.0,0.0,0.0,-1248.1168,-15970.7894,609.5196,11776.9752,-2101.0784,1266.742,-784.658,-4029.0926,-1618.9944,-5648.087

