GENERALIZED BORN:
Frame #,BOND,ANGLE,DIHED,UB,IMP,CMAP,VDWAALS,EEL,1-4 VDW,1-4 EEL,EGB,ESURF,ESCF,G gas,G solv,TOTAL
0,494.5241,1430.5342,-1137.834,0.0,0.0,0.0,-1257.2467,-15848.9294,615.7007,11548.1589,-2035.8692,58.39103736,12.068,-4155.092200000001,-1977.4781626400002,-6120.502362640001
1,550.7832,1476.0668,-1084.6141,0.0,0.0,0.0,-1249.2528,-15956.7853,608.9626,11535.5546,-1962.1073,59.714932319999996,1.6978,-4119.285,-1902.39236768,-6019.9795676799995
2,480.129,1423.8587,-1081.7679,0.0,0.0,0.0,-1262.6242,-15930.6783,628.1947,11562.1675,-1999.1912,58.30658784,-8.2248,-4180.720499999999,-1940.88461216,-6129.829912159999
3,503.3848,1432.6771,-1076.2297,0.0,0.0,0.0,-1274.2494,-15893.2915,604.6218,11559.1818,-2047.8981,57.536496719999995,22.065,-4143.905099999998,-1990.36160328,-6112.201703279999
4,527.831,1427.1225,-1117.3112,0.0,0.0,0.0,-1273.2215,-15919.6412,615.2286,11473.4558,-1946.1127,58.77944352,17.9269,-4266.536,-1887.3332564799998,-6135.942356479999
5,482.0432,1400.9622,-1094.3191,0.0,0.0,0.0,-1266.6511,-15899.9957,619.6174,11557.0005,-1993.9536,60.85062792,16.2817,-4201.3426,-1933.10297208,-6118.16387208
6,493.0289,1428.697,-1062.454,0.0,0.0,0.0,-1265.5235,-15866.1487,609.7894,11486.6318,-2004.4834,59.568124319999995,14.3925,-4175.9791000000005,-1944.9152756800001,-6106.501875680001
7,531.1909,1421.2535,-1105.9201,0.0,0.0,0.0,-1274.3914,-15960.2136,619.3324,11531.0219,-1935.3714,56.73609864,13.8479,-4237.7264,-1878.63530136,-6102.51380136
8,485.7643,1373.5577,-1067.6697,0.0,0.0,0.0,-1289.4842,-15895.346,589.3515,11500.608,-1944.8504,59.40000936,10.2983,-4303.218399999998,-1885.45039064,-6178.370490639998
9,510.6781,1433.2678,-1106.5014,0.0,0.0,0.0,-1259.7357,-16062.3854,595.9683,11511.4424,-1867.707,57.15700776,13.0486,-4377.2658999999985,-1810.5499922400002,-6174.767292239999
10,507.9332,1402.7717,-1079.7541,0.0,0.0,0.0,-1282.6303,-16011.1806,607.234,11603.4151,-1936.4283,57.41666711999999,0.1391,-4252.2109999999975,-1879.01163288,-6131.083532879997
11,528.5918,1395.7954,-1074.7952,0.0,0.0,0.0,-1252.4993,-15765.4917,598.3837,11548.2035,-2149.9371,60.578691119999995,14.1939,-4021.8118000000013,-2089.3584088800003,-6096.976308880001
12,499.2199,1408.0856,-1080.4091,0.0,0.0,0.0,-1256.616,-15994.1913,612.0487,11661.4229,-2005.2973,59.681553120000004,5.7115,-4150.4393,-1945.61574688,-6090.34354688
13,489.5007,1437.5205,-1089.9342,0.0,0.0,0.0,-1265.4975,-15933.8186,609.5687,11553.7106,-2003.4515,58.35360024,24.9527,-4198.9498,-1945.0978997599998,-6119.094999760001
14,492.968,1392.7817,-1082.795,0.0,0.0,0.0,-1253.6641,-15776.08,605.8718,11556.0483,-2140.4646,60.049715760000005,5.5292,-4064.8692999999985,-2080.41488424,-6139.754984239998
15,492.5112,1416.6454,-1066.6669,0.0,0.0,0.0,-1258.0933,-15831.1139,611.4612,11545.8587,-2098.5799,59.01689736,16.6719,-4089.3976000000002,-2039.5630026400001,-6112.28870264
16,477.9923,1330.7814,-1046.1831,0.0,0.0,0.0,-1273.0898,-15956.8957,600.1214,11621.7301,-2004.9049,59.59040112,7.1628,-4245.543399999999,-1945.31449888,-6183.695098879998
17,470.6553,1405.2682,-1056.3439,0.0,0.0,0.0,-1256.6379,-15932.0351,596.5607,11563.8894,-1975.6526,57.68142768,12.9082,-4208.6433,-1917.9711723199998,-6113.70627232
18,513.9126,1451.044,-1114.5341,0.0,0.0,0.0,-1267.3722,-15855.2199,600.5122,11510.9378,-2023.4201,57.3355548,1.5677,-4160.719600000002,-1966.0845452,-6125.236445200003
19,519.5242,1410.031,-1106.9292,0.0,0.0,0.0,-1246.1423,-15791.4934,602.7892,11544.8837,-2126.7341,59.17759776,9.8231,-4067.336799999999,-2067.55650224,-6125.070202239999
20,473.8635,1420.249,-1072.6294,0.0,0.0,0.0,-1248.927,-16152.4214,596.5802,11640.2674,-1875.9031,56.460206879999994,0.6715,-4343.017699999997,-1819.44289312,-6161.789093119995
21,507.141,1427.0368,-1085.2003,0.0,0.0,0.0,-1296.201,-15710.7904,602.0266,11519.7193,-2139.6902,57.63856536,6.2091,-4036.268,-2082.05163464,-6112.11053464
22,529.5508,1419.7532,-1098.9361,0.0,0.0,0.0,-1284.8631,-15866.9503,597.4282,11553.7921,-2052.4802,57.9196116,3.8459,-4150.225199999999,-1994.5605884,-6140.939888399998
23,468.8306,1401.4307,-1060.1294,0.0,0.0,0.0,-1265.6896,-16044.4265,620.6883,11658.5892,-1994.6026,57.1989888,3.198,-4220.706699999999,-1937.4036112,-6154.912311199999
24,488.6661,1352.6022,-1099.2022,0.0,0.0,0.0,-1283.6584,-16002.4946,601.7449,11613.8706,-1989.4238,57.85513488,11.7445,-4328.4713999999985,-1931.56866512,-6248.295565119999
25,502.2714,1447.3647,-1086.5886,0.0,0.0,0.0,-1246.3169,-16021.2791,603.7727,11569.0246,-1924.0449,58.92286032,13.012,-4231.751200000001,-1865.1220396800002,-6083.861239680001
26,500.2042,1425.3382,-1138.5333,0.0,0.0,0.0,-1255.7497,-16000.4594,624.2253,11608.7876,-1981.7594,57.94846632,3.784,-4236.187100000001,-1923.8109336799998,-6156.214033680001
27,504.7944,1400.1817,-1075.9068,0.0,0.0,0.0,-1282.8625,-16037.7211,611.3073,11571.0686,-1904.3078,59.2308108,11.7282,-4309.138399999998,-1845.0769892,-6142.487189199999
28,476.8696,1418.1854,-1096.7494,0.0,0.0,0.0,-1245.2799,-15929.2563,597.3002,11508.6732,-1981.5438,57.757581359999996,14.7683,-4270.2572,-1923.78621864,-6179.27511864
29,485.9543,1416.1518,-1078.6191,0.0,0.0,0.0,-1271.1282,-16119.6984,604.1137,11593.8583,-1865.0195,55.76085936,7.5616,-4369.3676,-1809.25864064,-6171.06464064
30,515.9303,1466.9821,-1092.1276,0.0,0.0,0.0,-1238.5491,-15955.8814,589.0092,11538.8227,-1986.4758,58.17300552,11.5299,-4175.8138,-1928.3027944799999,-6092.58669448
31,539.9458,1456.239,-1073.8473,0.0,0.0,0.0,-1257.3265,-15969.8282,617.064,11566.2409,-2016.3612,61.04595312,8.318,-4121.5122999999985,-1955.3152468800001,-6068.509546879998
32,493.7824,1426.7173,-1062.7593,0.0,0.0,0.0,-1255.2564,-16063.7304,596.5527,11594.0627,-1908.272,58.31890128,16.811,-4270.630999999999,-1849.9530987199998,-6103.773098719999
33,505.485,1376.9509,-1102.1922,0.0,0.0,0.0,-1275.613,-15811.6548,612.2716,11556.0704,-2073.8844,57.908178719999995,5.7622,-4138.6821,-2015.97622128,-6148.8961212799995
34,486.0376,1395.194,-1097.9534,0.0,0.0,0.0,-1265.8836,-15895.2929,593.6664,11516.7246,-1986.4478,58.03451784,14.0777,-4267.507300000001,-1928.4132821599999,-6181.842882160001
35,504.762,1396.4775,-1083.0474,0.0,0.0,0.0,-1251.2334,-15905.8739,609.042,11557.8466,-2048.4014,58.032231839999994,16.7829,-4172.026600000001,-1990.3691681600003,-6145.612868160001
36,505.3357,1384.6813,-1081.7495,0.0,0.0,0.0,-1269.3841,-15967.8821,606.5236,11593.1081,-2003.9164,58.03175304,18.2152,-4229.367,-1945.88464696,-6157.036446960001
37,476.7838,1436.5688,-1106.2271,0.0,0.0,0.0,-1283.6699,-16024.7605,606.0491,11528.9791,-1884.182,56.564532719999995,9.5205,-4366.2766999999985,-1827.61746728,-6184.373667279999
38,498.6039,1420.8506,-1102.0501,0.0,0.0,0.0,-1317.6935,-16048.8661,611.48,11601.356,-1887.2217,55.695741119999994,14.1348,-4336.319200000002,-1831.52595888,-6153.710358880002
39,475.6372,1392.0937,-1084.1358,0.0,0.0,0.0,-1272.058,-15938.5605,597.2734,11581.4874,-2000.356,56.99156904,11.7917,-4248.262599999998,-1943.36443096,-6179.835330959998
40,555.5736,1486.0268,-1108.1133,0.0,0.0,0.0,-1294.8347,-15910.4354,596.482,11502.8216,-1968.3782,55.188357839999995,-6.3546,-4172.4794,-1913.1898421600001,-6092.02384216
41,517.8891,1406.0692,-1062.6687,0.0,0.0,0.0,-1280.736,-15891.4228,602.3693,11545.9616,-1993.7366,55.432377360000004,7.364,-4162.5383,-1938.30422264,-6093.478522640001
42,525.7086,1445.6247,-1085.1847,0.0,0.0,0.0,-1260.9988,-15907.2706,594.6841,11514.7846,-2004.5707,56.051176319999996,20.9596,-4172.652099999999,-1948.51952368,-6100.212023679999
43,510.2917,1398.5816,-1073.134,0.0,0.0,0.0,-1308.4046,-15874.3068,586.9178,11502.7063,-1962.9957,55.84599504,-1.633,-4257.348000000002,-1907.14970496,-6166.130704960001
44,496.9766,1401.0307,-1074.522,0.0,0.0,0.0,-1290.855,-15790.2051,606.97,11496.4214,-2067.7505,58.19535792,2.6486,-4154.1834,-2009.55514208,-6161.08994208
45,510.843,1437.5596,-1102.3303,0.0,0.0,0.0,-1253.8497,-15832.0663,617.5014,11572.0111,-2098.4194,60.70039128,2.813,-4050.3312000000024,-2037.7190087200001,-6085.237208720003
46,514.3572,1440.9761,-1089.5212,0.0,0.0,0.0,-1277.3653,-15704.465,602.9045,11447.7686,-2139.3876,58.88547792,12.2859,-4065.3451000000005,-2080.50212208,-6133.5613220800005
47,505.278,1436.9434,-1080.0738,0.0,0.0,0.0,-1268.0627,-15956.9925,595.3343,11537.1152,-1952.1328,58.42454328,17.8886,-4230.4581,-1893.70825672,-6106.27775672
48,498.8508,1392.0662,-1049.2516,0.0,0.0,0.0,-1269.8959,-16006.0387,608.6964,11571.0924,-1945.2738,58.26435336,20.0481,-4254.480399999999,-1887.0094466399999,-6121.441746639998
49,514.7526,1422.5221,-1085.0106,0.0,0.0,0.0,-1278.6987,-15949.1261,602.8414,11550.0379,-2002.0149,59.22906408,14.3405,-4222.681400000001,-1942.78583592,-6151.126735920001
50,477.4012,1332.1204,-1095.1255,0.0,0.0,0.0,-1276.3421,-16008.1602,623.4473,11653.9098,-1974.079,57.7199376,4.7253,-4292.749100000003,-1916.3590623999999,-6204.3828624000025
51,544.836,1412.904,-1065.4671,0.0,0.0,0.0,-1261.0214,-15839.2977,602.1984,11496.6427,-2026.3941,58.53772224,14.8718,-4109.205099999999,-1967.85637776,-6062.189677759999
52,539.9751,1386.1209,-1080.54,0.0,0.0,0.0,-1268.1841,-15753.0366,587.8088,11483.2059,-2111.608,59.875287119999996,10.981,-4104.649999999998,-2051.7327128800002,-6145.401712879998
53,489.2756,1430.1358,-1083.1467,0.0,0.0,0.0,-1279.7321,-15682.2071,599.3259,11500.9342,-2161.2467,60.10042392,16.6878,-4025.4143999999997,-2101.14627608,-6109.8728760799995
54,491.6509,1400.4003,-1093.7598,0.0,0.0,0.0,-1267.2877,-15733.8705,598.1829,11531.8618,-2159.5152,60.578190000000006,11.2518,-4072.8221000000012,-2098.9370099999996,-6160.507310000001
55,494.9663,1424.4288,-1085.6261,0.0,0.0,0.0,-1284.0483,-15878.4059,587.5541,11461.4253,-1954.88,57.8571696,-11.7321,-4279.7058,-1897.0228304000002,-6188.4607304
56,503.3325,1429.6804,-1101.0674,0.0,0.0,0.0,-1269.1385,-15984.8719,610.3448,11581.0921,-1973.5221,59.37220799999999,4.3216,-4230.628000000001,-1914.149892,-6140.456292000001
57,528.9725,1445.4841,-1077.2326,0.0,0.0,0.0,-1267.6654,-16123.123,601.9085,11573.749,-1834.4428,55.95023088,5.3937,-4317.9069,-1778.49256912,-6091.00576912
58,493.1819,1448.8604,-1077.841,0.0,0.0,0.0,-1298.8644,-15961.6382,595.9728,11514.0182,-1893.679,55.9131444,16.7951,-4286.310299999999,-1837.7658556000001,-6107.281055599999
59,486.8243,1414.01,-1099.778,0.0,0.0,0.0,-1246.1747,-15895.1681,596.2495,11540.7693,-2043.6279,61.1836596,25.0299,-4203.2677,-1982.4442404,-6160.682040399999
60,493.7554,1401.9865,-1086.0838,0.0,0.0,0.0,-1262.8804,-16030.3563,601.8424,11556.4936,-1922.8407,56.9010384,22.688,-4325.242600000001,-1865.9396616,-6168.494261600001
61,514.1357,1467.5163,-1081.449,0.0,0.0,0.0,-1286.9525,-16209.0476,595.7385,11570.711,-1748.5916,56.85030288,25.0211,-4429.347600000001,-1691.74129712,-6096.067797120001
62,468.6625,1414.3893,-1054.6494,0.0,0.0,0.0,-1273.4549,-16169.4682,588.4905,11572.3835,-1779.248,55.653545519999994,12.5816,-4453.646700000001,-1723.59445448,-6164.65955448
63,514.7504,1380.2479,-1070.5369,0.0,0.0,0.0,-1261.1889,-16023.5454,625.2882,11571.83,-1916.1008,55.980316079999994,9.2397,-4263.154700000001,-1860.12048392,-6114.035483920001
64,500.7473,1380.8076,-1067.0633,0.0,0.0,0.0,-1282.5679,-16084.6227,607.9103,11577.3524,-1861.9214,55.02396312,16.4574,-4367.436300000001,-1806.89743688,-6157.876336880001
65,494.5963,1408.8398,-1070.4726,0.0,0.0,0.0,-1267.9643,-16024.2799,590.702,11531.4805,-1913.0548,57.60558072,15.3304,-4337.0982,-1855.4492192799999,-6177.21701928
66,506.3771,1382.1827,-1093.4126,0.0,0.0,0.0,-1292.8105,-16049.4771,616.1322,11584.5712,-1882.6927,56.53860408,14.494,-4346.437,-1826.1540959200001,-6158.097095919999
67,479.2258,1419.6664,-1097.2971,0.0,0.0,0.0,-1287.323,-15866.5377,594.8937,11579.173,-2065.3058,57.16162728,20.8185,-4178.198899999999,-2008.1441727200001,-6165.524572719999
68,521.713,1406.9552,-1092.1343,0.0,0.0,0.0,-1294.571,-15934.2281,607.8409,11568.4076,-2019.5465,56.909567519999996,9.2805,-4216.016700000002,-1962.6369324799998,-6169.373132480003
69,507.3681,1388.7251,-1066.6725,0.0,0.0,0.0,-1284.1247,-15897.3036,609.2582,11526.5747,-2006.0052,58.38420456,11.5999,-4216.1747,-1947.6209954400001,-6152.195795439999
70,491.4586,1411.9474,-1120.5234,0.0,0.0,0.0,-1278.9985,-16004.9971,605.4003,11527.5601,-1931.2334,55.98715752,20.5353,-4368.152600000001,-1875.24624248,-6222.863542480001
71,527.3795,1350.2705,-1095.5752,0.0,0.0,0.0,-1262.7189,-16191.5993,622.6153,11585.7441,-1765.7387,56.55759912,8.389,-4463.884,-1709.18110088,-6164.6761008799995
72,475.0067,1393.6881,-1102.9079,0.0,0.0,0.0,-1292.4218,-16074.4185,616.9962,11575.8568,-1852.4267,54.419636159999996,19.6068,-4408.2004000000015,-1798.00706384,-6186.600663840002
73,516.7989,1427.7262,-1075.9058,0.0,0.0,0.0,-1261.1726,-16086.2155,598.6528,11521.783,-1815.0418,56.593496880000004,9.5462,-4358.333000000002,-1758.44830312,-6107.235103120002
74,534.7005,1430.6648,-1079.0783,0.0,0.0,0.0,-1280.914,-15965.8245,604.3972,11508.44,-1926.158,55.33350912,14.7589,-4247.614300000001,-1870.82449088,-6103.679890880001
75,538.9824,1381.6386,-1098.9484,0.0,0.0,0.0,-1269.9901,-16122.9679,587.7485,11593.7436,-1860.6096,56.516359679999994,6.699,-4389.793300000001,-1804.09324032,-6187.187540320001
76,496.8378,1473.7663,-1079.3701,0.0,0.0,0.0,-1264.0469,-15873.9206,591.8019,11527.0932,-2036.3236,56.989638,19.8171,-4127.838400000001,-1979.333962,-6087.355262
77,494.1058,1389.9443,-1064.3953,0.0,0.0,0.0,-1268.1535,-16173.3315,609.528,11552.3032,-1797.108,55.01994336,11.9705,-4459.999,-1742.0880566399999,-6190.1165566399995
78,515.0198,1414.9427,-1094.6228,0.0,0.0,0.0,-1297.1922,-16071.5619,595.4501,11568.4795,-1863.6032,54.46449792,6.6597,-4369.484800000002,-1809.13870208,-6171.963802080001
79,487.9597,1371.5417,-1095.3454,0.0,0.0,0.0,-1275.3871,-16032.1376,596.7518,11557.7694,-1900.9248,55.575125279999995,9.4266,-4388.8475,-1845.34967472,-6224.77057472
80,493.9146,1366.3217,-1080.1919,0.0,0.0,0.0,-1283.6956,-16172.8938,607.4533,11593.4879,-1778.2785,54.8028756,33.5181,-4475.603799999999,-1723.4756243999998,-6165.561324399999
81,491.4983,1432.2475,-1079.1263,0.0,0.0,0.0,-1263.2952,-16084.5576,593.6748,11534.9981,-1817.7335,54.14246928,5.9216,-4374.5603999999985,-1763.5910307200002,-6132.229830719999
82,508.3486,1439.9297,-1084.5568,0.0,0.0,0.0,-1279.308,-15989.9483,611.8157,11542.9439,-1920.7547,55.44269928,18.6602,-4250.775200000002,-1865.31200072,-6097.427000720001
83,493.7462,1423.4854,-1080.3191,0.0,0.0,0.0,-1273.1556,-16008.7862,607.8326,11560.1286,-1904.8595,57.13268688,10.8717,-4277.068100000002,-1847.72681312,-6113.923213120003
84,526.1995,1413.4824,-1103.0192,0.0,0.0,0.0,-1272.213,-16116.1361,613.8918,11584.6022,-1850.9693,57.23471232,13.038,-4353.1924,-1793.73458768,-6133.88898768
85,510.4822,1397.0993,-1110.7157,0.0,0.0,0.0,-1271.6028,-15758.9786,604.2241,11502.3245,-2079.6627,58.475562479999994,14.4857,-4127.1669999999995,-2021.1871375199999,-6133.868437519999
86,479.7875,1436.2172,-1122.6842,0.0,0.0,0.0,-1270.2336,-15856.9996,604.4452,11524.9459,-2037.1324,57.58945992,14.465,-4204.521599999998,-1979.5429400799999,-6169.599540079998
87,500.1437,1398.707,-1094.6497,0.0,0.0,0.0,-1293.4591,-15908.5296,617.146,11584.3718,-2031.8105,57.06433944,-6.2428,-4196.269899999999,-1974.7461605600001,-6177.2588605599985
88,451.3163,1428.86,-1107.735,0.0,0.0,0.0,-1269.7739,-15899.7668,609.9245,11559.2144,-2001.8717,57.24173664,8.9255,-4227.960499999999,-1944.62996336,-6163.664963359998
89,515.3686,1372.9848,-1069.2632,0.0,0.0,0.0,-1274.946,-15982.2558,608.7438,11519.405,-1926.0178,54.63397584,9.9697,-4309.962799999999,-1871.3838241600001,-6171.376924159999
90,510.6812,1376.5299,-1059.8514,0.0,0.0,0.0,-1270.0954,-15952.7206,604.3,11567.2663,-1978.062,56.99872224,18.3998,-4223.890000000003,-1921.06327776,-6126.553477760003
91,476.1984,1404.1573,-1055.3812,0.0,0.0,0.0,-1281.6761,-15911.4567,612.5929,11573.3122,-2056.3045,56.3795676,13.2107,-4182.253200000001,-1999.9249324000002,-6168.967432400002
92,476.1181,1389.2552,-1083.7758,0.0,0.0,0.0,-1256.9184,-16011.0938,590.4961,11580.0108,-1946.4697,56.886471359999994,5.0969,-4315.907800000001,-1889.58322864,-6200.394128640001
93,531.92,1443.3012,-1088.8809,0.0,0.0,0.0,-1266.5474,-15882.9634,606.7917,11526.9285,-2029.3425,56.63521944,10.0323,-4129.4503,-1972.70728056,-6092.125280560001
94,498.358,1412.3336,-1115.3917,0.0,0.0,0.0,-1272.4244,-15801.6355,595.7491,11479.2248,-2097.4433,56.804149439999996,18.3805,-4203.786100000001,-2040.63915056,-6226.0447505600005
95,525.8282,1390.9231,-1092.0697,0.0,0.0,0.0,-1269.8243,-16070.7504,612.6944,11599.1759,-1907.3657,56.366406,15.2339,-4304.022800000001,-1850.999294,-6139.788194000001
96,502.2359,1422.6806,-1059.1515,0.0,0.0,0.0,-1272.3763,-16037.1118,599.2546,11580.2949,-1925.6937,55.338888239999996,23.6669,-4264.173599999998,-1870.35481176,-6110.8615117599975
97,484.0933,1457.965,-1070.9349,0.0,0.0,0.0,-1290.5902,-15953.6123,611.1171,11533.7036,-1968.304,57.11711688,8.3178,-4228.258400000001,-1911.1868831200002,-6131.127483120001
98,494.9836,1396.8516,-1115.7423,0.0,0.0,0.0,-1281.8142,-16047.9872,619.8155,11563.8833,-1852.898,55.55471112,14.5478,-4370.0097000000005,-1797.3432888799998,-6152.80518888
99,532.3187,1395.9569,-1127.7325,0.0,0.0,0.0,-1271.2687,-15875.0288,609.4852,11529.6929,-2000.9955,56.8181952,35.4772,-4206.576300000001,-1944.1773048,-6115.2764048
100,519.2075,1417.9105,-1095.988,0.0,0.0,0.0,-1283.4299,-15960.09,611.9016,11561.4195,-1939.6235,57.41819424,10.1939,-4229.068800000003,-1882.2053057599999,-6101.080205760002
101,493.8789,1397.0659,-1103.8725,0.0,0.0,0.0,-1288.5561,-16134.3331,607.7943,11553.5092,-1787.7087,53.28827424,13.7209,-4474.513399999998,-1734.42042576,-6195.212925759998
102,494.4775,1473.0928,-1095.0797,0.0,0.0,0.0,-1276.7499,-16035.8862,623.0083,11578.5909,-1934.7916,56.04879528,7.2021,-4238.546300000004,-1878.74280472,-6110.087004720003
103,500.9857,1398.9074,-1078.94,0.0,0.0,0.0,-1265.9019,-15827.3253,610.2566,11498.9433,-2050.7925,57.81981168,17.4004,-4163.074199999999,-1992.97268832,-6138.646488319998
104,494.1378,1421.9561,-1104.5428,0.0,0.0,0.0,-1262.4596,-15954.5636,610.5333,11504.2344,-1931.9218,54.52264296,12.0739,-4290.7044000000005,-1877.39915704,-6156.0296570400005
105,495.3258,1443.6653,-1122.0093,0.0,0.0,0.0,-1244.6288,-16045.8573,611.1301,11528.7172,-1882.3103,55.846298159999996,3.3389,-4333.657000000001,-1826.46400184,-6156.782101840002
106,506.9666,1405.5694,-1096.5345,0.0,0.0,0.0,-1265.8585,-15947.8621,599.052,11452.5521,-1898.3942,56.798914319999994,10.9591,-4346.115000000002,-1841.59528568,-6176.751185680001
107,467.0437,1438.7262,-1126.9144,0.0,0.0,0.0,-1261.6447,-15950.4287,619.7666,11553.3633,-1956.7299,58.559896800000004,9.0492,-4260.087999999998,-1898.1700032,-6149.208803199997
108,529.9314,1384.9702,-1089.4862,0.0,0.0,0.0,-1292.3214,-15903.7854,585.3483,11577.7781,-2006.0158,56.778077520000004,0.7317,-4207.5650000000005,-1949.23772248,-6156.0710224800005
109,486.7695,1433.1646,-1093.9321,0.0,0.0,0.0,-1271.9032,-15911.3342,622.6301,11566.6807,-2025.1948,56.33689608,9.685,-4167.9245999999985,-1968.85790392,-6127.097503919998
110,523.8976,1404.1154,-1082.7494,0.0,0.0,0.0,-1268.3396,-15964.3636,598.3872,11525.9744,-1936.296,58.08067344,6.3009,-4263.078000000003,-1878.21532656,-6134.992426560003
111,494.8221,1412.0796,-1110.0196,0.0,0.0,0.0,-1279.3745,-16022.4052,616.9627,11595.4906,-1969.5294,56.145890879999996,20.1614,-4292.444300000001,-1913.3835091199999,-6185.666409120001
112,525.42,1379.6533,-1090.2184,0.0,0.0,0.0,-1267.4939,-15928.4734,595.9835,11547.7824,-1962.7489,58.80263831999999,-2.21,-4237.3465,-1903.9462616800001,-6143.50276168
113,540.0315,1424.7539,-1059.9187,0.0,0.0,0.0,-1272.6606,-15972.1785,602.9689,11523.2182,-1939.2725,55.156916159999994,3.5856,-4213.785300000001,-1884.11558384,-6094.315283840001
114,487.0827,1423.3597,-1113.5195,0.0,0.0,0.0,-1272.7759,-16061.7204,610.1194,11543.0776,-1846.1245,57.14235,3.2457,-4384.376400000001,-1788.9821499999998,-6170.11285
115,530.3501,1398.1255,-1101.4152,0.0,0.0,0.0,-1280.7316,-15904.1891,598.3516,11522.71,-1949.9301,57.793509359999995,6.2495,-4236.798700000001,-1892.1365906400001,-6122.685790640001
116,512.1551,1417.2067,-1082.5217,0.0,0.0,0.0,-1290.8507,-15881.6495,607.4657,11533.2298,-2004.3312,58.06594152,10.6648,-4184.964599999999,-1946.26525848,-6120.5650584800005
117,528.1557,1411.5574,-1101.3091,0.0,0.0,0.0,-1287.3969,-15927.1039,597.6951,11476.5781,-1920.9648,56.67784704,10.2631,-4301.823599999998,-1864.28695296,-6155.847452959997
118,484.5221,1435.286,-1117.6021,0.0,0.0,0.0,-1258.564,-15802.169,599.9705,11441.6019,-2000.8301,57.63947328,6.6459,-4216.954600000001,-1943.19062672,-6153.499326720001
119,507.7079,1473.984,-1100.4245,0.0,0.0,0.0,-1275.5682,-16018.4474,605.8359,11525.7332,-1897.875,55.29191256,28.1385,-4281.179099999998,-1842.58308744,-6095.623687439997
120,501.9593,1436.8402,-1080.4811,0.0,0.0,0.0,-1262.2285,-16257.6513,616.0677,11604.803,-1774.2677,55.84321368,14.7451,-4440.690699999999,-1718.4244863200001,-6144.370086319999
121,487.8366,1473.2196,-1058.9433,0.0,0.0,0.0,-1280.1655,-15866.7279,606.9183,11486.4185,-1993.5705,56.68899767999999,7.488,-4151.443700000002,-1936.88150232,-6080.837202320001
122,511.3485,1409.9127,-1075.2859,0.0,0.0,0.0,-1255.0488,-15880.7662,625.1554,11530.9301,-2012.5482,56.88411335999999,6.6555,-4133.754200000001,-1955.66408664,-6082.762786640002
123,513.208,1362.0031,-1098.3582,0.0,0.0,0.0,-1276.2858,-15814.8703,589.4487,11550.6452,-2056.8018,57.61085687999999,6.1615,-4174.209299999999,-1999.1909431200002,-6167.238743119999
124,492.9877,1366.7364,-1081.2246,0.0,0.0,0.0,-1258.3749,-15990.5949,628.2139,11589.4708,-1973.4391,57.95630856,1.2003,-4252.785600000001,-1915.48279144,-6167.06809144
125,502.7139,1442.5772,-1074.1988,0.0,0.0,0.0,-1258.4457,-15993.7648,595.4151,11529.1896,-1905.0332,56.2812912,-5.6024,-4256.513500000001,-1848.7519088000001,-6110.867808800001
126,505.1707,1412.5676,-1098.3612,0.0,0.0,0.0,-1308.8741,-15872.7787,608.3674,11591.0009,-2021.531,57.09006648,15.7408,-4162.907400000002,-1964.44093352,-6111.607533520002
127,563.0332,1462.4832,-1081.3151,0.0,0.0,0.0,-1285.194,-16035.2538,600.8582,11486.2555,-1858.2393,55.84155696,23.262,-4289.132800000001,-1802.39774304,-6068.2685430400015
128,482.5471,1360.0375,-1092.2856,0.0,0.0,0.0,-1277.5856,-15948.3093,624.6781,11602.1864,-1984.4872,58.32602496,12.3825,-4248.731400000001,-1926.16117504,-6162.510075040001
129,518.5623,1411.3818,-1085.3999,0.0,0.0,0.0,-1255.1722,-15941.1263,607.5068,11517.9596,-1970.5457,58.30150176,-0.2681,-4226.287900000001,-1912.2441982399998,-6138.800198240001
130,518.8478,1363.31,-1105.185,0.0,0.0,0.0,-1270.1601,-15843.3722,624.0208,11500.5752,-1981.2477,57.05223839999999,10.9289,-4211.9635,-1924.1954615999998,-6125.2300616
131,498.3332,1415.6355,-1089.4989,0.0,0.0,0.0,-1288.4547,-15838.1968,602.6217,11429.2122,-1981.7891,55.789254,12.5523,-4270.3478,-1925.999846,-6183.795345999999
132,504.7298,1424.8332,-1100.7881,0.0,0.0,0.0,-1321.7824,-15948.223,597.6267,11527.6098,-1934.5501,56.67142464,-0.7377,-4315.994000000001,-1877.87867536,-6194.610375360001
133,507.3533,1416.2403,-1110.0261,0.0,0.0,0.0,-1246.3022,-16034.7692,601.3828,11482.8728,-1858.6164,56.61812304,16.8019,-4383.248300000001,-1801.99827696,-6168.444676960001
134,514.6791,1450.996,-1111.9756,0.0,0.0,0.0,-1284.2858,-16088.3388,599.8582,11506.7803,-1791.849,56.090088,7.1783,-4412.286599999999,-1735.758912,-6140.867212
135,532.4353,1480.9355,-1092.5842,0.0,0.0,0.0,-1288.2116,-15945.6173,582.1616,11518.5036,-1937.156,57.56418504,13.2193,-4212.3771,-1879.59181496,-6078.74961496
136,545.5846,1424.5912,-1108.7996,0.0,0.0,0.0,-1274.7835,-16059.215,575.173,11430.204,-1771.6951,54.38796048,7.0327,-4467.245299999999,-1717.30713952,-6177.519739519998
137,509.1265,1424.763,-1086.8381,0.0,0.0,0.0,-1257.6567,-16174.2305,593.9251,11561.3414,-1809.1848,58.28310648,4.4561,-4429.569300000001,-1750.90169352,-6176.01489352
138,481.4766,1432.5687,-1100.9287,0.0,0.0,0.0,-1295.436,-15890.8238,606.5325,11544.9875,-1989.7268,56.95735104,12.454,-4221.623200000002,-1932.7694489599999,-6141.938648960003
139,484.0726,1370.7428,-1071.7046,0.0,0.0,0.0,-1267.7533,-15974.8696,611.5139,11556.6774,-1970.0083,57.163805999999994,5.225,-4291.3207999999995,-1912.844494,-6198.940293999999
140,478.9902,1425.8739,-1091.9848,0.0,0.0,0.0,-1274.7096,-16023.6542,604.5683,11591.1883,-1929.321,55.67343912,12.1595,-4289.727900000002,-1873.64756088,-6151.215960880002
141,524.0615,1419.7363,-1103.5841,0.0,0.0,0.0,-1275.9256,-15859.5822,589.5945,11496.7815,-2010.9819,57.368832479999995,8.5879,-4208.918100000003,-1953.61306752,-6153.943267520002
142,457.0701,1404.2791,-1072.6668,0.0,0.0,0.0,-1298.1959,-16062.2335,623.7099,11603.3861,-1879.3639,54.380322,8.3421,-4344.651,-1824.983578,-6161.292478
143,514.7303,1430.3543,-1103.1747,0.0,0.0,0.0,-1252.7645,-16028.7969,581.3459,11505.1843,-1857.3618,55.9584288,1.6212,-4353.121299999999,-1801.4033711999998,-6152.903471199999
144,525.7664,1406.5245,-1079.5545,0.0,0.0,0.0,-1269.9376,-16000.3586,597.7849,11519.9884,-1903.9302,57.310218,3.2793,-4299.786499999998,-1846.619982,-6143.127181999998
145,511.9491,1352.6117,-1083.8673,0.0,0.0,0.0,-1261.1822,-16025.0162,604.9189,11503.9852,-1835.5266,56.4550992,7.4943,-4396.6008,-1779.0715008,-6168.1780008
146,499.0631,1371.3642,-1064.8459,0.0,0.0,0.0,-1269.856,-16093.5407,596.7671,11520.3458,-1829.6614,55.44753048,8.8746,-4440.702399999998,-1774.21386952,-6206.041669519998
147,485.4504,1332.4135,-1055.6807,0.0,0.0,0.0,-1282.0101,-15958.9751,610.6654,11514.4705,-1908.4949,56.63029536,17.0206,-4353.6661,-1851.86460464,-6188.5101046400005
148,504.4171,1398.2256,-1113.3347,0.0,0.0,0.0,-1247.3008,-16093.0663,600.5038,11553.1523,-1835.17,55.513692,18.4542,-4397.403000000002,-1779.656308,-6158.605108000002
149,508.7569,1406.9348,-1119.7084,0.0,0.0,0.0,-1270.1823,-15931.201,606.1318,11512.8129,-1925.5373,58.891545359999995,16.8743,-4286.455299999998,-1866.64575464,-6136.226754639997
150,517.0388,1401.0858,-1117.6972,0.0,0.0,0.0,-1275.7464,-16054.3931,605.9832,11519.208,-1857.5359,56.559498479999995,11.5884,-4404.5208999999995,-1800.97640152,-6193.90890152
151,477.7086,1461.3881,-1084.7727,0.0,0.0,0.0,-1297.732,-15883.5704,596.2293,11499.1517,-1967.2053,57.34709784,20.156,-4231.597400000001,-1909.85820216,-6121.29960216
152,506.9984,1391.188,-1090.2835,0.0,0.0,0.0,-1267.682,-15974.6879,605.9191,11512.7914,-1883.7046,56.67454728,14.3904,-4315.756500000001,-1827.03005272,-6128.396152720001
153,536.3935,1419.5993,-1118.2869,0.0,0.0,0.0,-1271.0082,-15844.6421,594.7546,11530.1512,-2039.9471,58.08156983999999,18.8967,-4153.038599999998,-1981.8655301600002,-6116.007430159998
154,534.2292,1405.1796,-1072.6986,0.0,0.0,0.0,-1285.7128,-15962.4763,610.8577,11584.0373,-1997.6009,56.88346392,10.3621,-4186.5839,-1940.71743608,-6116.939236079998
155,498.222,1385.8859,-1111.079,0.0,0.0,0.0,-1273.2244,-15899.2602,614.8234,11582.9696,-2040.3837,55.95412896,14.3203,-4201.662700000003,-1984.4295710400002,-6171.771971040002
156,500.8196,1424.8987,-1094.9976,0.0,0.0,0.0,-1300.9446,-16042.8081,592.8751,11531.167,-1859.2932,54.58905072,24.4685,-4388.9899000000005,-1804.7041492800001,-6169.22554928
157,533.8017,1392.7782,-1082.3591,0.0,0.0,0.0,-1276.7492,-15999.3028,604.0546,11554.3344,-1938.2304,56.90601,10.0039,-4273.442200000001,-1881.32439,-6144.762690000002
158,499.514,1421.6369,-1075.2135,0.0,0.0,0.0,-1318.8512,-15919.6505,588.0719,11569.7744,-2018.3597,54.946681919999996,10.749,-4234.717999999997,-1963.41301808,-6187.382018079998
159,505.7923,1425.8295,-1077.4167,0.0,0.0,0.0,-1252.6961,-15925.5796,598.5939,11557.191,-2006.1821,56.661541199999995,14.8464,-4168.2856999999985,-1949.5205588,-6102.959858799998
160,500.6082,1476.4138,-1084.7577,0.0,0.0,0.0,-1266.4423,-16057.6175,584.1716,11535.3632,-1863.5674,57.612049199999994,17.7237,-4312.260700000001,-1805.9553508,-6100.492350800001
161,517.6503,1404.5952,-1091.6165,0.0,0.0,0.0,-1247.0287,-16109.5041,599.7645,11498.2767,-1812.6104,54.206618399999996,5.5146,-4427.8626,-1758.4037816,-6180.7517816
162,489.0354,1431.2509,-1107.7482,0.0,0.0,0.0,-1283.721,-16052.6539,599.6782,11547.3972,-1871.252,56.40402744,16.5431,-4376.761400000001,-1814.84797256,-6175.066272560001
163,484.5182,1439.8043,-1081.4194,0.0,0.0,0.0,-1280.9398,-16101.3885,619.7294,11612.7597,-1879.5541,57.78946224,10.1922,-4306.936099999997,-1821.7646377600001,-6118.508537759997
164,519.4317,1404.4698,-1081.114,0.0,0.0,0.0,-1264.434,-16132.943,613.5074,11537.1596,-1802.8647,56.81395224,16.9681,-4403.922499999997,-1746.0507477600001,-6133.005147759997
165,488.9031,1467.1278,-1076.362,0.0,0.0,0.0,-1272.5935,-16032.2246,619.7036,11563.2395,-1918.4508,55.58198184,5.3087,-4242.206099999999,-1862.86881816,-6099.766218160001
166,489.4591,1389.0524,-1102.1573,0.0,0.0,0.0,-1251.4196,-16110.0271,626.8298,11556.3952,-1844.4667,57.66476832,13.725,-4401.8674999999985,-1786.80193168,-6174.944431679998
167,497.7286,1422.2247,-1114.0909,0.0,0.0,0.0,-1302.1432,-15969.7,601.1858,11503.0786,-1897.258,56.44156752,12.1408,-4361.716400000001,-1840.81643248,-6190.392032480001
168,480.8168,1434.4139,-1079.3052,0.0,0.0,0.0,-1295.4992,-16027.035,605.8818,11533.3116,-1881.327,56.63368296,1.1623,-4347.415300000001,-1824.69331704,-6170.94631704
169,515.6485,1414.3123,-1089.0464,0.0,0.0,0.0,-1243.9648,-16170.0466,597.8495,11488.2279,-1773.7845,55.46948904,20.9963,-4487.019599999998,-1718.3150109599999,-6184.338310959998
170,484.6762,1422.1622,-1128.2006,0.0,0.0,0.0,-1288.2838,-16325.7539,613.0242,11590.9775,-1651.5895,53.81986464,8.7059,-4631.3982,-1597.76963536,-6220.46193536
171,479.9075,1418.4364,-1113.5347,0.0,0.0,0.0,-1280.0972,-16001.5921,602.7357,11550.7128,-1948.3132,57.175186319999995,15.8557,-4343.4316,-1891.13801368,-6218.713913680001
172,483.1983,1396.2649,-1128.2182,0.0,0.0,0.0,-1267.6516,-16083.2183,609.4866,11553.9579,-1814.4942,57.81341016,9.8947,-4436.180399999999,-1756.68078984,-6182.96648984
173,501.3783,1395.5886,-1085.168,0.0,0.0,0.0,-1291.0485,-16083.8863,602.731,11527.3049,-1791.0729,55.26673416,15.6186,-4433.100000000002,-1735.80616584,-6153.287565840003
174,515.6997,1435.058,-1097.5381,0.0,0.0,0.0,-1257.0795,-16016.5069,597.0218,11545.7364,-1885.5591,56.084240879999996,11.5062,-4277.6086,-1829.47485912,-6095.57725912
175,510.7592,1404.1606,-1138.6084,0.0,0.0,0.0,-1295.9757,-16151.2591,591.4279,11562.6818,-1756.2506,56.332309679999995,12.2487,-4516.813699999999,-1699.91829032,-6204.483290319999
176,503.3074,1353.6915,-1117.9292,0.0,0.0,0.0,-1283.8387,-15991.4143,599.5155,11492.8931,-1886.533,57.04759368,21.6458,-4443.774700000002,-1829.4854063199998,-6251.614306320001
177,498.0638,1433.0319,-1091.1472,0.0,0.0,0.0,-1269.1896,-15971.0089,614.4064,11519.3752,-1919.4855,57.208284,9.7632,-4266.4684,-1862.277216,-6118.982415999999
178,507.0525,1375.9379,-1074.1726,0.0,0.0,0.0,-1275.1787,-16041.1247,586.711,11454.3078,-1842.5508,55.701478079999994,18.5876,-4466.4668,-1786.84932192,-6234.72852192
179,506.8033,1402.6253,-1096.8219,0.0,0.0,0.0,-1274.2656,-15986.2661,597.975,11552.7778,-1963.5755,56.157997679999994,10.4023,-4297.172199999999,-1907.41750232,-6194.187402319999
180,518.1883,1428.8196,-1093.6603,0.0,0.0,0.0,-1297.0718,-16046.3631,596.9021,11526.7865,-1853.1648,56.046389039999994,10.7534,-4366.3987,-1797.1184109600001,-6152.763710960001
181,502.1225,1407.2736,-1105.0171,0.0,0.0,0.0,-1260.8791,-16151.1729,599.4284,11505.7773,-1736.8592,55.28206944,19.3625,-4502.467299999998,-1681.5771305600001,-6164.681930559998
182,501.9084,1409.6499,-1083.6029,0.0,0.0,0.0,-1269.9496,-16080.7909,610.7924,11547.704,-1854.2466,55.73127888,10.8308,-4364.288700000001,-1798.51532112,-6151.973221120002
183,515.0272,1339.7751,-1103.9117,0.0,0.0,0.0,-1252.6327,-16097.7526,602.4588,11594.5329,-1876.2234,54.69083496,21.128,-4402.502999999999,-1821.53256504,-6202.907565039999
184,529.6598,1456.9794,-1088.3282,0.0,0.0,0.0,-1269.1909,-16068.4362,589.0761,11505.4122,-1854.5058,56.28936816,1.8516,-4344.827799999999,-1798.2164318399998,-6141.192631839999
185,503.5267,1401.9488,-1073.5051,0.0,0.0,0.0,-1285.8713,-16151.2143,598.022,11612.9228,-1830.9103,56.15396928,24.4061,-4394.170399999999,-1774.75633072,-6144.520630719999
186,526.8777,1424.6782,-1087.35,0.0,0.0,0.0,-1298.1042,-15999.313,594.241,11490.6631,-1871.9097,55.65976704,14.5714,-4348.307199999999,-1816.24993296,-6149.98573296
187,478.6948,1379.3647,-1093.4904,0.0,0.0,0.0,-1275.3601,-16028.3099,591.0072,11597.0663,-1906.3169,58.6291284,10.488,-4351.027400000001,-1847.6877716000001,-6188.2271716000005
188,507.9903,1399.3694,-1063.2533,0.0,0.0,0.0,-1267.0583,-15988.1931,617.7317,11615.5268,-2005.7459,57.38757192,12.0395,-4177.8865000000005,-1948.3583280799999,-6114.205328080001
189,530.5027,1399.5506,-1087.5798,0.0,0.0,0.0,-1287.6565,-15787.3926,595.766,11542.6944,-2117.7942,58.009037039999995,9.3562,-4094.1152,-2059.78516296,-6144.54416296
190,469.3762,1430.4989,-1093.3274,0.0,0.0,0.0,-1266.9737,-15919.1642,609.5531,11544.6582,-1963.2154,57.34966608,14.2786,-4225.3789,-1905.8657339200001,-6116.96603392
191,517.5291,1427.5063,-1114.1039,0.0,0.0,0.0,-1271.0803,-15909.486,603.6776,11548.6308,-2008.3308,59.17479839999999,10.2097,-4197.3264,-1949.1560015999999,-6136.272701599999
192,527.3563,1415.4038,-1092.9972,0.0,0.0,0.0,-1295.02,-16000.7197,627.4716,11549.1268,-1922.2419,56.75619672,14.909,-4269.3784,-1865.48570328,-6119.95510328
193,549.8609,1349.5071,-1118.3727,0.0,0.0,0.0,-1256.3059,-16037.7409,592.5238,11497.6413,-1872.385,55.3220604,12.6872,-4422.886400000001,-1817.0629396,-6227.262139600001
194,478.9712,1397.5357,-1099.396,0.0,0.0,0.0,-1300.4729,-15937.9529,600.6451,11576.5219,-1977.2199,55.13132592,12.5477,-4284.147900000002,-1922.08857408,-6193.688774080002
195,500.8216,1448.4036,-1098.6707,0.0,0.0,0.0,-1302.4951,-15955.7982,601.0384,11516.2757,-1889.4943,56.95926264,8.1799,-4290.4247,-1832.5350373600002,-6114.77983736
196,512.6365,1418.4285,-1091.8221,0.0,0.0,0.0,-1300.7992,-16062.1591,619.5187,11612.3424,-1903.6208,55.34030088,17.2673,-4291.854300000001,-1848.2804991199998,-6122.8674991200005
197,514.7458,1401.098,-1075.22,0.0,0.0,0.0,-1297.4853,-16097.7477,605.6289,11543.6395,-1832.9587,54.91542456,19.7104,-4405.3408,-1778.04327544,-6163.67367544
198,497.1577,1388.9272,-1062.937,0.0,0.0,0.0,-1253.1219,-16016.8857,618.6806,11581.9213,-1960.614,58.60172016,9.6321,-4246.257800000001,-1902.01227984,-6138.637979840001
199,470.1755,1434.1051,-1104.3837,0.0,0.0,0.0,-1294.1645,-15952.3526,586.7805,11506.4344,-1989.4301,56.755455839999996,20.3116,-4353.4053,-1932.67464416,-6265.76834416
200,480.6823,1393.0198,-1079.0761,0.0,0.0,0.0,-1274.934,-15922.3911,598.9709,11552.6011,-1979.7065,56.41054632,10.6026,-4251.1271000000015,-1923.29595368,-6163.820453680001
201,502.2404,1421.6998,-1093.3327,0.0,0.0,0.0,-1279.3941,-15904.5863,596.8026,11553.2206,-2001.2272,57.20013864,14.66,-4203.349699999999,-1944.02706136,-6132.7167613599995
202,497.3782,1395.9384,-1074.2299,0.0,0.0,0.0,-1233.0161,-16114.4028,612.1028,11610.0653,-1896.5368,57.265558559999995,9.483,-4306.1641,-1839.27124144,-6135.95234144
203,524.3097,1410.1457,-1064.9907,0.0,0.0,0.0,-1272.1809,-15855.9283,607.1145,11523.6211,-2027.9196,58.64618952,14.6854,-4127.9089,-1969.27341048,-6082.49691048
204,532.2719,1403.6944,-1085.0975,0.0,0.0,0.0,-1257.8569,-16035.9161,569.2328,11562.7274,-1931.946,57.66985656,15.234,-4310.944000000001,-1874.27614344,-6169.986143440001
205,498.3735,1395.9631,-1096.8316,0.0,0.0,0.0,-1284.3109,-16117.1639,611.6552,11618.4679,-1871.7637,57.86938728,15.5838,-4373.8467,-1813.89431272,-6172.157212719999
206,487.7091,1403.8293,-1068.4566,0.0,0.0,0.0,-1284.2278,-16043.3119,589.0171,11600.3145,-1921.519,57.31541352,6.3964,-4315.1263,-1864.20358648,-6172.93348648
207,505.7443,1410.4551,-1075.5981,0.0,0.0,0.0,-1267.8934,-16068.8982,603.7635,11568.6569,-1887.2901,58.70248848,9.5177,-4323.7698999999975,-1828.5876115199999,-6142.839811519997
208,511.1684,1389.8965,-1071.4834,0.0,0.0,0.0,-1276.8101,-16163.0558,607.2962,11603.8561,-1837.8378,56.23775424,10.1964,-4399.132099999999,-1781.60004576,-6170.535745759999
209,497.0047,1429.2301,-1098.297,0.0,0.0,0.0,-1298.346,-16014.5234,602.4094,11578.7603,-1940.1194,56.85711335999999,26.4001,-4303.7618999999995,-1883.26228664,-6160.624086639999
210,519.0586,1398.1657,-1077.2042,0.0,0.0,0.0,-1307.3933,-16063.3501,615.3069,11554.2861,-1856.0129,55.959480719999995,8.3801,-4361.130299999999,-1800.0534192799998,-6152.803619279998
211,511.764,1447.2368,-1099.7985,0.0,0.0,0.0,-1289.3654,-15852.1091,611.0794,11499.9297,-2017.4101,56.05374816,4.5259,-4171.263099999998,-1961.3563518400001,-6128.093551839998
212,511.055,1392.74,-1087.6504,0.0,0.0,0.0,-1302.0453,-15986.5557,597.1456,11620.6995,-1990.0949,56.31357744,18.1307,-4254.611299999999,-1933.78132256,-6170.261922559999
213,509.5068,1446.9015,-1076.2341,0.0,0.0,0.0,-1300.6283,-15895.0472,613.2931,11560.5344,-2057.662,55.5411096,7.3531,-4141.673799999999,-2002.1208903999998,-6136.441590399999
214,501.0736,1400.1218,-1090.1654,0.0,0.0,0.0,-1320.2862,-15853.943,599.2182,11609.464,-2088.1056,57.221160479999995,21.7781,-4154.517,-2030.88443952,-6163.623339519999
215,533.6224,1417.0345,-1051.7958,0.0,0.0,0.0,-1252.4103,-16003.3643,605.7802,11576.6519,-1976.1544,57.21447312,20.7997,-4174.481399999999,-1918.9399268799998,-6072.621626879999
216,490.994,1361.2208,-1097.514,0.0,0.0,0.0,-1269.5071,-15979.6888,598.593,11588.905,-1997.1676,57.05886744,15.876,-4306.997099999999,-1940.10873256,-6231.229832559999
217,495.9388,1390.3937,-1103.355,0.0,0.0,0.0,-1267.4469,-15827.9313,611.9602,11516.3331,-2094.1871,57.69088776,16.3375,-4184.107400000001,-2036.4962122400002,-6204.266112240001
218,505.8042,1379.3055,-1083.3366,0.0,0.0,0.0,-1290.7385,-15830.6272,594.8647,11577.3337,-2067.3297,55.286092079999996,5.1869,-4147.394200000001,-2012.0436079199999,-6154.250907920001
219,500.5414,1441.5129,-1071.5291,0.0,0.0,0.0,-1271.742,-15948.9474,604.7736,11580.6145,-1997.648,56.636335439999996,17.126,-4164.776099999999,-1941.0116645599999,-6088.661764559999
220,497.4297,1407.2536,-1067.6089,0.0,0.0,0.0,-1263.1794,-15806.2904,629.6896,11540.195,-2103.565,57.65244552,22.0185,-4062.5108,-2045.9125544800002,-6086.404854480001
221,511.9582,1389.4796,-1125.6392,0.0,0.0,0.0,-1270.0282,-15954.4755,609.9536,11550.7177,-1930.3448,57.19184712,15.3331,-4288.033799999999,-1873.1529528800002,-6145.85365288
222,493.1848,1424.5902,-1097.5644,0.0,0.0,0.0,-1261.9404,-15907.1472,612.9385,11585.9011,-2034.3594,58.97712024,23.1175,-4150.037399999999,-1975.38227976,-6102.3021797599995
223,490.3738,1464.3747,-1088.6624,0.0,0.0,0.0,-1282.115,-15822.0997,604.5642,11525.4499,-2054.2478,57.642402239999996,20.6717,-4108.1145,-1996.6053977600002,-6084.04819776
224,499.2059,1390.6837,-1082.3417,0.0,0.0,0.0,-1282.3524,-15873.0613,611.8592,11545.6672,-2032.1219,57.66764688,17.4007,-4190.339399999999,-1974.4542531200002,-6147.392953119999
225,509.7157,1391.1584,-1105.2393,0.0,0.0,0.0,-1278.5224,-15858.7068,597.7387,11562.0699,-2047.1473,59.24505672,16.3434,-4181.7858,-1987.90224328,-6153.34464328
226,493.709,1431.4035,-1116.9208,0.0,0.0,0.0,-1297.2898,-15817.6796,595.099,11521.4495,-2073.2854,58.3995816,10.964,-4190.229199999998,-2014.8858184000003,-6194.151018399999
227,494.5694,1476.6252,-1085.2038,0.0,0.0,0.0,-1253.1068,-15813.1607,582.5803,11508.3189,-2105.3412,58.5079128,16.7897,-4089.3775000000005,-2046.8332871999999,-6119.4210872
228,506.226,1414.6676,-1113.1851,0.0,0.0,0.0,-1276.1342,-15776.2355,584.3186,11495.8083,-2093.1428,60.0938172,24.8048,-4164.534299999999,-2033.0489828,-6172.778482799999
229,477.6527,1436.9141,-1085.2309,0.0,0.0,0.0,-1276.1288,-15935.5397,610.5706,11588.2482,-2040.0703,59.41398743999999,6.7987,-4183.513799999999,-1980.65631256,-6157.371412559999
230,482.259,1373.5845,-1114.6576,0.0,0.0,0.0,-1267.6458,-15842.4879,616.7761,11563.9295,-2073.9901,58.09387752,15.6725,-4188.242199999999,-2015.89622248,-6188.465922479999
231,508.7884,1366.4074,-1100.7203,0.0,0.0,0.0,-1270.9958,-16004.4714,606.2784,11622.3393,-1977.9537,57.61810008,22.266,-4272.374,-1920.33559992,-6170.44359992
232,500.3529,1416.6666,-1084.108,0.0,0.0,0.0,-1280.0762,-15959.8592,614.3828,11576.0766,-1976.1445,55.33257888,13.9814,-4216.5645,-1920.81192112,-6123.395021120001
233,498.9588,1424.4412,-1111.788,0.0,0.0,0.0,-1267.5342,-15851.1,594.5253,11496.0483,-2001.3396,57.53405808,8.4788,-4216.4486,-1943.80554192,-6151.77534192
234,491.5292,1462.3448,-1095.2056,0.0,0.0,0.0,-1276.0453,-15861.2835,601.541,11558.1017,-2045.4839,56.88233208,18.1743,-4119.0177,-1988.60156792,-6089.444967920001
235,510.2167,1414.8681,-1085.1327,0.0,0.0,0.0,-1276.3645,-15875.101,619.2232,11526.8201,-2016.8908,58.88673792,15.9704,-4165.470099999999,-1958.0040620799998,-6107.5037620799985
236,507.3913,1406.4496,-1101.9367,0.0,0.0,0.0,-1309.6277,-16056.8032,614.3094,11579.2351,-1898.5815,56.05479792,12.5474,-4360.982200000002,-1842.52670208,-6190.961502080002
237,512.7642,1419.4621,-1099.991,0.0,0.0,0.0,-1260.6783,-16015.8186,604.3621,11520.5072,-1881.6852,56.186429759999996,24.5864,-4319.392300000001,-1825.4987702399999,-6120.3046702400015
238,498.3312,1384.4158,-1107.6096,0.0,0.0,0.0,-1267.5749,-16044.8323,610.4164,11524.6508,-1871.1037,57.3382368,2.9727,-4402.202600000002,-1813.7654631999999,-6212.9953632000015
239,528.7251,1431.0675,-1106.9558,0.0,0.0,0.0,-1263.8098,-15942.9594,590.66,11538.9237,-1976.5407,58.30428816,6.5606,-4224.3487000000005,-1918.23641184,-6136.02451184
240,518.7953,1400.2465,-1065.9725,0.0,0.0,0.0,-1281.7429,-15945.1112,595.5937,11640.5782,-2046.9945,56.405144879999995,20.2806,-4137.6129,-1990.58935512,-6107.92165512
241,469.3685,1477.4878,-1090.797,0.0,0.0,0.0,-1282.9958,-16113.1079,611.1807,11579.4732,-1823.2043,54.607815360000004,7.5621,-4349.390499999998,-1768.5964846400002,-6110.424884639998
242,543.6668,1440.7386,-1095.2907,0.0,0.0,0.0,-1289.9179,-15981.1915,600.6551,11476.0651,-1891.0685,54.83761776,14.6145,-4305.274500000001,-1836.23088224,-6126.890882240002
243,514.5735,1404.9388,-1105.8751,0.0,0.0,0.0,-1261.7898,-15941.2975,596.0679,11542.3704,-1972.096,58.5513864,18.4626,-4251.011800000002,-1913.5446136,-6146.093813600001
244,486.8878,1425.8046,-1076.0617,0.0,0.0,0.0,-1287.4053,-16081.8005,626.0582,11599.3192,-1875.8462,57.16529207999999,18.2755,-4307.197699999999,-1818.68090792,-6107.603107919999
245,508.9599,1374.1746,-1081.3732,0.0,0.0,0.0,-1262.5708,-15942.5827,595.7635,11568.2916,-1999.0376,57.5875548,8.3154,-4239.337100000001,-1941.4500452000002,-6172.4717451999995
246,521.3833,1434.2288,-1067.1001,0.0,0.0,0.0,-1276.6825,-15785.4105,606.51,11554.3209,-2126.9296,58.774833359999995,16.4158,-4012.7500999999993,-2068.15476664,-6064.489066639999
247,494.386,1443.9499,-1069.7564,0.0,0.0,0.0,-1272.8011,-16059.2817,604.378,11606.1607,-1946.5637,59.11087968,16.7561,-4252.964599999999,-1887.45282032,-6123.6613203199995
248,475.0608,1416.9407,-1085.3653,0.0,0.0,0.0,-1260.7819,-15827.679,629.0119,11549.4239,-2108.9072,58.998200399999995,2.4751,-4103.3889,-2049.9089996000002,-6150.8227996
249,532.6433,1402.3507,-1088.836,0.0,0.0,0.0,-1293.4176,-15959.5008,600.8791,11610.7397,-2004.6414,58.700579039999994,11.0433,-4195.141599999999,-1945.9408209599999,-6130.039120959999
250,509.26,1429.7069,-1056.1634,0.0,0.0,0.0,-1291.6351,-15896.4718,603.9217,11617.9964,-2038.0356,58.22857944,10.6612,-4083.385299999998,-1979.80702056,-6052.531120559998
251,494.666,1358.8662,-1064.1634,0.0,0.0,0.0,-1296.3264,-15859.0534,610.9621,11590.1264,-2065.4445,57.770339039999996,12.1855,-4164.922500000001,-2007.67416096,-6160.41116096
252,498.28,1411.296,-1055.0177,0.0,0.0,0.0,-1264.7065,-15976.9629,609.6292,11554.5975,-1961.3797,56.858922,13.055,-4222.884400000003,-1904.520778,-6114.3501780000015
253,497.7195,1398.2505,-1066.7615,0.0,0.0,0.0,-1287.3992,-16060.2232,633.6143,11628.8576,-1953.0413,56.93160888,19.1572,-4255.942000000001,-1896.1096911200002,-6132.8944911200015
254,497.8683,1426.9876,-1075.8638,0.0,0.0,0.0,-1296.0028,-15876.7502,592.5453,11543.7595,-2024.1661,57.90044592,17.8081,-4187.456100000001,-1966.2656540799999,-6135.913654080002
255,520.9201,1429.6323,-1087.9416,0.0,0.0,0.0,-1269.2587,-15799.2503,581.6983,11469.9267,-2044.3299,57.96093816,16.7704,-4154.2732,-1986.3689618399999,-6123.871761839999
256,511.7568,1450.1505,-1057.3128,0.0,0.0,0.0,-1278.4497,-15907.1358,584.1739,11549.4016,-1999.8793,58.9593096,19.259,-4147.415500000001,-1940.9199904,-6069.076490400002
257,521.6661,1446.1191,-1090.7994,0.0,0.0,0.0,-1278.9967,-15964.1773,595.4357,11556.2571,-1986.6687,55.8401832,19.5288,-4214.4954,-1930.8285168,-6125.7951168
258,527.0555,1405.5776,-1059.4265,0.0,0.0,0.0,-1279.4361,-15837.9676,605.0484,11504.7278,-2058.1686,58.40408376,8.3875,-4134.420899999999,-1999.76451624,-6125.79791624
259,505.0966,1415.6785,-1089.3138,0.0,0.0,0.0,-1301.1461,-15882.8359,593.9761,11586.2793,-2027.0367,58.31553312,9.6167,-4172.265299999999,-1968.72116688,-6131.3697668800005
260,512.3918,1427.2983,-1086.0991,0.0,0.0,0.0,-1281.979,-15844.2688,592.0631,11556.6711,-2077.0927,58.992679439999996,-4.1775,-4123.922600000002,-2018.10002056,-6146.200120560002
261,519.0684,1434.5927,-1087.2833,0.0,0.0,0.0,-1280.918,-15831.555,583.0706,11461.7845,-2026.8713,58.85656272,13.488,-4201.240100000001,-1968.01473728,-6155.766837280001
262,507.7728,1411.7081,-1076.3267,0.0,0.0,0.0,-1281.8249,-15904.1455,614.0041,11521.9677,-1979.4794,58.61433024,18.0854,-4206.844400000002,-1920.8650697599999,-6109.624069760002
263,511.2581,1397.5069,-1072.7647,0.0,0.0,0.0,-1256.2581,-15796.5859,608.2339,11571.1093,-2143.609,59.05276919999999,25.1285,-4037.5005,-2084.5562308,-6096.928230800001
264,531.2803,1437.836,-1094.4899,0.0,0.0,0.0,-1293.8591,-15940.7596,603.872,11498.2661,-1935.0475,56.56783032,23.0439,-4257.8542,-1878.47966968,-6113.28996968
265,459.7831,1418.7658,-1087.9865,0.0,0.0,0.0,-1281.9263,-15872.9981,616.805,11557.2272,-2032.5915,57.29870448,12.1856,-4190.329800000001,-1975.29279552,-6153.436995520002
266,517.99,1375.015,-1050.059,0.0,0.0,0.0,-1273.2372,-15936.0644,596.57,11458.8942,-1934.9835,56.06563104,14.1206,-4310.891399999999,-1878.91786896,-6175.688668959999
267,529.9983,1385.3024,-1078.2987,0.0,0.0,0.0,-1274.297,-16095.3931,613.056,11603.9116,-1898.2084,55.878256799999996,14.3084,-4315.720499999999,-1842.3301432,-6143.742243199999
268,479.829,1431.1057,-1092.8983,0.0,0.0,0.0,-1255.2896,-15839.575,598.7837,11581.8709,-2079.7175,60.72322392,9.4111,-4096.1736,-2018.9942760800002,-6105.75677608
269,481.1097,1365.7946,-1072.5497,0.0,0.0,0.0,-1282.2164,-15884.0352,592.9626,11514.3752,-1988.0886,57.289874399999995,20.172,-4284.5592,-1930.7987256000001,-6195.1859256
270,500.182,1404.3367,-1081.2524,0.0,0.0,0.0,-1272.6953,-15884.3085,605.5725,11581.4617,-2028.9161,60.122646,8.5586,-4146.703299999999,-1968.7934539999999,-6106.9381539999995
271,535.9818,1365.3141,-1064.3774,0.0,0.0,0.0,-1270.1556,-15888.0061,610.0824,11528.4408,-1976.9505,59.80549464,17.6935,-4182.720000000001,-1917.14500536,-6082.171505360001
272,493.1392,1426.8484,-1074.4622,0.0,0.0,0.0,-1254.4725,-15905.043,610.7157,11540.572,-2005.2116,59.26267584,18.2248,-4162.702399999998,-1945.9489241600002,-6090.426524159999
273,520.4131,1381.5187,-1108.1332,0.0,0.0,0.0,-1289.2708,-15908.4884,594.9934,11552.8629,-2012.4249,57.42815544,-4.3594,-4256.104299999999,-1954.99674456,-6215.460444559999
274,469.1833,1359.1382,-1075.3872,0.0,0.0,0.0,-1252.1484,-15807.4998,613.9124,11601.0578,-2151.767,60.14819592,13.1114,-4091.743699999999,-2091.61880408,-6170.251104079999
275,510.0708,1418.2597,-1098.5549,0.0,0.0,0.0,-1263.9841,-15763.2097,601.0667,11510.7512,-2111.0351,60.72615288,1.4313,-4085.6003,-2050.30894712,-6134.47794712
276,502.1087,1386.6891,-1078.1573,0.0,0.0,0.0,-1265.2872,-15796.0521,610.6954,11561.345,-2108.1737,60.37201584,0.6008,-4078.6584000000003,-2047.80168416,-6125.859284159999
277,484.1508,1384.381,-1082.5461,0.0,0.0,0.0,-1257.8146,-15923.9017,598.7535,11542.4726,-1985.9305,58.15513152,10.0648,-4254.504499999999,-1927.77536848,-6172.215068479999
278,482.9904,1416.3864,-1107.3649,0.0,0.0,0.0,-1276.039,-15716.253,607.698,11519.0069,-2143.4867,60.7885848,-1.0,-4073.5751999999993,-2082.6981152,-6157.273315199999
279,503.1808,1401.9465,-1112.2588,0.0,0.0,0.0,-1251.3282,-15922.339,614.595,11559.1306,-2010.7708,59.0929992,12.3967,-4207.0731,-1951.6778008,-6146.3542007999995
280,471.4783,1433.9714,-1088.4259,0.0,0.0,0.0,-1277.2206,-15829.8968,603.407,11543.5413,-2070.2884,58.85764344,17.9829,-4143.1453,-2011.43075656,-6136.593156559999
281,498.9068,1434.5892,-1107.417,0.0,0.0,0.0,-1309.3362,-15909.6679,609.4827,11548.8524,-1974.6319,57.35560608,12.5203,-4234.59,-1917.2762939200002,-6139.34599392
282,505.9514,1416.6163,-1094.5406,0.0,0.0,0.0,-1282.1888,-15894.1833,602.7587,11515.0274,-1978.1884,58.797125279999996,22.729,-4230.5589,-1919.39127472,-6127.22117472
283,492.6156,1367.746,-1083.867,0.0,0.0,0.0,-1274.2586,-16015.0167,615.9037,11522.4175,-1875.0108,57.66463512,16.338,-4374.459499999999,-1817.34616488,-6175.46766488
284,509.0719,1439.153,-1080.2017,0.0,0.0,0.0,-1300.9301,-15840.7066,603.0868,11538.0716,-2065.0274,58.1997276,10.1919,-4132.455099999999,-2006.8276724,-6129.090872399999
285,503.0027,1380.1542,-1107.1002,0.0,0.0,0.0,-1274.9585,-15845.9776,612.2426,11497.4461,-2002.7745,55.591509599999995,13.7497,-4235.190700000001,-1947.1829904,-6168.6239904
286,530.996,1385.5104,-1114.0759,0.0,0.0,0.0,-1255.6103,-15785.783,600.7185,11558.8514,-2107.6563,58.885614,7.0624,-4079.392899999999,-2048.7706860000003,-6121.101186
287,504.5539,1412.6038,-1100.8518,0.0,0.0,0.0,-1281.7699,-15714.4165,596.9941,11479.655,-2109.2788,60.149395440000006,15.9246,-4103.231399999999,-2049.1294045600002,-6136.436204559998
288,498.3108,1353.2901,-1093.9606,0.0,0.0,0.0,-1278.3765,-15827.8071,600.387,11521.4599,-2034.7014,57.85724232,17.667,-4226.696400000001,-1976.8441576799999,-6185.87355768
289,498.6398,1395.5021,-1070.5116,0.0,0.0,0.0,-1272.143,-15958.7282,621.9664,11575.9463,-2006.4342,57.21979032,12.276,-4209.328200000002,-1949.21440968,-6146.266609680001
290,490.6213,1411.4917,-1071.7548,0.0,0.0,0.0,-1278.372,-16040.3495,619.4556,11613.8964,-1949.1422,55.267379999999996,20.887,-4255.011300000002,-1893.87482,-6127.999120000002
291,521.7827,1424.5598,-1068.3411,0.0,0.0,0.0,-1237.9393,-16063.4837,608.3873,11532.17,-1869.8747,56.38123727999999,13.9967,-4282.864300000001,-1813.49346272,-6082.361062720001
292,481.4501,1444.7057,-1097.9625,0.0,0.0,0.0,-1269.9581,-15996.8633,605.0811,11575.7194,-1935.4437,58.529815199999994,14.8924,-4257.827600000002,-1876.9138848,-6119.849084800003
293,465.328,1387.6905,-1099.9904,0.0,0.0,0.0,-1258.9193,-15996.6027,598.979,11547.475,-1952.9299,56.486679839999994,19.2011,-4356.039900000002,-1896.44322016,-6233.282020160002
294,516.3697,1424.5305,-1096.3665,0.0,0.0,0.0,-1264.3555,-16036.0986,614.4028,11481.3845,-1838.9864,55.41473952,21.0603,-4360.133099999999,-1783.57166048,-6122.644460479999
295,476.6169,1446.681,-1107.136,0.0,0.0,0.0,-1234.0319,-16220.0605,597.752,11582.3295,-1764.0099,55.91755368,12.8366,-4457.848999999998,-1708.09234632,-6153.104746319998
296,526.6416,1382.9394,-1119.8143,0.0,0.0,0.0,-1262.6409,-16036.5419,611.0831,11553.11,-1880.4575,55.777070880000004,13.4222,-4345.222999999998,-1824.6804291199999,-6156.481229119999
297,502.0324,1360.3786,-1084.6941,0.0,0.0,0.0,-1278.2578,-15968.8969,601.5833,11577.4718,-1968.5875,57.35966328,14.6508,-4290.3827,-1911.2278367200001,-6186.9597367199995
298,488.2709,1376.4187,-1085.2825,0.0,0.0,0.0,-1284.2239,-15800.3815,601.6603,11563.5526,-2115.7012,59.51333664,9.8815,-4139.9854,-2056.18786336,-6186.291763359999
299,501.8018,1401.7814,-1102.4662,0.0,0.0,0.0,-1244.5578,-15864.348,578.6557,11535.2601,-2063.3611,57.77139168,16.2416,-4193.873000000001,-2005.58970832,-6183.221108320001
300,501.0298,1414.9728,-1102.6369,0.0,0.0,0.0,-1275.3526,-16054.855,596.3259,11498.073,-1886.017,54.4632552,26.7509,-4422.442999999999,-1831.5537448,-6227.245844799999
301,527.4119,1410.7838,-1114.9286,0.0,0.0,0.0,-1241.4985,-15974.9912,608.0946,11511.8056,-1914.6392,56.15571816,17.4062,-4273.322400000001,-1858.48348184,-6114.39968184
302,479.5048,1409.6738,-1100.4185,0.0,0.0,0.0,-1224.781,-15967.018,621.7693,11556.08,-1986.3063,58.09170528,8.0344,-4225.1896,-1928.21459472,-6145.369794720001
303,514.6802,1406.0381,-1107.5854,0.0,0.0,0.0,-1238.1806,-15928.4512,612.5797,11512.3944,-2007.8343,59.444704079999994,21.3759,-4228.524799999999,-1948.38959592,-6155.53849592
304,514.451,1450.0221,-1114.2753,0.0,0.0,0.0,-1296.1154,-15938.7425,608.1496,11506.1442,-1904.0395,56.29968072,15.6804,-4270.3663,-1847.7398192800001,-6102.42571928
305,534.4969,1412.6833,-1099.3753,0.0,0.0,0.0,-1272.4084,-15884.7827,601.5089,11451.6173,-1947.7775,57.070944000000004,5.4673,-4256.26,-1890.7065559999999,-6141.499256
306,500.0814,1404.1568,-1109.4291,0.0,0.0,0.0,-1256.9956,-15971.1944,584.7028,11505.2674,-1916.136,57.41678448,16.6883,-4343.4107,-1858.71921552,-6185.441615520001
307,495.411,1472.123,-1093.1104,0.0,0.0,0.0,-1273.7407,-15949.4457,603.813,11546.7315,-1971.8917,57.00978144,3.6498,-4198.2183,-1914.8819185599998,-6109.450418560001
308,506.6399,1407.721,-1083.3312,0.0,0.0,0.0,-1246.1893,-16089.4242,605.9232,11558.0422,-1863.0266,58.42235232,17.2432,-4340.618400000001,-1804.6042476799998,-6127.979447680002
309,497.5564,1421.5703,-1121.8251,0.0,0.0,0.0,-1261.9623,-15873.6327,616.6712,11497.8409,-1944.9763,58.56338232,-1.4496,-4223.781300000001,-1886.41291768,-6111.643817680001
310,492.1894,1386.9523,-1110.4987,0.0,0.0,0.0,-1274.0117,-15975.9074,613.4756,11514.5486,-1920.8829,58.11280344,10.0209,-4353.251899999999,-1862.77009656,-6206.0010965599995
311,504.681,1413.5602,-1101.5177,0.0,0.0,0.0,-1251.0828,-15896.1712,583.5999,11542.0834,-2019.1898,56.63290464,-4.7471,-4204.847200000002,-1962.55689536,-6172.151195360002
312,543.419,1407.4377,-1079.4139,0.0,0.0,0.0,-1273.4555,-15992.4277,589.1025,11529.634,-1898.5786,55.758724560000005,0.4902,-4275.703899999999,-1842.81987544,-6118.0335754399985
313,460.3685,1453.6552,-1083.895,0.0,0.0,0.0,-1287.4501,-16023.452,600.4082,11622.3008,-1934.4826,55.639789199999996,6.2117,-4258.0643999999975,-1878.8428108,-6130.695510799998
314,473.6131,1466.5292,-1076.7531,0.0,0.0,0.0,-1302.7405,-15819.0175,605.9382,11501.0927,-2043.064,58.2634764,7.0427,-4151.3379,-1984.8005236000001,-6129.0957236
315,467.9393,1426.8583,-1119.1305,0.0,0.0,0.0,-1281.8078,-15978.2746,595.1971,11579.9974,-1924.97,55.579991039999996,-4.7419,-4309.220800000001,-1869.39000896,-6183.352708960001
316,477.1083,1438.1278,-1122.6528,0.0,0.0,0.0,-1263.2294,-15937.4082,606.865,11615.8466,-2019.485,56.377889999999994,14.6401,-4185.342699999999,-1963.10711,-6133.8097099999995
317,511.3415,1365.995,-1080.1446,0.0,0.0,0.0,-1267.0089,-16004.3897,612.6521,11540.5798,-1944.2506,57.26467656,11.2506,-4320.9748,-1886.98592344,-6196.71012344
318,486.03,1444.2791,-1123.2602,0.0,0.0,0.0,-1297.3055,-15807.7121,609.92,11560.4393,-2088.5966,57.45054672,12.2853,-4127.609400000001,-2031.14605328,-6146.470153280002
319,492.5633,1406.5821,-1092.1385,0.0,0.0,0.0,-1252.9379,-15953.4827,607.9024,11570.8401,-2000.9112,57.5878896,9.2796,-4220.6712000000025,-1943.3233104,-6154.714910400003
320,490.4113,1427.7025,-1113.0822,0.0,0.0,0.0,-1277.4816,-16056.5944,607.5386,11578.9362,-1901.0818,57.76128288,5.6693,-4342.569599999999,-1843.32051712,-6180.220817119999
321,522.9986,1369.6166,-1095.0274,0.0,0.0,0.0,-1264.342,-15897.4101,598.9645,11579.3577,-2043.4115,58.189531679999995,12.519,-4185.842099999998,-1985.2219683199999,-6158.545068319998
322,481.4392,1396.7318,-1088.1521,0.0,0.0,0.0,-1283.2005,-15994.8591,619.4314,11645.631,-1987.907,56.69314416,19.5504,-4222.978299999999,-1931.21385584,-6134.641755839999
323,496.4098,1424.465,-1085.1626,0.0,0.0,0.0,-1264.7805,-15878.9534,598.2815,11505.1848,-1995.6481,56.476630799999995,7.8933,-4204.555399999999,-1939.1714692,-6135.8335692
324,515.1144,1442.1819,-1078.9866,0.0,0.0,0.0,-1249.196,-16073.5124,615.2587,11625.0313,-1931.6964,57.94003152,14.3049,-4204.108699999997,-1873.75636848,-6063.560168479997
325,519.3844,1421.9786,-1102.1555,0.0,0.0,0.0,-1258.7918,-15880.253,600.7709,11481.3032,-2003.8824,58.01387112,7.3163,-4217.763200000001,-1945.86852888,-6156.3154288800015
326,524.1068,1410.0174,-1104.7829,0.0,0.0,0.0,-1253.3701,-15930.9425,576.6359,11542.3065,-1962.663,56.70616895999999,4.2319,-4236.028899999999,-1905.95683104,-6137.7538310400005
327,480.1529,1396.8485,-1088.4231,0.0,0.0,0.0,-1252.1477,-15980.4006,613.4619,11637.2309,-2027.6057,58.62911544,20.8651,-4193.2772,-1968.97658456,-6141.388684560001
328,510.8389,1371.7195,-1110.6131,0.0,0.0,0.0,-1234.5647,-16070.8524,599.6547,11585.5013,-1925.6324,58.44565008,15.6531,-4348.3158,-1867.18674992,-6199.849449920001
329,489.0717,1377.8079,-1079.1798,0.0,0.0,0.0,-1272.862,-15914.7096,601.2846,11562.2139,-2003.286,59.039656560000005,28.8831,-4236.373300000001,-1944.2463434400001,-6151.736543440001
330,512.5544,1438.629,-1101.5887,0.0,0.0,0.0,-1268.0514,-15967.1696,598.2734,11519.9301,-1970.4968,58.32251568,9.1921,-4267.4228,-1912.17428432,-6170.40498432
331,488.1518,1442.3477,-1084.6063,0.0,0.0,0.0,-1258.9375,-16016.2827,594.5096,11602.2906,-1969.5389,59.14448856,10.2457,-4232.5268000000015,-1910.39441144,-6132.67551144
332,507.3054,1371.5765,-1102.1893,0.0,0.0,0.0,-1251.1741,-15945.4505,618.4574,11572.0519,-1983.3122,56.87140608,12.9433,-4229.422700000001,-1926.44079392,-6142.920193920001
333,517.9475,1364.8713,-1082.1446,0.0,0.0,0.0,-1278.8021,-15981.429,622.1481,11595.4135,-1949.2031,57.581290079999995,11.9979,-4241.995299999999,-1891.62180992,-6121.619209919998
334,482.3985,1451.3615,-1084.4889,0.0,0.0,0.0,-1268.5936,-15876.8933,586.8225,11597.7345,-2063.2915,57.06538056,16.8815,-4111.658799999999,-2006.2261194399998,-6101.003419439998
335,520.6523,1387.9163,-1077.9286,0.0,0.0,0.0,-1268.8145,-15827.1999,605.9843,11514.2782,-2014.5615,57.44364768,-5.2061,-4145.111899999998,-1957.11785232,-6107.435852319998
336,483.4462,1366.7044,-1063.112,0.0,0.0,0.0,-1240.491,-16059.4438,636.2661,11595.0428,-1893.6635,56.30202792,-1.9925,-4281.587299999999,-1837.36147208,-6120.94127208
337,508.5282,1398.1676,-1096.6588,0.0,0.0,0.0,-1256.1598,-16057.7818,595.671,11521.4486,-1874.4756,58.129233840000005,4.3648,-4386.785000000002,-1816.34636616,-6198.766566160001
338,511.5513,1385.6718,-1066.3506,0.0,0.0,0.0,-1262.7521,-15985.7606,627.3709,11547.1562,-1953.7542,57.59542872,11.0311,-4243.113099999999,-1896.15877128,-6128.240771279999
339,485.118,1370.7223,-1085.5111,0.0,0.0,0.0,-1244.6687,-16103.2258,608.1506,11591.4945,-1879.8328,57.09293064,5.586,-4377.9202000000005,-1822.7398693599998,-6195.07406936
340,510.1895,1381.0742,-1077.8832,0.0,0.0,0.0,-1254.0526,-16022.0051,593.8118,11503.5614,-1840.281,56.4328224,-9.5283,-4365.304000000002,-1783.8481775999999,-6158.680477600002
341,513.4376,1337.9655,-1100.031,0.0,0.0,0.0,-1297.4887,-15999.5647,628.5034,11573.0739,-1938.8921,55.636749359999996,14.6187,-4344.104000000001,-1883.25535064,-6212.740650640001
342,494.7294,1409.5604,-1077.3095,0.0,0.0,0.0,-1313.9963,-15993.7506,598.2171,11563.7967,-1912.4206,54.63149688,12.7153,-4318.752799999998,-1857.78910312,-6163.826603119998
343,494.1074,1427.3674,-1068.1405,0.0,0.0,0.0,-1299.6511,-15949.0437,598.2915,11478.3511,-1915.3656,57.35344536,-2.1723,-4318.7179,-1858.01215464,-6178.90235464
344,534.2242,1449.285,-1103.4371,0.0,0.0,0.0,-1251.6092,-15922.3073,603.0549,11519.4372,-1998.0042,57.478819679999994,-0.0948,-4171.3523000000005,-1940.52538032,-6111.972480320001
345,523.1355,1402.4656,-1078.939,0.0,0.0,0.0,-1271.6293,-15952.0325,610.5029,11521.9874,-1939.3239,56.37689064,2.9737,-4244.509400000001,-1882.94700936,-6124.4827093600015
346,527.6088,1396.3265,-1080.5635,0.0,0.0,0.0,-1287.2846,-16146.2658,615.1793,11626.8217,-1838.885,55.1533572,6.5669,-4348.177599999999,-1783.7316428,-6125.3423428
347,509.0498,1407.9525,-1112.1326,0.0,0.0,0.0,-1256.6173,-15978.3825,608.0369,11567.869,-1968.6287,58.00743504,5.1212,-4254.224199999999,-1910.62126496,-6159.724264959999
348,523.6446,1407.5259,-1063.7961,0.0,0.0,0.0,-1265.4498,-15876.2847,602.8366,11495.8575,-1986.3791,57.801993839999994,13.6759,-4175.665999999999,-1928.57710616,-6090.567206159999
349,521.3952,1438.4932,-1095.3572,0.0,0.0,0.0,-1286.8486,-16024.4816,601.7824,11555.7972,-1893.7703,56.36380536,9.8035,-4289.219399999998,-1837.40649464,-6116.8223946399985
350,488.6188,1398.6082,-1110.5274,0.0,0.0,0.0,-1263.5305,-15845.6717,603.7066,11473.0337,-1984.9299,58.13722008,4.9477,-4255.762300000002,-1926.7926799200002,-6177.607279920003
351,513.7191,1393.179,-1083.2193,0.0,0.0,0.0,-1277.3945,-16035.3905,602.841,11582.1359,-1900.9875,56.58824592,10.2509,-4304.129299999999,-1844.39925408,-6138.277654079999
352,451.2836,1371.126,-1069.5581,0.0,0.0,0.0,-1278.9377,-16033.0436,597.0835,11528.9163,-1865.2304,56.61864936,0.1161,-4433.130000000001,-1808.6117506399999,-6241.625650640001
353,495.0695,1418.1642,-1096.4318,0.0,0.0,0.0,-1290.4967,-15910.2154,598.4938,11567.2318,-1999.867,58.111639919999995,6.2968,-4218.184599999999,-1941.75536008,-6153.643160079999
354,490.0596,1391.8802,-1072.6163,0.0,0.0,0.0,-1270.8596,-16016.117,609.34,11554.9773,-1911.3148,58.01832792,2.8885,-4313.335799999999,-1853.29647208,-6163.743772079999
355,516.1418,1457.8409,-1115.1846,0.0,0.0,0.0,-1286.4327,-16001.5554,610.8782,11509.4031,-1904.9041,55.542081599999996,7.6422,-4308.9087,-1849.3620184,-6150.6285184
356,495.7779,1396.4676,-1126.917,0.0,0.0,0.0,-1257.731,-15987.2461,599.8694,11544.4992,-1920.1959,57.32413344,5.5842,-4335.280000000001,-1862.87176656,-6192.56756656
357,505.3235,1411.4671,-1117.4256,0.0,0.0,0.0,-1242.5861,-15943.7068,602.0976,11539.821,-1961.9144,57.985768799999995,2.0321,-4245.009299999998,-1903.9286312,-6146.905831199997
358,517.9229,1433.1413,-1101.2681,0.0,0.0,0.0,-1231.9271,-15857.215,579.372,11508.4864,-2029.1558,59.96368296,8.802,-4151.4876,-1969.19211704,-6111.877717040001
359,516.8234,1382.2923,-1111.8106,0.0,0.0,0.0,-1270.2939,-15887.6099,594.051,11534.9999,-1997.3988,56.84674896,8.9381,-4241.5477999999985,-1940.55205104,-6173.161751039998
360,507.6624,1379.9412,-1074.9216,0.0,0.0,0.0,-1266.8448,-15931.9472,592.5409,11576.7393,-2012.6998,58.185613440000004,17.8578,-4216.829800000001,-1954.51418656,-6153.486186560001
361,512.5388,1451.1429,-1100.0906,0.0,0.0,0.0,-1294.5241,-15919.7316,582.1724,11529.1817,-1906.8361,55.998244799999995,12.6159,-4239.310500000001,-1850.8378552,-6077.532455200002
362,525.1863,1479.2653,-1062.9563,0.0,0.0,0.0,-1277.9214,-15843.5418,613.9757,11575.1656,-2085.2518,59.44673735999999,10.3359,-3990.8266000000003,-2025.80506264,-6006.29576264
363,511.9257,1384.4646,-1080.9788,0.0,0.0,0.0,-1278.1002,-15857.1881,600.6573,11501.811,-1985.1745,55.8828468,0.2992,-4217.4085,-1929.2916532000002,-6146.400953199999
364,516.1673,1345.6523,-1089.9674,0.0,0.0,0.0,-1278.7511,-15990.3212,612.8173,11559.2904,-1925.9149,58.44996288,8.0286,-4325.112399999998,-1867.46493712,-6184.548737119998
365,459.6005,1391.3076,-1087.7885,0.0,0.0,0.0,-1269.1039,-15822.9791,607.7194,11555.2665,-2103.2282,58.01618232,20.7062,-4165.977500000001,-2045.21201768,-6190.483317680001
366,478.5559,1423.003,-1103.4933,0.0,0.0,0.0,-1221.912,-15814.6225,604.1326,11582.8586,-2112.1224,60.857502479999994,6.8016,-4051.4776999999995,-2051.26489752,-6095.94099752
367,517.4511,1457.6924,-1092.8539,0.0,0.0,0.0,-1239.6838,-15763.2101,575.7325,11540.3253,-2186.4753,61.63298064000001,5.9799,-4004.5465000000004,-2124.84231936,-6123.40891936
368,483.9592,1392.16,-1089.8917,0.0,0.0,0.0,-1247.8633,-15785.4306,603.1191,11576.5643,-2105.7891,60.879533759999994,8.3821,-4067.383,-2044.90956624,-6103.91046624
369,472.0006,1459.7986,-1125.9962,0.0,0.0,0.0,-1256.1802,-15855.7089,591.146,11604.4256,-2058.0379,60.061991760000005,12.9191,-4110.514499999999,-1997.9759082399999,-6095.571308239999
370,517.4676,1365.7647,-1125.3957,0.0,0.0,0.0,-1275.7487,-15886.7383,601.712,11571.1839,-2020.741,58.09481208,-0.3465,-4231.754500000003,-1962.64618792,-6194.747187920002
371,489.4119,1411.7748,-1097.8044,0.0,0.0,0.0,-1246.9139,-15939.4033,597.4387,11524.8711,-1963.5128,57.831756479999996,9.9478,-4260.625099999999,-1905.68104352,-6156.35834352
372,513.1212,1396.941,-1078.0991,0.0,0.0,0.0,-1210.6937,-15800.8827,597.4119,11516.2139,-2099.411,59.29007544,9.5837,-4065.987500000001,-2040.12092456,-6096.524724560001
373,499.6385,1433.3096,-1108.2219,0.0,0.0,0.0,-1240.5186,-15971.1413,611.9496,11552.9946,-1932.3405,59.70532968,4.1269,-4221.989499999998,-1872.63517032,-6090.4977703199975
374,519.8876,1447.3654,-1105.9452,0.0,0.0,0.0,-1246.0875,-15883.1092,587.846,11482.6032,-1993.8386,59.964816240000005,10.2695,-4197.439700000003,-1933.8737837600002,-6121.043983760002
375,485.5047,1401.0316,-1050.682,0.0,0.0,0.0,-1253.1084,-15972.8797,618.6855,11597.8199,-2004.602,58.30777296,17.5208,-4173.6284,-1946.2942270400001,-6102.401827039999
376,510.1107,1387.3996,-1082.204,0.0,0.0,0.0,-1262.5749,-15824.1384,593.7109,11572.4523,-2102.319,59.315007599999994,15.6947,-4105.243799999998,-2043.0039924,-6132.553092399998
377,490.4621,1362.5125,-1087.5151,0.0,0.0,0.0,-1247.4194,-15947.1294,621.5846,11589.8756,-2022.6465,60.11252208,11.1136,-4217.6291,-1962.53397792,-6169.04947792
378,453.827,1373.8783,-1119.0728,0.0,0.0,0.0,-1246.3476,-15992.1133,618.5624,11610.5081,-1946.7432,56.99040192,11.2086,-4300.757900000002,-1889.7527980799998,-6179.302098080002
379,485.3702,1410.8751,-1098.0622,0.0,0.0,0.0,-1252.3808,-15897.3978,615.1935,11564.2502,-2041.8207,60.80514408,11.8159,-4172.1518000000015,-1981.01555592,-6141.351455920002
380,480.5813,1417.4965,-1078.1593,0.0,0.0,0.0,-1248.986,-15857.6119,602.2945,11537.5733,-2057.0237,61.15543415999999,10.1942,-4146.811600000001,-1995.8682658400003,-6132.48566584
381,506.0223,1390.0548,-1117.1116,0.0,0.0,0.0,-1248.54,-15950.163,621.7103,11554.518,-1987.6468,58.34656728,26.0582,-4243.509199999999,-1929.30023272,-6146.751232719998
382,504.2406,1397.9372,-1112.0276,0.0,0.0,0.0,-1274.3302,-15838.6767,592.1973,11555.6222,-2052.7292,60.9337332,22.1444,-4175.037200000001,-1991.7954668000002,-6144.688266800001
383,474.3445,1419.4545,-1080.2875,0.0,0.0,0.0,-1228.2935,-16054.489,604.4157,11575.0801,-1927.6137,61.92158688,15.3816,-4289.775200000002,-1865.6921131200002,-6140.085713120002
384,532.2118,1448.33,-1091.9748,0.0,0.0,0.0,-1245.7758,-15977.6624,599.9313,11478.6441,-1935.0399,59.33931336,11.8523,-4256.2958,-1875.70058664,-6120.14408664
385,491.8288,1409.7552,-1108.4578,0.0,0.0,0.0,-1230.1901,-15908.2749,628.3669,11553.5187,-2033.3619,62.24782896,-1.4282,-4163.4532,-1971.11407104,-6135.99547104
386,503.4938,1405.7842,-1094.9707,0.0,0.0,0.0,-1255.1998,-15849.6247,608.1761,11535.9202,-2038.8305,59.749750799999994,9.0619,-4146.420899999999,-1979.0807492000001,-6116.4397492
387,512.8818,1430.0085,-1102.2983,0.0,0.0,0.0,-1221.4404,-16041.2269,604.6857,11515.9776,-1904.7354,58.563708479999995,-3.989,-4301.412,-1846.17169152,-6151.572691519999
388,492.3156,1442.271,-1076.975,0.0,0.0,0.0,-1242.9805,-15944.5542,604.5613,11593.0166,-2023.2036,59.6247372,11.1494,-4132.3452,-1963.5788628,-6084.7746627999995
389,511.0875,1409.7262,-1078.919,0.0,0.0,0.0,-1245.5221,-15891.4451,588.2557,11546.4692,-2028.9521,59.2023996,5.2161,-4160.347600000001,-1969.7497004,-6124.881200400002
390,510.9811,1374.6677,-1091.6573,0.0,0.0,0.0,-1237.9001,-15788.1128,606.7997,11576.2153,-2097.7143,61.03216656,13.7814,-4049.006400000002,-2036.6821334400001,-6071.907133440001
391,527.6423,1396.4588,-1084.9969,0.0,0.0,0.0,-1248.4917,-15931.4926,597.6076,11577.3168,-2003.4533,61.872966000000005,8.3963,-4165.9557,-1941.580334,-6099.139734
392,461.7641,1441.1441,-1072.8823,0.0,0.0,0.0,-1268.8604,-15996.5456,599.759,11592.556,-1960.7941,58.749366959999996,4.5691,-4243.065099999998,-1902.04473304,-6140.5407330399985
393,504.761,1433.8823,-1127.8573,0.0,0.0,0.0,-1256.7551,-15972.9375,606.777,11656.3927,-2031.8992,60.708220559999994,13.9592,-4155.736899999998,-1971.19097944,-6112.968679439998
394,545.1146,1424.1944,-1122.3342,0.0,0.0,0.0,-1225.4362,-15806.3077,608.6308,11543.4348,-2105.4936,61.72833023999999,11.451,-4032.703499999998,-2043.7652697599997,-6065.0177697599975
395,509.2455,1424.2294,-1096.513,0.0,0.0,0.0,-1230.5892,-15818.7059,586.1914,11532.3641,-2092.2599,63.531023760000004,22.2211,-4093.7777000000006,-2028.72887624,-6100.285476240001
396,479.877,1438.7854,-1073.0423,0.0,0.0,0.0,-1257.0433,-15770.2896,602.6799,11579.9598,-2166.9053,61.992594000000004,15.5382,-3999.0731000000014,-2104.912706,-6088.4476060000015
397,474.929,1358.7634,-1079.2831,0.0,0.0,0.0,-1266.5101,-15917.3611,613.246,11655.3938,-2037.8578,60.579630720000004,13.8158,-4160.822100000003,-1977.27816928,-6124.284469280003
398,490.0195,1398.2323,-1083.4353,0.0,0.0,0.0,-1266.7794,-15967.706,592.5159,11593.5449,-1994.5531,59.64756911999999,14.1442,-4243.6080999999995,-1934.90553088,-6164.3694308799995
399,496.0976,1405.2876,-1111.1893,0.0,0.0,0.0,-1219.3588,-15769.6351,597.2932,11544.0743,-2144.8492,63.54393336,2.4138,-4057.4304999999986,-2081.30526664,-6136.321966639999
400,507.88,1372.9055,-1086.984,0.0,0.0,0.0,-1245.863,-15775.1908,605.7375,11545.4985,-2122.6251,63.00392688,-4.3276,-4076.016300000001,-2059.62117312,-6139.965073120001

