#Frame   pw_nb_121[EVDW] pw_nb_121[EELEC]
       1         -2.3136         -32.9199
       2         -2.1007         -32.5392
       3         -2.2578         -33.1750
       4         -1.8671         -32.6128
       5         -1.8483         -33.7264
       6         -2.3664         -31.0005
       7         -2.3417         -29.5249
       8         -2.5519         -31.5180
       9         -1.0236         -34.3731
      10         -2.4809         -31.8284
      11         -1.4417         -33.1136
      12         -2.4126         -29.0874
      13         -2.2825         -32.8277
      14         -2.2240         -32.0087
      15         -2.1731         -32.0992
      16         -2.1848         -32.8299
      17         -2.4721         -32.2051
      18         -2.0117         -31.8844
      19         -1.0050         -33.5612
      20         -2.5924         -31.6822
      21         -2.3227         -32.4063
      22         -1.8788         -33.8648
      23         -2.2977         -31.7045
      24         -1.7974         -32.1709
      25         -2.0697         -32.4009
      26         -2.4276         -33.2079
      27         -2.3998         -31.4712
      28         -2.3353         -32.0209
      29         -2.4479         -32.1419
      30         -2.2680         -32.0898
      31         -1.3112         -33.8006
      32         -1.4764         -31.4790
      33         -1.7993         -33.1284
      34         -1.9114         -33.3407
      35         -2.5528         -30.6309
      36         -2.0071         -32.8405
      37         -2.1693         -32.2774
      38         -2.2910         -31.9714
      39         -2.2820         -33.0888
      40         -2.3724         -33.0771
      41         -2.4727         -32.7140
      42         -2.6144         -32.4901
      43         -2.3449         -33.4345
      44         -2.3957         -30.4329
      45         -1.7324         -31.7028
      46         -0.6011         -32.7018
      47         -2.6780         -32.5594
      48         -2.0801         -32.5925
      49         -2.2591         -32.1580
      50         -2.5524         -32.7418
      51         -2.4773         -28.4713
      52         -2.0990         -32.9853
      53         -2.2294         -31.4785
      54         -2.2576         -32.7349
      55         -1.6471         -32.1666
      56         -2.3168         -30.0314
      57         -2.3992         -30.6368
      58         -2.3616         -31.6060
      59         -2.6482         -31.4787
      60         -2.3444         -30.0059
      61         -2.2347         -32.1052
      62         -2.1078         -31.7719
      63         -2.2948         -33.5965
      64         -2.4567         -32.9168
      65         -2.3719         -32.2259
      66         -1.7306         -30.9340
      67         -2.0010         -33.2043
      68         -2.5486         -30.7670
      69         -2.3406         -31.4129
      70         -2.3990         -28.9465
      71         -2.0408         -32.9980
      72         -1.7258         -32.7086
      73         -2.2016         -31.3439
      74         -1.7387         -33.8561
      75         -2.3585         -32.4735
      76         -2.4280         -31.7035
      77         -1.9102         -34.1922
      78         -1.8422         -31.8348
      79         -2.3194         -31.9955
      80         -1.9859         -33.7354
      81         -2.2800         -34.0708
      82         -2.0394         -32.0915
      83         -2.2510         -32.5678
      84         -1.2628         -33.4402
      85         -2.2838         -31.6568
      86         -2.4357         -31.6864
      87         -2.3660         -31.3814
      88         -2.4072         -31.7166
      89         -2.4866         -31.2048
      90         -2.4272         -31.1369
      91         -2.2056         -33.1712
      92         -2.5118         -31.1355
      93         -2.2687         -31.7515
      94         -2.4594         -31.6579
      95         -1.7182         -32.7419
      96         -2.2989         -32.8629
      97         -1.7955         -34.1094
      98         -1.7149         -32.4374
      99         -2.5699         -32.3616
     100         -2.0717         -31.1169
     101         -2.3617         -30.9769
     102         -2.0837         -33.0093
     103         -2.1304         -32.7028
     104         -2.4011         -31.9793
     105         -2.6450         -30.4260
     106         -2.3457         -31.2724
     107         -2.3742         -31.6200
     108         -2.4086         -30.3699
     109         -1.6724         -32.5394
     110         -2.1953         -32.4399
     111         -2.4333         -32.5800
     112         -2.3128         -31.1636
     113         -2.3649         -30.9137
     114         -2.1798         -33.3337
     115         -1.4808         -33.0069
     116         -1.9496         -31.0070
     117         -1.9510         -33.2189
     118         -2.1923         -32.9171
     119         -2.3331         -31.7777
     120         -2.2252         -31.1476
     121         -2.3837         -31.8052
     122         -2.5599         -31.4734
     123         -2.2412         -30.3613
     124         -2.3597         -32.1752
     125         -2.1102         -31.7866
     126         -2.5207         -32.6295
     127         -2.4332         -29.7126
     128         -2.5169         -30.5709
     129         -2.5000         -31.6854
     130         -2.2655         -32.4784
     131         -1.8769         -32.9848
     132         -1.6831         -32.2141
     133         -2.2263         -33.5739
     134         -2.1469         -31.8366
     135         -2.4127         -29.8389
     136         -2.4125         -31.1494
     137         -2.5022         -30.9364
     138         -2.5903         -32.4260
     139         -2.6586         -31.7148
     140         -2.2108         -32.2124
     141         -1.2150         -33.7024
     142         -2.3340         -30.6783
     143         -2.0951         -30.2123
     144         -2.1098         -32.8224
     145         -2.6181         -30.3769
     146         -1.2200         -32.7061
     147         -2.3940         -32.0264
     148         -2.5604         -33.2468
     149         -2.5167         -30.0936
     150         -2.3660         -33.3710
     151         -2.5103         -32.3435
     152         -2.2600         -32.2256
     153         -1.4381         -32.4410
     154         -2.4729         -33.3816
     155         -2.5264         -31.0299
     156         -1.8862         -31.3336
     157         -2.4732         -31.7689
     158         -2.2006         -33.2822
     159         -2.2734         -32.1341
     160         -2.5599         -31.8559
     161         -2.5348         -30.1047
     162         -2.1067         -32.3230
     163         -2.3704         -31.9062
     164         -2.4335         -32.2342
     165         -2.0882         -31.9045
     166         -2.3214         -32.8079
     167         -2.4244         -31.7578
     168         -2.5158         -31.6842
     169         -2.4035         -31.5378
     170         -2.2266         -31.8676
     171         -2.3682         -31.4313
     172         -2.4010         -33.4173
     173         -2.0886         -31.6123
     174         -2.5587         -32.9392
     175         -2.5625         -31.9371
     176         -2.4844         -31.3731
     177         -2.4476         -31.1535
     178         -2.2309         -31.6946
     179         -1.4778         -32.7935
     180         -1.8342         -33.3674
     181         -1.9539         -31.5087
     182         -2.5109         -32.3965
     183         -2.4703         -31.0142
     184         -2.0630         -31.8884
     185         -1.5240         -32.3484
     186         -2.4534         -31.2996
     187         -2.0899         -31.1169
     188         -2.4256         -33.7684
     189         -1.4084         -34.2866
     190         -2.3344         -32.4876
     191         -2.3352         -32.5923
     192         -1.8357         -33.8760
     193         -1.9239         -32.8058
     194         -2.3976         -30.5412
     195         -2.5146         -30.3416
     196         -2.4266         -30.0661
     197         -2.0423         -33.4670
     198         -2.3995         -32.5638
     199         -2.6381         -30.7820
     200         -2.3785         -32.5127
     201         -1.9335         -33.5496
     202         -2.5125         -31.3976
     203         -2.5422         -30.1698
     204         -2.2746         -31.1023
     205         -2.4762         -30.5915
     206         -2.5665         -31.5761
     207         -2.3521         -31.4038
     208         -2.4607         -33.2215
     209         -2.5034         -31.5698
     210         -2.5523         -31.6557
     211         -2.2345         -30.8476
     212         -2.6077         -29.2083
     213         -2.5934         -30.7905
     214         -2.3131         -32.8416
     215         -2.1563         -32.7555
     216         -2.5090         -29.9891
     217         -1.9058         -30.6687
     218         -2.4616         -31.9918
     219         -2.6451         -30.3037
     220         -2.5199         -31.3584
     221         -1.8651         -33.1879
     222         -2.5024         -32.0089
     223         -1.7730         -30.1467
     224         -2.1717         -32.4608
     225         -2.3595         -32.5939
     226         -2.4284         -32.1219
     227         -1.8986         -33.8699
     228         -2.6059         -30.4109
     229         -2.5472         -32.5365
     230         -2.3993         -30.8924
     231         -1.8248         -31.7863
     232         -2.5039         -32.6580
     233         -2.5755         -30.0667
     234         -2.1590         -32.5867
     235         -1.9308         -31.9813
     236         -2.0373         -32.0412
     237         -2.4887         -31.0246
     238         -2.2193         -33.0908
     239         -1.9077         -32.6236
     240         -2.5038         -32.0615
     241         -2.5124         -31.8377
     242         -1.8702         -32.1101
     243         -2.4355         -31.0828
     244         -2.4993         -31.9941
     245         -1.8403         -31.6248
     246         -2.3821         -30.1926
     247         -2.2486         -31.6788
     248         -2.4429         -33.2932
     249         -1.5331         -32.4044
     250         -2.2304         -33.1749
     251         -1.6643         -31.7387
     252         -2.5863         -31.5023
     253         -2.4448         -32.9873
     254         -2.5574         -32.2727
     255         -2.3867         -31.2713
     256         -2.5706         -31.6698
     257         -2.2744         -33.1252
     258         -1.9491         -31.6918
     259         -2.3487         -32.2649
     260         -2.3159         -32.0176
     261         -2.2140         -32.1815
     262         -2.3885         -31.3230
     263         -2.2964         -31.6740
     264         -2.3699         -33.7766
     265         -2.2619         -33.0524
     266         -2.2266         -32.8080
     267         -2.4352         -32.3469
     268         -1.8691         -33.2732
     269         -2.2808         -31.7659
     270         -2.6141         -33.4651
     271         -2.3517         -32.2462
     272         -1.9199         -32.6365
     273         -1.5738         -33.3553
     274         -2.2141         -34.8371
     275         -2.2685         -31.4266
     276         -2.4251         -32.1413
     277         -2.3112         -33.9776
     278         -2.0286         -32.7107
     279         -2.3449         -31.4914
     280         -2.3093         -33.6450
     281         -2.2258         -30.7802
     282         -2.4372         -31.6601
     283         -2.0855         -32.2658
     284         -1.9401         -31.3748
     285         -2.4324         -32.1733
     286         -2.4490         -29.6711
     287         -1.6947         -32.0216
     288         -2.3709         -32.2193
     289         -2.4581         -31.5943
     290         -2.4060         -32.1109
     291         -2.4601         -33.0023
     292         -2.1788         -29.6990
     293         -2.5822         -32.4697
     294         -2.2124         -33.3382
     295         -2.4480         -32.5879
     296         -2.2118         -31.8614
     297         -2.1740         -31.6781
     298         -2.5715         -32.1797
     299         -2.4998         -32.0453
     300         -2.4080         -31.6223
     301         -2.1243         -32.7964
     302         -1.4440         -32.7555
     303         -2.2065         -32.8117
     304         -2.1192         -31.9299
     305         -2.0951         -30.8501
     306         -2.3812         -31.9630
     307         -2.6532         -28.6206
     308         -2.5077         -32.6852
     309         -2.5562         -32.6275
     310         -2.0858         -31.7119
     311         -1.8997         -32.9423
     312         -2.3465         -29.7743
     313         -2.1377         -32.3712
     314         -2.1367         -32.4520
     315         -2.2483         -31.8677
     316         -2.0056         -32.2884
     317         -2.2942         -31.5843
     318         -2.2159         -32.3525
     319         -2.4022         -30.8684
     320         -1.3561         -32.6596
     321         -2.2947         -31.9280
     322         -2.6278         -28.5065
     323         -2.0813         -33.0243
     324         -1.4411         -32.4786
     325         -2.4041         -33.1008
     326         -1.7600         -30.3977
     327         -2.5412         -31.1399
     328         -1.1349         -33.6975
     329         -2.0356         -32.7101
     330         -2.4695         -32.2019
     331         -2.1824         -33.3855
     332         -2.5222         -30.5042
     333         -2.3355         -32.2440
     334         -2.4624         -30.8050
     335         -2.4863         -29.9669
     336         -2.2505         -32.2076
     337         -2.5081         -32.6101
     338         -2.5208         -31.6554
     339         -2.5292         -32.6063
     340         -2.4810         -32.7032
     341         -2.4339         -32.9006
     342         -2.4776         -30.9457
     343         -2.3695         -32.4370
     344         -1.9942         -32.1700
     345         -2.2175         -31.5423
     346         -2.3422         -30.9794
     347         -2.4308         -32.5688
     348         -2.3633         -31.4689
     349         -2.4016         -32.9843
     350         -2.3266         -30.4461
     351         -2.0857         -30.8617
     352         -2.6114         -30.4841
     353         -2.4603         -30.0528
     354         -2.6688         -33.0014
     355         -2.4856         -33.4990
     356         -2.2469         -30.3309
     357         -2.3272         -32.3189
     358         -2.0685         -31.6943
     359         -2.4046         -32.5221
     360         -2.4210         -32.7954
     361         -2.0194         -33.0966
     362         -2.3570         -32.6173
     363         -2.5312         -30.6353
     364         -2.2071         -32.2936
     365         -2.3328         -32.4551
     366         -1.7713         -32.7552
     367         -2.2938         -31.1417
     368         -2.4179         -30.1686
     369         -2.2015         -31.5662
     370         -2.2608         -30.9709
     371         -2.2624         -32.3289
     372         -2.4298         -31.8714
     373         -2.5130         -32.1914
     374         -2.1239         -32.5645
     375         -2.5656         -31.0131
     376         -2.1574         -32.5721
     377         -2.1784         -32.1402
     378         -1.7670         -33.6127
     379         -2.0616         -31.8709
     380         -2.3530         -32.4723
     381         -2.5941         -32.2836
     382         -2.3913         -30.8494
     383         -1.4658         -31.5860
     384         -2.3655         -30.8899
     385         -2.2301         -32.3207
     386         -2.2382         -32.9408
     387         -2.1749         -33.3430
     388         -2.3452         -32.6146
     389         -2.4757         -32.8780
     390         -1.7264         -32.7590
     391         -2.4220         -32.3837
     392         -2.4914         -32.5014
     393         -2.3519         -32.8349
     394         -1.9803         -30.7897
     395         -2.5095         -32.8605
     396         -2.5508         -29.9803
     397         -2.3097         -31.2807
     398         -2.5942         -29.6185
     399         -2.1375         -32.3595
     400         -2.5788         -32.5880
     401         -2.4108         -33.1553
     402         -2.5918         -31.1187
     403         -2.5072         -32.2608
     404         -2.3020         -33.4996
     405         -2.3320         -32.2212
     406         -2.1747         -33.4574
     407         -2.1639         -33.1816
     408         -2.5284         -32.5711
     409         -1.7869         -32.6870
     410         -2.4981         -32.4671
     411         -2.4454         -31.3280
     412         -2.3253         -32.4900
     413         -2.2710         -32.1694
     414         -2.0925         -30.2981
     415         -2.5432         -32.1144
     416         -2.3625         -33.3176
     417         -2.3722         -32.7724
     418         -2.3183         -32.8597
     419         -2.1957         -31.5311
     420         -2.5304         -32.0894
     421         -2.2239         -30.7121
     422         -2.1231         -33.6235
     423         -2.3705         -32.8829
     424         -2.4309         -29.2315
     425         -2.4248         -31.5159
     426         -2.4386         -32.1977
     427         -2.2621         -33.7830
     428         -2.1744         -32.3988
     429         -2.3356         -31.8818
     430         -2.2054         -31.5686
     431         -2.5438         -28.9036
     432         -2.5954         -32.2669
     433         -1.8154         -31.6036
     434         -2.1162         -34.0200
     435         -2.1220         -32.5597
     436         -2.5580         -30.6247
     437         -1.8553         -32.9459
     438         -1.7763         -33.1175
     439         -2.0849         -30.4476
     440         -2.3345         -33.2257
     441         -2.0238         -32.3071
     442         -2.3930         -32.5943
     443         -2.5242         -30.7102
     444         -2.7152         -30.5036
     445         -2.1297         -32.3049
     446         -2.5474         -31.7231
     447         -2.2106         -33.0791
     448         -2.4931         -30.7610
     449         -2.6236         -31.2963
     450         -2.2800         -32.2828
     451         -2.6636         -31.7343
     452         -2.4155         -33.0575
     453         -1.8535         -30.8466
     454         -2.1561         -31.4894
     455         -2.3760         -31.2148
     456         -2.5432         -31.8173
     457         -2.3762         -33.1114
     458         -2.2072         -31.9007
     459         -2.4300         -31.4724
     460         -2.4614         -30.4878
     461         -2.1913         -33.0481
     462         -1.9267         -32.4405
     463         -2.2948         -32.0884
     464         -2.4517         -33.6415
     465         -2.5415         -31.5463
     466         -2.3906         -32.6770
     467         -2.4430         -32.0589
     468         -2.4798         -31.3139
     469         -1.7352         -33.6406
     470         -2.5317         -31.1226
     471         -2.1177         -32.2551
     472         -2.1790         -31.8797
     473         -2.3215         -30.4405
     474         -2.2848         -31.7813
     475         -2.4536         -33.2609
     476         -1.9682         -32.6736
     477         -1.8771         -30.7890
     478         -2.6021         -32.1862
     479         -2.2944         -31.0869
     480         -1.2510         -34.0089
     481         -2.1752         -32.7598
     482         -2.4087         -32.4591
     483         -2.2578         -32.5065
     484         -2.5617         -31.6268
     485         -2.5089         -31.5628
     486         -1.9428         -32.3778
     487         -1.3965         -33.9496
     488         -1.8003         -32.9360
     489         -2.1199         -33.0326
     490         -2.1575         -33.4291
     491         -2.2947         -31.7972
     492         -2.2901         -32.7544
     493         -2.6388         -31.6235
     494         -2.2794         -32.8553
     495         -2.2494         -32.6138
     496         -2.3637         -33.3930
     497         -1.7901         -32.8840
     498         -2.4252         -32.4878
     499         -2.5191         -33.6188
     500         -2.4203         -31.9898
     501         -2.4877         -31.2178
     502         -2.4168         -31.0687
     503         -2.5029         -31.5997
     504         -2.3440         -32.8080
     505         -2.4310         -31.6862
     506         -2.4852         -29.9600
     507         -2.2244         -31.1178
     508         -2.1969         -33.0255
     509         -2.2984         -31.8631
     510         -2.4898         -31.1496
     511         -2.2835         -33.1470
     512         -2.4116         -32.7487
     513         -2.4959         -32.7721
     514         -2.0530         -32.0676
     515         -2.2175         -32.9946
     516         -2.5752         -31.7720
     517         -2.5192         -30.0263
     518         -2.1444         -32.6063
     519         -2.5334         -31.1710
     520         -2.4207         -31.8749
     521         -2.3940         -31.2917
     522         -2.6725         -31.7437
     523         -2.2905         -30.5795
     524         -2.3150         -32.5629
     525         -2.5487         -30.5893
     526         -2.4349         -31.3077
     527         -2.5418         -32.7193
     528         -2.4378         -32.1084
     529         -0.6933         -33.2579
     530         -1.9972         -32.0722
     531         -2.4106         -33.1373
     532         -2.4629         -31.9128
     533         -2.5371         -31.2233
     534         -2.4258         -32.5037
     535         -1.9436         -31.6927
     536         -2.1739         -30.6868
     537         -2.4657         -31.7315
     538         -2.2622         -31.5228
     539         -2.2491         -31.3478
     540         -2.5456         -30.7014
     541         -2.5008         -32.7162
     542         -2.4788         -32.9211
     543         -2.5239         -31.8574
     544         -2.2109         -31.9060
     545         -2.3528         -32.4883
     546         -2.3261         -31.9000
     547         -2.2442         -31.9356
     548         -2.4844         -32.6915
     549         -2.4639         -31.5426
     550         -2.1781         -29.9605
     551         -2.1227         -32.4885
     552         -1.8428         -31.2157
     553         -2.0559         -32.0411
     554         -2.6137         -30.2710
     555         -2.4310         -29.8413
     556         -1.7518         -32.2720
     557         -1.8927         -32.9766
     558         -1.4501         -32.2895
     559         -2.3693         -31.9131
     560         -1.7837         -34.0002
     561         -2.5237         -32.1250
     562         -2.4830         -31.4616
     563         -2.0864         -31.3425
     564         -2.0600         -33.1639
     565         -2.3173         -32.3616
     566         -2.3605         -32.4578
     567         -1.8864         -33.5285
     568         -2.0527         -32.5069
     569         -2.4967         -30.5335
     570         -2.4271         -32.3801
     571         -2.1450         -33.7977
     572         -2.2251         -30.8885
     573         -2.0342         -32.8496
     574         -2.0003         -33.7508
     575         -1.0106         -32.5400
     576         -2.1673         -32.3779
     577         -1.9842         -32.4269
     578         -2.0873         -33.6689
     579         -1.8246         -31.7146
     580         -1.7540         -33.8377
     581         -2.2288         -32.8255
     582         -2.3460         -33.7433
     583         -2.3957         -32.1232
     584          0.8526         -31.5881
     585         -2.2278         -31.7381
     586         -2.3202         -30.7346
     587         -2.3812         -32.7214
     588         -2.4857         -32.9089
     589         -2.3088         -32.8800
     590         -2.0926         -30.3672
     591         -2.5401         -29.8700
     592         -2.0233         -32.5042
     593         -2.3934         -31.1559
     594         -2.3229         -32.2283
     595         -2.6517         -32.6276
     596         -1.7752         -32.9903
     597         -2.3526         -31.5525
     598         -2.0696         -30.9083
     599         -2.5251         -31.4522
     600         -1.6309         -33.7574
     601         -2.2755         -31.6920
     602         -2.3869         -30.8461
     603         -2.5291         -31.8215
     604         -2.5295         -30.9904
     605         -1.0906         -33.6725
     606         -2.1353         -31.7288
     607         -1.7481         -31.9116
     608         -1.9952         -33.9229
     609         -2.1173         -32.0235
     610         -1.8625         -32.2433
     611         -2.1328         -33.2757
     612         -2.6158         -31.8821
     613         -2.3606         -31.1279
     614         -2.2705         -32.5697
     615         -2.5472         -31.1181
     616         -1.9046         -31.7038
     617         -2.4917         -32.9582
     618         -2.3485         -32.3246
     619         -1.7437         -32.7482
     620         -2.0246         -31.7995
     621         -2.2412         -30.7103
     622         -2.4990         -31.6845
     623         -2.3217         -32.1408
     624         -2.5234         -31.6319
     625         -2.4515         -33.0641
     626         -2.0470         -31.5689
     627         -2.2701         -32.5852
     628         -2.0827         -33.1534
     629         -2.5205         -32.9423
     630         -2.2880         -32.3164
     631         -2.2397         -31.7156
     632         -2.3677         -32.9175
     633         -2.3516         -33.5881
     634         -2.5111         -31.3502
     635         -2.0950         -33.6687
     636         -2.3467         -32.9823
     637         -1.5993         -33.2277
     638         -2.0833         -32.8624
     639         -1.3411         -33.7449
     640         -2.3657         -31.9030
     641         -1.7173         -31.3348
     642         -1.9388         -32.9504
     643         -2.5726         -32.6759
     644         -2.0838         -32.9779
     645         -2.0251         -32.7198
     646         -1.8522         -33.9962
     647         -1.9999         -31.4879
     648         -2.3726         -32.6397
     649         -2.3069         -30.8970
     650         -2.2906         -32.5706
     651         -1.9654         -32.8939
     652         -2.4801         -31.4698
     653         -2.5869         -30.4461
     654         -2.3378         -32.3393
     655         -2.4782         -31.0332
     656         -2.4302         -33.4252
     657         -2.2956         -32.8466
     658         -2.3399         -31.9169
     659         -2.5057         -31.0368
     660         -2.1798         -32.5557
     661         -1.8724         -32.6073
     662         -2.3701         -31.5793
     663         -2.4992         -32.3665
     664         -2.1090         -32.2035
     665         -2.3323         -31.0912
     666         -2.2152         -33.8603
     667         -2.3536         -32.5952
     668         -2.1288         -31.4745
     669         -2.3665         -30.8106
     670         -2.4512         -31.0996
     671         -2.2183         -31.7303
     672         -2.1424         -31.6672
     673         -2.0246         -32.2253
     674         -2.4265         -32.8244
     675         -2.4259         -33.2418
     676         -2.0575         -31.0727
     677         -2.2301         -30.2538
     678         -1.6800         -33.3662
     679         -2.0556         -30.5776
     680         -1.9822         -32.8056
     681         -2.4539         -32.8393
     682         -2.3938         -31.9877
     683         -1.9620         -32.7213
     684         -2.5218         -31.3373
     685         -2.1416         -33.8851
     686         -2.3724         -32.3820
     687         -2.4271         -31.3663
     688         -2.4028         -32.2497
     689         -1.7864         -32.7222
     690         -2.4385         -31.7029
     691         -2.4163         -31.4998
     692         -1.1729         -33.2384
     693         -1.5009         -31.5856
     694         -2.2961         -31.7629
     695         -2.1660         -32.3997
     696         -2.4209         -32.6933
     697         -2.1627         -31.8664
     698         -2.3534         -32.8216
     699         -2.0312         -31.7368
     700         -2.1539         -32.4021
     701         -1.6972         -33.3923
     702         -2.2933         -32.5017
     703         -2.3224         -30.9237
     704         -2.2952         -31.2759
     705         -1.2060         -33.8429
     706         -2.4607         -32.2645
     707         -2.1289         -33.0203
     708         -2.3260         -34.1525
     709         -2.4565         -32.7549
     710         -2.5391         -31.2188
     711         -2.3375         -33.0760
     712         -2.0517         -33.0528
     713         -2.4417         -31.3218
     714         -1.8290         -33.9239
     715         -2.5346         -30.7829
     716         -2.5232         -32.6116
     717         -2.3566         -30.1055
     718         -2.4871         -31.9691
     719         -2.2875         -31.2439
     720         -2.5970         -31.8951
     721         -2.2764         -31.1741
     722         -1.4130         -33.8394
     723         -2.5691         -31.9313
     724         -2.4115         -31.7680
     725         -1.9452         -33.0707
     726         -2.3002         -32.0295
     727         -1.8706         -33.0121
     728         -2.1406         -33.6556
     729         -2.1548         -33.2646
     730         -2.5227         -31.2811
     731         -2.4040         -32.6072
     732         -2.3304         -32.4124
     733         -2.4581         -32.9591
     734         -2.5752         -31.8412
     735         -2.5182         -30.9863
     736         -2.4596         -31.1444
     737         -2.3894         -32.4572
     738         -2.4491         -31.7906
     739         -2.1643         -32.9400
     740         -2.3013         -31.8252
     741         -1.8907         -32.5792
     742         -1.6890         -32.7612
     743         -1.6849         -32.7820
     744         -2.1436         -33.3214
     745         -2.4501         -31.6859
     746         -2.2738         -32.8999
     747         -2.5131         -30.3709
     748         -2.1739         -32.2371
     749         -0.6245         -32.5952
     750         -2.0379         -32.8252
     751         -2.4135         -32.6743
     752         -1.5424         -35.1265
     753         -2.3933         -33.1150
     754         -2.5591         -31.4836
     755         -2.2589         -32.9321
     756         -2.3394         -31.0803
     757         -2.4529         -30.5035
     758         -0.8153         -34.8371
     759         -2.5642         -32.3783
     760         -2.2417         -33.8006
     761         -2.0995         -33.6271
     762         -2.5244         -32.1391
     763         -2.5006         -32.8609
     764         -2.2961         -32.1555
     765         -1.8684         -33.3292
     766         -2.4628         -32.0353
     767         -2.4320         -32.2270
     768         -2.5472         -32.0500
     769         -2.0886         -32.7009
     770         -1.6165         -33.1229
     771         -2.1528         -33.1842
     772         -2.4835         -32.4820
     773         -2.1303         -32.1149
     774         -2.3628         -32.4354
     775         -2.4304         -30.8324
     776         -2.4651         -31.1612
     777         -2.5635         -30.7620
     778         -2.3740         -32.7379
     779         -2.3428         -32.7180
     780         -2.0971         -30.8471
     781         -2.4984         -32.3832
     782         -2.5273         -31.6246
     783         -2.1675         -31.8550
     784         -1.6972         -33.1381
     785         -2.2973         -32.0894
     786         -1.8292         -32.6501
     787         -2.3946         -31.9312
     788         -2.3932         -31.3043
     789         -2.2779         -33.4676
     790         -2.5319         -33.3734
     791         -2.3615         -31.4202
     792         -0.9248         -33.7245
     793         -2.1194         -31.4401
     794         -2.1112         -32.0534
     795         -2.4983         -33.0199
     796         -2.6841         -31.6494
     797         -2.4269         -30.7595
     798         -2.3376         -32.3644
     799         -2.2092         -32.0058
     800         -1.9994         -32.6563
     801         -2.4384         -30.8468
     802         -2.1980         -31.4875
     803         -2.4340         -30.5960
     804         -2.1921         -31.7167
     805         -2.5304         -31.8309
     806         -2.2363         -32.9362
     807         -1.8711         -33.2215
     808         -2.3712         -33.4181
     809         -1.5448         -32.0645
     810         -2.4157         -30.2550
     811         -2.0191         -30.6815
     812         -2.6084         -30.2344
     813         -1.9468         -33.5506
     814         -2.4226         -31.9146
     815         -2.5476         -31.5910
     816         -2.1661         -32.8725
     817         -2.4462         -30.9300
     818         -2.2258         -33.1534
     819         -2.0328         -32.6747
     820         -2.3456         -30.9054
     821         -2.1087         -32.1045
     822         -2.0372         -33.4506
     823         -2.4290         -30.0345
     824         -2.4400         -32.2285
     825         -2.3677         -31.5504
     826         -2.0723         -32.0322
     827         -2.4747         -30.2450
     828         -2.5611         -31.8969
     829         -2.2821         -33.5713
     830         -2.5695         -33.2877
     831         -2.3235         -32.7905
     832         -2.0766         -32.3207
     833         -2.2210         -31.8880
     834         -2.0788         -32.6754
     835         -2.0429         -34.2826
     836         -1.8926         -32.8422
     837         -1.5989         -32.0587
     838         -2.1036         -32.7373
     839         -1.7329         -33.0168
     840         -2.4113         -32.0789
     841         -2.0839         -31.2572
     842         -2.5206         -29.9403
     843         -2.1872         -34.3313
     844         -2.2479         -32.9475
     845         -2.2857         -31.9950
     846         -2.3680         -30.7947
     847         -2.5517         -30.9799
     848         -2.6127         -31.8938
     849         -2.2974         -29.3732
     850         -2.4252         -32.7368
     851         -2.0117         -32.1692
     852         -0.9523         -32.7055
     853         -2.2541         -33.3965
     854         -2.4073         -31.9657
     855         -2.5753         -31.1032
     856         -2.0812         -32.2047
     857         -2.6452         -28.8234
     858         -2.1182         -33.6767
     859         -1.5321         -32.3090
     860         -2.3028         -31.7844
     861         -1.7966         -33.8916
     862         -2.2272         -32.6632
     863         -2.3592         -32.5116
     864         -1.7260         -32.7049
     865         -2.3699         -34.4657
     866         -2.2026         -33.7606
     867         -2.4097         -32.4398
     868         -2.5383         -31.7476
     869         -2.5108         -30.3583
     870         -2.0095         -31.0613
     871         -1.6257         -32.9103
     872         -2.5288         -33.0304
     873         -1.5624         -31.5502
     874         -2.5230         -31.7951
     875         -2.1932         -32.7752
     876         -2.2748         -31.7584
     877         -2.4758         -32.3201
     878         -2.3709         -31.3812
     879         -2.3879         -31.3138
     880         -1.7298         -33.0807
     881         -2.2839         -31.3967
     882         -2.4707         -32.2464
     883         -2.1126         -32.0273
     884         -2.3768         -31.6361
     885         -2.4176         -31.7919
     886         -2.1720         -32.4564
     887         -1.9033         -32.0249
     888         -2.4005         -31.4783
     889         -2.2072         -32.4196
     890         -2.4916         -31.6838
     891         -2.2497         -32.3028
     892         -1.8255         -33.9752
     893         -2.4150         -31.7472
     894         -2.3758         -33.3235
     895         -2.2737         -31.8562
     896         -1.8240         -34.9795
     897         -1.9063         -32.7986
     898         -2.1085         -31.9233
     899         -2.6073         -29.6080
     900         -2.4056         -30.5194
     901         -2.4226         -32.5528
     902         -2.3926         -31.2208
     903         -2.1656         -33.4864
     904         -2.5410         -32.5752
     905         -2.5113         -32.2161
     906         -2.6332         -30.4860
     907         -2.3586         -33.2392
     908         -2.0167         -32.7335
     909         -2.2445         -33.2126
     910         -2.4429         -32.8306
     911         -2.6788         -29.4491
     912         -2.6178         -28.2120
     913         -2.4018         -33.0645
     914         -2.3890         -32.8182
     915         -2.4570         -31.8694
     916         -2.5001         -29.6205
     917         -2.5318         -31.9717
     918         -2.1910         -32.9780
     919         -1.4491         -34.8146
     920         -2.5949         -32.6327
     921         -1.8597         -33.3710
     922         -2.6296         -30.9381
     923         -1.9062         -32.6503
     924         -1.9817         -32.9158
     925         -1.9270         -32.6890
     926         -2.1565         -33.4022
     927         -2.6905         -30.4000
     928         -2.4139         -30.5942
     929         -2.6313         -31.1136
     930         -2.1044         -33.0857
     931         -2.2293         -32.6089
     932         -2.4013         -32.9485
     933         -2.5193         -32.0913
     934         -2.4854         -30.5590
     935         -2.2004         -30.9926
     936         -2.4724         -33.4701
     937         -2.3693         -31.3218
     938         -2.4108         -32.1474
     939         -1.9824         -33.1490
     940         -2.3836         -33.6771
     941         -2.4359         -30.3982
     942         -2.5066         -30.5929
     943         -2.5816         -30.8972
     944         -2.3725         -29.9309
     945         -2.3482         -32.6490
     946         -2.4716         -32.2784
     947         -2.4192         -32.7792
     948         -2.4921         -31.5657
     949         -2.1600         -31.3909
     950         -2.5935         -28.3255
     951         -2.1719         -34.4219
     952         -2.0929         -30.7731
     953         -2.5736         -32.7177
     954         -2.3327         -31.8770
     955         -2.5011         -29.7931
     956         -2.5511         -29.6652
     957         -1.9939         -31.6749
     958         -2.1164         -33.4490
     959         -2.0441         -32.4455
     960         -2.5487         -30.4399
     961         -2.2895         -32.0717
     962         -2.1545         -32.9119
     963         -2.3739         -32.5183
     964         -1.9308         -31.7431
     965         -2.5209         -31.5782
     966         -1.6628         -33.6713
     967         -2.1864         -32.0357
     968         -2.4937         -32.0776
     969         -1.7352         -32.1998
     970         -2.5423         -28.9962
     971         -2.2031         -32.1075
     972         -2.4326         -33.1435
     973         -1.8411         -32.5476
     974         -2.3375         -31.3433
     975         -2.3846         -33.1303
     976         -2.0676         -29.8749
     977         -2.3326         -32.5013
     978         -2.4443         -30.7571
     979         -2.3403         -31.5017
     980         -2.5888         -29.8916
     981         -2.5832         -32.6807
     982         -2.2910         -31.9222
     983         -2.6412         -31.2214
     984         -2.4810         -31.1065
     985         -2.1779         -32.6973
     986         -2.4083         -33.0790
     987         -2.3540         -31.2886
     988         -1.6221         -33.0355
     989         -2.5091         -30.0849
     990         -2.3376         -32.2648
     991         -2.3932         -32.1597
     992         -2.3499         -31.1845
     993         -2.1103         -32.4419
     994         -2.3445         -32.5574
     995         -1.9190         -32.9915
     996         -2.4685         -32.6260
     997         -2.3106         -31.8575
     998         -2.5850         -31.8146
     999         -2.2596         -32.6509
    1000         -2.4948         -32.5420
