GENERALIZED BORN:
Frame #,BOND,ANGLE,DIHED,UB,IMP,CMAP,VDWAALS,EEL,1-4 VDW,1-4 EEL,EGB,ESURF,ESCF,G gas,G solv,TOTAL
0,517.6072,1377.5806,-1086.4264,0.0,0.0,0.0,-1275.036,-15894.7598,594.5411,11545.3508,-1996.6495,58.8394404,37.1548,-4221.1425,-1937.8100596,-6121.797759599999
1,464.9384,1386.7205,-1066.5547,0.0,0.0,0.0,-1256.4844,-15829.5816,623.9721,11537.7061,-2034.7441,59.73340464,27.8447,-4139.283599999999,-1975.0106953599998,-6086.449595359999
2,535.5697,1419.9069,-1112.2941,0.0,0.0,0.0,-1245.1791,-15829.5346,606.7165,11523.4732,-1998.7313,60.00863688,27.9451,-4101.3415,-1938.7226631199999,-6012.11906312
3,521.5729,1421.0931,-1102.6103,0.0,0.0,0.0,-1257.9958,-15947.3662,601.5494,11524.5272,-1937.1095,57.82873392,37.5396,-4239.2297,-1879.28076608,-6080.970866080001
4,508.5592,1428.2744,-1104.9675,0.0,0.0,0.0,-1260.8441,-15829.3505,591.1248,11487.6065,-2011.6728,58.310383679999994,45.9717,-4179.5972,-1953.36241632,-6086.98791632
5,519.142,1401.5227,-1109.8781,0.0,0.0,0.0,-1267.7185,-15808.4501,608.3682,11563.2175,-2071.4075,58.12810632,29.1158,-4093.796299999998,-2013.2793936799999,-6077.959893679998
6,487.2615,1368.2545,-1096.5468,0.0,0.0,0.0,-1249.886,-15940.5682,596.071,11535.7531,-1949.5741,59.129295840000005,31.9365,-4299.660900000001,-1890.44480416,-6158.169204160001
7,510.3054,1319.0414,-1107.4005,0.0,0.0,0.0,-1263.7647,-15855.8154,598.9428,11514.5766,-1998.912,60.103470959999996,39.2811,-4284.114399999999,-1938.80852904,-6183.641829039999
8,487.449,1429.7451,-1093.3056,0.0,0.0,0.0,-1289.976,-15937.7696,609.4912,11548.0559,-1995.394,56.45932776,45.8622,-4246.310000000001,-1938.93467224,-6139.382472240002
9,507.9682,1370.7321,-1107.9914,0.0,0.0,0.0,-1258.5231,-15954.1504,603.8131,11536.8629,-1951.1957,59.18702111999999,39.5517,-4301.2886,-1892.00867888,-6153.74557888
10,488.875,1426.5956,-1106.5794,0.0,0.0,0.0,-1257.917,-15920.0188,579.5553,11458.7443,-1910.7337,59.28216911999999,44.2804,-4330.744999999999,-1851.45153088,-6137.916130879999
11,486.4009,1440.0791,-1114.0125,0.0,0.0,0.0,-1248.6163,-15985.6432,612.9771,11538.0105,-1911.4835,59.42583936,46.8877,-4270.804400000001,-1852.05766064,-6075.974360640001
12,490.8741,1411.5155,-1108.1744,0.0,0.0,0.0,-1258.492,-15964.0193,611.2175,11545.1127,-1947.9566,58.095364319999995,40.2732,-4271.965899999999,-1889.86123568,-6121.553935679999
13,516.6759,1442.438,-1098.5837,0.0,0.0,0.0,-1280.3265,-15918.9657,609.7884,11602.7921,-2005.0987,59.27477111999999,43.923,-4126.181500000001,-1945.82392888,-6028.082428880001
14,521.5077,1405.6247,-1071.1833,0.0,0.0,0.0,-1308.4951,-15948.784,598.324,11586.4525,-1989.2957,58.60411848,54.3246,-4216.553499999998,-1930.69158152,-6092.920481519998
15,501.1816,1442.2852,-1087.0123,0.0,0.0,0.0,-1271.1962,-15915.2065,598.934,11526.7475,-1978.2426,58.9860756,34.9537,-4204.266700000002,-1919.2565244,-6088.569524400002
16,505.7409,1424.4779,-1069.0055,0.0,0.0,0.0,-1247.7837,-15943.8243,607.4054,11625.7255,-2043.225,58.503184559999994,45.0084,-4097.263800000001,-1984.72181544,-6036.977215440002
17,497.6706,1336.6331,-1117.192,0.0,0.0,0.0,-1250.5992,-15924.1419,609.3625,11557.2587,-1990.9195,58.733775359999996,44.7473,-4291.008200000002,-1932.18572464,-6178.446624640002
18,496.8183,1407.0762,-1100.833,0.0,0.0,0.0,-1255.1904,-15890.9102,609.1172,11531.1536,-2001.1471,59.292176399999995,47.8377,-4202.7683,-1941.8549236,-6096.7855236
19,455.048,1443.874,-1109.5036,0.0,0.0,0.0,-1268.765,-15968.174,590.5961,11571.1894,-1959.1648,56.86201008,49.247,-4285.7351,-1902.3027899200001,-6138.79088992
20,506.9571,1413.4831,-1120.997,0.0,0.0,0.0,-1256.0974,-15904.3674,603.3936,11545.6807,-2007.8526,58.94375616,51.2606,-4211.9473,-1948.90884384,-6109.595543840001
21,494.3483,1395.8327,-1097.579,0.0,0.0,0.0,-1262.8264,-15912.6775,612.9803,11528.1197,-1964.8147,58.608374399999995,40.2804,-4241.8019,-1906.2063256,-6107.727825600001
22,518.445,1427.8835,-1102.0246,0.0,0.0,0.0,-1250.9587,-15850.2321,606.1079,11574.6678,-2126.9371,60.97698432000001,39.8213,-4076.1111999999994,-2065.96011568,-6102.25001568
23,466.5294,1409.3054,-1070.6015,0.0,0.0,0.0,-1262.9355,-15851.6788,610.0333,11523.4798,-2022.58,58.463806319999996,48.6206,-4175.867899999999,-1964.11619368,-6091.363493679999
24,506.6823,1445.7403,-1068.0999,0.0,0.0,0.0,-1256.9626,-15851.5084,590.7201,11539.1136,-2051.638,60.40107071999999,53.2583,-4094.3145999999997,-1991.23692928,-6032.29322928
25,493.0449,1420.3889,-1095.5062,0.0,0.0,0.0,-1276.6167,-15923.7532,605.6664,11542.8683,-1956.5453,59.73735888,48.3678,-4233.907599999999,-1896.80794112,-6082.347741119998
26,507.3408,1361.9548,-1091.0004,0.0,0.0,0.0,-1243.2189,-15844.7678,603.2178,11594.1909,-2072.7203,58.92093936,47.3375,-4112.282799999999,-2013.79936064,-6078.744660639999
27,529.111,1365.7805,-1110.929,0.0,0.0,0.0,-1291.9044,-15845.2676,611.1202,11550.8378,-2048.0329,58.019855039999996,40.9302,-4191.2515,-1990.0130449600001,-6140.334344960001
28,509.1013,1412.2778,-1074.9369,0.0,0.0,0.0,-1251.5108,-15865.8825,594.6368,11566.1162,-2041.5314,59.00852736,49.4797,-4110.1981,-1982.52287264,-6043.24127264
29,485.9558,1418.8653,-1088.3429,0.0,0.0,0.0,-1275.4433,-15942.6187,603.0598,11599.7242,-2028.1059,57.4685892,46.0808,-4198.799800000001,-1970.6373108,-6123.356310800002
30,525.8034,1410.1341,-1082.4751,0.0,0.0,0.0,-1259.5795,-15992.4579,607.6878,11586.4659,-1961.5068,58.502177999999994,45.7531,-4204.421300000002,-1903.0046220000002,-6061.672822000002
31,486.1976,1405.3968,-1071.9318,0.0,0.0,0.0,-1294.1551,-15964.9519,606.6354,11588.6019,-2007.987,58.84597727999999,46.2005,-4244.207100000001,-1949.1410227200001,-6147.147622720002
32,486.896,1421.3377,-1064.1449,0.0,0.0,0.0,-1245.2939,-15987.7643,609.9585,11552.2962,-1991.6973,57.74798592,49.827,-4226.7147,-1933.94931408,-6110.83701408
33,522.8769,1431.0925,-1075.6747,0.0,0.0,0.0,-1284.7035,-15925.1808,594.716,11563.861,-2004.5203,58.885490159999996,38.4668,-4173.012599999998,-1945.63480984,-6080.180609839998
34,538.4006,1432.4151,-1098.6839,0.0,0.0,0.0,-1263.0853,-16000.5473,589.9845,11545.2216,-1967.2991,56.30883696,63.9764,-4256.2947,-1910.99026304,-6103.308563040001
35,487.4345,1438.5738,-1109.1236,0.0,0.0,0.0,-1251.3465,-15896.5414,587.3662,11519.9604,-1982.2556,57.3510852,48.6029,-4223.676599999999,-1924.9045148,-6099.9782147999995
36,505.1007,1439.723,-1102.965,0.0,0.0,0.0,-1281.4838,-15997.7715,592.9382,11527.2537,-1912.1235,57.23150904,42.3912,-4317.2047,-1854.89199096,-6129.70549096
37,477.2521,1389.4527,-1082.408,0.0,0.0,0.0,-1243.6096,-16020.6012,612.7246,11565.4056,-1968.2278,58.90013568,57.0656,-4301.783800000001,-1909.32766432,-6154.045864320001
38,504.5754,1444.4941,-1110.0219,0.0,0.0,0.0,-1258.671,-16034.997,599.3729,11481.4048,-1859.8362,56.5310268,37.7017,-4373.842699999999,-1803.3051732,-6139.446173199999
39,479.8987,1385.7411,-1107.4666,0.0,0.0,0.0,-1261.0268,-15886.5462,611.6846,11604.2685,-2088.4163,58.28251536,43.6391,-4173.446699999999,-2030.13378464,-6159.941384639998
40,529.4899,1434.1533,-1092.8965,0.0,0.0,0.0,-1275.8253,-15897.5691,599.9872,11546.3799,-2047.2155,58.07918736,42.3425,-4156.280600000002,-1989.13631264,-6103.074412640002
41,498.4675,1398.2112,-1069.3027,0.0,0.0,0.0,-1235.3874,-16051.379,625.3153,11595.9895,-1938.4819,58.34564784,42.3092,-4238.0856,-1880.13625216,-6075.91265216
42,526.5047,1403.8218,-1098.7824,0.0,0.0,0.0,-1250.2933,-15983.1086,613.5465,11560.1724,-1939.9114,58.53897288,41.3714,-4228.138899999998,-1881.3724271199999,-6068.139927119998
43,506.3565,1426.1606,-1103.2586,0.0,0.0,0.0,-1276.1905,-16021.7508,596.8545,11566.3402,-1913.4815,58.29952464,42.9051,-4305.488099999999,-1855.18197536,-6117.764975359999
44,477.9187,1385.2282,-1112.8017,0.0,0.0,0.0,-1240.141,-15869.4276,594.9356,11605.4592,-2106.6469,59.14373328,41.4714,-4158.828600000001,-2047.50316672,-6164.8603667200005
45,517.8452,1502.6912,-1092.5715,0.0,0.0,0.0,-1267.2046,-15998.8883,601.5613,11490.7384,-1901.0825,57.3701292,48.6916,-4245.828300000001,-1843.7123708,-6040.849070800002
46,522.352,1420.9704,-1080.0282,0.0,0.0,0.0,-1243.6932,-15934.0284,610.0746,11581.2276,-2028.2858,58.753203119999995,45.4918,-4123.125199999999,-1969.53259688,-6047.165996879999
47,459.0803,1435.3216,-1092.7055,0.0,0.0,0.0,-1286.3237,-15880.571,599.9696,11524.1863,-2012.7028,58.877652239999996,45.9564,-4241.0424,-1953.82514776,-6148.91114776
48,498.3614,1401.427,-1111.7631,0.0,0.0,0.0,-1264.2513,-15868.7405,603.2097,11575.146,-2075.4685,59.57975232,35.9682,-4166.6108,-2015.88874768,-6146.53134768
49,468.5416,1379.3868,-1082.1209,0.0,0.0,0.0,-1277.6663,-15904.326,621.0743,11541.9262,-1975.7866,57.8520756,49.3871,-4253.184299999999,-1917.9345243999999,-6121.731724399999
50,525.839,1411.6475,-1068.5721,0.0,0.0,0.0,-1244.917,-15702.5146,598.0588,11506.8857,-2144.4196,57.66936552,36.1478,-3973.572699999999,-2086.75023448,-6024.1751344799995
51,521.1417,1377.6589,-1136.9281,0.0,0.0,0.0,-1238.2563,-15903.546,590.432,11563.6734,-2036.5857,59.73471648,54.8503,-4225.8243999999995,-1976.85098352,-6147.825083519999
52,521.7567,1405.4403,-1106.935,0.0,0.0,0.0,-1274.0766,-15896.4142,606.2201,11558.0854,-2012.3927,58.27443624,46.5292,-4185.923299999999,-1954.11826376,-6093.512363759999
53,513.2462,1385.9566,-1088.5798,0.0,0.0,0.0,-1272.163,-16023.4057,606.5436,11567.0881,-1939.6691,58.06226016,51.8256,-4311.3139999999985,-1881.60683984,-6141.095239839999
54,504.2825,1372.2062,-1107.5086,0.0,0.0,0.0,-1260.9448,-15911.3761,602.0481,11554.0246,-1997.7483,58.455996479999996,51.336,-4247.2680999999975,-1939.29230352,-6135.224403519997
55,485.9204,1396.823,-1077.103,0.0,0.0,0.0,-1274.6416,-15856.7328,614.1857,11445.0915,-1947.297,57.91070592,42.9166,-4266.4568,-1889.38629408,-6112.926494080001
56,510.3599,1446.8078,-1087.244,0.0,0.0,0.0,-1292.7715,-15992.8935,602.2446,11482.8852,-1846.747,56.91645144,48.733,-4330.611500000001,-1789.8305485600001,-6071.709048560001
57,508.6608,1422.8849,-1088.4943,0.0,0.0,0.0,-1235.7666,-15875.6013,611.046,11506.6337,-2033.5272,58.13061336,43.7884,-4150.6368,-1975.39658664,-6082.24498664
58,524.6126,1400.9124,-1079.7667,0.0,0.0,0.0,-1257.2109,-15952.2069,608.0513,11528.2893,-1964.7519,59.7854052,52.3362,-4227.3189,-1904.9664948,-6079.9491948
59,507.1382,1390.413,-1077.5072,0.0,0.0,0.0,-1265.6353,-15839.1495,592.6146,11556.0587,-2095.0041,59.691589920000006,44.5782,-4136.067499999999,-2035.31251008,-6126.801810079999
60,541.1262,1384.9759,-1098.664,0.0,0.0,0.0,-1243.0102,-15912.4615,570.3269,11566.9042,-2046.1006,59.7258252,56.8432,-4190.802499999998,-1986.3747748,-6120.334074799997
61,515.2411,1396.4997,-1095.5328,0.0,0.0,0.0,-1236.334,-15900.8815,597.2713,11556.9209,-2058.7076,59.1056424,44.9683,-4166.8153,-1999.6019576,-6121.4489576
62,474.6358,1434.5772,-1062.0815,0.0,0.0,0.0,-1293.6082,-15861.8325,608.4826,11597.8633,-2045.4789,56.68857216,41.0494,-4101.963299999999,-1988.7903278400001,-6049.7042278399995
63,519.7781,1376.9829,-1100.4752,0.0,0.0,0.0,-1276.6343,-15903.7554,614.2872,11579.8826,-2003.79,56.7230328,40.2633,-4189.9341,-1947.0669672,-6096.737767200001
64,523.8938,1430.4184,-1086.7999,0.0,0.0,0.0,-1278.2004,-15923.7843,600.0268,11606.5056,-2030.5348,57.93110424,53.4668,-4127.939999999999,-1972.60369576,-6047.076895759998
65,516.7833,1431.8489,-1036.6533,0.0,0.0,0.0,-1270.2018,-16013.3552,604.457,11535.3427,-1883.246,56.91237192,47.5045,-4231.778400000001,-1826.3336280800002,-6010.607528080001
66,493.3212,1375.3816,-1085.3294,0.0,0.0,0.0,-1285.9366,-16064.4814,595.757,11589.6763,-1897.4587,56.299754879999995,52.3725,-4381.611300000002,-1841.15894512,-6170.397745120002
67,515.7783,1401.3509,-1094.7323,0.0,0.0,0.0,-1260.6796,-15915.971,599.0156,11553.6229,-1989.0962,57.05908128,43.9709,-4201.615199999998,-1932.0371187199999,-6089.681418719998
68,496.5498,1420.0943,-1072.6526,0.0,0.0,0.0,-1273.5976,-15976.4233,608.379,11582.6845,-1950.7882,57.40108488,41.3362,-4214.965899999999,-1893.3871151199999,-6067.01681512
69,518.004,1434.3244,-1087.2947,0.0,0.0,0.0,-1233.1725,-15978.4787,598.1884,11461.8302,-1862.0233,56.11510944,45.7661,-4286.598900000001,-1805.90819056,-6046.740990560001
70,519.5027,1488.3998,-1108.0842,0.0,0.0,0.0,-1264.7581,-15876.2846,598.2206,11565.716,-2047.1122,56.965235039999996,51.899,-4077.2878,-1990.14696496,-6015.535764959999
71,532.1809,1433.3254,-1102.5889,0.0,0.0,0.0,-1275.7758,-15865.1644,600.1058,11513.434,-2007.6944,57.79770264,53.4152,-4164.483,-1949.8966973600002,-6060.96449736
72,520.7006,1417.4332,-1091.708,0.0,0.0,0.0,-1251.8135,-15925.9723,607.4803,11521.6781,-1963.0518,58.44475512,49.2304,-4202.2016,-1904.6070448799999,-6057.57824488
73,511.1581,1435.8054,-1083.9405,0.0,0.0,0.0,-1261.9165,-16006.6216,621.6521,11619.8958,-1951.5357,57.49050168,41.8349,-4163.967200000001,-1894.0451983199998,-6016.177498320001
74,491.6424,1384.3854,-1104.4806,0.0,0.0,0.0,-1255.2425,-15927.6513,594.823,11546.7851,-1983.8206,56.73354336,45.3503,-4269.738500000001,-1927.08705664,-6151.475256640001
75,550.7478,1426.9207,-1098.7309,0.0,0.0,0.0,-1286.6723,-16061.0301,580.0746,11579.8739,-1881.6189,57.548420639999996,66.1438,-4308.8163,-1824.07047936,-6066.74297936
76,511.7384,1368.4108,-1090.115,0.0,0.0,0.0,-1276.7074,-15982.083,592.5032,11543.3842,-1914.6388,58.348051919999996,40.4772,-4332.8688,-1856.29074808,-6148.682348079999
77,514.764,1376.3381,-1091.2952,0.0,0.0,0.0,-1285.6453,-15893.8316,609.0168,11510.0315,-1965.4147,56.44628568,57.1142,-4260.6217000000015,-1908.96841432,-6112.475914320002
78,502.6292,1424.7885,-1071.2237,0.0,0.0,0.0,-1282.4546,-15995.4914,598.2098,11559.8155,-1920.976,56.98461888,53.224,-4263.726699999999,-1863.9913811200001,-6074.4940811199995
79,546.7954,1427.2778,-1084.0087,0.0,0.0,0.0,-1259.9709,-15976.4889,603.6685,11492.7432,-1876.7846,56.15991216,48.1685,-4249.9836,-1820.62468784,-6022.43978784
80,517.1076,1492.5805,-1101.6506,0.0,0.0,0.0,-1304.4109,-15877.327,593.8861,11535.4113,-2008.3639,57.66681168,46.9187,-4144.403,-1950.6970883200001,-6048.18138832
81,515.3378,1418.099,-1088.4993,0.0,0.0,0.0,-1288.6002,-15813.7817,597.3697,11519.6616,-2045.7025,56.72982312,38.3364,-4140.413100000002,-1988.97267688,-6091.049376880002
82,528.1579,1390.7938,-1097.9424,0.0,0.0,0.0,-1308.4474,-15911.4769,592.4875,11517.9698,-1924.3375,55.0399788,42.7662,-4288.457700000001,-1869.2975212000001,-6114.9890212
83,514.5261,1393.9102,-1119.7478,0.0,0.0,0.0,-1294.2196,-15902.0131,593.1916,11531.2969,-1988.2741,56.3485788,45.8472,-4283.055700000001,-1931.9255212,-6169.134021200001
84,497.2855,1452.8766,-1066.3138,0.0,0.0,0.0,-1294.1586,-16016.4128,598.6519,11554.2973,-1927.4608,55.918323359999995,51.4972,-4273.773899999998,-1871.5424766400001,-6093.819176639999
85,515.8725,1381.8664,-1057.3374,0.0,0.0,0.0,-1303.0228,-15880.4219,583.2658,11556.4951,-2010.7591,57.74232024,48.5328,-4203.282300000001,-1953.01677976,-6107.766279760001
86,503.666,1418.2417,-1075.061,0.0,0.0,0.0,-1293.2619,-16105.0696,624.8918,11574.367,-1829.2215,56.85426288,42.0439,-4352.226000000002,-1772.36723712,-6082.549337120003
87,542.1858,1393.6609,-1070.0209,0.0,0.0,0.0,-1267.1479,-16012.2991,611.2867,11551.8245,-1892.9607,56.24963424,47.8069,-4250.51,-1836.71106576,-6039.41416576
88,538.6632,1437.3309,-1083.3367,0.0,0.0,0.0,-1276.6016,-16046.9499,595.9577,11498.9599,-1863.1096,54.71600616,45.2927,-4335.976500000001,-1808.39359384,-6099.077393840001
89,543.9156,1393.8854,-1080.3144,0.0,0.0,0.0,-1285.7258,-15987.9751,618.2484,11548.8151,-1945.2371,56.75731992,43.0131,-4249.150799999999,-1888.47978008,-6094.61748008
90,495.5589,1419.1186,-1083.0707,0.0,0.0,0.0,-1254.991,-15990.5376,599.4712,11567.1225,-1971.672,58.116777119999995,53.3675,-4247.328100000001,-1913.55522288,-6107.515822880001
91,487.2477,1462.8042,-1076.7063,0.0,0.0,0.0,-1270.1318,-16015.6998,585.2822,11509.1724,-1882.3873,56.19420144,48.505,-4318.031400000002,-1826.1930985600002,-6095.719498560002
92,490.4589,1394.636,-1079.3982,0.0,0.0,0.0,-1300.9673,-15881.1268,610.8983,11539.3516,-1960.0146,57.49992864,44.8473,-4226.147499999999,-1902.51467136,-6083.814871359999
93,499.4052,1381.0359,-1110.5872,0.0,0.0,0.0,-1271.6321,-15963.1359,599.8191,11508.9581,-1915.7684,58.22524224,46.1092,-4356.136899999998,-1857.54315776,-6167.570857759998
94,466.6875,1463.6349,-1086.5524,0.0,0.0,0.0,-1285.8583,-15937.754,600.3737,11561.3316,-1973.6405,57.001401359999996,48.2404,-4218.137000000001,-1916.63909864,-6086.53569864
95,525.4017,1432.2527,-1114.3552,0.0,0.0,0.0,-1267.854,-16003.9583,590.8339,11466.6584,-1825.7064,55.53286272,46.6127,-4371.0208,-1770.1735372800001,-6094.581637280001
96,462.3688,1444.0812,-1094.7187,0.0,0.0,0.0,-1277.3711,-15893.6265,609.8016,11541.3624,-1982.4669,58.34186423999999,42.3902,-4208.102299999999,-1924.12503576,-6089.837135759998
97,502.411,1485.9608,-1093.3336,0.0,0.0,0.0,-1305.12,-15916.6126,605.7269,11534.2632,-1955.9653,57.85020792,53.2517,-4186.704300000001,-1898.11509208,-6031.5676920800015
98,518.6299,1414.5012,-1077.9723,0.0,0.0,0.0,-1247.9081,-15883.8799,588.6035,11518.2674,-2037.7662,57.450854879999994,47.3978,-4169.7582999999995,-1980.31534512,-6102.675845119999
99,493.118,1400.7087,-1056.2109,0.0,0.0,0.0,-1292.5376,-15967.1193,613.5253,11572.6632,-1993.4868,56.42577144,40.9018,-4235.852600000002,-1937.0610285599998,-6132.011828560002
100,518.1443,1400.0224,-1076.8075,0.0,0.0,0.0,-1269.7981,-15961.169,607.5147,11536.8627,-1954.1047,57.4551576,50.2439,-4245.2305,-1896.6495424000002,-6091.636142399999
101,504.2578,1422.4244,-1071.2338,0.0,0.0,0.0,-1273.0532,-15950.0388,599.4479,11509.5659,-1926.6687,55.18165536,54.5256,-4258.629800000001,-1871.48704464,-6075.591244640001
102,531.5007,1393.3187,-1072.7377,0.0,0.0,0.0,-1305.8228,-16093.5101,610.5901,11584.2602,-1849.9302,55.44324504,53.6183,-4352.400899999999,-1794.48695496,-6093.2695549599985
103,507.1673,1425.4885,-1059.801,0.0,0.0,0.0,-1271.4455,-16013.3178,602.1335,11534.3597,-1895.7096,57.46309992,52.3529,-4275.415300000001,-1838.2465000799998,-6061.308900080001
104,494.2163,1447.0909,-1076.0977,0.0,0.0,0.0,-1292.1417,-16061.2902,612.0315,11574.4665,-1910.4214,56.37394512,42.2652,-4301.724399999997,-1854.04745488,-6113.506654879998
105,490.5874,1420.7227,-1101.7044,0.0,0.0,0.0,-1275.2632,-15951.8765,581.8322,11539.9401,-1969.1755,57.79816272,44.0496,-4295.761699999999,-1911.3773372800001,-6163.089437279999
106,516.6661,1402.5646,-1051.0556,0.0,0.0,0.0,-1292.2332,-15973.0182,594.4869,11632.2614,-2034.6903,57.3480756,41.242,-4170.328000000001,-1977.3422244,-6106.428224400001
107,488.8819,1387.5186,-1109.6376,0.0,0.0,0.0,-1266.555,-16041.4215,601.5351,11571.1728,-1902.9046,57.750772319999996,42.4991,-4368.505699999998,-1845.1538276800002,-6171.160427679998
108,495.1935,1413.4299,-1051.8674,0.0,0.0,0.0,-1259.0105,-16013.8526,603.7451,11578.6646,-1953.9541,58.16586672,54.9351,-4233.697400000001,-1895.78823328,-6074.550533280001
109,514.1954,1422.4909,-1082.5179,0.0,0.0,0.0,-1279.197,-15977.2927,597.613,11577.1783,-1951.5747,58.196074319999994,47.2417,-4227.530000000001,-1893.37862568,-6073.666925680001
110,511.3148,1396.1845,-1077.1287,0.0,0.0,0.0,-1292.4981,-16087.2674,608.7535,11625.3943,-1868.0427,55.43819064,42.1942,-4315.247099999999,-1812.60450936,-6085.657409359998
111,473.6566,1402.9188,-1086.8528,0.0,0.0,0.0,-1267.5105,-16010.3201,607.0135,11581.5315,-1955.3862,55.654257599999994,50.3638,-4299.563,-1899.7319424,-6148.9311424
112,511.6724,1450.5567,-1064.0257,0.0,0.0,0.0,-1291.5719,-15998.0935,604.6624,11547.2486,-1932.679,55.5230916,56.1227,-4239.5509999999995,-1877.1559084,-6060.5842084
113,518.1123,1429.3081,-1081.7291,0.0,0.0,0.0,-1292.6578,-16010.6689,611.9384,11518.7617,-1898.2794,54.14030352,54.7419,-4306.935300000001,-1844.1390964799998,-6096.33249648
114,518.7705,1416.3809,-1089.7471,0.0,0.0,0.0,-1320.1154,-16088.8277,615.3916,11556.3903,-1863.9066,53.4053016,49.2701,-4391.7568999999985,-1810.5012984,-6152.988098399999
115,502.607,1405.4701,-1091.2651,0.0,0.0,0.0,-1285.311,-15952.4317,596.9829,11516.7533,-1947.7767,53.607220559999995,43.7802,-4307.194500000001,-1894.1694794399998,-6157.583779440001
116,508.525,1392.5534,-1087.8701,0.0,0.0,0.0,-1316.3717,-15989.8288,593.2356,11552.2115,-1911.5716,54.47718216,43.6635,-4347.545100000001,-1857.09441784,-6160.976017840002
117,516.4962,1423.1594,-1092.5292,0.0,0.0,0.0,-1288.961,-15896.7546,587.631,11557.9629,-2020.8005,56.22826248,48.612,-4192.9953000000005,-1964.57223752,-6108.955537520001
118,518.5741,1386.8117,-1075.0617,0.0,0.0,0.0,-1266.8768,-15882.3061,603.6699,11562.193,-2039.784,58.1772312,41.6815,-4152.9959,-1981.6067688,-6092.9211688
119,514.504,1368.5742,-1086.1957,0.0,0.0,0.0,-1274.6772,-15843.8787,609.0297,11610.2332,-2086.7699,58.35763728,45.0165,-4102.4105,-2028.4122627199997,-6085.80626272
120,517.4378,1378.754,-1065.525,0.0,0.0,0.0,-1290.1474,-16025.0263,601.9081,11620.5471,-1947.3661,56.423115360000004,46.1963,-4262.0517,-1890.9429846399998,-6106.79838464
121,500.251,1386.0525,-1083.6636,0.0,0.0,0.0,-1302.6104,-15933.8324,593.8098,11594.9569,-1974.9191,56.37222576,39.6481,-4245.0362000000005,-1918.54687424,-6123.93497424
122,490.2801,1420.7835,-1099.5084,0.0,0.0,0.0,-1288.2041,-15907.5839,605.1786,11574.335,-2001.2907,57.623049359999996,45.5147,-4204.7192,-1943.66765064,-6102.87215064
123,512.0644,1441.523,-1101.4566,0.0,0.0,0.0,-1276.2758,-15877.3094,585.7173,11492.1613,-1982.2598,57.27158136,38.1514,-4223.5758000000005,-1924.98821864,-6110.412618640001
124,516.0569,1413.2167,-1072.3083,0.0,0.0,0.0,-1274.9141,-15958.2744,614.62,11598.1058,-2026.6996,57.23307936,51.6421,-4163.4974,-1969.46652064,-6081.32182064
125,504.1274,1417.2551,-1071.4249,0.0,0.0,0.0,-1263.8222,-15796.2949,608.4559,11569.1967,-2112.929,59.24358791999999,47.1496,-4032.5069000000003,-2053.68541208,-6039.0427120800005
126,521.4407,1402.2544,-1102.9357,0.0,0.0,0.0,-1294.7739,-16020.1468,590.6482,11602.7065,-1963.0687,56.43681912,44.5353,-4300.8066,-1906.63188088,-6162.90318088
127,519.8595,1380.5395,-1102.6695,0.0,0.0,0.0,-1270.5491,-15959.1225,612.343,11555.6389,-1968.9504,57.837294719999996,57.636,-4263.9601999999995,-1911.11310528,-6117.437305279999
128,494.4219,1425.0269,-1088.6137,0.0,0.0,0.0,-1282.916,-15984.0572,601.9366,11591.3953,-1992.3023,57.11469408,41.8371,-4242.806199999999,-1935.1876059200001,-6136.15670592
129,520.7057,1433.5366,-1092.4702,0.0,0.0,0.0,-1280.4255,-15963.1595,597.5433,11517.3485,-1937.4054,58.1973876,47.5024,-4266.921100000001,-1879.2080124000001,-6098.6267124000005
130,488.2743,1360.305,-1088.9367,0.0,0.0,0.0,-1266.6588,-16053.0651,613.1424,11580.9093,-1874.6295,56.4280416,47.0455,-4366.029599999998,-1818.2014584,-6137.185558399998
131,572.2223,1417.6074,-1087.0137,0.0,0.0,0.0,-1283.3701,-16061.7047,596.2935,11563.2158,-1869.9569,54.689357519999994,61.9885,-4282.7495,-1815.26754248,-6036.0285424799995
132,512.4181,1434.4574,-1066.3379,0.0,0.0,0.0,-1307.5479,-15997.8704,593.6984,11591.4242,-1928.0674,56.944588319999994,40.0879,-4239.758100000003,-1871.1228116799998,-6070.793011680003
133,554.9919,1337.6124,-1080.4921,0.0,0.0,0.0,-1290.0156,-15882.5243,589.6837,11551.2597,-2019.9149,57.225495599999995,40.9348,-4219.484299999998,-1962.6894044,-6141.238904399998
134,507.7206,1441.2812,-1107.9103,0.0,0.0,0.0,-1306.083,-16119.5824,598.6014,11598.4176,-1829.2989,55.22248872,44.2672,-4387.554899999999,-1774.07641128,-6117.364111279999
135,505.0885,1421.5627,-1119.8192,0.0,0.0,0.0,-1311.6945,-16120.2373,613.6618,11601.7837,-1817.9552,56.343485519999994,54.5973,-4409.6543,-1761.61171448,-6116.66871448
136,530.1827,1403.4396,-1096.8988,0.0,0.0,0.0,-1290.6676,-15931.9712,596.6097,11490.4767,-1931.5927,55.7897508,40.5509,-4298.8289,-1875.8029491999998,-6134.080949200001
137,511.385,1401.7468,-1082.9532,0.0,0.0,0.0,-1310.5254,-15976.6055,589.9614,11549.7576,-1890.156,55.0948608,50.2856,-4317.2333,-1835.0611391999998,-6102.0088392
138,506.382,1335.1245,-1096.9021,0.0,0.0,0.0,-1295.6166,-16002.596,597.5882,11600.9196,-1954.0982,56.29998672,54.7724,-4355.100399999999,-1897.7982132799998,-6198.12621328
139,520.3701,1393.9316,-1078.5722,0.0,0.0,0.0,-1270.4623,-15932.0883,606.3059,11534.0696,-1992.0631,56.97816192,43.6925,-4226.445599999999,-1935.08493808,-6117.838038079999
140,511.6757,1414.1884,-1076.5893,0.0,0.0,0.0,-1260.6442,-15917.4341,601.1723,11476.4891,-1944.0015,56.03457528,46.4827,-4251.142099999999,-1887.9669247200002,-6092.6263247199995
141,528.0451,1450.6787,-1108.4117,0.0,0.0,0.0,-1266.8493,-15823.2269,604.2088,11567.1281,-2097.1843,59.017618799999994,41.0367,-4048.4272,-2038.1666811999999,-6045.557181200001
142,499.2103,1426.5274,-1102.6459,0.0,0.0,0.0,-1290.4159,-15832.9691,629.2615,11551.1473,-2084.8283,56.685424319999996,50.0461,-4119.884399999999,-2028.14287568,-6097.98117568
143,497.1627,1438.2253,-1068.7866,0.0,0.0,0.0,-1296.7484,-15877.3047,594.6741,11546.2657,-2008.248,55.788053039999994,43.1344,-4166.511900000001,-1952.45994696,-6075.837446960001
144,514.3451,1462.2863,-1092.4305,0.0,0.0,0.0,-1306.4415,-15849.9656,600.1638,11530.3552,-2019.8885,56.834085599999995,47.9228,-4141.6871999999985,-1963.0544144,-6056.818814399998
145,514.3818,1407.1217,-1094.7076,0.0,0.0,0.0,-1263.0867,-16061.5344,597.1188,11593.9544,-1859.6785,56.131882559999994,40.376,-4306.751999999999,-1803.54661744,-6069.922617439998
146,491.5824,1403.2494,-1087.8011,0.0,0.0,0.0,-1283.3727,-16011.9732,621.109,11603.7377,-1945.3789,57.422815199999995,49.4835,-4263.468500000001,-1887.9560847999999,-6101.941084800001
147,511.0805,1359.507,-1076.7642,0.0,0.0,0.0,-1281.5564,-16057.6412,608.8595,11597.3002,-1900.1902,57.708166320000004,40.7928,-4339.214599999999,-1842.48203368,-6140.9038336799995
148,518.7891,1455.3993,-1087.1478,0.0,0.0,0.0,-1286.2664,-16012.5492,583.9798,11505.7429,-1851.4879,56.05397351999999,49.5501,-4322.052299999999,-1795.43392648,-6067.936126479999
149,496.5624,1406.6124,-1095.1627,0.0,0.0,0.0,-1274.5736,-15808.097,611.7382,11531.4132,-2032.5365,57.78298727999999,42.6336,-4131.507099999999,-1974.75351272,-6063.627012719999
150,490.0103,1433.6949,-1083.8095,0.0,0.0,0.0,-1290.8366,-16047.5657,604.014,11537.392,-1876.6199,55.95082056,58.3802,-4357.100600000002,-1820.66907944,-6119.389479440002
151,490.4782,1435.5082,-1107.9055,0.0,0.0,0.0,-1289.0975,-16072.809,610.6723,11464.8276,-1802.5286,57.46997808,52.3733,-4468.325699999999,-1745.0586219200002,-6161.011021919999
152,501.7542,1431.4587,-1080.9938,0.0,0.0,0.0,-1275.4665,-16123.588,608.9024,11534.0757,-1819.6428,56.0151252,46.67,-4403.8573000000015,-1763.6276748,-6120.814974800001
153,480.641,1381.7627,-1072.4423,0.0,0.0,0.0,-1321.915,-15924.8535,615.3133,11575.3589,-1987.4478,55.4775156,58.2664,-4266.134899999999,-1931.9702843999999,-6139.838784399999
154,506.7983,1408.4853,-1097.953,0.0,0.0,0.0,-1272.3558,-15963.559,605.2539,11530.472,-1949.3951,55.83321936,47.8661,-4282.858299999998,-1893.56188064,-6128.554080639998
155,508.8416,1430.4225,-1103.0113,0.0,0.0,0.0,-1295.5572,-16056.5008,585.3434,11502.9512,-1858.6977,55.87810632,53.6949,-4427.5106,-1802.81959368,-6176.6352936799985
156,466.97,1454.733,-1098.2773,0.0,0.0,0.0,-1287.8145,-15903.238,622.2838,11533.3733,-2003.4291,57.72101472,49.0426,-4211.9697000000015,-1945.70808528,-6108.635185280002
157,485.0046,1401.1095,-1102.7187,0.0,0.0,0.0,-1295.0533,-15902.1837,601.2982,11585.8482,-2034.5496,58.10524272,49.5542,-4226.6952,-1976.44435728,-6153.585357280001
158,499.8035,1370.5182,-1081.6268,0.0,0.0,0.0,-1270.7379,-15968.0727,602.5251,11571.3686,-1959.7879,57.573702,51.2351,-4276.222000000002,-1902.2141980000001,-6127.201098000002
159,501.5752,1380.7594,-1102.3522,0.0,0.0,0.0,-1273.1881,-15963.2957,613.1431,11532.6378,-1908.2634,56.33033328,46.2759,-4310.720500000001,-1851.93306672,-6116.377666720002
160,475.0345,1430.5076,-1101.9808,0.0,0.0,0.0,-1254.8257,-15850.8791,601.8938,11467.6246,-1989.4309,57.728633759999994,53.5852,-4232.625100000001,-1931.70226624,-6110.742166240001
161,470.1238,1466.2459,-1083.0482,0.0,0.0,0.0,-1254.2508,-15877.0858,613.9392,11535.5384,-2024.5548,57.807521279999996,54.0827,-4128.5375,-1966.74727872,-6041.20207872
162,506.9324,1386.0446,-1080.7367,0.0,0.0,0.0,-1262.6745,-16027.9333,605.6136,11609.143,-1926.473,57.656010959999996,44.6403,-4263.6109,-1868.81698904,-6087.78758904
163,510.6363,1419.7796,-1080.2466,0.0,0.0,0.0,-1263.9695,-15999.9336,614.693,11570.4357,-1931.9216,57.78949608,47.0344,-4228.6051000000025,-1874.13210392,-6055.702803920002
164,482.5064,1432.0153,-1105.5068,0.0,0.0,0.0,-1283.5295,-15950.2656,632.6066,11552.6756,-1924.6276,56.270223359999996,49.0855,-4239.498000000001,-1868.35737664,-6058.769876640001
165,495.153,1421.1527,-1090.342,0.0,0.0,0.0,-1257.349,-15944.6675,603.3944,11545.6844,-1926.7932,57.28392072,50.3255,-4226.974,-1869.50927928,-6046.15777928
166,533.3785,1400.9127,-1092.4832,0.0,0.0,0.0,-1283.6321,-15932.5347,586.2281,11584.4899,-1959.6484,57.66144264,47.4079,-4203.640799999999,-1901.9869573600001,-6058.219857359999
167,513.6914,1400.1336,-1093.5168,0.0,0.0,0.0,-1259.0233,-15928.5768,606.0008,11586.0623,-2026.9794,56.739742559999996,45.8251,-4175.228800000001,-1970.23965744,-6099.643357440001
168,472.966,1423.3736,-1073.9154,0.0,0.0,0.0,-1258.7605,-15763.1307,620.6438,11488.7188,-2076.7605,58.61447208,44.2995,-4090.1044,-2018.1460279199998,-6063.95092792
169,499.4199,1408.595,-1077.385,0.0,0.0,0.0,-1230.4485,-15982.3905,616.1774,11596.7911,-1954.2925,60.463582560000006,30.9408,-4169.240599999999,-1893.82891744,-6032.128717439999
170,501.3599,1402.2709,-1079.9133,0.0,0.0,0.0,-1262.1853,-15837.2207,592.8102,11554.1154,-2067.8458,59.01964056,46.063,-4128.7629,-2008.82615944,-6091.52605944
171,521.588,1403.6295,-1070.6726,0.0,0.0,0.0,-1261.226,-15920.5821,598.6108,11606.047,-2064.2614,60.63999192,51.2521,-4122.605399999999,-2003.6214080799998,-6074.974708079998
172,501.7157,1441.231,-1094.638,0.0,0.0,0.0,-1266.1424,-15900.24,607.7383,11536.0803,-1998.6118,59.63561424,40.4374,-4174.2551,-1938.97618576,-6072.79388576
173,496.76,1362.4163,-1093.0805,0.0,0.0,0.0,-1260.6726,-15791.439,599.7151,11518.2763,-2079.5757,62.00486711999999,52.2787,-4168.024400000002,-2017.57083288,-6133.316532880001
174,497.1494,1406.6263,-1122.1014,0.0,0.0,0.0,-1248.6569,-15893.5918,588.4204,11482.8719,-1953.5403,60.60855528,50.6256,-4289.2820999999985,-1892.9317447199999,-6131.588244719998
175,502.3507,1434.618,-1091.8085,0.0,0.0,0.0,-1281.6683,-15924.5569,606.34,11556.2505,-1956.562,60.522984720000004,56.6351,-4198.4745,-1896.0390152799998,-6037.87841528
176,491.7022,1326.937,-1099.9938,0.0,0.0,0.0,-1259.2567,-15984.9705,615.4348,11557.1473,-1916.4402,59.77450439999999,48.0202,-4352.9997,-1856.6656956,-6161.6451956
177,487.2948,1448.336,-1056.7131,0.0,0.0,0.0,-1246.5447,-15786.1452,611.9446,11514.7423,-2071.9798,61.32114719999999,46.124,-4027.0853000000006,-2010.6586528,-5991.619952800001
178,518.2567,1418.8875,-1097.745,0.0,0.0,0.0,-1257.5936,-15880.3218,604.6764,11613.1513,-2074.275,61.92917208,57.2242,-4080.6885,-2012.3458279200001,-6035.81012792
179,499.4602,1409.055,-1082.478,0.0,0.0,0.0,-1270.8339,-15851.2474,607.7653,11582.7841,-2055.3851,59.69893536,51.4887,-4105.494699999999,-1995.68616464,-6049.692164639999
180,513.7843,1401.0791,-1079.1012,0.0,0.0,0.0,-1244.7437,-15660.3584,611.1151,11525.3646,-2202.1892,61.39244808,46.2338,-3932.860199999999,-2140.7967519199997,-6027.423151919999
181,517.0846,1424.148,-1079.1575,0.0,0.0,0.0,-1263.6994,-15809.292,599.3566,11533.4748,-2101.0765,60.25611456,44.815,-4078.0849,-2040.82038544,-6074.09028544
182,508.6762,1430.7998,-1091.7031,0.0,0.0,0.0,-1298.3922,-15738.5649,593.0784,11472.1408,-2052.2661,58.90490064,49.2823,-4123.965,-1993.3611993599998,-6068.04389936
183,534.6387,1376.9782,-1089.4077,0.0,0.0,0.0,-1251.8031,-15933.6344,607.5651,11576.1816,-1995.5911,59.67249264,49.4152,-4179.481600000001,-1935.9186073600001,-6065.98500736
184,494.4319,1455.839,-1090.4552,0.0,0.0,0.0,-1258.6216,-15856.1912,597.4015,11474.3772,-2003.438,60.697688400000004,49.0291,-4183.218399999998,-1942.7403116,-6076.929611599999
185,518.8191,1368.5042,-1054.0385,0.0,0.0,0.0,-1226.2788,-15796.4166,605.2502,11585.7849,-2149.8393,61.689845520000006,45.8185,-3998.3755,-2088.1494544800003,-6040.70645448
186,478.0423,1461.8903,-1081.1775,0.0,0.0,0.0,-1258.7417,-15870.0413,604.272,11551.2481,-2053.7071,61.657745039999995,40.9046,-4114.507799999999,-1992.04935496,-6065.652554959999
187,490.9097,1408.1622,-1101.3537,0.0,0.0,0.0,-1253.0907,-15662.0881,601.6787,11531.3989,-2208.3923,61.780570559999994,43.8848,-3984.383,-2146.61172944,-6087.109929439999
188,497.646,1439.3429,-1070.9801,0.0,0.0,0.0,-1238.7954,-15880.4573,605.3693,11563.1827,-2050.3,60.35286096,38.855,-4084.6919,-1989.9471390400001,-6035.784039040001
189,515.7193,1390.1024,-1105.2378,0.0,0.0,0.0,-1249.5067,-15691.6031,605.3991,11484.0682,-2134.5126,62.3298132,41.5557,-4051.0586000000003,-2072.1827868,-6081.6856868
190,498.6235,1421.588,-1087.062,0.0,0.0,0.0,-1261.3898,-15844.7881,610.8284,11580.6549,-2103.1231,59.93338607999999,50.3053,-4081.5450999999994,-2043.1897139199998,-6074.429513919999
191,494.9992,1384.672,-1074.1315,0.0,0.0,0.0,-1272.0843,-15937.5618,608.2905,11574.7528,-2009.4236,56.837965679999996,33.5777,-4221.063100000001,-1952.58563432,-6140.071034320002
192,541.4329,1432.5321,-1103.975,0.0,0.0,0.0,-1259.3253,-16016.546,603.4717,11578.3985,-1933.5992,58.083997679999996,48.0394,-4224.0111000000015,-1875.51520232,-6051.486902320003
193,524.7351,1399.6892,-1106.5751,0.0,0.0,0.0,-1251.3073,-16005.6382,603.5173,11565.8866,-1909.2031,59.219941680000005,39.5998,-4269.692399999998,-1849.98315832,-6080.0757583199975
194,493.886,1364.7187,-1094.8684,0.0,0.0,0.0,-1245.2987,-15884.05,601.7066,11552.5443,-2044.3636,60.665518799999994,46.8397,-4211.361500000001,-1983.6980812,-6148.2198812
195,545.6634,1401.4712,-1112.8056,0.0,0.0,0.0,-1260.5635,-15823.1924,585.9676,11467.4544,-2038.0892,58.57865784,48.3045,-4196.0049,-1979.5105421599999,-6127.21094216
196,511.5109,1426.0173,-1064.2487,0.0,0.0,0.0,-1294.1408,-15878.4948,592.8597,11580.7908,-2041.6904,59.96427839999999,47.8629,-4125.705599999999,-1981.7261216,-6059.568821599999
197,483.8032,1401.8517,-1085.944,0.0,0.0,0.0,-1259.084,-15950.6748,609.0412,11540.6725,-1998.6846,58.10357376,48.9205,-4260.334200000001,-1940.58102624,-6151.994726240002
198,508.3394,1425.0542,-1125.2161,0.0,0.0,0.0,-1272.7186,-15786.4513,591.9854,11529.3556,-2097.3892,58.790990879999995,45.6625,-4129.651400000001,-2038.59820912,-6122.58710912
199,509.827,1421.5961,-1080.8236,0.0,0.0,0.0,-1266.3017,-15907.1009,609.9279,11504.3374,-2005.2287,60.6967236,40.0528,-4208.537799999998,-1944.5319763999998,-6113.0169763999975
200,495.7598,1450.0226,-1113.3478,0.0,0.0,0.0,-1259.6212,-15885.3263,604.8281,11609.015,-2055.3829,59.79867839999999,45.0521,-4098.6698000000015,-1995.5842216,-6049.201921600002
201,537.2279,1386.5029,-1125.8265,0.0,0.0,0.0,-1222.6414,-15867.4635,596.0099,11567.5381,-2088.4357,62.708137199999996,47.2744,-4128.652599999999,-2025.7275628,-6107.105762799999
202,474.745,1412.7794,-1094.5511,0.0,0.0,0.0,-1251.8057,-15824.6239,610.984,11545.2792,-2073.8434,60.954474239999996,47.334,-4127.193099999999,-2012.8889257600001,-6092.748025759998
203,532.1368,1423.5359,-1064.4272,0.0,0.0,0.0,-1257.2536,-15825.9537,587.7148,11532.4365,-2060.9133,60.020425440000004,48.2046,-4071.8105000000014,-2000.89287456,-6024.498774560002
204,521.9622,1424.2911,-1093.1066,0.0,0.0,0.0,-1258.1579,-15830.5698,574.1175,11514.8923,-2031.8144,60.95148264,41.0132,-4146.5712,-1970.86291736,-6076.42091736
205,551.52,1462.377,-1099.089,0.0,0.0,0.0,-1244.585,-15751.6152,584.8706,11514.8154,-2131.4115,60.644231999999995,45.4271,-3981.7062000000005,-2070.767268,-6007.046368000001
206,523.1115,1410.0228,-1083.6319,0.0,0.0,0.0,-1234.9274,-15944.2861,609.1777,11475.595,-1928.0183,60.63602688,41.3205,-4244.938400000001,-1867.38227312,-6071.000173120001
207,492.2666,1376.0919,-1108.1319,0.0,0.0,0.0,-1232.69,-15884.4926,595.5044,11490.4559,-1989.09,61.1001036,46.4007,-4270.9956999999995,-1927.9898964,-6152.5848964
208,550.719,1421.3427,-1055.7083,0.0,0.0,0.0,-1238.2123,-15977.1905,597.3092,11507.274,-1934.8974,58.88610504,39.3823,-4194.466200000001,-1876.01129496,-6031.09519496
209,524.5923,1428.5044,-1085.2766,0.0,0.0,0.0,-1225.8518,-15870.0986,615.6977,11551.7884,-2069.3591,62.08705584,46.6891,-4060.644199999999,-2007.2720441600002,-6021.227144159999
210,501.5207,1443.9114,-1109.1778,0.0,0.0,0.0,-1281.0184,-15843.7248,602.7054,11539.9076,-2005.838,59.44276943999999,45.5947,-4145.875899999999,-1946.39523056,-6046.676430559999
211,452.8687,1418.562,-1072.2949,0.0,0.0,0.0,-1245.1097,-15949.2808,612.2047,11599.0266,-1972.9317,61.26873191999999,42.4205,-4184.023400000002,-1911.6629680800002,-6053.265868080001
212,507.7233,1441.4756,-1097.0637,0.0,0.0,0.0,-1245.3551,-15957.0359,591.6477,11503.09,-1958.3136,60.632593920000005,70.0041,-4255.518100000001,-1897.6810060799999,-6083.195006080001
213,537.3635,1407.8995,-1130.2554,0.0,0.0,0.0,-1243.0226,-15970.4418,606.8474,11568.594,-1985.4139,60.15821616,42.2616,-4223.0154,-1925.25568384,-6106.00948384
214,501.7944,1389.5945,-1112.5668,0.0,0.0,0.0,-1236.2322,-15669.1156,596.0451,11488.5603,-2139.7723,64.81357776,50.456,-4041.9202999999998,-2074.95872224,-6066.42302224
215,505.4596,1341.7392,-1081.0856,0.0,0.0,0.0,-1226.0912,-15942.8899,621.24,11568.5586,-1999.461,62.148952079999994,42.9468,-4213.069300000001,-1937.31204792,-6107.434547920002
216,509.6483,1422.3062,-1082.2326,0.0,0.0,0.0,-1246.9739,-15823.1263,607.4639,11556.8452,-2081.7369,61.669944,52.5231,-4056.0692,-2020.066956,-6023.613055999999
217,486.4112,1377.2917,-1094.2702,0.0,0.0,0.0,-1254.8312,-15957.9043,621.0594,11612.6683,-2005.8552,60.093843840000005,51.6711,-4209.575100000002,-1945.7613561599999,-6103.665356160002
218,478.7271,1420.3045,-1073.3619,0.0,0.0,0.0,-1263.7825,-15865.0876,600.7864,11505.8877,-1978.9767,61.89311735999999,43.7588,-4196.526300000001,-1917.08358264,-6069.851082640002
219,509.5679,1451.8872,-1071.4075,0.0,0.0,0.0,-1231.2836,-16043.0248,596.647,11465.6373,-1853.1014,61.04691935999999,45.8854,-4321.976499999999,-1792.05448064,-6068.145580639998
220,511.7921,1376.5246,-1088.2395,0.0,0.0,0.0,-1258.9431,-15990.4326,608.4877,11505.4073,-1889.0676,57.92965344,40.011,-4335.4035,-1831.13794656,-6126.53044656
221,487.7972,1423.9979,-1071.8093,0.0,0.0,0.0,-1245.5122,-15821.9912,597.362,11524.8843,-2069.8103,59.458337279999995,52.8229,-4105.2713,-2010.35196272,-6062.8003627200005
222,498.961,1424.3374,-1057.9707,0.0,0.0,0.0,-1258.2977,-16026.7502,602.801,11602.5606,-1969.2488,59.957141039999996,50.8079,-4214.3586,-1909.2916589600002,-6072.84235896
223,508.3599,1397.5007,-1097.0308,0.0,0.0,0.0,-1276.9622,-15789.0297,608.5767,11567.1713,-2102.3795,57.83916528,52.0205,-4081.4141,-2044.54033472,-6073.93393472
224,473.905,1432.3781,-1121.088,0.0,0.0,0.0,-1276.4271,-15769.3713,599.5225,11531.4935,-2108.3393,59.879673360000005,45.8057,-4129.587299999999,-2048.45962664,-6132.241226639999
225,475.4987,1357.5002,-1060.9906,0.0,0.0,0.0,-1254.9303,-15925.4197,616.9912,11517.9609,-1994.625,58.78385928,46.9736,-4273.3896,-1935.84114072,-6162.25714072
226,511.7708,1387.9431,-1094.5247,0.0,0.0,0.0,-1245.9532,-16010.1446,606.2546,11588.0515,-1974.3114,58.7451096,47.0799,-4256.602499999999,-1915.5662904,-6125.088890399999
227,528.1149,1407.3253,-1111.1608,0.0,0.0,0.0,-1252.6333,-15978.8754,620.027,11616.3743,-2011.4465,60.44194511999999,50.2178,-4170.8279999999995,-1951.0045548800001,-6071.614754879999
228,511.4471,1418.0733,-1100.097,0.0,0.0,0.0,-1279.172,-15813.3309,609.878,11498.1377,-2045.3254,59.274653040000004,58.5749,-4155.063800000002,-1986.05074696,-6082.539646960002
229,514.9856,1449.0323,-1104.5457,0.0,0.0,0.0,-1255.1928,-15869.5467,606.0339,11540.234,-2045.7618,59.615867519999995,44.0801,-4118.999400000001,-1986.14593248,-6061.06523248
230,529.7048,1406.3288,-1107.5304,0.0,0.0,0.0,-1239.7207,-15954.5616,613.75,11543.5408,-1976.2335,58.78765008,50.2791,-4208.488300000001,-1917.44584992,-6075.655049920001
231,497.5408,1475.2326,-1121.7234,0.0,0.0,0.0,-1253.4422,-15929.6286,601.0113,11512.7449,-1942.658,56.86349688,47.9593,-4218.2646,-1885.79450312,-6056.09980312
232,490.5171,1462.0224,-1095.8342,0.0,0.0,0.0,-1252.9125,-15755.6383,605.1748,11507.3824,-2093.3081,59.180400719999994,54.6331,-4039.2882999999983,-2034.1276992800001,-6018.782899279999
233,529.8512,1412.956,-1060.1077,0.0,0.0,0.0,-1243.8575,-15832.0014,581.4758,11538.1939,-2077.1967,60.20046504,47.6627,-4073.4897,-2016.99623496,-6042.82323496
234,513.8561,1430.9907,-1082.9248,0.0,0.0,0.0,-1244.7536,-15887.8798,595.5928,11557.0953,-2047.2869,62.286585839999994,38.7366,-4118.023299999999,-1985.00031416,-6064.287014159999
235,503.3981,1438.2358,-1064.5133,0.0,0.0,0.0,-1242.3104,-15915.1191,597.7458,11553.116,-2009.152,59.06377512,54.9943,-4129.447099999999,-1950.08822488,-6024.541024879999
236,477.0435,1468.363,-1095.363,0.0,0.0,0.0,-1234.3491,-15815.4319,598.5158,11541.473,-2112.6997,61.33445639999999,53.1586,-4059.7487,-2051.3652436,-6057.955343600001
237,501.6787,1465.5686,-1100.7855,0.0,0.0,0.0,-1263.2016,-15862.4153,609.6237,11586.9054,-2114.9216,61.16439384,60.5365,-4062.626,-2053.7572061600004,-6055.8467061599995
238,511.3909,1399.8196,-1100.6251,0.0,0.0,0.0,-1239.0566,-15862.3927,607.224,11569.1798,-2043.512,61.329471840000004,54.3082,-4114.4601,-1982.18252816,-6042.334428159999
239,483.7593,1421.5213,-1104.354,0.0,0.0,0.0,-1239.1331,-15973.1693,601.1383,11564.2992,-1967.1595,60.927451919999996,46.5583,-4245.938299999998,-1906.23204808,-6105.612048079998
240,493.6513,1452.3431,-1112.4932,0.0,0.0,0.0,-1263.2063,-16031.8311,593.9363,11611.0685,-1949.7672,60.87185999999999,38.1808,-4256.5314,-1888.89534,-6107.24594
241,522.7864,1428.9308,-1094.8732,0.0,0.0,0.0,-1241.3188,-15836.9905,602.8639,11499.5713,-2036.122,61.29735192,49.6313,-4119.0301,-1974.82464808,-6044.22344808
242,490.2147,1414.0528,-1091.1481,0.0,0.0,0.0,-1238.4448,-15919.0884,598.661,11545.875,-2021.6786,62.74148616000001,50.4256,-4199.8778,-1958.93711384,-6108.389313840001
243,478.7002,1444.6893,-1072.4145,0.0,0.0,0.0,-1236.9926,-15918.5686,608.7738,11574.721,-2031.3016,62.144409599999996,47.0752,-4121.091400000001,-1969.1571904,-6043.173390400001
244,503.777,1384.0775,-1110.3403,0.0,0.0,0.0,-1265.0331,-15763.3892,592.1586,11523.1677,-2105.1954,62.04766176,41.9728,-4135.5818,-2043.14773824,-6136.756738240001
245,512.8274,1438.9036,-1110.7026,0.0,0.0,0.0,-1237.2016,-15960.8316,607.978,11609.3344,-2013.7761,60.735959279999996,51.8107,-4139.6924,-1953.04014072,-6040.92184072
246,476.6246,1396.392,-1060.6929,0.0,0.0,0.0,-1254.5067,-15945.4745,596.5619,11571.856,-2027.1426,60.19669224,50.9051,-4219.239600000001,-1966.94590776,-6135.280407760001
247,525.9545,1418.1287,-1063.8758,0.0,0.0,0.0,-1229.0489,-15804.2866,605.0904,11593.5491,-2145.2187,63.99905184,39.9984,-3954.4886000000006,-2081.21964816,-5995.70984816
248,497.9342,1363.3563,-1102.3509,0.0,0.0,0.0,-1281.2249,-15841.4091,569.3646,11546.041,-2052.2827,59.95382904,53.3767,-4248.2888,-1992.3288709600001,-6187.240970960001
249,508.326,1390.6869,-1045.3874,0.0,0.0,0.0,-1251.1185,-15936.5777,598.3827,11523.7094,-1976.6773,59.43281256,42.4725,-4211.9786,-1917.24448744,-6086.750587440001
250,485.1552,1394.3195,-1067.9691,0.0,0.0,0.0,-1252.1955,-15954.1176,612.7586,11559.9986,-1999.2721,60.75389232,45.6651,-4222.050299999999,-1938.51820768,-6114.903407679999
251,482.2334,1387.2909,-1063.8831,0.0,0.0,0.0,-1257.6447,-15817.909,594.0484,11597.6418,-2157.7492,58.14492552,48.9197,-4078.2223000000013,-2099.60427448,-6128.9068744800015
252,529.9372,1369.1553,-1076.008,0.0,0.0,0.0,-1235.4695,-15899.4376,593.3109,11583.9656,-2017.1453,62.02971792,41.8392,-4134.5461,-1955.11558208,-6047.82248208
253,478.2544,1412.1022,-1088.4208,0.0,0.0,0.0,-1278.1987,-15824.8312,598.2966,11527.505,-2092.7117,59.46751007999999,50.1203,-4175.292500000001,-2033.2441899199998,-6158.416389920002
254,499.3342,1390.2868,-1084.3196,0.0,0.0,0.0,-1239.5849,-15828.6194,602.7584,11566.249,-2104.0223,60.39024048,54.0422,-4093.8954999999987,-2043.63205952,-6083.485359519999
255,480.3382,1410.7399,-1053.2707,0.0,0.0,0.0,-1258.3415,-15710.6084,602.0705,11558.9768,-2177.262,60.794402399999996,52.0022,-3970.0951999999997,-2116.4675976000003,-6034.560597600001
256,534.1134,1441.2792,-1100.1831,0.0,0.0,0.0,-1240.5933,-15844.3431,602.3477,11555.1721,-2096.8933,60.10870247999999,48.1698,-4052.2070999999996,-2036.7845975200003,-6040.82189752
257,509.7796,1455.5462,-1115.2641,0.0,0.0,0.0,-1277.9235,-15776.6176,596.6733,11437.6565,-2018.2819,60.50854728,45.2748,-4170.149600000001,-1957.77335272,-6082.64815272
258,497.7568,1400.2236,-1099.9662,0.0,0.0,0.0,-1260.9371,-15965.997,604.7308,11523.0005,-1917.366,58.820603039999995,46.3138,-4301.188600000001,-1858.54539696,-6113.420196960002
259,561.7264,1398.0737,-1085.5791,0.0,0.0,0.0,-1218.0873,-15914.4707,599.387,11469.7216,-1971.0706,61.52329728,48.132,-4189.228399999998,-1909.54730272,-6050.643702719998
260,543.2277,1427.9827,-1069.2686,0.0,0.0,0.0,-1250.9717,-15832.7416,590.396,11562.8502,-2096.8305,60.99927408,45.8718,-4028.5252999999975,-2035.83122592,-6018.484725919998
261,503.8775,1414.36,-1101.5536,0.0,0.0,0.0,-1237.7551,-15728.1668,585.8482,11545.0969,-2182.7935,59.165866799999996,44.9318,-4018.2929000000004,-2123.6276332,-6096.9887332
262,503.5404,1408.174,-1106.8226,0.0,0.0,0.0,-1237.2083,-15942.0557,609.9895,11608.4111,-2010.4767,61.32203712,45.3486,-4155.971600000003,-1949.15466288,-6059.777662880003
263,477.1481,1411.3145,-1082.4632,0.0,0.0,0.0,-1283.4942,-15850.4886,599.8674,11617.5783,-2080.4451,60.29817264,49.2097,-4110.537700000003,-2020.1469273599998,-6081.474927360002
264,529.0721,1376.4508,-1087.7736,0.0,0.0,0.0,-1236.7159,-15846.6564,601.5076,11546.0199,-2052.893,61.6353588,46.0218,-4118.095499999999,-1991.2576412,-6063.331341199999
265,509.6628,1463.9203,-1089.1489,0.0,0.0,0.0,-1259.3523,-15917.0438,602.9038,11605.1027,-2073.5589,59.208907679999996,50.7536,-4083.955399999999,-2014.34999232,-6047.551792319999
266,507.9672,1393.4856,-1092.719,0.0,0.0,0.0,-1256.4639,-15742.4028,582.8885,11547.6408,-2132.6302,60.25663152,42.5524,-4059.6036000000004,-2072.37356848,-6089.42476848
267,526.9091,1433.9843,-1099.5958,0.0,0.0,0.0,-1246.3872,-15836.6809,592.6888,11555.0187,-2118.4349,60.21601776000001,37.8089,-4074.0629999999983,-2058.2188822400003,-6094.472982239999
268,489.5067,1410.6066,-1066.6968,0.0,0.0,0.0,-1264.1409,-15905.642,603.463,11549.5699,-2017.5794,59.56993728,47.472,-4183.333499999999,-1958.00946272,-6093.87096272
269,491.1606,1426.1246,-1105.1566,0.0,0.0,0.0,-1263.9769,-15966.3743,597.92,11589.8925,-1985.2891,58.7729304,48.2213,-4230.410100000001,-1926.5161696,-6108.7049696
270,485.9569,1464.5993,-1075.9431,0.0,0.0,0.0,-1273.4935,-15953.3491,588.4786,11523.8645,-1958.7716,58.3687872,44.4917,-4239.886399999999,-1900.4028128,-6095.7975128
271,502.9003,1451.4985,-1085.1919,0.0,0.0,0.0,-1221.7395,-16033.5097,585.9463,11491.7608,-1888.3852,59.88523392,55.5448,-4308.335200000001,-1828.49996608,-6081.290366080001
272,486.6326,1422.6154,-1071.6743,0.0,0.0,0.0,-1256.6128,-16007.4097,605.1143,11515.9678,-1878.7976,59.946150960000004,43.6682,-4305.366699999999,-1818.85144904,-6080.549949039999
273,516.2196,1455.7214,-1122.4265,0.0,0.0,0.0,-1265.5135,-16023.8643,601.1784,11518.287,-1863.3155,58.10513616,43.8682,-4320.3979,-1805.21036384,-6081.7400638399995
274,470.6915,1418.3977,-1105.7067,0.0,0.0,0.0,-1234.4679,-16135.6472,603.0042,11550.9627,-1820.0647,57.61515744,41.3108,-4432.7657,-1762.4495425599998,-6153.90444256
275,484.8835,1427.3546,-1109.8419,0.0,0.0,0.0,-1229.9704,-16023.5633,605.9101,11550.8979,-1915.5249,59.285191680000004,48.9184,-4294.3295,-1856.2397083199999,-6101.650808320001
276,485.4696,1384.5662,-1071.216,0.0,0.0,0.0,-1273.5885,-15883.5828,611.5491,11571.6169,-2047.0294,58.255588079999995,47.3031,-4175.1855,-1988.7738119199998,-6116.656211919999
277,535.6554,1450.7982,-1102.1288,0.0,0.0,0.0,-1272.0187,-15988.6385,607.3322,11527.7199,-1902.7229,57.809574,48.486,-4241.2802999999985,-1844.9133259999999,-6037.7076259999985
278,514.6321,1422.8908,-1083.0765,0.0,0.0,0.0,-1272.6912,-15913.0565,587.789,11483.5592,-1963.0035,56.584188,50.6103,-4259.953100000001,-1906.419312,-6115.762112
279,541.2851,1377.9366,-1070.3487,0.0,0.0,0.0,-1263.494,-15947.4412,586.5779,11498.6574,-1929.2876,57.74887584,40.594,-4276.826899999998,-1871.5387241600001,-6107.771624159997
280,492.2284,1361.5084,-1089.0463,0.0,0.0,0.0,-1251.381,-15923.93,606.8006,11580.8934,-1995.1761,58.29928992,42.2007,-4222.9265,-1936.8768100799998,-6117.602610079999
281,482.9005,1374.7635,-1105.8042,0.0,0.0,0.0,-1251.1625,-15980.6762,603.9354,11550.2016,-1926.4915,58.06501632,47.0892,-4325.841899999998,-1868.42648368,-6147.179183679998
282,488.0895,1421.9128,-1072.581,0.0,0.0,0.0,-1258.86,-16030.3021,610.2288,11557.8409,-1891.9636,56.85614136,54.2169,-4283.6711,-1835.10745864,-6064.561658639999
283,506.4854,1393.7334,-1092.3632,0.0,0.0,0.0,-1270.8471,-16009.4869,626.8776,11526.0029,-1904.8257,57.91862376,56.7391,-4319.597900000001,-1846.9070762400002,-6109.7658762400015
284,476.0953,1421.4077,-1087.1642,0.0,0.0,0.0,-1261.9058,-15993.1353,604.7562,11547.6609,-1937.3097,57.89415672,47.6095,-4292.2852,-1879.41554328,-6124.0912432800005
285,487.3882,1431.082,-1114.2275,0.0,0.0,0.0,-1264.822,-16026.2203,603.0053,11587.4618,-1924.5486,57.28419432,47.6329,-4296.332500000002,-1867.26440568,-6115.964005680003
286,526.6593,1432.9195,-1106.7679,0.0,0.0,0.0,-1262.6621,-16013.0328,612.8995,11514.016,-1856.8052,57.645163440000005,40.3234,-4295.968500000003,-1799.16003656,-6054.805136560002
287,492.9491,1395.3226,-1066.6061,0.0,0.0,0.0,-1246.6784,-16127.8517,604.1723,11537.7072,-1789.1811,58.24220256,47.2418,-4410.984999999999,-1730.9388974400001,-6094.682097439999
288,504.9579,1397.2541,-1087.1555,0.0,0.0,0.0,-1234.0758,-16099.5139,612.3462,11583.6394,-1850.0951,57.854290320000004,46.9965,-4322.547600000002,-1792.24080968,-6067.791909680002
289,485.8757,1436.2487,-1130.4084,0.0,0.0,0.0,-1249.4885,-15998.5879,608.2471,11514.7904,-1892.8404,59.43334895999999,52.8479,-4333.322900000001,-1833.4070510400002,-6113.882051040001
290,487.432,1427.6176,-1093.9531,0.0,0.0,0.0,-1270.8145,-16017.9625,603.0747,11506.2508,-1876.6689,57.564995759999995,48.5785,-4358.355,-1819.1039042399998,-6128.88040424
291,538.8095,1442.8418,-1111.6926,0.0,0.0,0.0,-1278.2382,-15907.3522,586.0885,11428.7229,-1917.7713,57.1930128,43.6598,-4300.820299999999,-1860.5782872000002,-6117.738787199999
292,507.1511,1346.9337,-1110.6951,0.0,0.0,0.0,-1252.6886,-15908.9659,611.3978,11467.6003,-1941.3469,59.32457712,44.8178,-4339.2666999999965,-1882.02232288,-6176.471222879997
293,503.1476,1378.7509,-1111.1638,0.0,0.0,0.0,-1265.7222,-16098.4439,613.3948,11525.4457,-1848.5692,57.03708456,52.06,-4454.590900000001,-1791.5321154399999,-6194.0630154400005
294,524.4035,1484.338,-1084.9195,0.0,0.0,0.0,-1284.2096,-15741.2389,599.1294,11461.4261,-2057.4119,58.791984479999996,49.6353,-4041.071,-1998.6199155200002,-5990.05561552
295,478.4985,1449.996,-1143.1384,0.0,0.0,0.0,-1269.4452,-15799.7267,599.5831,11544.6073,-2105.6276,59.38028496,44.5578,-4139.625400000001,-2046.2473150399999,-6141.314915040001
296,484.2027,1426.6452,-1084.3429,0.0,0.0,0.0,-1278.7799,-15924.1498,601.0253,11509.1889,-1976.8091,58.13422848,48.0656,-4266.210500000001,-1918.67487152,-6136.819771520001
297,509.0065,1404.0936,-1114.0657,0.0,0.0,0.0,-1265.1611,-16016.6044,600.4731,11576.193,-1925.7926,58.344948,56.4278,-4306.065000000002,-1867.447652,-6117.084852000002
298,476.2503,1393.8768,-1122.262,0.0,0.0,0.0,-1260.0948,-16036.03,613.1684,11542.7599,-1890.0088,58.06570752,47.3803,-4392.331400000003,-1831.9430924800001,-6176.894192480003
299,501.6457,1460.658,-1126.8628,0.0,0.0,0.0,-1288.4504,-15998.7817,609.3344,11510.9998,-1873.4181,58.516821359999994,52.6776,-4331.457,-1814.90127864,-6093.68067864
300,500.3837,1392.9262,-1091.7793,0.0,0.0,0.0,-1284.4876,-16073.4011,608.9708,11515.6994,-1829.2804,56.11101984,42.3459,-4431.687899999999,-1773.1693801600002,-6162.511380159998
301,499.544,1440.2923,-1105.542,0.0,0.0,0.0,-1247.5052,-15946.6189,581.551,11492.211,-1946.8915,59.103217439999995,46.0569,-4286.067800000001,-1887.78828256,-6127.799182560001
302,497.2351,1399.3084,-1093.5831,0.0,0.0,0.0,-1260.0046,-15979.0085,616.1405,11547.1949,-1922.1835,60.005005919999995,45.4703,-4272.7173,-1862.17849408,-6089.42549408
303,482.2309,1488.4429,-1096.9038,0.0,0.0,0.0,-1282.8313,-16067.1391,606.4665,11565.1925,-1878.8552,59.381680319999994,46.0031,-4304.541400000002,-1819.47351968,-6078.011819680002
304,522.6366,1439.4231,-1094.9178,0.0,0.0,0.0,-1250.8558,-15822.0272,588.721,11465.662,-2041.3321,60.3871776,41.4315,-4151.358100000001,-1980.9449224,-6090.871522400002
305,516.5268,1395.8302,-1100.4069,0.0,0.0,0.0,-1271.0287,-15979.3463,610.8303,11562.4129,-1942.3443,58.98623472,53.2982,-4265.181699999999,-1883.35806528,-6095.241565279999
306,477.2716,1445.9026,-1065.2745,0.0,0.0,0.0,-1272.3096,-15998.6382,608.6755,11538.7903,-1887.3534,59.777323200000005,50.5203,-4265.5823,-1827.5760768,-6042.6380768
307,511.0556,1478.283,-1102.1797,0.0,0.0,0.0,-1247.8286,-15917.5337,591.0997,11551.5562,-2004.5745,62.177184,47.2118,-4135.547499999999,-1942.397316,-6030.733015999998
308,515.2687,1408.6023,-1108.9116,0.0,0.0,0.0,-1261.2793,-16005.7718,588.2603,11564.5893,-1915.887,61.35981408000001,49.87,-4299.242100000001,-1854.52718592,-6103.899285920001
309,526.4581,1461.7785,-1079.924,0.0,0.0,0.0,-1258.4003,-15973.1006,584.0448,11512.3579,-1901.1003,60.49196567999999,38.4536,-4226.785599999999,-1840.60833432,-6028.940334319999
310,506.8963,1414.8016,-1114.3699,0.0,0.0,0.0,-1231.2942,-15979.499,610.8347,11578.1215,-1959.5052,61.23055607999999,47.0172,-4214.509,-1898.27464392,-6065.76644392
311,520.6095,1416.2762,-1082.5583,0.0,0.0,0.0,-1243.6344,-15902.8231,601.8121,11559.6694,-2034.2501,60.352999200000006,47.6922,-4130.648599999999,-1973.8971007999999,-6056.853500799998
312,554.9474,1356.7791,-1073.4709,0.0,0.0,0.0,-1244.1909,-16053.3074,608.2525,11514.5634,-1851.6281,59.615991359999995,60.9377,-4336.426799999999,-1792.01210864,-6067.501208639998
313,481.8571,1424.2657,-1100.4176,0.0,0.0,0.0,-1272.3557,-16107.9342,601.8722,11537.8375,-1803.8844,57.849891119999995,47.429,-4434.875,-1746.03450888,-6133.480508879999
314,542.7706,1401.0078,-1110.2188,0.0,0.0,0.0,-1234.5868,-15987.989,601.0371,11520.6499,-1925.3521,60.26338440000001,46.0112,-4267.329199999998,-1865.0887156000001,-6086.406715599998
315,493.3173,1408.9713,-1089.3184,0.0,0.0,0.0,-1282.2919,-15821.6965,593.4566,11539.4219,-2031.7375,60.20667504000001,56.1414,-4158.1397000000015,-1971.53082496,-6073.529124960001
316,499.6164,1433.3349,-1133.5232,0.0,0.0,0.0,-1256.5792,-15922.8178,590.0327,11575.1843,-1991.3291,59.18666688,53.6778,-4214.751899999999,-1932.1424331199999,-6093.2165331199985
317,520.9838,1421.3837,-1092.5228,0.0,0.0,0.0,-1295.4659,-15861.6085,589.6042,11536.8406,-2009.4389,58.718627999999995,48.2366,-4180.784900000001,-1950.720272,-6083.268572000001
318,539.6123,1384.1447,-1087.4575,0.0,0.0,0.0,-1260.7172,-15743.9928,601.7053,11481.1616,-2040.9526,60.22436472,45.4293,-4085.543600000001,-1980.72823528,-6020.842535280001
319,505.2035,1366.9606,-1098.2041,0.0,0.0,0.0,-1257.6069,-15814.2255,587.0111,11513.2577,-2028.0986,61.6018716,47.083,-4197.6036,-1966.4967284,-6117.017328400001
320,503.131,1458.3384,-1105.7351,0.0,0.0,0.0,-1241.6425,-15950.4781,595.1671,11525.9219,-1943.4313,61.57737936,42.1728,-4215.2973,-1881.85392064,-6054.97842064
321,519.7404,1452.44,-1095.7944,0.0,0.0,0.0,-1216.8159,-15751.9673,585.7932,11523.9315,-2134.1721,64.44925704,41.6617,-3982.6724999999988,-2069.72284296,-6010.733642959999
322,492.4513,1446.2212,-1109.1932,0.0,0.0,0.0,-1234.4413,-15694.999,588.362,11562.4268,-2196.5094,63.13869792,52.6219,-3949.172200000001,-2133.37070208,-6029.921002080001
323,509.2622,1369.4354,-1085.3038,0.0,0.0,0.0,-1239.5852,-15781.6677,604.9642,11570.092,-2102.3435,63.31964616,58.9838,-4052.8028999999988,-2039.02385384,-6032.842953839999
324,468.4895,1404.5504,-1078.6644,0.0,0.0,0.0,-1240.9758,-15848.4375,607.3886,11529.9617,-2031.548,61.28960976,54.3317,-4157.6875,-1970.25839024,-6073.61419024
325,509.632,1451.7846,-1120.4458,0.0,0.0,0.0,-1226.3799,-15869.7722,601.9317,11614.3056,-2074.5135,62.31695616,48.3283,-4038.9440000000013,-2012.19654384,-6002.812243840001
326,510.4823,1393.9173,-1093.6715,0.0,0.0,0.0,-1230.1839,-15706.5699,595.773,11572.6111,-2229.309,61.940372399999994,49.1797,-3957.641600000001,-2167.3686276000003,-6075.830527600001
327,479.8771,1449.161,-1083.8247,0.0,0.0,0.0,-1240.0944,-15884.3025,603.919,11552.1235,-2034.4514,60.35597855999999,51.4561,-4123.141,-1974.0954214399999,-6045.780321439999
328,506.2771,1472.1076,-1107.3311,0.0,0.0,0.0,-1261.8428,-15713.3706,602.3008,11566.197,-2191.9727,61.42875912,52.4271,-3935.6620000000003,-2130.54394088,-6013.778840880001
329,493.7633,1421.8073,-1111.2415,0.0,0.0,0.0,-1247.7032,-15787.0207,610.8867,11631.6737,-2163.3536,61.447934159999996,43.385,-3987.8343999999997,-2101.90566584,-6046.35506584
330,487.4916,1406.1563,-1085.174,0.0,0.0,0.0,-1249.8456,-15664.2077,587.1989,11508.8203,-2196.7081,62.81199576,44.0534,-4009.5602000000017,-2133.8961042399997,-6099.402904240002
331,504.5829,1459.1183,-1096.867,0.0,0.0,0.0,-1242.577,-15665.2684,584.8287,11560.1157,-2212.6007,60.56394624,45.2577,-3896.0668000000005,-2152.03675376,-6002.84585376
332,522.8526,1369.2717,-1083.7818,0.0,0.0,0.0,-1245.4369,-15688.3457,610.4741,11559.2003,-2193.4251,62.21475144,51.7752,-3955.7657,-2131.21034856,-6035.20084856
333,521.6831,1413.2823,-1112.3544,0.0,0.0,0.0,-1261.7488,-15796.0136,595.1634,11567.195,-2093.1429,60.677135279999995,47.1431,-4072.7930000000015,-2032.46576472,-6058.115664720001
334,521.2422,1369.8428,-1087.0095,0.0,0.0,0.0,-1270.1769,-15846.5845,603.1113,11602.2385,-2074.0092,60.82458696,41.3909,-4107.3361,-2013.18461304,-6079.129813040001
335,500.7128,1465.5446,-1127.2239,0.0,0.0,0.0,-1230.4457,-15766.9787,607.1144,11466.5072,-2068.1757,61.42984488,47.4829,-4084.7693,-2006.7458551199998,-6044.03225512
336,519.909,1397.0005,-1079.833,0.0,0.0,0.0,-1262.4739,-15735.4968,587.8193,11572.2015,-2141.5451,61.89099624,47.8331,-4000.873400000002,-2079.65410376,-6032.6944037600015
337,503.5864,1444.9496,-1120.6401,0.0,0.0,0.0,-1238.7267,-15764.1591,607.4385,11537.2226,-2108.2484,63.66160368,43.5686,-4030.328800000001,-2044.5867963199998,-6031.346996320002
338,524.4201,1426.5657,-1097.0517,0.0,0.0,0.0,-1234.3299,-15758.3936,574.8536,11503.004,-2099.6159,64.5057036,33.5619,-4060.9317999999985,-2035.1101963999997,-6062.480096399999
339,496.7839,1408.3126,-1133.726,0.0,0.0,0.0,-1232.9657,-15852.2034,599.2122,11572.2764,-2043.0461,60.026250960000006,31.4577,-4142.3099999999995,-1983.01984904,-6093.872149039999
340,510.2933,1391.8311,-1088.782,0.0,0.0,0.0,-1226.41,-15942.533,605.3162,11533.3884,-1970.5573,60.70638816,37.0596,-4216.896000000001,-1909.85091184,-6089.687311840002
341,482.4418,1461.6211,-1099.3942,0.0,0.0,0.0,-1228.676,-15867.2371,585.2297,11495.5192,-1997.4471,62.83812311999999,43.28,-4170.495499999999,-1934.60897688,-6061.82447688
342,504.4517,1431.6995,-1105.505,0.0,0.0,0.0,-1246.6498,-15695.4659,601.7705,11516.7897,-2153.7247,61.841744639999995,41.1158,-3992.9092999999993,-2091.8829553600003,-6043.676455360001
343,507.8032,1353.9464,-1051.0578,0.0,0.0,0.0,-1234.0578,-15680.0614,596.464,11537.4101,-2172.0917,65.42015255999999,39.8626,-3969.5533000000014,-2106.67154744,-6036.362247440001
344,537.9837,1434.2602,-1095.9906,0.0,0.0,0.0,-1239.791,-15710.1977,598.9362,11533.9981,-2144.9364,60.910443359999995,61.1439,-3940.8011000000006,-2084.02595664,-5963.6831566400015
345,495.4785,1386.7377,-1084.0475,0.0,0.0,0.0,-1226.0743,-15792.0541,609.9377,11555.6684,-2119.6809,64.12761504,40.2755,-4054.3535999999986,-2055.55328496,-6069.631384959998
346,522.699,1449.1632,-1110.0791,0.0,0.0,0.0,-1233.7531,-15714.7262,579.8973,11485.7406,-2121.9738,63.08771112,44.7052,-4021.058299999999,-2058.88608888,-6035.239188879998
347,491.0151,1450.4229,-1070.3272,0.0,0.0,0.0,-1247.447,-15803.8577,586.8294,11503.3759,-2041.2756,62.514213119999994,47.6128,-4089.9886000000006,-1978.76138688,-6021.137186880001
348,550.4132,1436.0839,-1092.4647,0.0,0.0,0.0,-1227.3312,-15760.1367,594.0676,11546.5192,-2159.7432,64.80187416,36.3871,-3952.8486999999986,-2094.94132584,-6011.402925839999
349,502.6995,1456.6806,-1096.7735,0.0,0.0,0.0,-1247.0083,-15672.9596,608.9187,11570.922,-2204.1055,64.02854088,26.8936,-3877.5206,-2140.07695912,-5990.703959119999
350,517.1907,1417.159,-1092.6123,0.0,0.0,0.0,-1221.704,-15813.1825,601.7792,11546.3734,-2116.0896,64.12847832,39.7916,-4044.996500000001,-2051.96112168,-6057.166021680001
351,516.0187,1408.6457,-1098.6073,0.0,0.0,0.0,-1248.228,-15934.7044,608.8797,11582.6229,-1997.5863,61.81884432,45.1749,-4165.3727,-1935.76745568,-6055.96525568
352,488.532,1427.214,-1122.9361,0.0,0.0,0.0,-1253.9837,-15797.2107,601.0162,11525.0836,-2046.4421,62.485219439999995,44.3694,-4132.2847,-1983.95688056,-6071.872180560001
353,490.4627,1406.5177,-1102.4114,0.0,0.0,0.0,-1187.82,-15918.0852,598.1109,11508.6005,-1981.2015,65.43998352,47.9084,-4204.6248,-1915.76151648,-6072.477916479999
354,496.3569,1399.6392,-1098.1115,0.0,0.0,0.0,-1228.0975,-15909.218,610.5535,11551.7387,-1950.8878,63.921873600000005,42.9772,-4177.138700000001,-1886.9659264,-6021.127426400001
355,498.6353,1406.2341,-1081.3799,0.0,0.0,0.0,-1258.8204,-15848.4731,598.3729,11534.2572,-2015.0631,60.79163543999999,48.7108,-4151.1739,-1954.2714645600001,-6056.73456456
356,521.5969,1364.8281,-1105.5903,0.0,0.0,0.0,-1226.906,-15904.6478,597.3807,11559.3161,-2003.705,64.80199584,44.5361,-4194.0223000000005,-1938.90300416,-6088.38920416
357,478.7515,1391.9774,-1123.0314,0.0,0.0,0.0,-1230.0617,-15876.7512,598.1878,11514.2979,-1964.3394,63.07309151999999,49.9854,-4246.629700000001,-1901.2663084800001,-6097.910608480001
358,534.5168,1389.8083,-1115.4776,0.0,0.0,0.0,-1224.205,-15989.283,598.302,11505.7101,-1865.7939,60.717651120000006,50.1337,-4300.628399999998,-1805.0762488799999,-6055.570948879998
359,494.3317,1398.6071,-1096.1096,0.0,0.0,0.0,-1266.6144,-15970.6386,590.9743,11545.6922,-1911.8002,60.97732127999999,49.3966,-4303.757300000001,-1850.8228787199998,-6105.183578720001
360,499.806,1397.0101,-1107.7027,0.0,0.0,0.0,-1251.3705,-15792.935,592.9197,11548.8556,-2045.1308,63.05400144,46.3541,-4113.416799999999,-1982.0767985599998,-6049.139498559999
361,537.3321,1409.7338,-1064.96,0.0,0.0,0.0,-1229.792,-15953.9006,601.6291,11509.418,-1938.82,63.28933919999999,41.0318,-4190.5396,-1875.5306607999999,-6025.0384608
362,524.4382,1431.258,-1119.8237,0.0,0.0,0.0,-1203.4714,-15780.599,594.7375,11472.0055,-2059.2764,64.33701552,51.274,-4081.4549000000006,-1994.9393844800002,-6025.120284480001
363,498.7822,1375.8973,-1093.0471,0.0,0.0,0.0,-1243.4755,-15930.0112,596.6934,11575.7461,-1961.9772,63.662202,39.321,-4219.414799999999,-1898.314998,-6078.408797999999
364,488.8362,1385.3283,-1100.7572,0.0,0.0,0.0,-1199.1759,-15839.4499,608.4805,11514.2155,-2063.9902,65.76817032,34.7074,-4142.522499999999,-1998.22202968,-6106.037129679999
365,510.8548,1427.855,-1108.2074,0.0,0.0,0.0,-1209.8334,-15899.8409,610.1122,11598.4934,-2069.9182,65.80183896,41.5779,-4070.5663000000004,-2004.1163610400001,-6033.10476104
366,482.3891,1427.6821,-1102.2333,0.0,0.0,0.0,-1232.5017,-15835.9011,599.258,11590.0147,-2093.7154,62.481126239999995,50.2464,-4071.2922,-2031.23427376,-6052.28007376
367,507.1166,1395.4351,-1100.3067,0.0,0.0,0.0,-1231.3453,-15738.543,606.1097,11555.4556,-2127.5503,65.52943416,46.6936,-4006.0779999999995,-2062.0208658399997,-6021.40526584
368,507.9808,1498.9782,-1111.5852,0.0,0.0,0.0,-1225.6609,-15813.9216,619.6741,11518.453,-2071.3077,64.52327736,46.1148,-4006.0815999999995,-2006.7844226399998,-5966.751222639999
369,535.2591,1398.5845,-1079.9391,0.0,0.0,0.0,-1241.1039,-15734.9683,599.7068,11507.4325,-2103.5866,63.24079895999999,38.2775,-4015.0283999999992,-2040.3458010400002,-6017.09670104
370,488.0832,1439.7027,-1096.6396,0.0,0.0,0.0,-1207.2445,-15848.584,600.3245,11532.7243,-2025.6947,63.30803256,33.3083,-4091.6334000000006,-1962.38666744,-6020.711767440001
371,526.5322,1455.5558,-1101.6806,0.0,0.0,0.0,-1243.1157,-15880.1813,604.4933,11529.1174,-2005.7216,62.359094879999994,36.6906,-4109.278900000001,-1943.3625051200002,-6015.950805120001
372,520.1219,1452.0586,-1104.8589,0.0,0.0,0.0,-1200.3972,-16027.5082,601.7986,11500.0053,-1870.714,62.192005200000004,43.4489,-4258.7798999999995,-1808.5219948,-6023.8529948
373,480.6607,1378.4835,-1082.3747,0.0,0.0,0.0,-1214.7823,-15849.5256,592.2626,11510.7569,-2011.6618,64.97886456,48.114,-4184.518900000001,-1946.6829354400002,-6083.087835440001
374,505.4563,1412.6638,-1087.4278,0.0,0.0,0.0,-1219.8855,-15701.8352,603.4885,11494.704,-2142.8848,62.063332560000006,44.5625,-3992.8359,-2080.8214674399997,-6029.09486744
375,478.5267,1480.1903,-1090.6285,0.0,0.0,0.0,-1217.4535,-15631.9065,588.448,11516.3062,-2202.1761,64.37323296,47.1819,-3876.5172999999977,-2137.80286704,-5967.138267039999
376,495.1711,1431.7487,-1075.4727,0.0,0.0,0.0,-1252.5864,-15785.5057,591.3806,11508.3329,-2066.7303,61.45513488,45.7468,-4086.9315000000006,-2005.27516512,-6046.459865120001
377,529.3355,1388.8893,-1102.7271,0.0,0.0,0.0,-1224.6236,-15741.5082,608.387,11519.8763,-2116.7435,64.01264687999999,44.6078,-4022.370799999999,-2052.73085312,-6030.49385312
378,464.2824,1410.7218,-1084.5555,0.0,0.0,0.0,-1220.3277,-15942.5959,600.9961,11599.898,-2022.1729,63.96155063999999,47.905,-4171.580800000002,-1958.21134936,-6081.887149360002
379,539.2329,1430.8942,-1127.1728,0.0,0.0,0.0,-1199.8008,-15768.2307,585.044,11531.1778,-2141.6338,64.45447487999999,39.9393,-4008.8554000000004,-2077.17932512,-6046.09542512
380,509.6478,1424.4275,-1109.0195,0.0,0.0,0.0,-1230.3507,-15833.5166,605.5878,11488.286,-2038.2827,63.801830159999994,49.0621,-4144.937700000002,-1974.48086984,-6070.356469840002
381,501.1583,1442.776,-1104.0847,0.0,0.0,0.0,-1217.2039,-15832.3387,610.5839,11565.0308,-2065.1021,63.6844788,36.2812,-4034.078299999999,-2001.4176212,-5999.214721199999
382,488.0265,1457.1279,-1116.0642,0.0,0.0,0.0,-1201.7828,-15905.5013,581.6316,11519.7982,-1969.0314,63.18008928,50.5665,-4176.7641,-1905.8513107200001,-6032.04891072
383,506.9978,1472.466,-1098.8018,0.0,0.0,0.0,-1247.881,-15874.4445,596.4246,11491.4206,-1992.2427,62.095371119999996,41.0823,-4153.818299999999,-1930.14732888,-6042.883328879999
384,548.4265,1414.3672,-1104.8627,0.0,0.0,0.0,-1251.5147,-15992.2849,590.3057,11510.4529,-1899.0455,61.582389119999995,41.484,-4285.110000000001,-1837.46311088,-6081.089110880001
385,475.3732,1441.2948,-1090.5607,0.0,0.0,0.0,-1205.6811,-16097.5357,614.1674,11537.3478,-1857.9282,62.30551104,41.9734,-4325.594299999999,-1795.62268896,-6079.243588959999
386,511.5557,1417.9555,-1092.4416,0.0,0.0,0.0,-1248.6568,-15876.8919,604.5129,11558.5756,-2036.7998,61.94418407999999,47.7488,-4125.390600000001,-1974.85561592,-6052.49741592
387,498.7285,1387.4026,-1100.8225,0.0,0.0,0.0,-1212.9433,-15957.3037,606.487,11554.826,-1943.8598,62.3892384,45.0876,-4223.625400000001,-1881.4705615999999,-6060.008361600001
388,466.9647,1391.6858,-1118.694,0.0,0.0,0.0,-1216.589,-15790.8628,624.7711,11590.8406,-2146.5298,64.79052912,48.0161,-4051.883600000001,-2081.73927088,-6085.606770880001
389,510.3254,1410.6704,-1092.8696,0.0,0.0,0.0,-1256.0682,-15885.6039,584.7588,11528.9676,-1976.4208,63.17477064,38.4757,-4199.819500000001,-1913.2460293600002,-6074.589829360001
390,487.2536,1394.0341,-1105.3875,0.0,0.0,0.0,-1213.3173,-15808.3814,603.7857,11628.7486,-2165.0315,64.68210936,45.0608,-4013.2641999999996,-2100.34939064,-6068.552790639999
391,496.0159,1392.3068,-1128.3719,0.0,0.0,0.0,-1211.2167,-15735.6099,609.1893,11547.5065,-2166.6217,65.76576048,48.5627,-4030.1800000000003,-2100.85593952,-6082.47323952
392,490.6094,1411.4019,-1120.2727,0.0,0.0,0.0,-1229.0344,-15835.2687,611.1114,11530.1106,-2047.2596,61.34700096,46.1978,-4141.342500000001,-1985.91259904,-6081.057299040001
393,476.246,1431.0405,-1088.0165,0.0,0.0,0.0,-1252.04,-15919.5492,609.2781,11596.5431,-2014.3417,60.53717303999999,40.5639,-4146.498,-1953.80452696,-6059.738626959999
394,522.7643,1401.2162,-1073.0791,0.0,0.0,0.0,-1217.4556,-15898.6415,605.4081,11515.3492,-1976.0199,61.83344736,52.8871,-4144.438399999999,-1914.18645264,-6005.73775264
395,491.1433,1421.7162,-1088.4459,0.0,0.0,0.0,-1260.0389,-15918.292,595.6327,11497.5731,-1945.2922,63.05535791999999,43.7108,-4260.711499999999,-1882.23684208,-6099.23754208
396,519.7996,1421.8326,-1113.99,0.0,0.0,0.0,-1251.4164,-15871.7208,588.4317,11524.2599,-2001.381,62.27637552,47.86,-4182.803400000001,-1939.10462448,-6074.048024480001
397,502.2511,1361.924,-1099.4375,0.0,0.0,0.0,-1211.252,-15746.6616,600.5288,11546.3913,-2130.9891,61.582548239999994,42.0249,-4046.2559,-2069.4065517599997,-6073.63755176
398,485.7182,1357.3127,-1110.9227,0.0,0.0,0.0,-1223.493,-15894.8115,621.0804,11521.8586,-1981.3922,61.32783456,44.1699,-4243.257299999999,-1920.06436544,-6119.1517654399995
399,515.2173,1374.4693,-1085.076,0.0,0.0,0.0,-1227.08,-15864.3665,601.1633,11494.9131,-1967.37,63.3549204,50.3698,-4190.7595,-1904.0150795999998,-6044.4047795999995
400,505.5327,1443.115,-1113.6976,0.0,0.0,0.0,-1220.498,-15751.5343,598.8198,11574.4633,-2193.4774,63.69566688,46.4421,-3963.7991,-2129.7817331200004,-6047.138733119999

