Poisson Boltzmann Decomposition Energies

Total Energy Decomposition:
Frame #,Residue,Internal,van der Waals,Electrostatic,Polar Solvation,Non-Polar Solv.,TOTAL
1,121,143.136,-11.387,-109.593,-8.533,0.0,13.622999999999992
2,121,132.542,-10.7,-105.99,-10.663,0.0,5.189000000000004
3,121,135.688,-11.104,-107.778,-8.404,0.0,8.401999999999983
4,121,136.368,-12.121,-115.516,-4.765,0.0,3.965999999999995
5,121,136.681,-11.278,-103.699,-11.733,0.0,9.971000000000007
6,121,137.068,-9.814,-105.696,-10.181,0.0,11.377000000000022
7,121,137.43,-9.882,-105.368,-10.318,0.0,11.862000000000007
8,121,138.277,-10.779,-103.563,-12.119,0.0,11.815999999999988
9,121,136.164,-10.842,-104.752,-11.738,0.0,8.831999999999994
10,121,134.733,-10.079,-106.332,-12.457,0.0,5.865000000000002
11,121,136.544,-9.964,-108.069,-10.206,0.0,8.30500000000001
12,121,139.829,-11.085,-113.694,-7.785,0.0,7.264999999999997
13,121,132.875,-10.482,-106.88,-10.327,0.0,5.186000000000005
14,121,144.439,-11.683,-106.616,-11.047,0.0,15.093
15,121,133.232,-10.281,-113.801,-4.785,0.0,4.364999999999991
16,121,136.053,-10.63,-116.961,-3.659,0.0,4.8030000000000035
17,121,134.998,-12.012,-108.013,-7.622,0.0,7.350999999999985
18,121,142.995,-11.218,-112.691,-6.27,0.0,12.816000000000013
19,121,136.283,-9.974,-109.752,-9.182,0.0,7.374999999999988
20,121,135.042,-11.516,-105.096,-8.538,0.0,9.891999999999992
21,121,137.282,-11.38,-105.333,-12.095,0.0,8.474000000000016
22,121,133.923,-10.547,-108.212,-10.033,0.0,5.131000000000002
23,121,129.716,-10.757,-106.789,-11.526,0.0,0.6440000000000019
24,121,144.125,-10.5,-107.902,-11.442,0.0,14.280999999999999
25,121,143.8,-10.846,-105.397,-11.847,0.0,15.710000000000003
26,121,138.234,-10.994,-108.591,-10.863,0.0,7.786000000000016
27,121,143.89,-10.451,-108.089,-9.859,0.0,15.490999999999994
28,121,133.006,-11.498,-109.641,-8.523,0.0,3.3439999999999905
29,121,136.438,-10.67,-106.409,-10.565,0.0,8.793999999999981
30,121,140.279,-10.928,-106.921,-10.835,0.0,11.594999999999992
31,121,139.984,-10.108,-113.874,-4.238,0.0,11.76400000000001
32,121,134.485,-10.073,-108.09,-9.421,0.0,6.901000000000003
33,121,141.267,-9.585,-111.311,-8.759,0.0,11.61199999999998
34,121,137.157,-11.954,-107.355,-9.873,0.0,7.975
35,121,139.986,-10.359,-114.64,-6.555,0.0,8.43199999999998
36,121,138.455,-10.511,-109.733,-8.293,0.0,9.918000000000013
37,121,128.93,-10.81,-106.676,-8.163,0.0,3.2810000000000024
38,121,132.859,-9.967,-110.104,-5.978,0.0,6.810000000000011
39,121,135.548,-11.361,-113.076,-7.601,0.0,3.5100000000000042
40,121,132.017,-11.393,-106.013,-10.109,0.0,4.50199999999999
41,121,133.858,-10.839,-108.397,-10.237,0.0,4.385
42,121,131.613,-9.933,-112.507,-5.851,0.0,3.322000000000002
43,121,139.213,-10.45,-112.408,-4.64,0.0,11.715000000000003
44,121,136.77,-10.293,-110.402,-9.558,0.0,6.517000000000003
45,121,138.122,-10.015,-104.754,-10.363,0.0,12.990000000000023
46,121,136.169,-10.329,-109.79,-8.186,0.0,7.863999999999997
47,121,131.353,-9.766,-108.699,-7.066,0.0,5.822000000000005
48,121,138.683,-10.972,-105.28,-11.59,0.0,10.840999999999998
49,121,136.818,-10.133,-107.88,-9.654,0.0,9.151000000000021
50,121,133.991,-9.955,-104.588,-13.11,0.0,6.338000000000022
51,121,138.217,-10.953,-108.42,-9.083,0.0,9.761000000000008
52,121,143.096,-8.363,-115.87,-4.937,0.0,13.925999999999998
53,121,133.516,-11.57,-109.486,-5.72,0.0,6.739999999999994
54,121,135.715,-10.279,-107.352,-10.302,0.0,7.782000000000004
55,121,129.151,-11.528,-113.442,-4.991,0.0,-0.8099999999999881
56,121,137.078,-10.966,-107.675,-7.513,0.0,10.924000000000012
57,121,137.598,-10.864,-110.117,-7.478,0.0,9.139000000000005
58,121,137.701,-10.858,-105.366,-10.628,0.0,10.84899999999999
59,121,136.737,-11.29,-104.639,-10.22,0.0,10.588000000000006
60,121,134.03,-11.731,-107.634,-9.919,0.0,4.746000000000006
61,121,136.26,-10.559,-105.982,-9.451,0.0,10.267999999999994
62,121,131.068,-11.775,-105.708,-10.312,0.0,3.2730000000000086
63,121,138.685,-10.185,-108.926,-9.021,0.0,10.552999999999997
64,121,132.744,-10.201,-105.588,-8.354,0.0,8.601000000000013
65,121,130.791,-10.1,-113.672,-5.502,0.0,1.5170000000000057
66,121,131.889,-10.984,-105.517,-9.486,0.0,5.902000000000019
67,121,146.886,-10.779,-111.564,-6.905,0.0,17.638000000000005
68,121,135.773,-10.779,-111.054,-6.351,0.0,7.588999999999998
69,121,136.588,-11.395,-106.793,-9.863,0.0,8.536999999999992
70,121,142.031,-11.003,-107.437,-9.061,0.0,14.530000000000022
71,121,143.386,-10.746,-106.929,-11.476,0.0,14.234999999999983
72,121,135.998,-10.806,-107.925,-9.729,0.0,7.537999999999997
73,121,138.647,-10.777,-107.34,-10.433,0.0,10.096999999999987
74,121,132.826,-9.823,-107.597,-12.251,0.0,3.1549999999999923
75,121,141.472,-10.935,-110.216,-10.364,0.0,9.957000000000011
76,121,135.811,-10.956,-108.199,-10.231,0.0,6.425000000000006
77,121,136.637,-12.366,-111.093,-7.482,0.0,5.695999999999997
78,121,140.932,-9.755,-114.97,-4.714,0.0,11.492999999999993
79,121,140.747,-11.646,-118.263,-4.209,0.0,6.628999999999994
80,121,136.54,-11.358,-114.954,-4.682,0.0,5.545999999999994
81,121,132.746,-11.098,-116.285,-5.023,0.0,0.34000000000001407
82,121,133.467,-11.326,-114.346,-6.209,0.0,1.5860000000000163
83,121,139.631,-9.319,-115.77,-4.869,0.0,9.673000000000016
84,121,140.216,-10.1,-108.908,-9.025,0.0,12.183000000000012
85,121,136.591,-9.765,-115.625,-4.056,0.0,7.145000000000008
86,121,130.567,-10.789,-112.755,-4.986,0.0,2.0370000000000106
87,121,138.666,-12.307,-108.917,-6.643,0.0,10.798999999999992
88,121,140.226,-10.603,-110.713,-9.805,0.0,9.104999999999997
89,121,139.285,-11.438,-103.92,-12.913,0.0,11.013999999999992
90,121,137.271,-11.514,-106.978,-10.753,0.0,8.025999999999996
91,121,139.188,-11.247,-108.437,-10.769,0.0,8.73499999999999
92,121,142.304,-11.075,-108.582,-10.824,0.0,11.82300000000002
93,121,130.722,-11.269,-113.263,-4.316,0.0,1.873999999999998
94,121,140.727,-8.98,-104.587,-12.815,0.0,14.345000000000011
95,121,140.133,-9.935,-104.585,-12.024,0.0,13.589000000000015
96,121,135.385,-10.881,-107.245,-10.477,0.0,6.781999999999986
97,121,139.264,-12.246,-106.694,-10.038,0.0,10.286000000000012
98,121,132.716,-10.364,-107.514,-10.941,0.0,3.8970000000000073
99,121,135.373,-12.616,-107.343,-9.887,0.0,5.526999999999987
100,121,130.323,-11.045,-104.475,-12.142,0.0,2.661000000000012
101,121,138.475,-10.71,-106.945,-11.032,0.0,9.787999999999993
102,121,135.851,-10.878,-104.839,-11.422,0.0,8.712
103,121,134.904,-9.562,-108.229,-9.572,0.0,7.541
104,121,136.019,-9.996,-109.339,-11.215,0.0,5.469000000000012
105,121,135.551,-12.644,-106.902,-9.743,0.0,6.261999999999981
106,121,141.611,-11.086,-106.333,-11.18,0.0,13.01199999999998
107,121,137.246,-11.36,-106.439,-10.23,0.0,9.217000000000017
108,121,134.193,-10.354,-108.591,-12.023,0.0,3.225000000000019
109,121,135.707,-11.469,-108.562,-9.517,0.0,6.1590000000000025
110,121,139.844,-12.014,-106.342,-11.493,0.0,9.995
111,121,138.098,-10.662,-106.358,-10.71,0.0,10.368000000000002
112,121,133.785,-10.894,-104.832,-11.594,0.0,6.464999999999998
113,121,141.127,-11.365,-106.77,-11.483,0.0,11.509000000000004
114,121,136.87,-12.066,-104.491,-10.819,0.0,9.494000000000002
115,121,145.296,-10.707,-107.173,-11.467,0.0,15.948999999999996
116,121,140.366,-10.36,-106.7,-11.6,0.0,11.706000000000026
117,121,139.763,-10.906,-105.739,-11.975,0.0,11.142999999999995
118,121,140.627,-11.795,-106.656,-11.32,0.0,10.856000000000016
119,121,132.635,-10.598,-106.055,-11.078,0.0,4.903999999999986
120,121,148.269,-9.748,-113.515,-8.649,0.0,16.357000000000014
121,121,134.532,-10.703,-106.544,-10.747,0.0,6.538000000000011
122,121,136.711,-12.04,-107.177,-9.284,0.0,8.210000000000013
123,121,132.564,-10.159,-104.052,-10.652,0.0,7.700999999999981
124,121,133.3,-9.371,-115.274,-4.686,0.0,3.9690000000000154
125,121,135.076,-10.527,-106.6,-9.532,0.0,8.416999999999998
126,121,141.417,-10.521,-112.813,-7.021,0.0,11.062000000000012
127,121,135.862,-10.548,-114.331,-6.211,0.0,4.77199999999999
128,121,139.95,-11.347,-104.436,-11.897,0.0,12.269999999999973
129,121,135.154,-11.592,-103.249,-11.679,0.0,8.634000000000002
130,121,140.328,-11.18,-106.289,-12.31,0.0,10.548999999999994
131,121,127.631,-11.619,-105.326,-10.296,0.0,0.3900000000000077
132,121,137.194,-12.143,-108.787,-8.385,0.0,7.878999999999982
133,121,139.222,-11.78,-111.554,-5.966,0.0,9.922000000000004
134,121,136.707,-10.726,-109.348,-8.767,0.0,7.865999999999996
135,121,140.422,-10.011,-107.16,-8.951,0.0,14.300000000000004
136,121,131.293,-9.839,-107.394,-11.868,0.0,2.192000000000002
137,121,145.981,-11.058,-104.032,-13.695,0.0,17.196000000000005
138,121,137.012,-10.658,-108.768,-10.327,0.0,7.258999999999999
139,121,137.847,-11.414,-105.073,-10.473,0.0,10.887000000000013
140,121,134.974,-11.649,-105.875,-11.621,0.0,5.828999999999988
141,121,140.106,-11.46,-104.926,-11.921,0.0,11.798999999999985
142,121,135.406,-10.712,-107.434,-10.909,0.0,6.351000000000004
143,121,138.6,-10.797,-106.037,-10.639,0.0,11.126999999999992
144,121,140.451,-12.044,-107.61,-10.434,0.0,10.362999999999984
145,121,136.546,-10.671,-105.663,-11.961,0.0,8.251000000000003
146,121,136.18,-9.92,-105.016,-10.905,0.0,10.339
147,121,136.057,-10.967,-103.425,-11.841,0.0,9.823999999999993
148,121,136.052,-10.351,-107.704,-10.706,0.0,7.291
149,121,137.654,-11.56,-104.967,-12.335,0.0,8.791999999999994
150,121,131.059,-11.609,-105.841,-11.604,0.0,2.0050000000000097
151,121,136.44,-11.269,-104.387,-11.672,0.0,9.111999999999991
152,121,132.208,-12.162,-105.75,-9.246,0.0,5.049999999999992
153,121,130.284,-10.746,-107.521,-8.89,0.0,3.1269999999999953
154,121,135.852,-12.755,-108.917,-10.37,0.0,3.8100000000000076
155,121,138.873,-12.38,-109.087,-9.992,0.0,7.413999999999991
156,121,137.004,-10.163,-107.294,-10.193,0.0,9.353999999999997
157,121,133.758,-11.37,-107.161,-11.336,0.0,3.8910000000000036
158,121,136.928,-11.793,-105.354,-11.078,0.0,8.702999999999992
159,121,131.398,-10.527,-106.459,-12.576,0.0,1.8359999999999914
160,121,136.821,-10.51,-105.289,-11.184,0.0,9.837999999999992
161,121,134.366,-11.372,-103.916,-11.685,0.0,7.393000000000017
162,121,136.014,-10.189,-106.614,-11.521,0.0,7.690000000000012
163,121,135.925,-9.222,-105.93,-11.466,0.0,9.307000000000011
164,121,132.374,-11.206,-105.538,-11.092,0.0,4.537999999999995
165,121,137.67,-12.377,-104.891,-12.475,0.0,7.926999999999987
166,121,134.791,-11.609,-107.945,-10.298,0.0,4.939000000000009
167,121,135.411,-11.223,-109.407,-9.774,0.0,5.007000000000007
168,121,137.919,-12.025,-110.668,-6.15,0.0,9.075999999999999
169,121,133.355,-11.774,-107.412,-10.214,0.0,3.9549999999999823
170,121,135.309,-11.319,-107.282,-9.732,0.0,6.975999999999999
171,121,136.142,-10.415,-115.54,-3.957,0.0,6.229999999999998
172,121,139.68,-11.51,-105.815,-10.793,0.0,11.562000000000019
173,121,130.514,-11.083,-105.502,-9.5,0.0,4.429000000000016
174,121,140.827,-11.035,-110.209,-6.868,0.0,12.714999999999998
175,121,139.526,-12.081,-111.978,-6.779,0.0,8.688000000000013
176,121,133.377,-10.775,-109.444,-9.467,0.0,3.6910000000000007
177,121,137.939,-10.487,-107.373,-10.585,0.0,9.493999999999993
178,121,129.914,-10.719,-105.568,-10.22,0.0,3.4069999999999947
179,121,149.033,-10.807,-106.957,-11.082,0.0,20.187000000000005
180,121,139.63,-9.561,-104.328,-12.825,0.0,12.915999999999986
181,121,135.08,-10.355,-104.298,-11.838,0.0,8.589000000000008
182,121,137.623,-11.215,-104.329,-12.602,0.0,9.476999999999993
183,121,136.292,-10.475,-102.81,-12.5,0.0,10.507000000000005
184,121,138.982,-10.664,-108.696,-10.568,0.0,9.054000000000014
185,121,137.243,-11.545,-108.501,-7.445,0.0,9.751999999999988
186,121,137.776,-10.93,-107.943,-10.306,0.0,8.597000000000007
187,121,135.894,-11.037,-107.95,-10.457,0.0,6.449999999999996
188,121,134.998,-9.755,-107.396,-10.12,0.0,7.726999999999995
189,121,138.181,-10.728,-107.305,-11.763,0.0,8.38500000000001
190,121,135.242,-11.297,-108.293,-11.408,0.0,4.243999999999987
191,121,139.897,-9.262,-107.321,-8.98,0.0,14.333999999999993
192,121,142.828,-11.893,-105.893,-12.09,0.0,12.952000000000002
193,121,130.221,-11.581,-104.979,-11.136,0.0,2.525000000000002
194,121,135.248,-11.37,-107.063,-11.593,0.0,5.2219999999999835
195,121,136.402,-11.504,-101.394,-13.885,0.0,9.618999999999977
196,121,137.385,-10.542,-106.067,-12.353,0.0,8.422999999999996
197,121,132.79,-11.218,-108.218,-9.604,0.0,3.749999999999986
198,121,137.169,-10.465,-108.089,-10.961,0.0,7.654000000000009
199,121,137.213,-11.966,-106.165,-10.536,0.0,8.545999999999994
200,121,142.345,-11.486,-106.292,-11.173,0.0,13.394000000000007
201,121,137.953,-11.05,-110.199,-10.346,0.0,6.358000000000008
202,121,143.757,-10.822,-101.822,-14.941,0.0,16.171999999999997
203,121,133.261,-10.688,-105.875,-10.989,0.0,5.7089999999999925
204,121,134.167,-11.001,-106.892,-11.707,0.0,4.567
205,121,134.943,-11.387,-106.319,-11.822,0.0,5.41500000000001
206,121,141.93,-11.28,-106.552,-11.166,0.0,12.931999999999999
207,121,134.773,-11.001,-107.49,-11.499,0.0,4.782999999999996
208,121,138.393,-10.912,-105.338,-11.603,0.0,10.540000000000001
209,121,131.985,-10.941,-104.007,-10.987,0.0,6.050000000000006
210,121,138.35,-11.51,-105.689,-11.949,0.0,9.201999999999996
211,121,130.992,-12.982,-107.819,-8.542,0.0,1.6489999999999885
212,121,139.018,-10.857,-106.152,-11.634,0.0,10.375
213,121,142.357,-10.121,-105.394,-13.338,0.0,13.503999999999985
214,121,136.353,-10.59,-107.934,-11.171,0.0,6.658000000000008
215,121,135.819,-10.926,-105.615,-11.034,0.0,8.243999999999991
216,121,136.065,-10.531,-104.667,-11.436,0.0,9.43099999999999
217,121,137.796,-10.635,-106.174,-10.783,0.0,10.203999999999981
218,121,135.999,-11.113,-104.787,-12.16,0.0,7.938999999999989
219,121,137.152,-10.18,-106.292,-11.208,0.0,9.471999999999978
220,121,139.218,-10.314,-105.809,-11.629,0.0,11.466
221,121,137.578,-11.764,-107.312,-11.606,0.0,6.89600000000001
222,121,137.554,-12.11,-105.344,-12.331,0.0,7.769000000000009
223,121,136.554,-9.774,-105.808,-12.422,0.0,8.549999999999994
224,121,135.492,-10.463,-107.908,-11.988,0.0,5.132999999999996
225,121,137.149,-11.008,-108.291,-8.452,0.0,9.398000000000009
226,121,138.093,-10.921,-108.488,-9.818,0.0,8.865999999999998
227,121,139.14,-10.843,-104.639,-11.273,0.0,12.385000000000002
228,121,136.002,-10.791,-106.584,-11.897,0.0,6.730000000000009
229,121,135.043,-11.127,-106.205,-11.285,0.0,6.426000000000013
230,121,134.089,-9.472,-106.22,-11.284,0.0,7.113000000000005
231,121,138.971,-11.156,-108.786,-11.861,0.0,7.167999999999996
232,121,128.055,-10.561,-104.692,-9.11,0.0,3.6920000000000073
233,121,139.318,-10.136,-104.825,-11.768,0.0,12.589000000000013
234,121,137.117,-10.879,-105.498,-12.142,0.0,8.597999999999981
235,121,136.0,-11.597,-105.638,-10.689,0.0,8.076
236,121,134.969,-11.139,-105.513,-9.414,0.0,8.902999999999993
237,121,132.079,-11.321,-103.243,-13.345,0.0,4.170000000000014
238,121,134.391,-9.982,-106.68,-9.952,0.0,7.776999999999985
239,121,136.771,-10.305,-102.65,-13.484,0.0,10.331999999999974
240,121,130.414,-11.658,-104.156,-11.735,0.0,2.8649999999999807
241,121,132.963,-11.119,-107.931,-10.237,0.0,3.6759999999999966
242,121,140.335,-10.994,-104.101,-10.285,0.0,14.955000000000009
243,121,138.06,-11.474,-104.205,-12.418,0.0,9.963000000000001
244,121,136.548,-10.831,-108.25,-11.196,0.0,6.270999999999999
245,121,137.789,-12.137,-105.744,-12.709,0.0,7.198999999999987
246,121,134.059,-11.356,-104.932,-11.992,0.0,5.779
247,121,138.5,-12.134,-103.984,-12.732,0.0,9.650000000000006
248,121,136.95,-11.526,-105.915,-12.395,0.0,7.113999999999987
249,121,136.691,-10.545,-105.547,-12.727,0.0,7.872000000000003
250,121,131.913,-9.45,-105.243,-12.237,0.0,4.983000000000013
251,121,136.046,-8.866,-103.376,-10.74,0.0,13.063999999999988
252,121,138.178,-11.082,-105.082,-12.13,0.0,9.88400000000001
253,121,138.757,-11.151,-106.147,-13.106,0.0,8.353000000000003
254,121,132.758,-10.254,-105.205,-12.344,0.0,4.955000000000007
255,121,135.708,-11.87,-112.649,-5.676,0.0,5.512999999999993
256,121,133.883,-11.078,-102.805,-11.962,0.0,8.038
257,121,133.052,-10.17,-105.379,-9.874,0.0,7.628999999999985
258,121,133.447,-11.213,-111.488,-6.367,0.0,4.379000000000009
259,121,132.905,-12.058,-114.817,-4.591,0.0,1.4390000000000152
260,121,138.21,-11.539,-109.265,-7.612,0.0,9.794000000000006
261,121,140.1,-10.454,-109.808,-9.69,0.0,10.14799999999998
262,121,132.413,-11.582,-106.3,-10.153,0.0,4.37800000000002
263,121,133.932,-11.972,-112.072,-5.059,0.0,4.828999999999991
264,121,142.054,-11.292,-108.465,-9.298,0.0,12.998999999999997
265,121,136.042,-10.978,-113.411,-5.7,0.0,5.953000000000006
266,121,139.772,-12.15,-112.391,-5.111,0.0,10.11999999999998
267,121,133.819,-10.533,-107.58,-10.486,0.0,5.219999999999988
268,121,131.172,-10.882,-106.865,-10.769,0.0,2.655999999999997
269,121,133.571,-10.597,-106.761,-9.963,0.0,6.250000000000009
270,121,137.64,-10.872,-106.187,-9.266,0.0,11.314999999999989
271,121,135.611,-9.812,-113.633,-6.07,0.0,6.0959999999999965
272,121,137.104,-10.619,-108.078,-10.396,0.0,8.01100000000001
273,121,131.91,-10.312,-105.205,-10.981,0.0,5.412000000000001
274,121,136.019,-11.085,-106.263,-11.976,0.0,6.694999999999991
275,121,135.8,-10.393,-106.798,-10.446,0.0,8.16300000000001
276,121,134.867,-11.244,-108.732,-8.527,0.0,6.363999999999992
277,121,142.527,-11.58,-108.641,-11.284,0.0,11.021999999999968
278,121,133.733,-11.755,-105.913,-10.69,0.0,5.375000000000012
279,121,139.689,-11.302,-104.69,-11.423,0.0,12.274000000000003
280,121,139.238,-11.843,-110.017,-11.238,0.0,6.140000000000001
281,121,137.55,-10.021,-107.229,-9.953,0.0,10.347000000000012
282,121,134.494,-11.808,-108.928,-8.708,0.0,5.05000000000001
283,121,137.833,-11.21,-107.884,-10.074,0.0,8.66499999999999
284,121,142.08,-11.371,-109.602,-6.622,0.0,14.485
285,121,137.858,-9.718,-107.596,-9.22,0.0,11.32400000000001
286,121,135.913,-11.009,-105.953,-12.162,0.0,6.789000000000007
287,121,131.456,-12.034,-107.486,-8.77,0.0,3.165999999999979
288,121,133.844,-10.699,-106.808,-12.505,0.0,3.8319999999999883
289,121,137.215,-11.831,-109.619,-10.837,0.0,4.928000000000001
290,121,135.758,-11.819,-105.532,-10.849,0.0,7.5580000000000105
291,121,138.359,-11.727,-106.63,-11.473,0.0,8.529000000000009
292,121,140.161,-10.458,-105.167,-11.924,0.0,12.612000000000002
293,121,136.867,-11.885,-109.677,-10.401,0.0,4.903999999999979
294,121,132.893,-11.184,-104.1,-12.183,0.0,5.426000000000009
295,121,143.285,-9.933,-106.139,-11.463,0.0,15.750000000000009
296,121,137.374,-10.689,-104.462,-12.053,0.0,10.169999999999998
297,121,143.922,-10.67,-104.84,-11.358,0.0,17.054000000000006
298,121,136.024,-11.562,-105.889,-10.228,0.0,8.345000000000008
299,121,133.996,-11.435,-107.431,-10.269,0.0,4.8610000000000095
300,121,137.887,-9.946,-106.569,-9.113,0.0,12.259
301,121,139.379,-10.464,-107.764,-11.742,0.0,9.408999999999995
302,121,135.742,-11.369,-108.101,-9.678,0.0,6.5939999999999905
303,121,132.41,-11.386,-106.223,-11.288,0.0,3.5130000000000017
304,121,141.476,-11.995,-111.189,-9.432,0.0,8.860000000000001
305,121,140.567,-12.183,-108.313,-7.915,0.0,12.156000000000013
306,121,137.047,-10.386,-105.165,-11.598,0.0,9.897999999999994
307,121,132.658,-11.383,-105.27,-10.768,0.0,5.236999999999995
308,121,134.646,-11.887,-107.724,-9.284,0.0,5.750999999999982
309,121,133.036,-11.108,-103.527,-10.718,0.0,7.682999999999996
310,121,134.589,-10.769,-105.162,-10.96,0.0,7.697999999999986
311,121,133.079,-10.379,-105.75,-11.54,0.0,5.410000000000004
312,121,136.94,-10.116,-107.423,-10.738,0.0,8.662999999999997
313,121,133.971,-11.196,-108.754,-9.333,0.0,4.688000000000001
314,121,138.513,-10.418,-114.977,-6.221,0.0,6.896999999999995
315,121,135.819,-11.348,-112.871,-6.739,0.0,4.860999999999994
316,121,138.594,-11.334,-106.825,-10.872,0.0,9.562999999999988
317,121,137.307,-11.555,-107.375,-8.762,0.0,9.61499999999998
318,121,130.008,-11.962,-107.257,-8.012,0.0,2.777000000000001
319,121,129.936,-12.272,-105.616,-11.206,0.0,0.8420000000000023
320,121,141.659,-10.076,-106.216,-10.521,0.0,14.846000000000004
321,121,133.448,-11.15,-104.734,-10.76,0.0,6.804000000000007
322,121,143.189,-11.124,-108.44,-11.406,0.0,12.219
323,121,135.411,-10.518,-104.783,-12.044,0.0,8.065999999999999
324,121,143.504,-10.532,-109.582,-10.284,0.0,13.105999999999986
325,121,140.242,-10.201,-108.24,-10.167,0.0,11.634000000000002
326,121,136.785,-11.551,-112.199,-5.586,0.0,7.448999999999996
327,121,129.926,-10.428,-107.772,-10.259,0.0,1.4669999999999845
328,121,135.442,-10.043,-105.451,-11.62,0.0,8.328000000000008
329,121,137.667,-10.713,-103.452,-12.038,0.0,11.46400000000001
330,121,131.65,-12.29,-106.429,-9.829,0.0,3.102000000000011
331,121,131.288,-11.364,-103.873,-12.076,0.0,3.9750000000000014
332,121,134.886,-11.134,-103.135,-12.5,0.0,8.11699999999999
333,121,139.368,-10.674,-106.686,-10.009,0.0,11.998999999999981
334,121,138.914,-10.808,-106.522,-11.675,0.0,9.908999999999988
335,121,135.578,-10.918,-107.108,-9.854,0.0,7.697999999999993
336,121,135.01,-10.071,-108.414,-10.749,0.0,5.775999999999991
337,121,144.069,-11.103,-106.561,-10.242,0.0,16.162999999999972
338,121,136.27,-10.742,-105.253,-10.686,0.0,9.589000000000006
339,121,141.716,-11.245,-108.204,-10.944,0.0,11.32300000000001
340,121,135.667,-10.787,-105.103,-12.233,0.0,7.5440000000000005
341,121,132.791,-11.732,-107.691,-10.186,0.0,3.181999999999995
342,121,142.459,-10.471,-105.211,-11.051,0.0,15.726
343,121,135.617,-11.505,-107.228,-11.777,0.0,5.107000000000001
344,121,143.481,-11.72,-108.727,-7.823,0.0,15.210999999999991
345,121,132.063,-9.549,-107.38,-10.982,0.0,4.151999999999987
346,121,134.286,-10.215,-104.724,-11.824,0.0,7.522999999999994
347,121,136.148,-11.381,-108.63,-7.7,0.0,8.437000000000001
348,121,147.308,-10.198,-114.752,-4.863,0.0,17.49499999999999
349,121,135.791,-10.533,-104.67,-11.51,0.0,9.077999999999994
350,121,132.481,-11.074,-105.758,-10.938,0.0,4.711
351,121,140.197,-11.169,-106.693,-11.259,0.0,11.075999999999993
352,121,138.355,-10.698,-106.129,-10.314,0.0,11.213999999999977
353,121,135.447,-11.883,-106.14,-11.332,0.0,6.092000000000006
354,121,137.838,-10.989,-107.168,-10.265,0.0,9.415999999999983
355,121,134.695,-11.027,-106.894,-7.883,0.0,8.890999999999988
356,121,137.104,-8.427,-110.822,-8.011,0.0,9.844000000000019
357,121,138.206,-10.603,-108.077,-8.207,0.0,11.318999999999996
358,121,130.09,-11.941,-106.962,-7.922,0.0,3.264999999999998
359,121,140.332,-10.938,-111.789,-6.404,0.0,11.201000000000004
360,121,138.749,-12.195,-114.949,-5.861,0.0,5.744000000000004
361,121,133.911,-8.214,-113.744,-5.522,0.0,6.431000000000003
362,121,138.066,-11.869,-113.383,-5.271,0.0,7.543000000000007
363,121,133.251,-11.493,-106.593,-10.99,0.0,4.175000000000006
364,121,134.162,-11.348,-103.629,-12.823,0.0,6.362000000000002
365,121,134.175,-10.617,-112.632,-5.108,0.0,5.818000000000002
366,121,132.904,-10.847,-105.63,-10.224,0.0,6.2030000000000065
367,121,135.723,-11.247,-105.895,-12.293,0.0,6.288000000000018
368,121,137.313,-11.135,-109.332,-9.6,0.0,7.24599999999999
369,121,135.034,-10.111,-105.725,-12.036,0.0,7.161999999999994
370,121,134.045,-11.233,-111.643,-5.863,0.0,5.305999999999982
371,121,133.767,-10.187,-114.699,-4.039,0.0,4.8420000000000005
372,121,137.11,-10.664,-108.377,-7.313,0.0,10.756000000000018
373,121,132.581,-9.914,-103.144,-10.2,0.0,9.322999999999983
374,121,136.839,-9.449,-106.798,-8.835,0.0,11.756999999999998
375,121,132.171,-11.305,-109.004,-8.421,0.0,3.440999999999981
376,121,133.157,-11.194,-106.685,-10.78,0.0,4.498000000000006
377,121,138.347,-10.529,-104.307,-12.862,0.0,10.64900000000001
378,121,139.657,-9.297,-108.656,-11.691,0.0,10.013000000000007
379,121,134.491,-11.326,-107.119,-8.358,0.0,7.68800000000002
380,121,138.685,-11.422,-108.287,-8.146,0.0,10.829999999999998
381,121,133.705,-10.582,-107.163,-9.782,0.0,6.178000000000022
382,121,131.242,-10.148,-109.42,-7.563,0.0,4.110999999999993
383,121,130.907,-11.587,-104.59,-10.797,0.0,3.9330000000000034
384,121,136.851,-10.301,-106.16,-9.509,0.0,10.881
385,121,138.458,-10.653,-108.701,-9.164,0.0,9.94
386,121,144.329,-10.73,-108.156,-9.578,0.0,15.865000000000013
387,121,134.214,-10.001,-103.44,-12.896,0.0,7.876999999999995
388,121,143.155,-10.786,-107.863,-12.704,0.0,11.802
389,121,137.075,-11.329,-105.224,-11.213,0.0,9.308999999999978
390,121,134.383,-10.062,-104.793,-12.245,0.0,7.283000000000007
391,121,133.94,-10.914,-106.342,-11.868,0.0,4.815999999999997
392,121,137.138,-11.408,-106.859,-12.541,0.0,6.330000000000009
393,121,140.319,-11.211,-106.577,-9.217,0.0,13.313999999999977
394,121,136.19,-10.416,-106.368,-9.559,0.0,9.847000000000007
395,121,135.616,-10.087,-106.329,-10.766,0.0,8.434000000000017
396,121,135.942,-8.9,-114.524,-5.725,0.0,6.793000000000001
397,121,137.197,-10.305,-117.65,-5.241,0.0,4.000999999999991
398,121,132.518,-10.158,-103.828,-11.599,0.0,6.932999999999996
399,121,139.36,-11.207,-106.429,-12.079,0.0,9.645000000000017
400,121,138.969,-11.178,-110.167,-9.686,0.0,7.937999999999995
401,121,134.572,-11.014,-106.242,-10.79,0.0,6.526000000000003


Sidechain Energy Decomposition:
Frame #,Residue,Internal,van der Waals,Electrostatic,Polar Solvation,Non-Polar Solv.,TOTAL
1,121,48.046,-9.799,-49.268,-0.652,0.0,-11.673
2,121,38.907,-10.024,-38.416,-11.128,0.0,-20.661
3,121,42.089,-9.717,-41.955,-6.788,0.0,-16.371
4,121,40.551,-9.904,-60.839,7.62,0.0,-22.571999999999996
5,121,43.445,-9.355,-35.145,-13.337,0.0,-14.392
6,121,42.576,-8.196,-40.826,-8.383,0.0,-14.828999999999997
7,121,43.997,-8.68,-37.686,-10.448,0.0,-12.817
8,121,45.512,-8.921,-35.938,-12.995,0.0,-12.342
9,121,41.323,-9.307,-40.326,-8.885,0.0,-17.195
10,121,39.154,-8.57,-36.148,-13.621,0.0,-19.185000000000002
11,121,41.141,-8.651,-37.711,-10.56,0.0,-15.781000000000004
12,121,38.095,-9.189,-45.042,-4.022,0.0,-20.158
13,121,38.171,-9.107,-36.788,-11.45,0.0,-19.173999999999996
14,121,47.629,-9.962,-35.067,-12.583,0.0,-9.982999999999999
15,121,38.455,-8.125,-57.713,4.571,0.0,-22.812000000000005
16,121,39.539,-9.417,-62.665,10.033,0.0,-22.509999999999998
17,121,40.33,-10.251,-40.481,-6.996,0.0,-17.398000000000003
18,121,43.76,-9.5,-47.651,-0.728,0.0,-14.119000000000005
19,121,38.168,-8.62,-43.897,-5.0,0.0,-19.348999999999997
20,121,41.932,-9.582,-44.977,-2.89,0.0,-15.516999999999996
21,121,43.387,-9.743,-40.07,-8.998,0.0,-15.424000000000001
22,121,39.037,-9.145,-40.604,-10.494,0.0,-21.206
23,121,35.537,-8.928,-38.852,-11.664,0.0,-23.906999999999996
24,121,47.691,-8.872,-42.608,-8.404,0.0,-12.192999999999994
25,121,46.796,-9.096,-34.901,-12.664,0.0,-9.865
26,121,41.054,-9.228,-38.469,-12.232,0.0,-18.875
27,121,46.503,-8.744,-45.466,-4.164,0.0,-11.871
28,121,37.051,-9.568,-44.691,-3.521,0.0,-20.729
29,121,41.851,-8.762,-39.891,-10.329,0.0,-17.131
30,121,43.614,-9.359,-38.529,-9.779,0.0,-14.053000000000008
31,121,47.119,-7.838,-58.254,6.909,0.0,-12.064
32,121,38.036,-8.339,-43.271,-5.945,0.0,-19.519
33,121,42.934,-7.792,-43.088,-6.545,0.0,-14.491000000000005
34,121,41.779,-10.009,-40.16,-8.154,0.0,-16.543999999999993
35,121,43.016,-8.927,-56.359,4.702,0.0,-17.568000000000005
36,121,40.935,-9.056,-47.114,-1.912,0.0,-17.14699999999999
37,121,37.016,-9.483,-45.235,-3.092,0.0,-20.794
38,121,37.471,-8.44,-51.227,3.551,0.0,-18.644999999999996
39,121,38.44,-9.575,-46.454,-2.706,0.0,-20.295
40,121,37.412,-9.432,-40.052,-9.98,0.0,-22.052000000000003
41,121,39.555,-9.171,-35.035,-13.451,0.0,-18.101999999999997
42,121,35.689,-7.815,-56.882,4.808,0.0,-24.2
43,121,45.47,-8.483,-54.476,3.151,0.0,-14.338000000000005
44,121,39.515,-8.651,-47.184,-2.137,0.0,-18.456999999999997
45,121,43.803,-8.138,-41.36,-6.56,0.0,-12.254999999999999
46,121,40.709,-8.181,-45.0,-3.206,0.0,-15.677999999999994
47,121,38.61,-8.06,-48.524,-0.164,0.0,-18.138000000000005
48,121,44.079,-8.783,-35.014,-13.923,0.0,-13.641000000000004
49,121,42.419,-8.711,-39.322,-9.725,0.0,-15.339000000000004
50,121,37.872,-9.052,-33.437,-16.554,0.0,-21.170999999999996
51,121,42.776,-9.214,-46.263,-3.248,0.0,-15.948999999999995
52,121,45.456,-6.528,-56.835,6.101,0.0,-11.805999999999997
53,121,39.879,-9.268,-53.93,5.105,0.0,-18.214000000000002
54,121,39.64,-9.0,-46.568,-2.89,0.0,-18.817999999999998
55,121,34.935,-9.432,-58.185,8.221,0.0,-24.461000000000002
56,121,42.286,-8.831,-42.174,-4.734,0.0,-13.453000000000001
57,121,41.089,-9.013,-43.138,-5.968,0.0,-17.029999999999998
58,121,42.289,-8.772,-35.688,-11.646,0.0,-13.817
59,121,40.2,-9.237,-37.543,-10.845,0.0,-17.424999999999997
60,121,39.823,-9.771,-36.99,-11.946,0.0,-18.884
61,121,40.853,-8.488,-40.696,-8.27,0.0,-16.600999999999996
62,121,37.267,-9.704,-39.282,-9.235,0.0,-20.953999999999994
63,121,40.449,-8.899,-40.061,-7.62,0.0,-16.131000000000004
64,121,39.646,-8.753,-38.527,-6.92,0.0,-14.554
65,121,36.19,-8.158,-54.772,2.247,0.0,-24.493000000000002
66,121,38.811,-8.937,-35.388,-12.786,0.0,-18.299999999999997
67,121,49.216,-8.791,-44.756,-3.556,0.0,-7.887000000000003
68,121,40.567,-9.249,-46.16,-1.138,0.0,-15.979999999999999
69,121,43.855,-9.688,-40.646,-9.163,0.0,-15.642000000000007
70,121,46.197,-8.845,-40.551,-7.261,0.0,-10.459999999999997
71,121,45.186,-9.041,-37.227,-11.75,0.0,-12.832
72,121,41.535,-9.162,-38.094,-9.138,0.0,-14.859000000000004
73,121,43.66,-8.756,-40.732,-6.894,0.0,-12.722000000000003
74,121,35.754,-8.48,-39.969,-10.957,0.0,-23.652000000000005
75,121,44.871,-9.69,-42.425,-7.381,0.0,-14.624999999999993
76,121,41.297,-9.654,-40.541,-8.914,0.0,-17.811999999999998
77,121,39.837,-10.518,-44.585,-3.651,0.0,-18.916999999999998
78,121,42.724,-8.48,-59.56,9.925,0.0,-15.391000000000002
79,121,43.071,-9.505,-63.771,8.968,0.0,-21.237000000000005
80,121,42.138,-9.251,-60.187,7.204,0.0,-20.095999999999997
81,121,36.06,-8.887,-61.891,9.185,0.0,-25.532999999999994
82,121,38.297,-9.966,-55.466,3.632,0.0,-23.503000000000004
83,121,44.86,-8.236,-61.974,9.094,0.0,-16.256
84,121,45.213,-8.135,-40.907,-7.259,0.0,-11.087999999999994
85,121,41.125,-7.87,-59.859,6.364,0.0,-20.24
86,121,36.765,-9.118,-55.076,3.443,0.0,-23.986
87,121,44.496,-10.876,-47.878,0.517,0.0,-13.740999999999996
88,121,39.427,-8.833,-44.55,-5.238,0.0,-19.193999999999996
89,121,44.048,-9.746,-34.268,-15.408,0.0,-15.374
90,121,42.092,-9.536,-37.138,-11.888,0.0,-16.47
91,121,41.699,-9.5,-39.688,-9.411,0.0,-16.900000000000006
92,121,45.071,-9.606,-36.524,-12.47,0.0,-13.529000000000005
93,121,38.051,-9.304,-58.868,7.609,0.0,-22.512
94,121,45.779,-7.685,-36.249,-13.014,0.0,-11.169
95,121,43.109,-8.489,-37.004,-12.472,0.0,-14.855999999999993
96,121,40.484,-8.912,-38.053,-10.775,0.0,-17.255999999999993
97,121,42.16,-10.242,-35.016,-13.308,0.0,-16.406000000000002
98,121,37.013,-8.39,-38.612,-10.295,0.0,-20.284000000000006
99,121,40.675,-10.44,-37.68,-10.926,0.0,-18.371000000000002
100,121,37.203,-9.152,-36.801,-12.873,0.0,-21.622999999999998
101,121,40.734,-8.933,-35.975,-12.339,0.0,-16.512999999999998
102,121,42.025,-9.282,-34.986,-14.877,0.0,-17.120000000000005
103,121,34.912,-8.061,-43.834,-3.793,0.0,-20.776000000000003
104,121,38.063,-9.046,-39.774,-9.554,0.0,-20.311
105,121,41.195,-10.761,-38.876,-9.122,0.0,-17.563999999999997
106,121,46.964,-9.385,-36.668,-12.267,0.0,-11.355999999999998
107,121,42.983,-9.364,-36.428,-12.602,0.0,-15.410999999999998
108,121,36.788,-9.17,-35.031,-14.439,0.0,-21.852000000000004
109,121,40.441,-9.278,-40.783,-9.205,0.0,-18.824999999999996
110,121,43.6,-10.635,-36.892,-11.505,0.0,-15.432
111,121,43.198,-8.718,-39.693,-9.597,0.0,-14.809999999999993
112,121,39.129,-9.166,-38.32,-10.713,0.0,-19.07
113,121,43.31,-9.302,-39.339,-10.541,0.0,-15.871999999999996
114,121,44.293,-10.34,-36.504,-12.224,0.0,-14.774999999999995
115,121,48.824,-9.427,-40.757,-8.439,0.0,-9.799
116,121,43.602,-8.438,-40.364,-8.854,0.0,-14.054000000000002
117,121,46.913,-9.549,-38.392,-10.057,0.0,-11.085000000000006
118,121,41.942,-9.994,-34.714,-13.995,0.0,-16.760999999999996
119,121,38.604,-9.047,-37.32,-11.149,0.0,-18.912
120,121,48.783,-8.316,-42.063,-7.62,0.0,-9.216000000000005
121,121,40.678,-9.148,-39.315,-11.223,0.0,-19.008000000000003
122,121,41.153,-10.418,-38.805,-10.26,0.0,-18.33
123,121,40.097,-8.921,-40.582,-8.663,0.0,-18.069
124,121,37.742,-7.057,-56.669,3.418,0.0,-22.566000000000003
125,121,41.445,-8.485,-43.596,-5.611,0.0,-16.246999999999996
126,121,42.259,-8.858,-46.652,-2.077,0.0,-15.328000000000005
127,121,39.377,-8.663,-62.576,9.878,0.0,-21.983999999999998
128,121,45.857,-9.746,-35.163,-12.094,0.0,-11.145999999999999
129,121,39.648,-9.396,-40.406,-8.718,0.0,-18.871999999999996
130,121,43.417,-9.524,-31.254,-17.338,0.0,-14.699000000000002
131,121,34.334,-9.406,-42.921,-5.479,0.0,-23.471999999999994
132,121,41.305,-10.244,-45.012,-3.317,0.0,-17.268
133,121,42.786,-10.063,-54.655,7.084,0.0,-14.848000000000003
134,121,39.684,-9.333,-44.678,-4.421,0.0,-18.747999999999998
135,121,44.976,-8.725,-48.082,0.187,0.0,-11.644000000000004
136,121,35.983,-9.074,-37.292,-11.73,0.0,-22.113000000000003
137,121,49.555,-9.474,-36.256,-13.399,0.0,-9.573999999999996
138,121,40.54,-8.886,-38.845,-10.966,0.0,-18.156999999999996
139,121,42.654,-9.261,-37.962,-9.528,0.0,-14.097000000000003
140,121,40.209,-9.944,-35.041,-14.329,0.0,-19.104999999999997
141,121,44.855,-9.354,-34.088,-14.127,0.0,-12.714000000000004
142,121,40.506,-8.971,-37.575,-12.605,0.0,-18.645000000000003
143,121,43.604,-9.28,-37.366,-11.312,0.0,-14.354000000000001
144,121,44.833,-10.33,-40.831,-9.105,0.0,-15.433000000000003
145,121,42.063,-9.108,-36.474,-14.002,0.0,-17.521
146,121,43.215,-8.369,-41.29,-8.179,0.0,-14.622999999999996
147,121,42.538,-9.094,-38.183,-11.01,0.0,-15.749000000000004
148,121,39.995,-8.225,-37.244,-13.173,0.0,-18.647000000000006
149,121,41.948,-9.83,-38.948,-10.683,0.0,-17.512999999999998
150,121,37.001,-9.722,-36.084,-12.84,0.0,-21.645000000000007
151,121,42.328,-9.496,-33.233,-15.523,0.0,-15.923999999999996
152,121,37.63,-10.272,-34.978,-12.944,0.0,-20.564
153,121,36.415,-8.709,-39.905,-9.293,0.0,-21.492
154,121,41.753,-10.793,-37.953,-12.036,0.0,-19.029000000000003
155,121,42.525,-10.834,-34.949,-13.648,0.0,-16.906
156,121,41.663,-8.521,-34.03,-14.58,0.0,-15.468000000000005
157,121,38.192,-11.021,-35.519,-13.473,0.0,-21.820999999999998
158,121,41.445,-10.45,-33.39,-14.502,0.0,-16.897
159,121,35.066,-8.842,-34.416,-15.925,0.0,-24.116999999999994
160,121,40.246,-9.359,-37.738,-10.194,0.0,-17.045
161,121,40.677,-9.654,-31.764,-16.776,0.0,-17.517
162,121,39.886,-9.042,-34.808,-14.798,0.0,-18.762
163,121,41.277,-7.611,-38.363,-10.767,0.0,-15.463999999999995
164,121,36.72,-9.511,-36.858,-12.982,0.0,-22.630999999999997
165,121,43.323,-10.551,-35.706,-13.178,0.0,-16.112000000000005
166,121,38.927,-9.907,-40.048,-9.979,0.0,-21.007
167,121,38.937,-9.736,-37.393,-12.578,0.0,-20.770000000000003
168,121,42.301,-10.38,-47.688,-0.57,0.0,-16.337000000000003
169,121,37.042,-9.955,-39.662,-9.505,0.0,-22.08
170,121,41.759,-9.358,-40.186,-8.559,0.0,-16.344
171,121,42.966,-8.301,-60.307,6.917,0.0,-18.725
172,121,44.933,-9.516,-34.539,-13.5,0.0,-12.622
173,121,37.528,-9.168,-32.898,-14.512,0.0,-19.050000000000004
174,121,45.794,-9.135,-53.178,2.167,0.0,-14.351999999999999
175,121,40.756,-10.064,-49.257,-0.549,0.0,-19.113999999999997
176,121,39.252,-9.458,-41.202,-9.317,0.0,-20.724999999999994
177,121,40.87,-9.126,-37.641,-11.289,0.0,-17.186
178,121,35.651,-8.785,-36.951,-11.909,0.0,-21.994
179,121,49.58,-9.096,-38.337,-10.14,0.0,-7.993000000000009
180,121,42.19,-7.806,-31.817,-17.871,0.0,-15.303999999999998
181,121,40.411,-8.648,-34.404,-14.47,0.0,-17.111000000000004
182,121,41.552,-9.456,-36.176,-13.543,0.0,-17.622999999999998
183,121,41.71,-9.001,-37.326,-11.008,0.0,-15.624999999999996
184,121,42.178,-9.045,-38.726,-11.374,0.0,-16.967000000000006
185,121,43.006,-9.883,-42.973,-5.72,0.0,-15.569999999999993
186,121,39.483,-9.201,-34.455,-14.064,0.0,-18.237000000000002
187,121,41.495,-9.543,-37.549,-11.4,0.0,-16.997
188,121,40.392,-8.515,-35.445,-13.137,0.0,-16.705
189,121,41.623,-8.965,-31.577,-18.418,0.0,-17.337
190,121,38.732,-9.835,-32.651,-16.127,0.0,-19.881000000000004
191,121,45.694,-7.476,-37.107,-11.451,0.0,-10.339999999999996
192,121,44.38,-10.151,-35.03,-14.338,0.0,-15.139000000000001
193,121,37.131,-9.51,-36.303,-11.94,0.0,-20.621999999999993
194,121,40.059,-9.299,-38.614,-11.704,0.0,-19.558
195,121,42.056,-9.388,-30.807,-16.414,0.0,-14.553
196,121,40.764,-8.779,-33.073,-15.765,0.0,-16.852999999999998
197,121,38.386,-9.808,-33.069,-16.853,0.0,-21.344
198,121,41.193,-9.207,-37.179,-12.642,0.0,-17.835000000000004
199,121,40.13,-9.946,-35.978,-12.6,0.0,-18.394
200,121,45.125,-9.782,-32.634,-15.473,0.0,-12.763999999999998
201,121,42.449,-9.317,-39.231,-11.281,0.0,-17.380000000000003
202,121,46.56,-9.457,-31.082,-16.609,0.0,-10.588000000000001
203,121,39.816,-8.992,-34.774,-13.851,0.0,-17.801000000000002
204,121,40.055,-9.284,-32.482,-16.845,0.0,-18.555999999999997
205,121,41.057,-9.586,-33.36,-16.183,0.0,-18.071999999999996
206,121,44.74,-9.353,-40.792,-10.341,0.0,-15.746
207,121,38.855,-9.586,-38.415,-11.209,0.0,-20.355
208,121,41.682,-9.458,-31.231,-17.158,0.0,-16.165
209,121,39.828,-8.989,-34.319,-13.923,0.0,-17.403
210,121,42.91,-9.582,-31.992,-17.2,0.0,-15.864000000000004
211,121,35.933,-10.961,-33.252,-15.31,0.0,-23.590000000000003
212,121,42.054,-8.904,-33.137,-15.805,0.0,-15.791999999999994
213,121,46.549,-8.64,-34.769,-15.704,0.0,-12.564
214,121,40.296,-8.735,-37.197,-13.623,0.0,-19.259
215,121,42.104,-9.257,-36.73,-13.111,0.0,-16.993999999999996
216,121,42.211,-8.858,-37.889,-11.982,0.0,-16.518000000000008
217,121,41.196,-9.088,-36.444,-12.292,0.0,-16.628000000000007
218,121,40.874,-9.286,-30.711,-17.413,0.0,-16.535999999999998
219,121,41.789,-8.196,-35.162,-14.558,0.0,-16.126999999999995
220,121,43.754,-9.443,-32.488,-15.932,0.0,-14.109
221,121,40.634,-9.945,-34.695,-15.504,0.0,-19.509999999999998
222,121,42.557,-10.419,-35.153,-13.142,0.0,-16.156999999999993
223,121,41.83,-8.053,-35.379,-14.703,0.0,-16.304999999999996
224,121,40.135,-8.885,-36.826,-14.013,0.0,-19.589
225,121,40.262,-9.366,-43.733,-4.227,0.0,-17.063999999999997
226,121,42.839,-9.45,-38.646,-11.752,0.0,-17.009000000000007
227,121,45.465,-8.845,-37.768,-12.141,0.0,-13.288999999999996
228,121,42.481,-8.895,-35.584,-14.943,0.0,-16.941000000000003
229,121,38.907,-9.375,-36.176,-13.799,0.0,-20.443000000000005
230,121,38.961,-8.105,-34.356,-14.279,0.0,-17.779000000000003
231,121,42.626,-9.504,-37.852,-12.712,0.0,-17.441999999999997
232,121,36.646,-8.465,-34.837,-13.603,0.0,-20.259
233,121,44.149,-8.47,-34.386,-14.074,0.0,-12.781
234,121,41.927,-9.15,-32.553,-15.576,0.0,-15.351999999999997
235,121,42.02,-9.869,-36.545,-12.099,0.0,-16.493
236,121,41.838,-9.247,-39.308,-9.035,0.0,-15.751999999999999
237,121,37.796,-9.416,-33.006,-14.966,0.0,-19.592
238,121,40.498,-9.039,-35.034,-13.126,0.0,-16.701
239,121,41.156,-9.004,-33.28,-14.961,0.0,-16.089
240,121,36.21,-9.766,-37.243,-11.725,0.0,-22.524
241,121,37.165,-9.379,-38.335,-11.323,0.0,-21.872
242,121,46.075,-9.313,-36.742,-11.343,0.0,-11.322999999999997
243,121,42.596,-9.822,-33.32,-15.354,0.0,-15.899999999999999
244,121,39.485,-8.828,-39.872,-10.632,0.0,-19.847
245,121,40.542,-10.187,-36.814,-12.431,0.0,-18.889999999999993
246,121,38.912,-9.384,-38.418,-11.237,0.0,-20.127000000000002
247,121,43.655,-10.094,-33.828,-14.876,0.0,-15.143000000000002
248,121,41.401,-9.816,-36.415,-12.773,0.0,-17.602999999999998
249,121,41.615,-8.812,-39.301,-11.219,0.0,-17.717
250,121,37.35,-8.13,-33.998,-15.096,0.0,-19.874
251,121,43.352,-6.747,-37.174,-11.768,0.0,-12.337000000000003
252,121,43.448,-9.905,-35.726,-13.019,0.0,-15.202
253,121,40.513,-9.63,-31.946,-17.448,0.0,-18.511000000000006
254,121,37.996,-8.416,-32.417,-16.39,0.0,-19.227
255,121,39.324,-10.495,-48.175,-0.552,0.0,-19.897999999999996
256,121,39.933,-8.794,-33.39,-14.373,0.0,-16.624000000000002
257,121,39.325,-8.525,-38.506,-9.161,0.0,-16.866999999999997
258,121,39.58,-9.754,-51.704,2.279,0.0,-19.599
259,121,37.364,-9.98,-55.122,4.292,0.0,-23.446000000000005
260,121,44.26,-9.584,-42.1,-6.027,0.0,-13.451
261,121,43.732,-8.701,-36.339,-11.931,0.0,-13.238999999999999
262,121,37.748,-9.647,-35.573,-13.758,0.0,-21.23
263,121,39.77,-10.237,-50.69,0.704,0.0,-20.452999999999996
264,121,45.172,-9.511,-42.086,-6.334,0.0,-12.758999999999997
265,121,39.803,-9.072,-55.984,5.989,0.0,-19.264000000000003
266,121,42.218,-9.938,-53.681,3.813,0.0,-17.587999999999997
267,121,38.986,-9.265,-38.709,-10.688,0.0,-19.67600000000001
268,121,37.756,-8.818,-37.631,-11.89,0.0,-20.583
269,121,38.618,-8.572,-45.166,-3.909,0.0,-19.028999999999993
270,121,43.169,-9.121,-42.251,-5.852,0.0,-14.055000000000003
271,121,40.804,-8.241,-55.522,4.478,0.0,-18.480999999999995
272,121,40.509,-8.692,-41.492,-7.612,0.0,-17.287
273,121,36.494,-8.493,-39.4,-9.409,0.0,-20.808
274,121,41.602,-9.404,-35.834,-13.498,0.0,-17.134000000000007
275,121,42.463,-8.478,-37.707,-11.726,0.0,-15.448000000000002
276,121,39.003,-9.375,-35.594,-12.682,0.0,-18.648000000000003
277,121,45.792,-9.973,-37.481,-12.201,0.0,-13.863
278,121,39.351,-10.069,-37.425,-12.234,0.0,-20.377000000000002
279,121,45.579,-9.401,-35.207,-13.638,0.0,-12.667000000000003
280,121,38.883,-9.682,-39.259,-11.589,0.0,-21.647
281,121,42.194,-8.567,-45.795,-3.89,0.0,-16.058
282,121,38.248,-10.075,-37.095,-12.346,0.0,-21.268
283,121,41.635,-9.227,-38.339,-9.895,0.0,-15.825999999999997
284,121,47.084,-9.281,-50.511,1.17,0.0,-11.537999999999998
285,121,43.271,-7.875,-45.121,-3.637,0.0,-13.362000000000002
286,121,41.329,-9.5,-36.51,-13.06,0.0,-17.741
287,121,36.619,-10.388,-40.384,-8.407,0.0,-22.56
288,121,39.046,-9.188,-38.279,-11.637,0.0,-20.058000000000007
289,121,39.79,-10.268,-42.806,-7.365,0.0,-20.649
290,121,41.113,-9.879,-38.764,-9.982,0.0,-17.512
291,121,43.823,-10.098,-38.656,-11.766,0.0,-16.696999999999996
292,121,44.471,-8.933,-38.59,-11.722,0.0,-14.774000000000006
293,121,38.485,-10.407,-37.751,-11.779,0.0,-21.451999999999998
294,121,38.82,-9.352,-34.699,-14.484,0.0,-19.714999999999996
295,121,46.408,-8.352,-37.203,-11.571,0.0,-10.718000000000005
296,121,41.243,-8.906,-33.014,-15.76,0.0,-16.436999999999998
297,121,48.891,-8.968,-39.962,-10.016,0.0,-10.055000000000001
298,121,40.588,-9.674,-33.163,-14.938,0.0,-17.186999999999998
299,121,39.841,-9.42,-36.549,-13.185,0.0,-19.313000000000002
300,121,44.84,-8.419,-35.311,-13.59,0.0,-12.479999999999993
301,121,43.241,-8.655,-40.589,-10.468,0.0,-16.471
302,121,40.114,-9.758,-44.367,-5.977,0.0,-19.988
303,121,39.038,-9.728,-38.713,-11.121,0.0,-20.524000000000008
304,121,42.96,-10.499,-44.58,-6.424,0.0,-18.543
305,121,45.974,-10.497,-45.949,-3.142,0.0,-13.614
306,121,42.839,-8.965,-33.596,-15.562,0.0,-15.284
307,121,38.504,-9.342,-37.156,-12.201,0.0,-20.195
308,121,39.791,-9.755,-39.521,-9.371,0.0,-18.85600000000001
309,121,38.433,-9.261,-38.343,-8.85,0.0,-18.021
310,121,40.954,-9.306,-39.426,-10.753,0.0,-18.531
311,121,37.159,-8.834,-39.356,-11.23,0.0,-22.261000000000003
312,121,42.257,-8.666,-41.366,-8.179,0.0,-15.954000000000006
313,121,37.012,-9.329,-43.401,-4.565,0.0,-20.283000000000005
314,121,42.013,-8.45,-59.172,4.955,0.0,-20.653999999999996
315,121,40.442,-9.209,-52.035,0.284,0.0,-20.517999999999997
316,121,42.521,-9.607,-39.675,-9.606,0.0,-16.366999999999997
317,121,42.745,-9.294,-44.876,-3.386,0.0,-14.811000000000003
318,121,37.093,-9.938,-45.247,-2.046,0.0,-20.137999999999998
319,121,36.212,-10.358,-38.191,-10.693,0.0,-23.03
320,121,45.087,-8.523,-41.943,-6.562,0.0,-11.940999999999992
321,121,38.505,-9.426,-39.883,-9.395,0.0,-20.199
322,121,45.612,-9.445,-42.367,-8.841,0.0,-15.040999999999995
323,121,39.701,-9.02,-39.604,-9.222,0.0,-18.144999999999996
324,121,47.131,-8.979,-36.977,-12.24,0.0,-11.064999999999996
325,121,44.802,-8.871,-36.661,-12.826,0.0,-13.556000000000004
326,121,41.659,-9.493,-53.359,3.928,0.0,-17.265000000000004
327,121,35.765,-8.788,-47.176,-2.881,0.0,-23.080000000000002
328,121,40.693,-8.319,-39.653,-9.685,0.0,-16.964000000000006
329,121,42.5,-9.126,-38.838,-9.817,0.0,-15.280999999999999
330,121,39.249,-10.238,-40.82,-7.28,0.0,-19.089
331,121,36.426,-9.485,-41.281,-7.727,0.0,-22.066999999999997
332,121,41.466,-9.662,-31.361,-16.223,0.0,-15.779999999999998
333,121,43.964,-9.072,-43.703,-6.503,0.0,-15.314000000000007
334,121,42.51,-9.099,-39.752,-9.647,0.0,-15.988000000000001
335,121,41.499,-9.226,-37.817,-10.149,0.0,-15.692999999999996
336,121,37.259,-8.302,-40.966,-8.466,0.0,-20.475
337,121,50.066,-9.07,-38.953,-10.338,0.0,-8.295
338,121,42.714,-8.854,-39.965,-6.809,0.0,-12.914000000000005
339,121,45.04,-9.765,-38.692,-10.823,0.0,-14.240000000000002
340,121,41.426,-9.063,-34.364,-14.273,0.0,-16.273999999999997
341,121,36.538,-9.634,-38.956,-10.33,0.0,-22.382000000000005
342,121,46.004,-9.013,-42.4,-5.803,0.0,-11.212
343,121,39.773,-9.738,-38.079,-11.735,0.0,-19.778999999999996
344,121,47.177,-9.621,-48.898,1.173,0.0,-10.169000000000006
345,121,37.863,-8.11,-40.23,-10.162,0.0,-20.638999999999996
346,121,41.538,-8.709,-38.092,-10.61,0.0,-15.873000000000005
347,121,42.496,-9.268,-45.205,-3.056,0.0,-15.032999999999998
348,121,50.259,-8.964,-60.159,7.99,0.0,-10.873999999999997
349,121,40.909,-9.424,-36.226,-12.627,0.0,-17.368000000000002
350,121,38.137,-9.358,-36.272,-12.792,0.0,-20.284999999999997
351,121,44.9,-9.475,-36.305,-13.254,0.0,-14.134000000000002
352,121,44.164,-9.007,-39.561,-9.388,0.0,-13.791999999999996
353,121,40.301,-9.878,-36.949,-11.688,0.0,-18.214
354,121,40.674,-9.261,-34.927,-14.335,0.0,-17.849
355,121,41.936,-9.005,-42.917,-5.218,0.0,-15.204000000000004
356,121,41.312,-7.61,-48.667,-0.998,0.0,-15.963000000000003
357,121,42.181,-8.72,-49.764,1.032,0.0,-15.271000000000004
358,121,35.889,-10.315,-45.601,-2.003,0.0,-22.029999999999994
359,121,42.106,-9.467,-55.137,5.895,0.0,-16.602999999999998
360,121,42.663,-10.148,-60.737,7.266,0.0,-20.956000000000003
361,121,39.187,-7.433,-57.926,4.318,0.0,-21.854000000000006
362,121,41.752,-10.01,-57.398,5.092,0.0,-20.564
363,121,37.348,-9.479,-38.788,-9.984,0.0,-20.903
364,121,39.605,-9.925,-34.745,-13.924,0.0,-18.989
365,121,38.515,-8.984,-56.289,5.87,0.0,-20.888
366,121,40.243,-8.985,-42.589,-6.361,0.0,-17.691999999999997
367,121,39.51,-9.684,-33.875,-14.604,0.0,-18.653
368,121,41.087,-10.408,-36.861,-11.965,0.0,-18.146999999999995
369,121,39.85,-8.706,-34.109,-14.381,0.0,-17.346
370,121,39.634,-9.172,-55.884,4.708,0.0,-20.714
371,121,38.245,-8.124,-57.932,5.737,0.0,-22.074000000000005
372,121,43.609,-8.807,-48.462,0.758,0.0,-12.902000000000005
373,121,39.786,-7.974,-38.278,-8.646,0.0,-15.111999999999998
374,121,41.841,-8.07,-48.229,-0.509,0.0,-14.966999999999999
375,121,37.976,-9.637,-47.299,-1.751,0.0,-20.711000000000002
376,121,38.597,-9.175,-41.245,-8.592,0.0,-20.415
377,121,41.065,-9.027,-37.411,-12.22,0.0,-17.593000000000004
378,121,40.796,-7.964,-37.616,-11.809,0.0,-16.592999999999996
379,121,40.604,-9.247,-44.843,-3.545,0.0,-17.031000000000006
380,121,42.366,-9.67,-45.651,-0.788,0.0,-13.743000000000006
381,121,38.685,-8.983,-42.538,-7.6,0.0,-20.435999999999993
382,121,36.388,-8.96,-48.295,0.087,0.0,-20.780000000000005
383,121,37.577,-9.737,-38.79,-10.515,0.0,-21.465000000000003
384,121,43.796,-8.483,-44.207,-5.335,0.0,-14.229
385,121,44.166,-9.146,-43.02,-6.803,0.0,-14.803000000000008
386,121,48.395,-9.024,-39.258,-9.866,0.0,-9.753
387,121,39.214,-8.347,-34.049,-14.961,0.0,-18.143
388,121,44.876,-9.048,-36.867,-13.539,0.0,-14.578000000000001
389,121,41.921,-9.639,-38.599,-9.257,0.0,-15.574
390,121,40.601,-8.131,-39.005,-9.855,0.0,-16.390000000000004
391,121,38.634,-9.191,-36.123,-14.192,0.0,-20.872
392,121,40.375,-9.675,-39.514,-10.515,0.0,-19.329000000000004
393,121,45.139,-9.746,-43.185,-5.26,0.0,-13.052000000000001
394,121,41.898,-8.777,-38.712,-10.637,0.0,-16.228
395,121,41.392,-8.3,-40.977,-8.221,0.0,-16.105999999999998
396,121,40.576,-7.015,-62.275,9.318,0.0,-19.396
397,121,39.669,-8.742,-60.196,8.074,0.0,-21.195
398,121,37.891,-8.633,-37.265,-11.978,0.0,-19.985
399,121,44.199,-9.17,-39.071,-11.547,0.0,-15.589000000000002
400,121,42.862,-9.513,-42.611,-7.447,0.0,-16.708999999999993
401,121,39.803,-9.268,-38.711,-10.3,0.0,-18.476000000000003

Backbone Energy Decomposition:
Frame #,Residue,Internal,van der Waals,Electrostatic,Polar Solvation,Non-Polar Solv.,TOTAL
1,121,95.091,-1.589,-60.325,-7.881,0.0,25.295999999999992
2,121,93.635,-0.675,-67.573,0.464,0.0,25.851000000000013
3,121,93.599,-1.387,-65.823,-1.615,0.0,24.77400000000001
4,121,95.817,-2.218,-54.677,-12.385,0.0,26.536999999999992
5,121,93.235,-1.923,-68.554,1.603,0.0,24.360999999999997
6,121,94.492,-1.618,-64.87,-1.799,0.0,26.205000000000005
7,121,93.433,-1.202,-67.682,0.13,0.0,24.679000000000006
8,121,92.765,-1.859,-67.625,0.877,0.0,24.158000000000005
9,121,94.841,-1.536,-64.426,-2.853,0.0,26.02599999999999
10,121,95.579,-1.509,-70.184,1.164,0.0,25.049999999999997
11,121,95.403,-1.313,-70.358,0.354,0.0,24.086
12,121,101.734,-1.897,-68.652,-3.762,0.0,27.422999999999988
13,121,94.705,-1.375,-70.093,1.123,0.0,24.359999999999996
14,121,96.81,-1.721,-71.548,1.536,0.0,25.076999999999998
15,121,94.777,-2.156,-56.087,-9.356,0.0,27.17799999999999
16,121,96.514,-1.212,-54.296,-13.692,0.0,27.313999999999993
17,121,94.668,-1.761,-67.533,-0.625,0.0,24.74900000000001
18,121,99.235,-1.719,-65.041,-5.542,0.0,26.933000000000007
19,121,98.115,-1.353,-65.855,-4.182,0.0,26.724999999999994
20,121,93.111,-1.934,-60.12,-5.648,0.0,25.40900000000001
21,121,93.895,-1.637,-65.263,-3.097,0.0,23.89799999999999
22,121,94.886,-1.401,-67.608,0.461,0.0,26.337999999999994
23,121,94.178,-1.829,-67.937,0.138,0.0,24.550000000000008
24,121,96.434,-1.628,-65.294,-3.038,0.0,26.474
25,121,97.004,-1.75,-70.496,0.816,0.0,25.57400000000001
26,121,97.18,-1.766,-70.121,1.369,0.0,26.662000000000006
27,121,97.387,-1.707,-62.623,-5.695,0.0,27.36200000000001
28,121,95.955,-1.93,-64.95,-5.002,0.0,24.07299999999999
29,121,94.587,-1.908,-66.518,-0.235,0.0,25.926000000000002
30,121,96.665,-1.568,-68.392,-1.057,0.0,25.648000000000014
31,121,92.865,-2.271,-55.62,-11.147,0.0,23.826999999999998
32,121,96.448,-1.735,-64.819,-3.475,0.0,26.41899999999999
33,121,98.333,-1.793,-68.223,-2.214,0.0,26.102999999999994
34,121,95.379,-1.945,-67.194,-1.719,0.0,24.521000000000008
35,121,96.97,-1.432,-58.281,-11.257,0.0,26.0
36,121,97.52,-1.454,-62.619,-6.381,0.0,27.066000000000003
37,121,91.913,-1.327,-61.442,-5.071,0.0,24.073
38,121,95.388,-1.527,-58.877,-9.529,0.0,25.455000000000002
39,121,97.109,-1.786,-66.621,-4.895,0.0,23.807
40,121,94.605,-1.961,-65.961,-0.129,0.0,26.554000000000006
41,121,94.303,-1.668,-73.362,3.214,0.0,22.486999999999995
42,121,95.924,-2.118,-55.625,-10.659,0.0,27.522000000000013
43,121,93.744,-1.967,-57.932,-7.791,0.0,26.054
44,121,97.255,-1.641,-63.217,-7.42,0.0,24.97699999999999
45,121,94.319,-1.877,-63.394,-3.803,0.0,25.245000000000008
46,121,95.46,-2.148,-64.79,-4.98,0.0,23.54199999999999
47,121,92.744,-1.705,-60.176,-6.902,0.0,23.961
48,121,94.604,-2.189,-70.265,2.333,0.0,24.48299999999999
49,121,94.399,-1.422,-68.558,0.071,0.0,24.49
50,121,96.119,-0.903,-71.151,3.443,0.0,27.508
51,121,95.441,-1.739,-62.157,-5.835,0.0,25.71
52,121,97.64,-1.834,-59.035,-11.038,0.0,25.733
53,121,93.637,-2.303,-55.556,-10.825,0.0,24.953000000000007
54,121,96.074,-1.279,-60.784,-7.412,0.0,26.599000000000004
55,121,94.216,-2.096,-55.257,-13.212,0.0,23.650999999999993
56,121,94.792,-2.135,-65.501,-2.778,0.0,24.377999999999993
57,121,96.508,-1.851,-66.979,-1.51,0.0,26.167999999999996
58,121,95.412,-2.086,-69.678,1.018,0.0,24.66600000000001
59,121,96.536,-2.053,-67.096,0.625,0.0,28.012
60,121,94.206,-1.96,-70.644,2.027,0.0,23.629000000000005
61,121,95.407,-2.071,-65.287,-1.181,0.0,26.86799999999999
62,121,93.801,-2.071,-66.426,-1.077,0.0,24.227000000000004
63,121,98.236,-1.286,-68.865,-1.401,0.0,26.684000000000008
64,121,93.098,-1.448,-67.061,-1.434,0.0,23.154999999999998
65,121,94.601,-1.942,-58.899,-7.749,0.0,26.011000000000006
66,121,93.078,-2.047,-70.128,3.301,0.0,24.204000000000008
67,121,97.67,-1.988,-66.808,-3.349,0.0,25.524999999999995
68,121,95.206,-1.53,-64.894,-5.212,0.0,23.569999999999997
69,121,92.734,-1.707,-66.147,-0.701,0.0,24.178999999999995
70,121,95.834,-2.158,-66.887,-1.8,0.0,24.989
71,121,98.2,-1.706,-69.702,0.273,0.0,27.065
72,121,94.463,-1.644,-69.83,-0.591,0.0,22.39799999999999
73,121,94.987,-2.021,-66.608,-3.539,0.0,22.81899999999999
74,121,97.073,-1.343,-67.629,-1.294,0.0,26.806999999999984
75,121,96.601,-1.245,-67.791,-2.982,0.0,24.583
76,121,94.513,-1.302,-67.657,-1.317,0.0,24.237000000000002
77,121,96.8,-1.848,-66.508,-3.831,0.0,24.613000000000003
78,121,98.208,-1.275,-55.41,-14.638,0.0,26.884999999999998
79,121,97.675,-2.141,-54.493,-13.177,0.0,27.86399999999999
80,121,94.402,-2.107,-54.767,-11.886,0.0,25.642
81,121,96.686,-2.211,-54.394,-14.208,0.0,25.87300000000001
82,121,95.169,-1.36,-58.879,-9.841,0.0,25.089
83,121,94.771,-1.083,-53.796,-13.964,0.0,25.928000000000004
84,121,95.004,-1.965,-68.001,-1.766,0.0,23.272
85,121,95.466,-1.895,-55.766,-10.42,0.0,27.384999999999998
86,121,93.802,-1.671,-57.679,-8.428,0.0,26.023999999999997
87,121,94.17,-1.431,-61.039,-7.16,0.0,24.540000000000003
88,121,100.799,-1.77,-66.163,-4.567,0.0,28.299000000000014
89,121,95.236,-1.692,-69.652,2.495,0.0,26.38700000000001
90,121,95.179,-1.979,-69.84,1.134,0.0,24.494
91,121,97.489,-1.747,-68.748,-1.358,0.0,25.636
92,121,97.233,-1.469,-72.058,1.646,0.0,25.352000000000004
93,121,92.67,-1.965,-54.396,-11.925,0.0,24.383999999999997
94,121,94.948,-1.295,-68.338,0.199,0.0,25.514
95,121,97.023,-1.447,-67.581,0.448,0.0,28.44299999999999
96,121,94.901,-1.969,-69.192,0.297,0.0,24.03700000000001
97,121,97.104,-2.004,-71.678,3.27,0.0,26.691999999999997
98,121,95.703,-1.973,-68.903,-0.645,0.0,24.182
99,121,94.698,-2.176,-69.663,1.04,0.0,23.898999999999994
100,121,93.12,-1.893,-67.675,0.731,0.0,24.28300000000001
101,121,97.742,-1.777,-70.971,1.307,0.0,26.301
102,121,93.826,-1.596,-69.852,3.455,0.0,25.832999999999984
103,121,99.992,-1.5,-64.395,-5.779,0.0,28.31800000000001
104,121,97.956,-0.95,-69.565,-1.661,0.0,25.78
105,121,94.355,-1.883,-68.026,-0.62,0.0,23.82600000000001
106,121,94.647,-1.701,-69.665,1.087,0.0,24.368000000000006
107,121,94.263,-1.996,-70.011,2.371,0.0,24.627000000000013
108,121,97.405,-1.184,-73.56,2.416,0.0,25.077
109,121,95.265,-2.191,-67.779,-0.312,0.0,24.983
110,121,96.244,-1.378,-69.451,0.013,0.0,25.428000000000008
111,121,94.9,-1.945,-66.665,-1.113,0.0,25.177000000000007
112,121,94.656,-1.728,-66.511,-0.881,0.0,25.536000000000016
113,121,97.817,-2.063,-67.431,-0.942,0.0,27.380999999999993
114,121,92.577,-1.726,-67.987,1.406,0.0,24.270000000000003
115,121,96.471,-1.28,-66.416,-3.028,0.0,25.747000000000007
116,121,96.764,-1.922,-66.336,-2.746,0.0,25.76
117,121,92.85,-1.356,-67.346,-1.919,0.0,22.228999999999996
118,121,98.684,-1.801,-71.941,2.676,0.0,27.617999999999995
119,121,94.031,-1.551,-68.735,0.071,0.0,23.816000000000006
120,121,99.486,-1.432,-71.452,-1.029,0.0,25.573000000000004
121,121,93.854,-1.555,-67.229,0.476,0.0,25.545999999999992
122,121,95.558,-1.622,-68.373,0.976,0.0,26.539
123,121,92.467,-1.239,-63.47,-1.989,0.0,25.768999999999995
124,121,95.558,-2.314,-58.606,-8.104,0.0,26.534
125,121,93.631,-2.042,-63.004,-3.922,0.0,24.663
126,121,99.158,-1.663,-66.162,-4.944,0.0,26.389
127,121,96.484,-1.885,-51.755,-16.088,0.0,26.755999999999986
128,121,94.093,-1.601,-69.273,0.197,0.0,23.416000000000007
129,121,95.506,-2.196,-62.843,-2.962,0.0,27.505
130,121,96.911,-1.656,-75.035,5.028,0.0,25.247999999999998
131,121,93.298,-2.213,-62.406,-4.816,0.0,23.86300000000001
132,121,95.889,-1.899,-63.774,-5.068,0.0,25.147999999999996
133,121,96.437,-1.717,-56.899,-13.05,0.0,24.770999999999997
134,121,97.023,-1.394,-64.669,-4.346,0.0,26.613999999999994
135,121,95.446,-1.286,-59.078,-9.138,0.0,25.943999999999996
136,121,95.311,-0.766,-70.102,-0.138,0.0,24.304999999999996
137,121,96.426,-1.584,-67.776,-0.296,0.0,26.770000000000003
138,121,96.472,-1.773,-69.923,0.639,0.0,25.414999999999996
139,121,95.194,-2.152,-67.11,-0.945,0.0,24.987000000000002
140,121,94.765,-1.706,-70.834,2.708,0.0,24.932999999999993
141,121,95.252,-2.106,-70.839,2.206,0.0,24.513
142,121,94.9,-1.741,-69.859,1.695,0.0,24.99500000000001
143,121,94.996,-1.516,-68.671,0.673,0.0,25.481999999999985
144,121,95.618,-1.714,-66.779,-1.329,0.0,25.796
145,121,94.484,-1.563,-69.189,2.042,0.0,25.774
146,121,92.965,-1.551,-63.726,-2.726,0.0,24.962000000000003
147,121,93.519,-1.874,-65.241,-0.831,0.0,25.57300000000001
148,121,96.057,-2.126,-70.46,2.467,0.0,25.938000000000002
149,121,95.705,-1.73,-66.019,-1.652,0.0,26.303999999999988
150,121,94.058,-1.887,-69.757,1.237,0.0,23.651000000000003
151,121,94.113,-1.772,-71.154,3.851,0.0,25.037999999999997
152,121,94.578,-1.89,-70.772,3.698,0.0,25.613999999999997
153,121,93.868,-2.037,-67.617,0.403,0.0,24.616999999999983
154,121,94.099,-1.962,-70.964,1.666,0.0,22.839000000000002
155,121,96.348,-1.546,-74.137,3.656,0.0,24.32099999999999
156,121,95.341,-1.642,-73.264,4.387,0.0,24.822000000000003
157,121,95.565,-0.349,-71.641,2.137,0.0,25.71199999999999
158,121,95.483,-1.342,-71.964,3.424,0.0,25.601000000000006
159,121,96.331,-1.685,-72.043,3.349,0.0,25.951999999999995
160,121,96.575,-1.151,-67.551,-0.99,0.0,26.883000000000006
161,121,93.689,-1.717,-72.152,5.091,0.0,24.910999999999994
162,121,96.128,-1.147,-71.806,3.277,0.0,26.451999999999998
163,121,94.648,-1.61,-67.566,-0.699,0.0,24.772999999999993
164,121,95.654,-1.695,-68.68,1.89,0.0,27.168999999999997
165,121,94.347,-1.826,-69.185,0.704,0.0,24.04
166,121,95.864,-1.702,-67.897,-0.319,0.0,25.946
167,121,96.474,-1.486,-72.014,2.805,0.0,25.779000000000003
168,121,95.618,-1.645,-62.981,-5.58,0.0,25.412
169,121,96.313,-1.819,-67.75,-0.709,0.0,26.035
170,121,93.55,-1.961,-67.096,-1.173,0.0,23.319999999999993
171,121,93.176,-2.114,-55.233,-10.874,0.0,24.955
172,121,94.747,-1.994,-71.276,2.707,0.0,24.184000000000005
173,121,92.986,-1.915,-72.603,5.012,0.0,23.480000000000004
174,121,95.032,-1.9,-57.031,-9.035,0.0,27.065999999999992
175,121,98.77,-2.017,-62.721,-6.23,0.0,27.802000000000003
176,121,94.125,-1.316,-68.242,-0.15,0.0,24.416999999999994
177,121,97.069,-1.362,-69.732,0.704,0.0,26.67900000000001
178,121,94.263,-1.934,-68.617,1.688,0.0,25.400000000000002
179,121,99.453,-1.711,-68.62,-0.942,0.0,28.18
180,121,97.44,-1.755,-72.511,5.046,0.0,28.220000000000006
181,121,94.67,-1.707,-69.894,2.632,0.0,25.701000000000004
182,121,96.071,-1.76,-68.153,0.941,0.0,27.098999999999986
183,121,94.582,-1.474,-65.484,-1.492,0.0,26.131999999999994
184,121,96.804,-1.619,-69.97,0.806,0.0,26.021000000000004
185,121,94.237,-1.662,-65.528,-1.725,0.0,25.32199999999998
186,121,98.293,-1.728,-73.488,3.757,0.0,26.834000000000014
187,121,94.399,-1.495,-70.401,0.943,0.0,23.446
188,121,94.606,-1.24,-71.951,3.016,0.0,24.431000000000004
189,121,96.558,-1.763,-75.729,6.655,0.0,25.721000000000004
190,121,96.51,-1.462,-75.642,4.719,0.0,24.125000000000007
191,121,94.203,-1.786,-70.214,2.471,0.0,24.674000000000003
192,121,98.448,-1.742,-70.863,2.249,0.0,28.091999999999988
193,121,93.089,-2.071,-68.675,0.803,0.0,23.146000000000004
194,121,95.189,-2.071,-68.449,0.111,0.0,24.779999999999998
195,121,94.346,-2.116,-70.587,2.529,0.0,24.172
196,121,96.62,-1.763,-72.994,3.412,0.0,25.275
197,121,94.404,-1.41,-75.15,7.248,0.0,25.091999999999995
198,121,95.976,-1.258,-70.91,1.682,0.0,25.490000000000006
199,121,97.083,-2.02,-70.187,2.064,0.0,26.940000000000005
200,121,97.22,-1.704,-73.657,4.299,0.0,26.15800000000001
201,121,95.504,-1.733,-70.968,0.935,0.0,23.737999999999996
202,121,97.197,-1.365,-70.739,1.667,0.0,26.760000000000005
203,121,93.445,-1.696,-71.101,2.862,0.0,23.509999999999998
204,121,94.112,-1.717,-74.41,5.138,0.0,23.122999999999998
205,121,93.886,-1.801,-72.959,4.36,0.0,23.48599999999999
206,121,97.189,-1.926,-65.761,-0.825,0.0,28.676999999999996
207,121,95.917,-1.415,-69.075,-0.29,0.0,25.136999999999993
208,121,96.712,-1.453,-74.107,5.554,0.0,26.706000000000003
209,121,92.157,-1.953,-69.689,2.936,0.0,23.451
210,121,95.44,-1.928,-73.697,5.25,0.0,25.064999999999998
211,121,95.059,-2.021,-74.567,6.768,0.0,25.239000000000004
212,121,96.965,-1.953,-73.015,4.171,0.0,26.168
213,121,95.808,-1.481,-70.625,2.366,0.0,26.068000000000012
214,121,96.056,-1.855,-70.738,2.452,0.0,25.914999999999992
215,121,93.714,-1.669,-68.886,2.078,0.0,25.237000000000005
216,121,93.854,-1.673,-66.779,0.547,0.0,25.949
217,121,96.601,-1.547,-69.73,1.509,0.0,26.833
218,121,95.125,-1.827,-74.076,5.253,0.0,24.47500000000001
219,121,95.363,-1.985,-71.13,3.35,0.0,25.598000000000006
220,121,95.464,-0.87,-73.321,4.304,0.0,25.576999999999998
221,121,96.944,-1.82,-72.617,3.898,0.0,26.405000000000005
222,121,94.998,-1.69,-70.191,0.812,0.0,23.929000000000006
223,121,94.724,-1.721,-70.429,2.282,0.0,24.855999999999998
224,121,95.358,-1.578,-71.083,2.025,0.0,24.722
225,121,96.888,-1.642,-64.558,-4.225,0.0,26.463
226,121,95.254,-1.471,-69.842,1.934,0.0,25.875000000000004
227,121,93.675,-1.998,-66.87,0.868,0.0,25.674999999999986
228,121,93.522,-1.896,-71.0,3.045,0.0,23.671000000000006
229,121,96.135,-1.751,-70.029,2.515,0.0,26.870000000000005
230,121,95.128,-1.367,-71.864,2.996,0.0,24.89299999999999
231,121,96.345,-1.652,-70.935,0.85,0.0,24.607999999999997
232,121,91.409,-2.096,-69.855,4.493,0.0,23.951
233,121,95.169,-1.666,-70.439,2.306,0.0,25.370000000000008
234,121,95.189,-1.729,-72.944,3.435,0.0,23.95099999999999
235,121,93.98,-1.728,-69.093,1.41,0.0,24.569000000000006
236,121,93.13,-1.892,-66.205,-0.379,0.0,24.654
237,121,94.282,-1.905,-70.237,1.621,0.0,23.761
238,121,93.893,-0.944,-71.645,3.174,0.0,24.478
239,121,95.615,-1.301,-69.37,1.477,0.0,26.42099999999999
240,121,94.204,-1.893,-66.913,-0.01,0.0,25.387999999999995
241,121,95.798,-1.74,-69.596,1.086,0.0,25.548000000000002
242,121,94.261,-1.681,-67.359,1.058,0.0,26.279000000000003
243,121,95.465,-1.652,-70.885,2.935,0.0,25.862999999999996
244,121,97.063,-2.002,-68.379,-0.564,0.0,26.118000000000002
245,121,97.247,-1.95,-68.93,-0.278,0.0,26.08899999999999
246,121,95.147,-1.971,-66.514,-0.755,0.0,25.907000000000007
247,121,94.845,-2.04,-70.156,2.144,0.0,24.792999999999985
248,121,95.549,-1.71,-69.499,0.378,0.0,24.718000000000018
249,121,95.077,-1.733,-66.246,-1.508,0.0,25.59
250,121,94.563,-1.321,-71.245,2.859,0.0,24.856
251,121,92.694,-2.119,-66.202,1.028,0.0,25.401000000000003
252,121,94.73,-1.177,-69.355,0.889,0.0,25.086999999999993
253,121,98.244,-1.522,-74.201,4.342,0.0,26.863
254,121,94.763,-1.838,-72.788,4.047,0.0,24.184000000000015
255,121,96.383,-1.376,-64.474,-5.125,0.0,25.407999999999987
256,121,93.95,-2.284,-69.415,2.411,0.0,24.661999999999992
257,121,93.727,-1.645,-66.873,-0.713,0.0,24.496000000000002
258,121,93.867,-1.459,-59.784,-8.647,0.0,23.977000000000004
259,121,95.54,-2.078,-59.695,-8.883,0.0,24.884000000000004
260,121,93.951,-1.954,-67.165,-1.585,0.0,23.246999999999993
261,121,96.368,-1.753,-73.469,2.241,0.0,23.387
262,121,94.665,-1.935,-70.727,3.605,0.0,25.608
263,121,94.161,-1.735,-61.382,-5.763,0.0,25.281000000000006
264,121,96.882,-1.781,-66.379,-2.964,0.0,25.757999999999996
265,121,96.239,-1.906,-57.428,-11.689,0.0,25.216
266,121,97.554,-2.212,-58.71,-8.924,0.0,27.708
267,121,94.833,-1.268,-68.872,0.202,0.0,24.895
268,121,93.416,-2.064,-69.234,1.12,0.0,23.23800000000001
269,121,94.953,-2.024,-61.595,-6.054,0.0,25.28
270,121,94.471,-1.751,-63.937,-3.415,0.0,25.368000000000002
271,121,94.808,-1.571,-58.11,-10.547,0.0,24.58000000000001
272,121,96.595,-1.927,-66.585,-2.784,0.0,25.299
273,121,95.416,-1.82,-65.805,-1.572,0.0,26.218999999999998
274,121,94.417,-1.68,-70.429,1.522,0.0,23.82999999999999
275,121,93.337,-1.915,-69.091,1.28,0.0,23.611000000000004
276,121,95.864,-1.87,-73.138,4.155,0.0,25.010999999999996
277,121,96.735,-1.607,-71.16,0.916,0.0,24.884000000000004
278,121,94.382,-1.686,-68.488,1.544,0.0,25.752
279,121,94.11,-1.901,-69.484,2.215,0.0,24.94000000000001
280,121,100.355,-2.161,-70.758,0.351,0.0,27.787000000000006
281,121,95.356,-1.454,-61.435,-6.062,0.0,26.404999999999998
282,121,96.247,-1.733,-71.833,3.637,0.0,26.317999999999998
283,121,96.198,-1.983,-69.545,-0.179,0.0,24.49099999999999
284,121,94.996,-2.09,-59.091,-7.793,0.0,26.02199999999999
285,121,94.587,-1.843,-62.475,-5.583,0.0,24.686
286,121,94.584,-1.509,-69.443,0.898,0.0,24.530000000000005
287,121,94.837,-1.646,-67.102,-0.363,0.0,25.726
288,121,94.799,-1.511,-68.529,-0.868,0.0,23.891000000000016
289,121,97.425,-1.563,-66.812,-3.471,0.0,25.578999999999997
290,121,94.645,-1.94,-66.768,-0.867,0.0,25.069999999999997
291,121,94.536,-1.628,-67.974,0.292,0.0,25.226
292,121,95.689,-1.526,-66.577,-0.202,0.0,27.383999999999997
293,121,98.382,-1.479,-71.926,1.377,0.0,26.354000000000003
294,121,94.074,-1.832,-69.401,2.301,0.0,25.14200000000001
295,121,96.878,-1.582,-68.936,0.108,0.0,26.468
296,121,96.131,-1.782,-71.448,3.707,0.0,26.60800000000001
297,121,95.03,-1.701,-64.878,-1.341,0.0,27.110000000000007
298,121,95.436,-1.888,-72.726,4.71,0.0,25.532000000000004
299,121,94.156,-2.015,-70.882,2.917,0.0,24.176000000000002
300,121,93.046,-1.528,-71.258,4.477,0.0,24.737000000000005
301,121,96.138,-1.809,-67.175,-1.274,0.0,25.88000000000001
302,121,95.628,-1.611,-63.734,-3.701,0.0,26.581999999999994
303,121,93.372,-1.658,-67.51,-0.167,0.0,24.036999999999992
304,121,98.516,-1.496,-66.609,-3.008,0.0,27.403000000000016
305,121,94.593,-1.686,-62.365,-4.773,0.0,25.76900000000001
306,121,94.207,-1.421,-71.569,3.964,0.0,25.180999999999983
307,121,94.154,-2.04,-68.113,1.433,0.0,25.43399999999999
308,121,94.855,-2.132,-68.203,0.086,0.0,24.605999999999995
309,121,94.604,-1.847,-65.184,-1.867,0.0,25.706000000000007
310,121,93.636,-1.463,-65.736,-0.207,0.0,26.229999999999997
311,121,95.92,-1.545,-66.394,-0.309,0.0,27.671999999999993
312,121,94.683,-1.45,-66.056,-2.559,0.0,24.618000000000006
313,121,96.959,-1.868,-65.353,-4.768,0.0,24.970000000000013
314,121,96.5,-1.968,-55.804,-11.175,0.0,27.552999999999994
315,121,95.377,-2.139,-60.837,-7.023,0.0,25.377999999999997
316,121,96.073,-1.726,-67.15,-1.266,0.0,25.93099999999999
317,121,94.562,-2.262,-62.5,-5.376,0.0,24.423999999999996
318,121,92.915,-2.023,-62.01,-5.965,0.0,22.917000000000012
319,121,93.723,-1.914,-67.425,-0.513,0.0,23.871
320,121,96.572,-1.553,-64.273,-3.959,0.0,26.78700000000001
321,121,94.943,-1.723,-64.85,-1.365,0.0,27.005000000000006
322,121,97.577,-1.679,-66.074,-2.565,0.0,27.258999999999997
323,121,95.709,-1.498,-65.179,-2.822,0.0,26.209999999999997
324,121,96.374,-1.554,-72.606,1.955,0.0,24.168999999999997
325,121,95.44,-1.33,-71.578,2.659,0.0,25.190999999999995
326,121,95.126,-2.057,-58.84,-9.514,0.0,24.715
327,121,94.161,-1.639,-60.596,-7.378,0.0,24.54800000000001
328,121,94.749,-1.724,-65.798,-1.935,0.0,25.29199999999999
329,121,95.167,-1.586,-64.614,-2.22,0.0,26.747
330,121,92.402,-2.052,-65.608,-2.549,0.0,22.19299999999999
331,121,94.862,-1.879,-62.592,-4.348,0.0,26.042999999999992
332,121,93.42,-1.472,-71.774,3.722,0.0,23.896000000000008
333,121,95.403,-1.602,-62.982,-3.506,0.0,27.313000000000002
334,121,96.404,-1.709,-66.77,-2.028,0.0,25.897
335,121,94.078,-1.692,-69.291,0.295,0.0,23.390000000000015
336,121,97.751,-1.769,-67.448,-2.283,0.0,26.251000000000005
337,121,94.003,-2.033,-67.608,0.096,0.0,24.457999999999995
338,121,93.555,-1.888,-65.288,-3.876,0.0,22.503000000000004
339,121,96.676,-1.48,-69.512,-0.121,0.0,25.563
340,121,94.242,-1.724,-70.739,2.04,0.0,23.818999999999996
341,121,96.253,-2.098,-68.734,0.144,0.0,25.565000000000005
342,121,96.455,-1.458,-62.811,-5.249,0.0,26.937
343,121,95.845,-1.766,-69.149,-0.042,0.0,24.88799999999999
344,121,96.305,-2.099,-59.829,-8.997,0.0,25.380000000000003
345,121,94.2,-1.438,-67.151,-0.82,0.0,24.791000000000004
346,121,92.748,-1.506,-66.631,-1.214,0.0,23.397000000000006
347,121,93.652,-2.113,-63.425,-4.645,0.0,23.469000000000005
348,121,97.049,-1.234,-54.593,-12.853,0.0,28.369000000000007
349,121,94.882,-1.109,-68.444,1.117,0.0,26.44600000000001
350,121,94.345,-1.717,-69.486,1.853,0.0,24.994999999999997
351,121,95.297,-1.695,-70.388,1.995,0.0,25.209
352,121,94.191,-1.691,-66.568,-0.927,0.0,25.005000000000003
353,121,95.146,-2.005,-69.191,0.356,0.0,24.306000000000004
354,121,97.164,-1.728,-72.24,4.07,0.0,27.266000000000012
355,121,92.76,-2.022,-63.977,-2.665,0.0,24.096000000000004
356,121,95.792,-0.817,-62.155,-7.012,0.0,25.808000000000007
357,121,96.025,-1.883,-58.313,-9.239,0.0,26.590000000000007
358,121,94.201,-1.626,-61.361,-5.92,0.0,25.29399999999999
359,121,98.226,-1.471,-56.653,-12.298,0.0,27.803999999999995
360,121,96.085,-2.047,-54.213,-13.127,0.0,26.697999999999993
361,121,94.724,-0.781,-55.818,-9.841,0.0,28.284
362,121,96.314,-1.859,-55.985,-10.364,0.0,28.105999999999998
363,121,95.904,-2.015,-67.805,-1.006,0.0,25.07799999999999
364,121,94.556,-1.423,-68.884,1.101,0.0,25.349999999999994
365,121,95.661,-1.633,-56.343,-10.979,0.0,26.706000000000003
366,121,92.661,-1.862,-63.04,-3.863,0.0,23.896000000000008
367,121,96.212,-1.563,-72.02,2.311,0.0,24.940000000000005
368,121,96.225,-0.727,-72.472,2.366,0.0,25.391999999999996
369,121,95.184,-1.405,-71.616,2.345,0.0,24.507999999999996
370,121,94.411,-2.061,-55.759,-10.571,0.0,26.019999999999996
371,121,95.522,-2.063,-56.766,-9.776,0.0,26.917000000000005
372,121,93.501,-1.856,-59.915,-8.071,0.0,23.659000000000013
373,121,92.794,-1.94,-64.866,-1.553,0.0,24.435
374,121,94.998,-1.379,-58.569,-8.326,0.0,26.723999999999997
375,121,94.195,-1.668,-61.705,-6.671,0.0,24.15099999999999
376,121,94.56,-2.018,-65.441,-2.188,0.0,24.913
377,121,97.282,-1.502,-66.897,-0.642,0.0,28.240999999999996
378,121,98.861,-1.332,-71.04,0.118,0.0,26.607000000000003
379,121,93.887,-2.079,-62.277,-4.814,0.0,24.717000000000006
380,121,96.319,-1.752,-62.637,-7.358,0.0,24.572000000000006
381,121,95.02,-1.599,-64.626,-2.183,0.0,26.611999999999988
382,121,94.854,-1.188,-61.125,-7.65,0.0,24.891
383,121,93.33,-1.85,-65.801,-0.282,0.0,25.397000000000002
384,121,93.055,-1.818,-61.952,-4.174,0.0,25.11100000000001
385,121,94.292,-1.508,-65.681,-2.361,0.0,24.742000000000008
386,121,95.934,-1.706,-68.897,0.288,0.0,25.61899999999999
387,121,95.001,-1.654,-69.391,2.065,0.0,26.021000000000004
388,121,98.279,-1.738,-70.996,0.835,0.0,26.380000000000003
389,121,95.154,-1.691,-66.625,-1.956,0.0,24.881999999999994
390,121,93.782,-1.931,-65.788,-2.391,0.0,23.672000000000004
391,121,95.306,-1.723,-70.218,2.324,0.0,25.688999999999993
392,121,96.762,-1.732,-67.345,-2.027,0.0,25.658
393,121,95.18,-1.465,-63.392,-3.958,0.0,26.365000000000002
394,121,94.293,-1.639,-67.656,1.078,0.0,26.076000000000004
395,121,94.223,-1.787,-65.351,-2.545,0.0,24.539999999999992
396,121,95.367,-1.885,-52.249,-15.043,0.0,26.189999999999998
397,121,97.527,-1.563,-57.454,-13.315,0.0,25.195
398,121,94.627,-1.525,-66.563,0.38,0.0,26.918999999999986
399,121,95.161,-2.037,-67.359,-0.533,0.0,25.232
400,121,96.106,-1.665,-67.556,-2.239,0.0,24.64599999999999
401,121,94.768,-1.746,-67.531,-0.49,0.0,25.001

