0.000000000000000000e+00	7.292299123641282632e-01	8.184444711711806519e+01
1.000000000000000000e+00	9.928700557736346299e-01	8.422183935713465530e+01
2.000000000000000000e+00	9.028497284579258819e-01	8.341007516661190380e+01
3.000000000000000000e+00	9.468030064436830928e-01	8.380642672618576228e+01
4.000000000000000000e+00	6.165452884393418653e-01	8.082830614926911039e+01
5.000000000000000000e+00	9.674101885672178325e-01	8.399225333906619539e+01
6.000000000000000000e+00	7.293463515657070406e-01	8.184549711523553128e+01
7.000000000000000000e+00	1.128863643583684073e+00	8.544817043164570691e+01
8.000000000000000000e+00	8.187682242499437768e-01	8.265186470196924517e+01
9.000000000000000000e+00	8.736565115748485821e-01	8.314682342360573841e+01
1.000000000000000000e+01	9.912543764226190435e-01	8.420726986289228932e+01
1.100000000000000000e+01	1.103871493569638984e+00	8.522280208395659429e+01
1.200000000000000000e+01	7.914597700892350707e-01	8.240560893010952270e+01
1.300000000000000000e+01	8.582214790682384242e-01	8.300763700824781210e+01
1.400000000000000000e+01	6.959835039845764237e-01	8.154464545464060166e+01
1.500000000000000000e+01	8.007171189530589706e-01	8.248908767908666562e+01
1.600000000000000000e+01	1.729219112175020889e+00	9.086191514374594647e+01
1.700000000000000000e+01	1.005504847603775787e+00	8.433577441900627036e+01
1.800000000000000000e+01	7.195262911328054178e-01	8.175694407787273121e+01
1.900000000000000000e+01	9.336188417212250013e-01	8.368753765831877445e+01
2.000000000000000000e+01	9.285532413032719923e-01	8.364185827516823224e+01
2.100000000000000000e+01	1.050359564106343679e+00	8.474025475937580154e+01
2.200000000000000000e+01	1.143055352610224285e+00	8.557614509618630905e+01
2.300000000000000000e+01	1.047914448619808869e+00	8.471820577052130830e+01
2.400000000000000000e+01	8.783672752726108257e-01	8.318930304341922977e+01
2.500000000000000000e+01	6.917795385550766785e-01	8.150673592136490697e+01
2.600000000000000000e+01	1.171646824805052001e+00	8.583397056710123252e+01
2.700000000000000000e+01	1.196872152449294235e+00	8.606144160932467457e+01
2.800000000000000000e+01	6.720878493855783065e-01	8.132916482608725062e+01
2.900000000000000000e+01	7.087243370792027930e-01	8.165953675055170891e+01
3.000000000000000000e+01	7.703941658133423021e-01	8.221564846548112371e+01
3.100000000000000000e+01	8.077959513156216520e-01	8.255292151299941850e+01
3.200000000000000000e+01	1.227030144007505319e+00	8.633339327107752581e+01
3.300000000000000000e+01	8.259127031889851311e-01	8.271629050817986695e+01
3.400000000000000000e+01	8.940757690901043331e-01	8.333095541403734785e+01
3.500000000000000000e+01	6.874424317312687327e-01	8.146762577685619533e+01
3.600000000000000000e+01	8.823741716163530091e-01	8.322543549332223733e+01
3.700000000000000000e+01	1.037179408790244395e+00	8.462140184659294562e+01
3.800000000000000000e+01	7.979899156661026671e-01	8.246449494503823985e+01
3.900000000000000000e+01	7.748324256724513637e-01	8.225567076410290213e+01
4.000000000000000000e+01	1.163403345357499896e+00	8.575963445191067080e+01
4.100000000000000000e+01	1.456210200602871652e+00	8.840003942393627767e+01
4.200000000000000000e+01	1.156430399390778518e+00	8.569675545549930007e+01
4.300000000000000000e+01	7.971262885265729681e-01	8.245670713081074155e+01
4.400000000000000000e+01	7.593795174573555462e-01	8.211632315337431010e+01
4.500000000000000000e+01	8.153225891459107144e-01	8.262079346201193175e+01
4.600000000000000000e+01	6.773228521028232807e-01	8.137637180555361738e+01
4.700000000000000000e+01	8.376474543077175872e-01	8.282210939405744909e+01
4.800000000000000000e+01	7.215608462561790004e-01	8.177529081179436332e+01
4.900000000000000000e+01	9.330868235166139835e-01	8.368274014935511218e+01
5.000000000000000000e+01	1.568172988149227232e+00	8.940967118502162236e+01
5.100000000000000000e+01	8.156358157841242518e-01	8.262361800371269283e+01
5.200000000000000000e+01	1.073846607674748155e+00	8.495205071123022833e+01
5.300000000000000000e+01	7.687710821570372666e-01	8.220101220243144269e+01
5.400000000000000000e+01	7.529775398722059476e-01	8.205859290169539122e+01
5.500000000000000000e+01	9.748613206243389451e-01	8.405944440982973731e+01
5.600000000000000000e+01	1.230779640532285502e+00	8.636720460127445165e+01
5.700000000000000000e+01	9.696081432049646898e-01	8.401207353879794937e+01
5.800000000000000000e+01	7.665574993007547855e-01	8.218105107421665423e+01
5.900000000000000000e+01	6.620586609082554919e-01	8.123872596290314618e+01
6.000000000000000000e+01	8.054565139907496896e-01	8.253182548388097928e+01
6.100000000000000000e+01	9.380846211482330999e-01	8.372780811644436483e+01
6.200000000000000000e+01	6.840181506474791728e-01	8.143674709817335611e+01
6.300000000000000000e+01	7.517541625992956167e-01	8.204756101710597704e+01
6.400000000000000000e+01	8.850594059761088817e-01	8.324964976982410292e+01
6.500000000000000000e+01	7.420704763318566322e-01	8.196023774270157958e+01
6.600000000000000000e+01	1.160058663027478065e+00	8.572947356019713538e+01
6.700000000000000000e+01	9.818099929831985984e-01	8.412210451739427697e+01
6.800000000000000000e+01	1.001482202749795158e+00	8.429949995588195577e+01
6.900000000000000000e+01	7.176224089829549291e-01	8.173977569603822246e+01
7.000000000000000000e+01	6.869730529201096836e-01	8.146339312272071709e+01
7.100000000000000000e+01	8.004723160823122852e-01	8.248688015318518296e+01
7.200000000000000000e+01	1.082273912693024087e+00	8.502804448553031591e+01
7.300000000000000000e+01	7.538436774703983767e-01	8.206640335414812171e+01
7.400000000000000000e+01	9.318035307922448718e-01	8.367116797326261235e+01
7.500000000000000000e+01	9.474742907763926691e-01	8.381248007657006838e+01
7.600000000000000000e+01	1.777144684695315835e+00	9.129408712914471380e+01
7.700000000000000000e+01	1.543689017389118678e+00	8.918888537699896801e+01
7.800000000000000000e+01	6.623328760191476983e-01	8.124119871560422723e+01
7.900000000000000000e+01	1.044329028838804518e+00	8.468587401309497409e+01
8.000000000000000000e+01	9.916295394215678405e-01	8.421065291977774336e+01
8.100000000000000000e+01	1.408007282252644377e+00	8.796536645437268476e+01
8.200000000000000000e+01	9.762505480204007879e-01	8.407197185875425305e+01
8.300000000000000000e+01	8.159829544571928217e-01	8.262674834940622759e+01
8.400000000000000000e+01	7.010458327422274261e-01	8.159029533538033263e+01
8.500000000000000000e+01	1.210550340919746226e+00	8.618478556865724727e+01
8.600000000000000000e+01	7.270473120522468191e-01	8.182476537602424571e+01
8.700000000000000000e+01	6.508174140766452842e-01	8.113735728421876559e+01
8.800000000000000000e+01	1.056895262121456236e+00	8.479919084377962690e+01
8.900000000000000000e+01	9.518163702382617108e-01	8.385163506216780149e+01
9.000000000000000000e+01	8.294938771535920186e-01	8.274858397867907911e+01
9.100000000000000000e+01	8.739735973051596662e-01	8.314968276492194832e+01
9.200000000000000000e+01	1.078183545931347131e+00	8.499115933567311743e+01
9.300000000000000000e+01	9.641502824431019691e-01	8.396285692233530540e+01
9.400000000000000000e+01	9.814648115427231367e-01	8.411899182117369378e+01
9.500000000000000000e+01	6.830766632650865366e-01	8.142825717411237463e+01
9.600000000000000000e+01	8.392273145158749559e-01	8.283635588683586093e+01
9.700000000000000000e+01	1.039353571375029262e+00	8.464100749993069428e+01
9.800000000000000000e+01	1.540393147092502080e+00	8.915916465098986521e+01
9.900000000000000000e+01	6.287858774659865757e-01	8.093868646157221747e+01
1.000000000000000000e+02	6.268948417590075595e-01	8.092163392337667460e+01
1.010000000000000000e+02	7.667596502282724158e-01	8.218287398342987160e+01
1.020000000000000000e+02	7.518374383405656003e-01	8.204831196155062401e+01
1.030000000000000000e+02	9.611121616105550158e-01	8.393546046897989754e+01
1.040000000000000000e+02	8.191476669336617000e-01	8.265528635119207479e+01
1.050000000000000000e+02	1.137697209652626995e+00	8.552782769154697462e+01
1.060000000000000000e+02	7.058371213154287505e-01	8.163350109352589357e+01
1.070000000000000000e+02	7.179767724039504140e-01	8.174297119136880951e+01
1.080000000000000000e+02	9.022166858615277008e-01	8.340436666358647244e+01
1.090000000000000000e+02	8.790876409994933249e-01	8.319579898848630251e+01
1.100000000000000000e+02	1.196007249189088739e+00	8.605364228759549405e+01
1.110000000000000000e+02	8.091193387909400014e-01	8.256485524613151483e+01
1.120000000000000000e+02	7.569212548992508838e-01	8.209415560994187899e+01
1.130000000000000000e+02	9.632660213194038645e-01	8.395488303980573619e+01
1.140000000000000000e+02	6.731760499702542644e-01	8.133897774604751874e+01
1.150000000000000000e+02	8.321074670136664464e-01	8.277215219621822939e+01
1.160000000000000000e+02	8.773721760046390150e-01	8.318032967067286165e+01
1.170000000000000000e+02	7.184387923361966743e-01	8.174713748633227794e+01
1.180000000000000000e+02	8.310447277151250534e-01	8.276256887507130955e+01
1.190000000000000000e+02	1.037905191638671232e+00	8.462794664090792196e+01
1.200000000000000000e+02	8.763086504896269169e-01	8.317073925976747262e+01
1.210000000000000000e+02	7.940521698262468231e-01	8.242898606432773079e+01
1.220000000000000000e+02	8.960975191195585943e-01	8.334918667718687857e+01
1.230000000000000000e+02	7.388615179124657928e-01	8.193130075023096026e+01
1.240000000000000000e+02	8.399657088002648875e-01	8.284301440559966068e+01
1.250000000000000000e+02	6.408167886797178081e-01	8.104717599048066745e+01
1.260000000000000000e+02	1.406988584713615653e+00	8.795618028267330146e+01
1.270000000000000000e+02	7.990775504968036236e-01	8.247430276327503407e+01
1.280000000000000000e+02	1.046976722425528639e+00	8.470974976322017369e+01
1.290000000000000000e+02	1.185633842077853828e+00	8.596009941036197688e+01
1.300000000000000000e+02	9.603615227246345976e-01	8.392869153372079438e+01
1.310000000000000000e+02	1.167759236240996312e+00	8.579891398290644133e+01
1.320000000000000000e+02	8.516561953208455771e-01	8.294843413256769793e+01
1.330000000000000000e+02	8.838538094494168273e-01	8.323877822427689921e+01
1.340000000000000000e+02	6.836180900376440661e-01	8.143313952545298662e+01
1.350000000000000000e+02	7.552039211380043859e-01	8.207866944040523549e+01
1.360000000000000000e+02	1.235733938988749836e+00	8.641188031170611339e+01
1.370000000000000000e+02	6.575818264032241567e-01	8.119835581488828780e+01
1.380000000000000000e+02	9.424818630497570071e-01	8.376746053295029526e+01
1.390000000000000000e+02	1.042690561580785324e+00	8.467109902741046312e+01
1.400000000000000000e+02	7.499133776470257029e-01	8.203096161837834188e+01
1.410000000000000000e+02	8.557583098962172619e-01	8.298542521910340497e+01
1.420000000000000000e+02	1.018125553886579215e+00	8.444958246353331788e+01
1.430000000000000000e+02	8.960017473153326639e-01	8.334832304867707364e+01
1.440000000000000000e+02	8.759934002384140994e-01	8.316789647000410923e+01
1.450000000000000000e+02	7.766797140036161284e-01	8.227232880747516219e+01
1.460000000000000000e+02	8.836219569641985405e-01	8.323668747932410383e+01
1.470000000000000000e+02	7.602720452792725014e-01	8.212437158139586302e+01
1.480000000000000000e+02	6.681532313255286182e-01	8.129368415033574991e+01
1.490000000000000000e+02	7.950521695370739161e-01	8.243800362713813001e+01
1.500000000000000000e+02	7.341564758387505440e-01	8.188887272553660068e+01
1.510000000000000000e+02	7.289227177919995748e-01	8.184167696996783548e+01
1.520000000000000000e+02	1.263882846321074727e+00	8.666571492502168894e+01
1.530000000000000000e+02	6.988910017562283139e-01	8.157086400599926890e+01
1.540000000000000000e+02	7.393136767561861999e-01	8.193537812218355043e+01
1.550000000000000000e+02	7.249356389135919176e-01	8.180572322535491026e+01
1.560000000000000000e+02	7.107232226890775051e-01	8.167756183230193301e+01
1.570000000000000000e+02	1.105294499042013934e+00	8.523563412889396318e+01
1.580000000000000000e+02	7.777487022411961881e-01	8.228196847883864962e+01
1.590000000000000000e+02	6.209730957538248663e-01	8.086823419138592328e+01
1.600000000000000000e+02	7.353311311828835128e-01	8.189946525694597312e+01
1.610000000000000000e+02	9.771508178233673236e-01	8.408009010059639365e+01
1.620000000000000000e+02	9.232407663307452550e-01	8.359395268457177508e+01
1.630000000000000000e+02	8.111756059451841194e-01	8.258339776971186552e+01
1.640000000000000000e+02	6.524170002919080780e-01	8.115178165755668260e+01
1.650000000000000000e+02	8.337380715107894913e-01	8.278685627894198262e+01
1.660000000000000000e+02	1.038851820423103423e+00	8.463648292789814320e+01
1.670000000000000000e+02	8.258526266179501141e-01	8.271574876377046337e+01
1.680000000000000000e+02	9.422308312188815149e-01	8.376519683699336838e+01
1.690000000000000000e+02	6.886928914130712176e-01	8.147890187883946567e+01
1.700000000000000000e+02	7.887008109082139784e-01	8.238072983520896742e+01
1.710000000000000000e+02	8.942831714297410084e-01	8.333282567820288023e+01
1.720000000000000000e+02	6.616000409913058711e-01	8.123459032780003497e+01
1.730000000000000000e+02	1.003783711530933154e+00	8.432025396187606248e+01
1.740000000000000000e+02	1.033800203059328071e+00	8.459092963785339236e+01
1.750000000000000000e+02	6.657643890294201450e-01	8.127214260865720519e+01
1.760000000000000000e+02	7.376613891145552548e-01	8.192047851028571870e+01
1.770000000000000000e+02	7.674736564650538329e-01	8.218931258137892826e+01
1.780000000000000000e+02	7.965263413157829264e-01	8.245129706759007604e+01
1.790000000000000000e+02	7.522599596155452595e-01	8.205212207478825803e+01
1.800000000000000000e+02	7.558473761411551584e-01	8.208447183798971025e+01
1.810000000000000000e+02	7.399096169020942249e-01	8.194075205143451512e+01
1.820000000000000000e+02	7.477911436922313193e-01	8.201182423485860795e+01
1.830000000000000000e+02	7.781849880354035909e-01	8.228590271452887350e+01
1.840000000000000000e+02	7.464467801655594315e-01	8.199970134881121453e+01
1.850000000000000000e+02	8.135787383252456317e-01	8.260506817315729222e+01
1.860000000000000000e+02	6.763825206422564573e-01	8.136789230509332072e+01
1.870000000000000000e+02	7.983000512441718044e-01	8.246729161290194554e+01
1.880000000000000000e+02	1.121255944599323762e+00	8.537956750837346931e+01
1.890000000000000000e+02	6.344270527463258258e-01	8.098955612869730203e+01
1.900000000000000000e+02	9.822489321725104139e-01	8.412606268024843814e+01
1.910000000000000000e+02	9.567390555309455147e-01	8.389602569882700323e+01
1.920000000000000000e+02	9.426379465139645975e-01	8.376886802579946334e+01
1.930000000000000000e+02	8.639426369692567720e-01	8.305922792388717824e+01
1.940000000000000000e+02	8.957330190145191828e-01	8.334589977364480262e+01
1.950000000000000000e+02	9.387828232374878512e-01	8.373410419945922456e+01
1.960000000000000000e+02	8.670743122573069117e-01	8.308746801066523346e+01
1.970000000000000000e+02	1.213676527897236124e+00	8.621297616423578347e+01
1.980000000000000000e+02	6.613432930363584150e-01	8.123227508632034244e+01
1.990000000000000000e+02	6.738523606709642122e-01	8.134507642203408295e+01
2.000000000000000000e+02	9.200335505832452077e-01	8.356503140675893349e+01
2.010000000000000000e+02	9.067722183275818137e-01	8.344544647561312445e+01
2.020000000000000000e+02	6.981935737077025195e-01	8.156457490294731372e+01
2.030000000000000000e+02	1.142227725922531523e+00	8.556868191838832161e+01
2.040000000000000000e+02	7.001878697865022705e-01	8.158255859830083523e+01
2.050000000000000000e+02	1.171760620148620591e+00	8.583499672405612557e+01
2.060000000000000000e+02	9.303701810854670962e-01	8.365824264851482894e+01
2.070000000000000000e+02	7.233095538803145930e-01	8.179105989719202796e+01
2.080000000000000000e+02	1.046992471305682626e+00	8.470989177977722306e+01
2.090000000000000000e+02	1.173224700767539597e+00	8.584819916681450991e+01
2.100000000000000000e+02	1.117676162739792645e+00	8.534728659127284800e+01
2.110000000000000000e+02	1.157119210018216826e+00	8.570296685039286899e+01
2.120000000000000000e+02	8.203499620726377728e-01	8.266612812625957929e+01
2.130000000000000000e+02	1.014901178411900418e+00	8.442050644675806836e+01
2.140000000000000000e+02	1.148527108810939890e+00	8.562548701567783382e+01
2.150000000000000000e+02	7.576375615867733115e-01	8.210061495235599693e+01
2.160000000000000000e+02	1.164297397182072036e+00	8.576769662272586459e+01
2.170000000000000000e+02	6.497800890025029474e-01	8.112800313750291537e+01
2.180000000000000000e+02	1.149382550222417532e+00	8.563320101456713473e+01
2.190000000000000000e+02	9.797660865125999985e-01	8.410367345708729658e+01
2.200000000000000000e+02	6.543350337111203396e-01	8.116907764938842718e+01
2.210000000000000000e+02	8.022787241196905894e-01	8.250316955583392087e+01
2.220000000000000000e+02	7.120679227808712763e-01	8.168968775334732868e+01
2.230000000000000000e+02	9.245173800822358290e-01	8.360546463258941685e+01
2.240000000000000000e+02	8.715835611708022679e-01	8.312813045772890064e+01
2.250000000000000000e+02	7.592932900578120980e-01	8.211554559215809945e+01
2.260000000000000000e+02	1.036052374802233889e+00	8.461123874387770627e+01
2.270000000000000000e+02	1.084796059482756592e+00	8.505078810920062438e+01
2.280000000000000000e+02	1.157400911117683950e+00	8.570550710848564790e+01
2.290000000000000000e+02	1.252535107805911707e+00	8.656338595061438923e+01
2.300000000000000000e+02	1.141916974824213726e+00	8.556587970003052135e+01
2.310000000000000000e+02	1.138259395226526749e+00	8.553289723673668732e+01
2.320000000000000000e+02	7.193658290427200619e-01	8.175549710047828000e+01
2.330000000000000000e+02	9.513804180903979724e-01	8.384770383515530057e+01
2.340000000000000000e+02	1.087439531084982924e+00	8.507462578730442715e+01
2.350000000000000000e+02	9.291241746076801533e-01	8.364700670359007972e+01
2.360000000000000000e+02	1.110035137557010110e+00	8.527838314682621501e+01
2.370000000000000000e+02	6.796237400884856950e-01	8.139712021348391602e+01
2.380000000000000000e+02	8.847112614987512336e-01	8.324651035422459699e+01
2.390000000000000000e+02	1.057662701433893071e+00	8.480611127798390214e+01
2.400000000000000000e+02	9.705857273781463013e-01	8.402088896803125806e+01
2.410000000000000000e+02	1.339313697254721935e+00	8.734591755785424994e+01
2.420000000000000000e+02	8.767139870162535820e-01	8.317439440841265252e+01
2.430000000000000000e+02	7.665791040952257829e-01	8.218124589686414083e+01
2.440000000000000000e+02	7.109551800409800171e-01	8.167965352289691339e+01
2.450000000000000000e+02	6.543773282444232953e-01	8.116945904310931326e+01
2.460000000000000000e+02	1.344060670424823245e+00	8.738872369895331360e+01
2.470000000000000000e+02	7.386388190636118400e-01	8.192929254879288692e+01
2.480000000000000000e+02	8.620616443313049437e-01	8.304226594972359976e+01
2.490000000000000000e+02	1.119498055760816513e+00	8.536371563077459257e+01
2.500000000000000000e+02	9.651663077016149339e-01	8.397201899657032698e+01
2.510000000000000000e+02	7.463290270574597374e-01	8.199863950245574529e+01
2.520000000000000000e+02	6.572748815174461745e-01	8.119558791930104746e+01
2.530000000000000000e+02	1.020809567217049185e+00	8.447378572932370844e+01
2.540000000000000000e+02	9.012395411172281490e-01	8.339555519693186625e+01
2.550000000000000000e+02	8.846449669349426559e-01	8.324591253865858675e+01
2.560000000000000000e+02	7.252065507216197693e-01	8.180816619030630932e+01
2.570000000000000000e+02	8.295793984144751443e-01	8.274935517224372461e+01
2.580000000000000000e+02	1.196449729255606442e+00	8.605763238054149156e+01
2.590000000000000000e+02	9.245240511611120260e-01	8.360552478947958832e+01
2.600000000000000000e+02	7.444330001037471334e-01	8.198154195536628208e+01
2.610000000000000000e+02	1.036846245657487620e+00	8.461839752624842959e+01
2.620000000000000000e+02	9.528480722054850638e-01	8.386093850214915335e+01
2.630000000000000000e+02	7.154377268805108825e-01	8.172007518226180878e+01
2.640000000000000000e+02	1.057853711366588456e+00	8.480783372254748542e+01
2.650000000000000000e+02	8.820498853701438380e-01	8.322251122088286479e+01
2.660000000000000000e+02	7.989640342493388170e-01	8.247327912308750797e+01
2.670000000000000000e+02	1.265869238584934164e+00	8.668362734720692231e+01
2.680000000000000000e+02	8.547056475865516534e-01	8.297593276786290062e+01
2.690000000000000000e+02	6.901886916546183803e-01	8.149239035536993470e+01
2.700000000000000000e+02	7.088842594837176936e-01	8.166097886129622907e+01
2.710000000000000000e+02	6.078221485715090688e-01	8.074964466486021308e+01
2.720000000000000000e+02	9.171774941311169327e-01	8.353927673086424477e+01
2.730000000000000000e+02	9.760141589880680923e-01	8.406984020519108469e+01
2.740000000000000000e+02	7.179154290673055439e-01	8.174241802381764899e+01
2.750000000000000000e+02	9.050374455737918433e-01	8.342980304882038922e+01
2.760000000000000000e+02	1.013688363486810129e+00	8.440956980883109395e+01
2.770000000000000000e+02	1.330593121616088892e+00	8.726727919654990728e+01
2.780000000000000000e+02	1.141903637865208321e+00	8.556575943313021071e+01
2.790000000000000000e+02	7.699224184634739787e-01	8.221139445289288972e+01
2.800000000000000000e+02	9.347425252348854352e-01	8.369767054791238081e+01
2.810000000000000000e+02	6.215983805042099020e-01	8.087387273752743511e+01
2.820000000000000000e+02	7.426012381930607864e-01	8.196502392250638991e+01
2.830000000000000000e+02	1.280619446242023507e+00	8.681663830968439299e+01
2.840000000000000000e+02	9.929681374888803536e-01	8.422272381541819186e+01
2.850000000000000000e+02	7.815062341200905704e-01	8.231585226836695313e+01
2.860000000000000000e+02	8.186868593172809128e-01	8.265113098836621930e+01
2.870000000000000000e+02	7.254517662710752157e-01	8.181037743756505165e+01
2.880000000000000000e+02	9.474918675104305743e-01	8.381263857591909527e+01
2.890000000000000000e+02	7.742350048760356929e-01	8.225028348298911851e+01
2.900000000000000000e+02	7.548142601807610319e-01	8.207515564723243529e+01
2.910000000000000000e+02	1.145001213256211958e+00	8.559369202185590098e+01
2.920000000000000000e+02	7.917350005306952321e-01	8.240809083862042428e+01
2.930000000000000000e+02	8.693866881674913172e-01	8.310832001170641092e+01
2.940000000000000000e+02	8.274727308907289247e-01	8.273035816003428522e+01
2.950000000000000000e+02	6.900957150031284959e-01	8.149155193233276862e+01
2.960000000000000000e+02	8.901389597134217180e-01	8.329545497794477171e+01
2.970000000000000000e+02	9.026499161794719894e-01	8.340827334631961776e+01
2.980000000000000000e+02	7.334322686105156919e-01	8.188234213947977480e+01
2.990000000000000000e+02	8.462183875330655525e-01	8.289939834511066863e+01
3.000000000000000000e+02	1.359058556047666899e+00	8.752396811368957685e+01
3.010000000000000000e+02	1.026099709997616127e+00	8.452148993791824694e+01
3.020000000000000000e+02	1.010341171611207400e+00	8.437938628712612399e+01
3.030000000000000000e+02	8.379760570330926361e-01	8.282507259063005733e+01
3.040000000000000000e+02	9.291818007971982540e-01	8.364752635152385096e+01
3.050000000000000000e+02	1.108262232315867513e+00	8.526239585783422115e+01
3.060000000000000000e+02	9.358758035535214015e-01	8.370788995928752740e+01
3.070000000000000000e+02	8.338325778130898369e-01	8.278770849570540236e+01
3.080000000000000000e+02	9.553419700362463240e-01	8.388342738898396078e+01
3.090000000000000000e+02	6.317081461422439093e-01	8.096503821052945682e+01
3.100000000000000000e+02	6.104919058731479442e-01	8.077371937597803253e+01
3.110000000000000000e+02	9.809119574784744833e-01	8.411400642348269230e+01
3.120000000000000000e+02	8.005126889601057449e-01	8.248724421825180286e+01
3.130000000000000000e+02	7.322052828716152373e-01	8.187127771531223175e+01
3.140000000000000000e+02	9.558332298959363316e-01	8.388785735690596823e+01
3.150000000000000000e+02	7.769862297085136094e-01	8.227509283289572295e+01
3.160000000000000000e+02	9.443804684545366035e-01	8.378458133139093889e+01
3.170000000000000000e+02	9.438826422616791723e-01	8.378009215113003449e+01
3.180000000000000000e+02	8.448137117679594965e-01	8.288673158950768993e+01
3.190000000000000000e+02	1.382268303411064991e+00	8.773326352887519874e+01
3.200000000000000000e+02	1.380197954977971708e+00	8.771459402644164527e+01
3.210000000000000000e+02	7.475829473745897458e-01	8.200994681094447003e+01
3.220000000000000000e+02	9.959605385209649997e-01	8.424970798748202583e+01
3.230000000000000000e+02	6.337098480665033229e-01	8.098308868857887433e+01
3.240000000000000000e+02	1.070867644208256531e+00	8.492518771329319804e+01
3.250000000000000000e+02	7.213711841872548769e-01	8.177358052168051472e+01
3.260000000000000000e+02	8.473068299551668181e-01	8.290921344585574104e+01
3.270000000000000000e+02	6.494009369119514430e-01	8.112458410872298487e+01
3.280000000000000000e+02	1.029255719510198119e+00	8.454994946015790447e+01
3.290000000000000000e+02	6.996356183497555170e-01	8.157757863484276584e+01
3.300000000000000000e+02	7.500863933526137339e-01	8.203252179882183270e+01
3.310000000000000000e+02	9.134523258143789626e-01	8.350568478187486221e+01
3.320000000000000000e+02	8.980161695610845429e-01	8.336648823305769440e+01
3.330000000000000000e+02	7.998547974446230668e-01	8.248131163847295966e+01
3.340000000000000000e+02	7.698128771082991539e-01	8.221040665655662849e+01
3.350000000000000000e+02	1.169455157907555831e+00	8.581420706747850602e+01
3.360000000000000000e+02	1.083203937664508620e+00	8.503643104655108687e+01
3.370000000000000000e+02	8.930172367213017326e-01	8.332141002915456340e+01
3.380000000000000000e+02	1.330307703620759341e+00	8.726470542110554618e+01
3.390000000000000000e+02	1.040617734421562579e+00	8.465240717290188854e+01
3.400000000000000000e+02	8.648283924081240359e-01	8.306721528150154654e+01
3.410000000000000000e+02	9.381323848398209764e-01	8.372823882865786516e+01
3.420000000000000000e+02	1.010910629772375557e+00	8.438452141334728651e+01
3.430000000000000000e+02	1.006851277503991948e+00	8.434791593871227633e+01
3.440000000000000000e+02	7.152723039086515966e-01	8.171858346979142596e+01
3.450000000000000000e+02	1.087847866777091221e+00	8.507830798112053117e+01
3.460000000000000000e+02	7.807629092391316084e-01	8.230914928762604177e+01
3.470000000000000000e+02	1.103895818257769612e+00	8.522302143342307090e+01
3.480000000000000000e+02	1.046418150922106438e+00	8.470471280814740567e+01
3.490000000000000000e+02	8.167468912833605321e-01	8.263363719971144405e+01
3.500000000000000000e+02	8.973012993853326513e-01	8.336004184448243848e+01
3.510000000000000000e+02	7.232764392814307053e-01	8.179076128413029778e+01
3.520000000000000000e+02	7.683780343448158856e-01	8.219746786807230876e+01
3.530000000000000000e+02	8.791604161714834387e-01	8.319645524336053199e+01
3.540000000000000000e+02	7.891879208738167284e-01	8.238512238118956077e+01
3.550000000000000000e+02	7.281158494964314887e-01	8.183440098232880189e+01
3.560000000000000000e+02	9.273583056007218550e-01	8.363108286430014005e+01
3.570000000000000000e+02	9.439459483425357567e-01	8.378066301785551673e+01
3.580000000000000000e+02	6.913298528709866941e-01	8.150268085129106055e+01
3.590000000000000000e+02	8.552186757579970378e-01	8.298055903296020119e+01
3.600000000000000000e+02	6.221619633431051399e-01	8.087895488264565813e+01
3.610000000000000000e+02	9.791080077861694653e-01	8.409773918912148361e+01
3.620000000000000000e+02	7.874954441525060522e-01	8.236986036163663982e+01
3.630000000000000000e+02	9.311815508774670125e-01	8.366555922869240192e+01
3.640000000000000000e+02	9.677509938655991517e-01	8.399532657313915252e+01
3.650000000000000000e+02	1.047539001450725316e+00	8.471482015111307362e+01
3.660000000000000000e+02	8.321206088509672805e-01	8.277227070359580807e+01
3.670000000000000000e+02	1.101787210290809282e+00	8.520400692314001390e+01
3.680000000000000000e+02	1.082059738007047356e+00	8.502611315128862657e+01
3.690000000000000000e+02	8.058089883634385053e-01	8.253500394459487666e+01
3.700000000000000000e+02	9.607379244754822301e-01	8.393208576113252661e+01
3.710000000000000000e+02	8.749628366509528687e-01	8.315860329543673402e+01
3.720000000000000000e+02	8.305340662017218767e-01	8.275796395146772966e+01
3.730000000000000000e+02	8.501309235226820471e-01	8.293467989434746812e+01
3.740000000000000000e+02	1.087315029378561615e+00	8.507350308502211078e+01
3.750000000000000000e+02	9.842696761112977866e-01	8.414428487090955855e+01
3.760000000000000000e+02	7.568780147376145129e-01	8.209376568895564219e+01
3.770000000000000000e+02	7.839564335983139065e-01	8.233794710244907833e+01
3.780000000000000000e+02	8.255825182849559907e-01	8.271331304420772312e+01
3.790000000000000000e+02	7.208395967793755910e-01	8.176878689745456086e+01
3.800000000000000000e+02	8.474361268129343427e-01	8.291037938872899815e+01
3.810000000000000000e+02	1.193402508322179978e+00	8.603015386643110674e+01
3.820000000000000000e+02	1.226665472959657999e+00	8.633010482604750280e+01
3.830000000000000000e+02	8.647871262515715030e-01	8.306684316123528333e+01
3.840000000000000000e+02	7.618422306264679422e-01	8.213853083048263670e+01
3.850000000000000000e+02	1.085124059243440797e+00	8.505374586849968921e+01
3.860000000000000000e+02	8.563555395302114848e-01	8.299081077639755222e+01
3.870000000000000000e+02	9.173113172372063806e-01	8.354048348947785030e+01
3.880000000000000000e+02	1.049920803003657532e+00	8.473629820242942401e+01
3.890000000000000000e+02	1.191977246376016542e+00	8.601730147359373291e+01
3.900000000000000000e+02	1.039644817422963996e+00	8.464363383022069343e+01
3.910000000000000000e+02	9.791441599951952179e-01	8.409806519403137770e+01
3.920000000000000000e+02	9.536146380542388501e-01	8.386785105983753397e+01
3.930000000000000000e+02	7.932333508023623470e-01	8.242160231021432537e+01
3.940000000000000000e+02	9.150011764675168857e-01	8.351965164396230534e+01
3.950000000000000000e+02	1.442121702007264972e+00	8.827299546620844239e+01
3.960000000000000000e+02	1.170868154559552732e+00	8.582694885722335698e+01
3.970000000000000000e+02	7.202111943840335817e-01	8.176312023774571003e+01
3.980000000000000000e+02	9.084649767945077725e-01	8.346071103582556816e+01
3.990000000000000000e+02	9.365217218596405546e-01	8.371371456986767612e+01
4.000000000000000000e+02	8.662720290184670047e-01	8.308023336907518797e+01
4.010000000000000000e+02	7.523786139785773042e-01	8.205319204826903956e+01
4.020000000000000000e+02	1.471675911347619436e+00	8.853950248231352305e+01
4.030000000000000000e+02	8.640920670403281489e-01	8.306057541932848665e+01
4.040000000000000000e+02	1.254826012470002361e+00	8.658404433328932726e+01
4.050000000000000000e+02	1.023721067713189159e+00	8.450004037551231306e+01
4.060000000000000000e+02	7.867347016248310565e-01	8.236300031612704231e+01
4.070000000000000000e+02	8.514658107749736304e-01	8.294671732747072213e+01
4.080000000000000000e+02	8.973125953692974166e-01	8.336014370675680141e+01
4.090000000000000000e+02	1.705136894410212767e+00	9.064475216964031290e+01
4.100000000000000000e+02	8.137282266322994895e-01	8.260641619374537470e+01
4.110000000000000000e+02	1.094962049606515775e+00	8.514246059018077517e+01
4.120000000000000000e+02	6.272769508365123592e-01	8.092507961697990027e+01
4.130000000000000000e+02	9.297229932161735766e-01	8.365240658956570030e+01
4.140000000000000000e+02	6.235441718555763124e-01	8.089141903832823743e+01
4.150000000000000000e+02	7.489286172454526769e-01	8.202208147703606755e+01
4.160000000000000000e+02	8.324130434855008254e-01	8.277490775204320528e+01
4.170000000000000000e+02	8.014062173062285188e-01	8.249530166856584401e+01
4.180000000000000000e+02	8.979351643218048684e-01	8.336575776301327778e+01
4.190000000000000000e+02	8.366579798229080156e-01	8.281318674316119655e+01
4.200000000000000000e+02	8.661878891986403151e-01	8.307947463274564370e+01
4.210000000000000000e+02	8.221171778370223171e-01	8.268206411002270784e+01
4.220000000000000000e+02	7.852215872910800476e-01	8.234935570863746079e+01
4.230000000000000000e+02	9.534943645865712192e-01	8.386676648597477879e+01
4.240000000000000000e+02	7.804128937612754280e-01	8.230599300015714448e+01
4.250000000000000000e+02	6.315016063502789656e-01	8.096317572444398536e+01
4.260000000000000000e+02	8.397890817609937608e-01	8.284142165971843497e+01
4.270000000000000000e+02	1.174664493768251328e+00	8.586118259438687517e+01
4.280000000000000000e+02	8.975890158372988870e-01	8.336263634640990006e+01
4.290000000000000000e+02	7.235741956316371626e-01	8.179344632149692984e+01
4.300000000000000000e+02	7.281597526340231052e-01	8.183479688174409716e+01
4.310000000000000000e+02	1.147637977953959831e+00	8.561746922000980931e+01
4.320000000000000000e+02	7.020396326361180162e-01	8.159925699093594176e+01
4.330000000000000000e+02	6.976733122830197642e-01	8.155988341151575582e+01
4.340000000000000000e+02	1.199509829085017909e+00	8.608522703093893824e+01
4.350000000000000000e+02	9.079990172132715864e-01	8.345650921481961859e+01
4.360000000000000000e+02	1.347173078001205004e+00	8.741679003788094349e+01
4.370000000000000000e+02	8.232489451463917973e-01	8.269226989577293807e+01
4.380000000000000000e+02	7.262499698493145583e-01	8.181757529054873146e+01
4.390000000000000000e+02	9.515404535764390159e-01	8.384914696561989444e+01
4.400000000000000000e+02	1.326165099454096996e+00	8.722734921703161604e+01
4.410000000000000000e+02	1.032318469728989330e+00	8.457756801061498209e+01
4.420000000000000000e+02	7.129417095615683264e-01	8.169756718280368091e+01
4.430000000000000000e+02	7.230421667703818001e-01	8.178864871643627055e+01
4.440000000000000000e+02	7.615908454173557773e-01	8.213626394791434393e+01
4.450000000000000000e+02	7.962309356687257145e-01	8.244863322784287618e+01
4.460000000000000000e+02	1.082228521999199833e+00	8.502763517197938370e+01
4.470000000000000000e+02	1.056714128071595482e+00	8.479755745563556957e+01
4.480000000000000000e+02	7.002324104714950925e-01	8.158296024684150893e+01
4.490000000000000000e+02	7.089526671203376651e-01	8.166159573163454866e+01
4.500000000000000000e+02	1.049337427888214380e+00	8.473103757916265977e+01
4.510000000000000000e+02	7.572821158501257255e-01	8.209740969717320525e+01
4.520000000000000000e+02	7.895073625646719107e-01	8.238800296753410635e+01
4.530000000000000000e+02	7.695282067895493627e-01	8.220783962333472061e+01
4.540000000000000000e+02	1.053039497268486890e+00	8.476442123198140166e+01
4.550000000000000000e+02	8.810292407781484814e-01	8.321330749150598649e+01
4.560000000000000000e+02	1.074663516003054209e+00	8.495941723552127200e+01
4.570000000000000000e+02	1.036575185718646486e+00	8.461595322551772824e+01
4.580000000000000000e+02	1.123885609429276844e+00	8.540328068300509301e+01
4.590000000000000000e+02	7.014459012245051195e-01	8.159390297909097001e+01
4.600000000000000000e+02	9.239627840067888842e-01	8.360046352619848165e+01
4.610000000000000000e+02	6.050450562430912393e-01	8.072460205311676873e+01
4.620000000000000000e+02	7.132511939457411021e-01	8.170035797848382231e+01
4.630000000000000000e+02	8.763063729046128847e-01	8.317071872149561784e+01
4.640000000000000000e+02	9.890420140310938191e-01	8.418731974029830667e+01
4.650000000000000000e+02	5.965311474406815861e-01	8.064782732352782091e+01
4.660000000000000000e+02	6.981977774629170019e-01	8.156461281058496127e+01
4.670000000000000000e+02	7.815508394998990083e-01	8.231625450029736157e+01
4.680000000000000000e+02	1.229946397146302051e+00	8.635969077453219711e+01
4.690000000000000000e+02	9.798607032063965105e-01	8.410452666931324472e+01
4.700000000000000000e+02	7.314397387265346717e-01	8.186437437090357605e+01
4.710000000000000000e+02	6.891296164855288398e-01	8.148284007575004750e+01
4.720000000000000000e+02	1.729778934525306067e+00	9.086696337841212312e+01
4.730000000000000000e+02	6.821047714506419668e-01	8.141949307609635866e+01
4.740000000000000000e+02	8.227720346767293247e-01	8.268796932441421177e+01
4.750000000000000000e+02	9.570891346771243091e-01	8.389918256042915345e+01
4.760000000000000000e+02	5.906627194024711702e-01	8.059490838979219518e+01
4.770000000000000000e+02	1.031494442704232073e+00	8.457013729301299065e+01
4.780000000000000000e+02	6.425861460253516899e-01	8.106313128609279772e+01
4.790000000000000000e+02	1.135365789767577294e+00	8.550680396021661522e+01
4.800000000000000000e+02	8.631757298545638113e-01	8.305231228881086736e+01
4.810000000000000000e+02	9.117599823531649106e-01	8.349042396400356836e+01
4.820000000000000000e+02	9.612403352700596981e-01	8.393661628333936164e+01
4.830000000000000000e+02	6.704051817786595979e-01	8.131399126086503770e+01
4.840000000000000000e+02	1.031796356449361518e+00	8.457285981996029989e+01
4.850000000000000000e+02	7.101873044772484267e-01	8.167272915476804940e+01
4.860000000000000000e+02	6.219103534258401123e-01	8.087668597375689217e+01
4.870000000000000000e+02	6.555856035243023960e-01	8.118035474448862487e+01
4.880000000000000000e+02	9.548589947573696834e-01	8.387907212781138355e+01
4.890000000000000000e+02	9.148087137719985718e-01	8.351791609901493985e+01
4.900000000000000000e+02	8.009680854393833593e-01	8.249135078579483604e+01
4.910000000000000000e+02	9.387171022885244520e-01	8.373351155650262001e+01
4.920000000000000000e+02	1.084458621281355839e+00	8.504774523814494103e+01
4.930000000000000000e+02	7.123525860382373676e-01	8.169225472289274137e+01
4.940000000000000000e+02	6.787494148355849299e-01	8.138923592831923770e+01
4.950000000000000000e+02	7.093134197646272510e-01	8.166484884220416518e+01
4.960000000000000000e+02	9.966984269321066403e-01	8.425636194450071059e+01
4.970000000000000000e+02	6.141822634538530723e-01	8.080699741687800497e+01
4.980000000000000000e+02	1.198649628200557871e+00	8.607747011319067099e+01
4.990000000000000000e+02	6.722391748830792713e-01	8.133052941366038624e+01
5.000000000000000000e+02	1.179475913117876695e+00	8.590456988312574538e+01
5.010000000000000000e+02	7.932564594934873314e-01	8.242181069434826668e+01
5.020000000000000000e+02	1.296705629047403274e+00	8.696169651545845625e+01
5.030000000000000000e+02	9.462563377975791168e-01	8.380149710590751511e+01
5.040000000000000000e+02	1.041691694172844018e+00	8.466209167521540735e+01
5.050000000000000000e+02	8.930569157169778727e-01	8.332176783709380175e+01
5.060000000000000000e+02	7.199779062065577717e-01	8.176101654634406657e+01
5.070000000000000000e+02	1.228466292433245455e+00	8.634634383345665753e+01
5.080000000000000000e+02	7.526162250063154202e-01	8.205533472125571848e+01
5.090000000000000000e+02	9.640494657700651171e-01	8.396194780139096281e+01
5.100000000000000000e+02	9.214902187637564746e-01	8.357816700736907478e+01
5.110000000000000000e+02	7.463988168709917437e-01	8.199926883666478261e+01
5.120000000000000000e+02	1.344411847714607200e+00	8.739189046313727260e+01
5.130000000000000000e+02	7.373191565533327996e-01	8.191739240577670955e+01
5.140000000000000000e+02	7.626734041311776791e-01	8.214602599193510457e+01
5.150000000000000000e+02	9.037671822281597711e-01	8.341834836600301628e+01
5.160000000000000000e+02	9.145312728397468893e-01	8.351541425725871193e+01
5.170000000000000000e+02	7.807880457415206088e-01	8.230937595768071446e+01
5.180000000000000000e+02	8.534244098470227247e-01	8.296437912273063375e+01
5.190000000000000000e+02	6.800794224348886141e-01	8.140122935885244715e+01
5.200000000000000000e+02	7.747388514855549912e-01	8.225482695275111666e+01
5.210000000000000000e+02	6.822942406783031322e-01	8.142120162725150578e+01
5.220000000000000000e+02	1.066806920976891115e+00	8.488856987590980907e+01
5.230000000000000000e+02	8.579389038179466853e-01	8.300508886744277959e+01
5.240000000000000000e+02	6.999102890305147762e-01	8.158005549567492665e+01
5.250000000000000000e+02	7.135401854932510446e-01	8.170296397866876248e+01
5.260000000000000000e+02	1.091294040941025223e+00	8.510938408208576789e+01
5.270000000000000000e+02	8.937777715903022502e-01	8.332826820208848062e+01
5.280000000000000000e+02	1.368234669152397665e+00	8.760671431389482677e+01
5.290000000000000000e+02	9.179736182591915483e-01	8.354645583227004124e+01
5.300000000000000000e+02	9.155446444970053443e-01	8.352455240247083168e+01
5.310000000000000000e+02	9.414855339425914904e-01	8.375847607004853046e+01
5.320000000000000000e+02	7.474400953542051917e-01	8.200865863350556140e+01
5.330000000000000000e+02	7.399774198294205574e-01	8.194136346876720722e+01
5.340000000000000000e+02	9.085091259917102979e-01	8.346110915409950337e+01
5.350000000000000000e+02	7.423516693357080642e-01	8.196277341900891145e+01
5.360000000000000000e+02	1.283595886196011504e+00	8.684347855168235242e+01
5.370000000000000000e+02	8.709012195053374983e-01	8.312197739712311773e+01
5.380000000000000000e+02	1.249101799001712809e+00	8.653242586387219148e+01
5.390000000000000000e+02	6.253945429459775163e-01	8.090810488068356676e+01
5.400000000000000000e+02	7.413576538294786022e-01	8.195380981915494090e+01
5.410000000000000000e+02	7.923018020410611539e-01	8.241320200831918896e+01
5.420000000000000000e+02	7.105895440107546923e-01	8.167635637607516230e+01
5.430000000000000000e+02	8.011118623510075087e-01	8.249264730350100194e+01
5.440000000000000000e+02	7.418144398578919718e-01	8.195792891704819283e+01
5.450000000000000000e+02	8.230205042233231794e-01	8.269020991480502403e+01
5.460000000000000000e+02	7.276920811825372537e-01	8.183057962383617223e+01
5.470000000000000000e+02	1.116092692975693357e+00	8.533300754908759700e+01
5.480000000000000000e+02	8.021576282476590158e-01	8.250207756588601171e+01
5.490000000000000000e+02	7.207027145305450189e-01	8.176755255282115797e+01
5.500000000000000000e+02	7.956163936129635461e-01	8.244309155465290928e+01
5.510000000000000000e+02	9.432706992272769098e-01	8.377457391478519355e+01
5.520000000000000000e+02	7.492034210582231291e-01	8.202455953839485403e+01
5.530000000000000000e+02	7.752662153600243800e-01	8.225958249098825092e+01
5.540000000000000000e+02	7.247190076547224136e-01	8.180376973880645153e+01
5.550000000000000000e+02	7.704691756501761413e-01	8.221632487159176605e+01
5.560000000000000000e+02	9.912266733581031053e-01	8.420702004869573898e+01
5.570000000000000000e+02	8.551791236782457784e-01	8.298020236949362527e+01
5.580000000000000000e+02	9.659420533667143483e-01	8.397901433385311520e+01
5.590000000000000000e+02	1.123754841078193900e+00	8.540210147084459891e+01
5.600000000000000000e+02	9.947115360850197208e-01	8.423844502630859665e+01
5.610000000000000000e+02	1.179874368216226266e+00	8.590816297804126123e+01
5.620000000000000000e+02	7.728629119248803248e-01	8.223791054504243903e+01
5.630000000000000000e+02	7.477917005060729094e-01	8.201182925596384621e+01
5.640000000000000000e+02	6.929513667144914235e-01	8.151730295845112551e+01
5.650000000000000000e+02	9.205966116254874487e-01	8.357010884654170013e+01
5.660000000000000000e+02	8.782022677579958136e-01	8.318781507736171932e+01
5.670000000000000000e+02	7.695019287995976676e-01	8.220760265984128523e+01
5.680000000000000000e+02	1.152106635010532232e+00	8.565776562734824040e+01
5.690000000000000000e+02	7.165179339477399934e-01	8.172981602015558167e+01
5.700000000000000000e+02	7.088727734478608156e-01	8.166087528521650540e+01
5.710000000000000000e+02	6.619636852661238136e-01	8.123786951383709720e+01
5.720000000000000000e+02	9.287002261197264685e-01	8.364318372036606775e+01
5.730000000000000000e+02	9.506546898678026603e-01	8.384115953343233230e+01
5.740000000000000000e+02	1.138322473891037356e+00	8.553346605272039938e+01
5.750000000000000000e+02	9.120462492257787046e-01	8.349300539425438217e+01
5.760000000000000000e+02	7.020443670987080997e-01	8.159929968426206415e+01
5.770000000000000000e+02	6.795730596481607266e-01	8.139666319929786198e+01
5.780000000000000000e+02	1.197395135219611717e+00	8.606615764066852137e+01
5.790000000000000000e+02	8.381440626630187740e-01	8.282658759238852042e+01
5.800000000000000000e+02	7.264902626912762562e-01	8.181974214697061143e+01
5.810000000000000000e+02	1.334264218180270412e+00	8.730038354997336114e+01
5.820000000000000000e+02	1.014783716554829684e+00	8.441944722677780533e+01
5.830000000000000000e+02	1.138664078781733924e+00	8.553654649716936831e+01
5.840000000000000000e+02	1.173325338060283274e+00	8.584910667018532138e+01
5.850000000000000000e+02	1.456837587203520190e+00	8.840569692365002652e+01
5.860000000000000000e+02	1.083866961095613535e+00	8.504240990371476983e+01
5.870000000000000000e+02	6.958547533729951828e-01	8.154348443757804432e+01
5.880000000000000000e+02	6.618289497110972919e-01	8.123665452715550828e+01
5.890000000000000000e+02	7.187594210226030400e-01	8.175002877648684319e+01
5.900000000000000000e+02	6.930482869966279047e-01	8.151817694343563403e+01
5.910000000000000000e+02	1.066818757471108325e+00	8.488867661227072858e+01
5.920000000000000000e+02	8.456511932855080849e-01	8.289428363387858667e+01
5.930000000000000000e+02	7.074685447700813645e-01	8.164821256125273408e+01
5.940000000000000000e+02	1.407661671275487025e+00	8.796224988477698048e+01
5.950000000000000000e+02	6.611877787847189047e-01	8.123087272638274214e+01
5.960000000000000000e+02	6.912570226246962379e-01	8.150202409978072637e+01
5.970000000000000000e+02	6.847368115353688056e-01	8.144322766974329397e+01
5.980000000000000000e+02	1.896237568562813447e+00	9.236801500024287748e+01
5.990000000000000000e+02	7.442799065157009730e-01	8.198016142392098971e+01
6.000000000000000000e+02	8.672255977652717496e-01	8.308883223763010051e+01
6.010000000000000000e+02	7.228357210301180613e-01	8.178678707846816565e+01
6.020000000000000000e+02	1.029828426699947119e+00	8.455511388470685574e+01
6.030000000000000000e+02	6.569735920504646831e-01	8.119287102182278204e+01
6.040000000000000000e+02	1.058225416235206051e+00	8.481118559551643443e+01
6.050000000000000000e+02	1.191096616998217783e+00	8.600936034057038171e+01
6.060000000000000000e+02	1.887810271490335978e+00	9.229202129759455886e+01
6.070000000000000000e+02	9.160305247150232200e-01	8.352893385912213375e+01
6.080000000000000000e+02	7.042359914112801267e-01	8.161906279987243806e+01
6.090000000000000000e+02	7.371494569299591459e-01	8.191586212832152114e+01
6.100000000000000000e+02	6.812080027420396311e-01	8.141140640560169572e+01
6.110000000000000000e+02	6.932031395365975124e-01	8.151957333634494773e+01
6.120000000000000000e+02	7.671489650530672888e-01	8.218638465533067006e+01
6.130000000000000000e+02	1.130656475932853455e+00	8.546433741463791023e+01
6.140000000000000000e+02	9.860906539683004235e-01	8.416070565785987867e+01
6.150000000000000000e+02	8.732714848870423152e-01	8.314335142026075687e+01
6.160000000000000000e+02	1.729845141257938756e+00	9.086756040195476203e+01
6.170000000000000000e+02	1.190033024836892217e+00	8.599976932867751600e+01
6.180000000000000000e+02	9.288443590927794036e-01	8.364448344887946973e+01
6.190000000000000000e+02	7.851540028057329978e-01	8.234874626111960083e+01
6.200000000000000000e+02	1.289271468560782674e+00	8.689465848694214856e+01
6.210000000000000000e+02	7.516292960193281525e-01	8.204643502455260773e+01
6.220000000000000000e+02	1.098081564266079280e+00	8.517059101769591223e+01
6.230000000000000000e+02	1.069153668606938279e+00	8.490973182618338910e+01
6.240000000000000000e+02	1.691309511173481051e+00	9.052006283674278109e+01
6.250000000000000000e+02	1.397507188718312365e+00	8.787068117403130429e+01
6.260000000000000000e+02	1.105381120939685768e+00	8.523641524752284226e+01
6.270000000000000000e+02	1.291359727883484743e+00	8.691348950199444801e+01
6.280000000000000000e+02	6.422001363731281165e-01	8.105965041880187982e+01
6.290000000000000000e+02	1.353531649965768802e+00	8.747412887653671021e+01
6.300000000000000000e+02	1.078225134038062638e+00	8.499153435914602994e+01
6.310000000000000000e+02	9.777305794933324190e-01	8.408531813938216715e+01
6.320000000000000000e+02	7.579169086356116747e-01	8.210313398264322871e+01
6.330000000000000000e+02	7.767555076963124083e-01	8.227301228205732286e+01
6.340000000000000000e+02	7.649605123208021995e-01	8.216665013965318565e+01
6.350000000000000000e+02	7.825376517722058001e-01	8.232515314451822519e+01
6.360000000000000000e+02	7.350432123808409157e-01	8.189686893031345960e+01
6.370000000000000000e+02	1.515399264796743140e+00	8.893378068233707268e+01
6.380000000000000000e+02	6.369365680599200497e-01	8.101218584720521676e+01
6.390000000000000000e+02	1.026375861421968017e+00	8.452398015145263344e+01
6.400000000000000000e+02	7.798895955230041865e-01	8.230127412406039866e+01
6.410000000000000000e+02	8.216967452066509248e-01	8.267827283127445526e+01
6.420000000000000000e+02	1.083436585747376224e+00	8.503852896585772214e+01
6.430000000000000000e+02	7.208257279717407151e-01	8.176866183457444492e+01
6.440000000000000000e+02	1.024153969983324863e+00	8.450394410005287682e+01
6.450000000000000000e+02	6.807104997640744948e-01	8.140692013995221998e+01
6.460000000000000000e+02	8.627636023211658900e-01	8.304859590181787610e+01
6.470000000000000000e+02	8.388622045033240493e-01	8.283306348341290004e+01
6.480000000000000000e+02	6.014941188487593626e-01	8.069258124286801603e+01
6.490000000000000000e+02	6.657368451620434557e-01	8.127189423003127899e+01
6.500000000000000000e+02	7.705495357311262783e-01	8.221704952387872822e+01
6.510000000000000000e+02	1.172897633661672989e+00	8.584524981779127017e+01
6.520000000000000000e+02	1.282203306000597731e+00	8.683092086867034709e+01
6.530000000000000000e+02	9.447927364000604511e-01	8.378829898455946079e+01
6.540000000000000000e+02	7.581418774812699324e-01	8.210516265392597290e+01
6.550000000000000000e+02	9.025585060703452678e-01	8.340744904968070728e+01
6.560000000000000000e+02	1.376785074388137131e+00	8.768381815245885491e+01
6.570000000000000000e+02	1.332998368729145122e+00	8.728896866973845192e+01
6.580000000000000000e+02	9.057191214394032519e-01	8.343595010553244151e+01
6.590000000000000000e+02	8.224158122445525132e-01	8.268475706532868230e+01
6.600000000000000000e+02	7.971705546358019978e-01	8.245710630334652080e+01
6.610000000000000000e+02	8.511231664278789966e-01	8.294362750965566988e+01
6.620000000000000000e+02	1.395883680041765995e+00	8.785604107833378862e+01
6.630000000000000000e+02	9.040208883398058726e-01	8.342063617746174486e+01
6.640000000000000000e+02	1.708021636019369627e+00	9.067076551581502031e+01
6.650000000000000000e+02	1.129614905850909512e+00	8.545494498828651331e+01
6.660000000000000000e+02	7.755034347088584079e-01	8.226172163198478415e+01
6.670000000000000000e+02	6.849128519807764492e-01	8.144481512597597828e+01
6.680000000000000000e+02	9.749477984510509510e-01	8.406022422928931803e+01
6.690000000000000000e+02	9.959073664662770886e-01	8.424922850500047389e+01
6.700000000000000000e+02	8.526947512418602271e-01	8.295779937852574903e+01
6.710000000000000000e+02	1.268641811340111225e+00	8.670862920340300661e+01
6.720000000000000000e+02	1.159402782516358421e+00	8.572355911478169332e+01
6.730000000000000000e+02	1.360795687138962373e+00	8.753963280694505045e+01
6.740000000000000000e+02	9.036554673610787125e-01	8.341734096988093938e+01
6.750000000000000000e+02	7.048771541663374496e-01	8.162484452695979087e+01
6.760000000000000000e+02	7.642080397513705270e-01	8.215986466903305541e+01
6.770000000000000000e+02	1.427521370056161532e+00	8.814133601771426640e+01
6.780000000000000000e+02	1.403075910504873125e+00	8.792089748703648411e+01
6.790000000000000000e+02	1.062922715101738858e+00	8.485354379533347924e+01
6.800000000000000000e+02	7.720146833089519545e-01	8.223026158800885810e+01
6.810000000000000000e+02	8.687361084269894507e-01	8.310245336633678903e+01
6.820000000000000000e+02	1.259702945386919293e+00	8.662802239490700629e+01
6.830000000000000000e+02	1.053391753176396994e+00	8.476759772267486426e+01
6.840000000000000000e+02	6.430238112463703137e-01	8.106707796085453310e+01
6.850000000000000000e+02	1.017314800594239177e+00	8.444227144268174357e+01
6.860000000000000000e+02	5.988034338561735170e-01	8.066831781492803088e+01
6.870000000000000000e+02	8.911237629569329632e-01	8.330433550561703271e+01
6.880000000000000000e+02	6.131383166300172771e-01	8.079758355810110970e+01
6.890000000000000000e+02	9.680710819640743203e-01	8.399821298850669393e+01
6.900000000000000000e+02	6.602538880921228204e-01	8.122245130596895990e+01
6.910000000000000000e+02	6.852304845185657189e-01	8.144767939816438229e+01
6.920000000000000000e+02	1.190727553376590642e+00	8.600603228521893584e+01
6.930000000000000000e+02	1.038438796241383022e+00	8.463275845532024277e+01
6.940000000000000000e+02	7.481789810436877408e-01	8.201532158354692115e+01
6.950000000000000000e+02	7.902232108871057870e-01	8.239445817661103888e+01
6.960000000000000000e+02	1.041593251510327001e+00	8.466120396206622445e+01
6.970000000000000000e+02	1.012327655491721767e+00	8.439729953547053753e+01
6.980000000000000000e+02	7.498113032496686037e-01	8.203004115582267275e+01
6.990000000000000000e+02	7.426687325746427204e-01	8.196563255750766075e+01
7.000000000000000000e+02	1.717000195003992369e+00	9.075173025881859701e+01
7.010000000000000000e+02	1.005449996684436575e+00	8.433527979725288048e+01
7.020000000000000000e+02	1.593016907810140825e+00	8.963370285580442953e+01
7.030000000000000000e+02	6.253532232834886351e-01	8.090773227792402622e+01
7.040000000000000000e+02	9.811220074717862394e-01	8.411590056303845131e+01
7.050000000000000000e+02	1.481132718692623751e+00	8.862477986119290563e+01
7.060000000000000000e+02	7.365726452154554016e-01	8.191066069095209912e+01
7.070000000000000000e+02	1.645810641016177689e+00	9.010977379865241232e+01
7.080000000000000000e+02	1.494506923040149315e+00	8.874538262381094000e+01
7.090000000000000000e+02	9.748530845760677854e-01	8.405937014072566171e+01
7.100000000000000000e+02	1.387605738447988957e+00	8.778139419848520220e+01
7.110000000000000000e+02	1.095161497960669639e+00	8.514425912876185976e+01
7.120000000000000000e+02	8.173717896910667191e-01	8.263927226198256903e+01
7.130000000000000000e+02	1.122870926139793113e+00	8.539413071006359246e+01
7.140000000000000000e+02	7.033600394896006858e-01	8.161116384611564456e+01
7.150000000000000000e+02	9.059782615186249277e-01	8.343828691814925946e+01
7.160000000000000000e+02	9.538102826985545013e-01	8.386961529821633121e+01
7.170000000000000000e+02	9.413001047189099024e-01	8.375680394989356614e+01
7.180000000000000000e+02	8.085499442594067387e-01	8.255972069369472877e+01
7.190000000000000000e+02	1.732522473921292772e+00	9.089170342439240358e+01
7.200000000000000000e+02	7.134060479717909686e-01	8.170175438479397201e+01
7.210000000000000000e+02	1.295818163226822195e+00	8.695369373436508909e+01
7.220000000000000000e+02	9.157907333765088476e-01	8.352677152504040237e+01
7.230000000000000000e+02	8.333170116301346075e-01	8.278305934392327003e+01
7.240000000000000000e+02	1.340372398902258233e+00	8.735546446921908625e+01
7.250000000000000000e+02	1.237985103319952707e+00	8.643218033332948380e+01
7.260000000000000000e+02	8.247791799367193422e-01	8.270606888809967927e+01
7.270000000000000000e+02	8.858435464117599967e-01	8.325672080749951931e+01
7.280000000000000000e+02	8.639421744678521531e-01	8.305922375325050666e+01
7.290000000000000000e+02	1.018703270109545977e+00	8.445479205736697281e+01
7.300000000000000000e+02	1.072111052626622874e+00	8.493640023004715545e+01
7.310000000000000000e+02	9.556552975376515491e-01	8.388625284022515416e+01
7.320000000000000000e+02	7.277916540032577375e-01	8.183147752826087640e+01
7.330000000000000000e+02	6.381620904483683576e-01	8.102323707551431653e+01
7.340000000000000000e+02	1.219387911973725203e+00	8.626447894377307080e+01
7.350000000000000000e+02	1.077934248717019816e+00	8.498891128173437437e+01
7.360000000000000000e+02	7.059359243694295349e-01	8.163439205652883857e+01
7.370000000000000000e+02	8.204740528157067336e-01	8.266724712265298081e+01
7.380000000000000000e+02	6.059836600175526611e-01	8.073306597405459684e+01
7.390000000000000000e+02	1.118989436514986835e+00	8.535912912345244763e+01
7.400000000000000000e+02	1.123429624003424721e+00	8.539916880459780657e+01
7.410000000000000000e+02	1.334666049370101693e+00	8.730400708901467510e+01
7.420000000000000000e+02	1.484171220543499370e+00	8.865217975040600606e+01
7.430000000000000000e+02	9.719299164048098572e-01	8.403301028051340893e+01
7.440000000000000000e+02	9.627588863368780059e-01	8.395030991692502198e+01
7.450000000000000000e+02	9.975927458444872054e-01	8.426442652379769527e+01
7.460000000000000000e+02	8.546934847200959862e-01	8.297582308841896293e+01
7.470000000000000000e+02	1.029907128249525794e+00	8.455582358107868401e+01
7.480000000000000000e+02	1.179404022107529038e+00	8.590392160123695930e+01
7.490000000000000000e+02	9.344882589000366169e-01	8.369537768460428140e+01
7.500000000000000000e+02	1.200769809800860788e+00	8.609658898946952377e+01
7.510000000000000000e+02	1.319745653086607629e+00	8.716946143946518077e+01
7.520000000000000000e+02	7.823951496232204317e-01	8.232386812206752325e+01
7.530000000000000000e+02	1.046103836207408433e+00	8.470187845464576526e+01
7.540000000000000000e+02	6.010961443812066207e-01	8.068899248207215180e+01
7.550000000000000000e+02	6.801362520334410799e-01	8.140174182347507781e+01
7.560000000000000000e+02	1.531104074307900964e+00	8.907539982948178192e+01
7.570000000000000000e+02	7.505909409724659254e-01	8.203707158999037574e+01
7.580000000000000000e+02	7.719389980451669686e-01	8.222957909119149633e+01
7.590000000000000000e+02	8.772607665286235035e-01	8.317932502843468967e+01
7.600000000000000000e+02	1.166126400309735356e+00	8.578418977807936585e+01
7.610000000000000000e+02	6.327462548218999450e-01	8.097439942345928898e+01
7.620000000000000000e+02	8.760478798922846089e-01	8.316838774384684996e+01
7.630000000000000000e+02	1.692795858168944623e+00	9.053346606800828056e+01
7.640000000000000000e+02	9.245375889450232476e-01	8.360564686733162887e+01
7.650000000000000000e+02	1.177166581620535446e+00	8.588374533527652943e+01
7.660000000000000000e+02	7.157975248963864834e-01	8.172331968440724381e+01
7.670000000000000000e+02	6.756960006445895672e-01	8.136170156610356230e+01
7.680000000000000000e+02	1.366048735721513641e+00	8.758700251618235200e+01
7.690000000000000000e+02	7.230184794959011452e-01	8.178843511488906870e+01
7.700000000000000000e+02	8.849688305483034423e-01	8.324883299997860320e+01
7.710000000000000000e+02	7.860335214146011440e-01	8.235667737771146335e+01
7.720000000000000000e+02	7.560820294850097989e-01	8.208658783986848562e+01
7.730000000000000000e+02	7.436528503273848179e-01	8.197450690372205884e+01
7.740000000000000000e+02	1.004955455789577901e+00	8.433082024238160557e+01
7.750000000000000000e+02	6.849669066403177853e-01	8.144530256740453922e+01
7.760000000000000000e+02	7.907525257011066566e-01	8.239923130757303227e+01
7.770000000000000000e+02	7.061221188522874836e-01	8.163607107745849589e+01
7.780000000000000000e+02	8.916993087572094856e-01	8.330952552752209783e+01
7.790000000000000000e+02	1.179537555309977392e+00	8.590512574562552572e+01
7.800000000000000000e+02	8.918137561345275133e-01	8.331055756423398861e+01
7.810000000000000000e+02	6.285081278484904166e-01	8.093618183622660922e+01
7.820000000000000000e+02	7.212157064177114885e-01	8.177217849072260947e+01
7.830000000000000000e+02	8.296126103318414158e-01	8.274965466288124105e+01
7.840000000000000000e+02	6.357998680363768917e-01	8.100193558038222363e+01
7.850000000000000000e+02	8.948054314440129220e-01	8.333753519204680060e+01
7.860000000000000000e+02	1.020507968209067418e+00	8.447106604053922752e+01
7.870000000000000000e+02	6.869110911677253073e-01	8.146283437856517651e+01
7.880000000000000000e+02	6.927971189110534445e-01	8.151591201879303128e+01
7.890000000000000000e+02	8.792225253257176520e-01	8.319701531672190242e+01
7.900000000000000000e+02	9.894210710479883764e-01	8.419073791174531607e+01
7.910000000000000000e+02	9.306764043276052334e-01	8.366100403663332941e+01
7.920000000000000000e+02	9.929094564460961836e-01	8.422219465527609827e+01
7.930000000000000000e+02	9.394347411346199994e-01	8.373998291174380881e+01
7.940000000000000000e+02	8.131272865025495067e-01	8.260099717681302423e+01
7.950000000000000000e+02	8.887089399161069991e-01	8.328255968087339056e+01
7.960000000000000000e+02	8.281678627879552890e-01	8.273662655739168770e+01
7.970000000000000000e+02	6.441278969687346256e-01	8.107703412608307758e+01
7.980000000000000000e+02	7.817947429428372397e-01	8.231845391554975322e+01
7.990000000000000000e+02	6.255772513557421588e-01	8.090975246572105561e+01
8.000000000000000000e+02	6.864152990429351897e-01	8.145836354064613261e+01
8.010000000000000000e+02	8.941235635524104053e-01	8.333138640372781936e+01
8.020000000000000000e+02	1.055610871835640729e+00	8.478760877035499277e+01
8.030000000000000000e+02	7.834400796648739451e-01	8.233329084707541767e+01
8.040000000000000000e+02	9.376376456756352340e-01	8.372377748587994972e+01
8.050000000000000000e+02	8.731959113692041585e-01	8.314266993111976944e+01
8.060000000000000000e+02	1.293996444912839827e+00	8.693726627029550968e+01
8.070000000000000000e+02	7.689527708179669796e-01	8.220265059181708978e+01
8.080000000000000000e+02	8.090787271551197479e-01	8.256448902804876866e+01
8.090000000000000000e+02	1.007542762885730525e+00	8.435415145337771037e+01
8.100000000000000000e+02	7.508101932601408679e-01	8.203904871183753755e+01
8.110000000000000000e+02	7.704607301857507862e-01	8.221624871406382340e+01
8.120000000000000000e+02	9.795162525965738221e-01	8.410142056340588113e+01
8.130000000000000000e+02	7.655307554329801034e-01	8.217179234422142997e+01
8.140000000000000000e+02	9.548644433452557756e-01	8.387912126080908592e+01
8.150000000000000000e+02	1.195487286053103615e+00	8.604895348600177840e+01
8.160000000000000000e+02	1.522026649943304166e+00	8.899354356144672806e+01
8.170000000000000000e+02	8.288253545874254558e-01	8.274255553270523933e+01
8.180000000000000000e+02	6.978016709809543583e-01	8.156104089447134697e+01
8.190000000000000000e+02	1.172353644018774510e+00	8.584034435559969722e+01
8.200000000000000000e+02	8.384112095317411972e-01	8.282899660675344933e+01
8.210000000000000000e+02	7.783903398791267580e-01	8.228775448821336624e+01
8.220000000000000000e+02	8.385942182602575956e-01	8.283064689993491925e+01
8.230000000000000000e+02	7.043804771138649778e-01	8.162036570914747813e+01
8.240000000000000000e+02	9.619786079085526076e-01	8.394327370515331666e+01
8.250000000000000000e+02	7.264240860859761950e-01	8.181914539510317752e+01
8.260000000000000000e+02	8.292469437447033132e-01	8.274635724051053387e+01
8.270000000000000000e+02	7.684425590370759229e-01	8.219804972370585006e+01
8.280000000000000000e+02	1.508957495735138377e+00	8.887569160841614746e+01
8.290000000000000000e+02	9.274410668061442431e-01	8.363182916888411000e+01
8.300000000000000000e+02	9.336958029347366406e-01	8.368823166109626754e+01
8.310000000000000000e+02	7.303542491105284862e-01	8.185458589728064283e+01
8.320000000000000000e+02	9.877125942117229718e-01	8.417533161010909737e+01
8.330000000000000000e+02	9.377515638244100504e-01	8.372480475023883173e+01
8.340000000000000000e+02	1.119149670800309693e+00	8.536057404660256509e+01
8.350000000000000000e+02	1.244105644791842602e+00	8.648737271644607461e+01
8.360000000000000000e+02	9.883035041036453139e-01	8.418066017871566942e+01
8.370000000000000000e+02	6.757939915195966263e-01	8.136258520522930837e+01
8.380000000000000000e+02	9.669874745828096474e-01	8.398844148805866894e+01
8.390000000000000000e+02	1.057853977253212729e+00	8.480783612019750706e+01
8.400000000000000000e+02	8.501417050926238783e-01	8.293477711785973838e+01
8.410000000000000000e+02	1.073373941748326343e+00	8.494778841531784508e+01
8.420000000000000000e+02	1.366186320997925918e+00	8.758824320041296119e+01
8.430000000000000000e+02	8.705612095769160730e-01	8.311891133535078779e+01
8.440000000000000000e+02	9.673148675330555113e-01	8.399139377540491580e+01
8.450000000000000000e+02	1.777508684950877216e+00	9.129736952526141636e+01
8.460000000000000000e+02	1.049410269979555332e+00	8.473169443748652441e+01
8.470000000000000000e+02	9.257442328080581762e-01	8.361652785730281323e+01
8.480000000000000000e+02	7.598765288395334938e-01	8.212080498602659873e+01
8.490000000000000000e+02	7.787966071124986511e-01	8.229141802956749530e+01
8.500000000000000000e+02	1.131183519079382638e+00	8.546909006068986514e+01
8.510000000000000000e+02	8.097936656758155660e-01	8.257093603292901207e+01
8.520000000000000000e+02	7.113866514934082952e-01	8.168354434494520433e+01
8.530000000000000000e+02	8.378420228902928590e-01	8.282386392897910810e+01
8.540000000000000000e+02	1.205939330954857613e+00	8.614320548465563832e+01
8.550000000000000000e+02	8.570543598151302289e-01	8.299711243403226035e+01
8.560000000000000000e+02	7.577870650477743775e-01	8.210196310959580046e+01
8.570000000000000000e+02	1.089792384494628452e+00	8.509584279684496266e+01
8.580000000000000000e+02	1.151308767594126925e+00	8.565057080572587722e+01
8.590000000000000000e+02	1.003225802895518770e+00	8.431522298425892359e+01
8.600000000000000000e+02	8.567313793010439271e-01	8.299419993611772384e+01
8.610000000000000000e+02	8.147823489732041180e-01	8.261592181091310749e+01
8.620000000000000000e+02	7.241583940110167816e-01	8.179871436860008771e+01
8.630000000000000000e+02	1.023179167806201662e+00	8.449515375765102476e+01
8.640000000000000000e+02	1.230964467900733439e+00	8.636887129416047060e+01
8.650000000000000000e+02	8.540803800130144507e-01	8.297029437661474560e+01
8.660000000000000000e+02	1.132781397937137724e+00	8.548349903781978298e+01
8.670000000000000000e+02	1.261624019179584888e+00	8.664534580350525061e+01
8.680000000000000000e+02	1.243210714029607145e+00	8.647930261975299970e+01
8.690000000000000000e+02	7.171498980484500851e-01	8.173551479777557915e+01
8.700000000000000000e+02	7.851570885786663956e-01	8.234877408727889758e+01
8.710000000000000000e+02	8.064110809481451758e-01	8.254043335386518265e+01
8.720000000000000000e+02	9.755272357789058768e-01	8.406544934329890850e+01
8.730000000000000000e+02	1.010374135031415266e+00	8.437968353692424728e+01
8.740000000000000000e+02	1.643503791860236429e+00	9.008897163547915454e+01
8.750000000000000000e+02	6.555489275029130480e-01	8.118002401606646856e+01
8.760000000000000000e+02	1.022579866752754807e+00	8.448974952119647241e+01
8.770000000000000000e+02	9.998558404651153309e-01	8.428483412758642146e+01
8.780000000000000000e+02	8.458699767799463531e-01	8.289625652835206893e+01
8.790000000000000000e+02	1.126804316803978523e+00	8.542960031769258933e+01
8.800000000000000000e+02	9.088709259360777670e-01	8.346437170876608036e+01
8.810000000000000000e+02	1.023046636975227131e+00	8.449395865221279678e+01
8.820000000000000000e+02	8.474768892374364704e-01	8.291074696655854837e+01
8.830000000000000000e+02	9.581201639148400062e-01	8.390847993402816485e+01
8.840000000000000000e+02	8.015278123163490642e-01	8.249639815952410515e+01
8.850000000000000000e+02	7.752006507660970103e-01	8.225899125797340616e+01
8.860000000000000000e+02	1.154519097504461689e+00	8.567952016570581009e+01
8.870000000000000000e+02	7.003604974921965320e-01	8.158411527992988965e+01
8.880000000000000000e+02	8.486876596863227595e-01	8.292166516828760336e+01
8.890000000000000000e+02	1.065425882600101293e+00	8.487611627200227815e+01
8.900000000000000000e+02	7.585460832108912310e-01	8.210880760553517632e+01
8.910000000000000000e+02	8.704311026582475241e-01	8.311773808770035998e+01
8.920000000000000000e+02	1.136516412015734723e+00	8.551717977161082729e+01
8.930000000000000000e+02	1.342429215538064158e+00	8.737401194778539093e+01
8.940000000000000000e+02	1.067492625139018214e+00	8.489475325804920658e+01
8.950000000000000000e+02	1.104369954728948944e+00	8.522729699006902138e+01
8.960000000000000000e+02	9.838165159831583351e-01	8.414019846980920647e+01
8.970000000000000000e+02	9.610302936989322253e-01	8.393472221973121350e+01
8.980000000000000000e+02	1.201576512388974560e+00	8.610386348283074653e+01
8.990000000000000000e+02	1.161787755685330215e+00	8.574506576635316435e+01
9.000000000000000000e+02	7.959047777209599106e-01	8.244569207721228565e+01
9.010000000000000000e+02	8.297230550666147009e-01	8.275065060550213047e+01
9.020000000000000000e+02	9.960731344961494260e-01	8.425072332905406824e+01
9.030000000000000000e+02	1.021146234903258954e+00	8.447682165220825823e+01
9.040000000000000000e+02	1.140950567965147489e+00	8.555716506295844681e+01
9.050000000000000000e+02	7.285664537419148656e-01	8.183846433559008915e+01
9.060000000000000000e+02	1.248230111718712898e+00	8.652456536677367183e+01
9.070000000000000000e+02	8.387860089899762395e-01	8.283237638538672343e+01
9.080000000000000000e+02	1.141887324319000196e+00	8.556561232466007993e+01
9.090000000000000000e+02	7.885101960660795273e-01	8.237901095340036761e+01
9.100000000000000000e+02	8.324851135090393095e-01	8.277555764819514650e+01
9.110000000000000000e+02	9.870847715844007775e-01	8.416967017849628974e+01
9.120000000000000000e+02	7.990764665560702307e-01	8.247429298876855341e+01
9.130000000000000000e+02	1.032187462492465402e+00	8.457638664428938569e+01
9.140000000000000000e+02	7.890602366980753457e-01	8.238397098078196734e+01
9.150000000000000000e+02	6.765128771395733098e-01	8.136906780333553968e+01
9.160000000000000000e+02	1.059761707131522179e+00	8.482503919917510871e+01
9.170000000000000000e+02	9.529694170221095773e-01	8.386203273697120153e+01
9.180000000000000000e+02	8.542608118971350972e-01	8.297192143293329991e+01
9.190000000000000000e+02	1.100209507013312660e+00	8.518977988062493978e+01
9.200000000000000000e+02	6.908885362462280355e-01	8.149870124975723229e+01
9.210000000000000000e+02	1.203632134831160050e+00	8.612240019267794366e+01
9.220000000000000000e+02	1.323511039855212568e+00	8.720341606097530018e+01
9.230000000000000000e+02	6.073812072944370088e-01	8.074566844804870414e+01
9.240000000000000000e+02	8.534344706693538507e-01	8.296446984685415771e+01
9.250000000000000000e+02	7.947344824246344031e-01	8.243513886281924385e+01
9.260000000000000000e+02	9.428859883919392670e-01	8.377110475966051695e+01
9.270000000000000000e+02	1.278507412817321498e+00	8.679759291011205846e+01
9.280000000000000000e+02	7.418307956107762502e-01	8.195807640611980105e+01
9.290000000000000000e+02	7.219177076187203168e-01	8.177850883247624836e+01
9.300000000000000000e+02	1.088899112737234942e+00	8.508778766033657348e+01
9.310000000000000000e+02	7.524015204880555308e-01	8.205339860921675665e+01
9.320000000000000000e+02	1.480419144158716449e+00	8.861834515615274199e+01
9.330000000000000000e+02	7.526535670180221071e-01	8.205567145528912931e+01
9.340000000000000000e+02	1.088473434608582702e+00	8.508394907996442669e+01
9.350000000000000000e+02	9.132462735704212076e-01	8.350382669228542909e+01
9.360000000000000000e+02	9.286907465345816126e-01	8.364309823758689788e+01
9.370000000000000000e+02	1.190260919099416670e+00	8.600182438009822761e+01
9.380000000000000000e+02	1.035551318320093950e+00	8.460672043427187816e+01
9.390000000000000000e+02	1.076317881707430812e+00	8.497433558648585006e+01
9.400000000000000000e+02	9.625039455503802133e-01	8.394801097170505955e+01
9.410000000000000000e+02	1.854995759556002266e+00	9.199611428956565362e+01
9.420000000000000000e+02	7.044632213826061973e-01	8.162111186100381133e+01
9.430000000000000000e+02	8.884923576033046944e-01	8.328060663569930000e+01
9.440000000000000000e+02	7.702969149145569849e-01	8.221477149913935989e+01
9.450000000000000000e+02	7.786478635796978409e-01	8.229007672502996229e+01
9.460000000000000000e+02	9.329836691837454232e-01	8.368180994841031861e+01
9.470000000000000000e+02	8.378207514770673603e-01	8.282367211261882289e+01
9.480000000000000000e+02	1.038777471184537227e+00	8.463581247877559122e+01
9.490000000000000000e+02	7.010335732533340414e-01	8.159018478463724477e+01
9.500000000000000000e+02	8.718972423210459288e-01	8.313095909802161998e+01
9.510000000000000000e+02	6.699840734837688716e-01	8.131019388926779357e+01
9.520000000000000000e+02	7.463833329015560070e-01	8.199912920895746993e+01
9.530000000000000000e+02	6.627112303803691651e-01	8.124461055080774941e+01
9.540000000000000000e+02	7.129152535396700019e-01	8.169732861389552170e+01
9.550000000000000000e+02	1.108788983418602214e+00	8.526714587036215676e+01
9.560000000000000000e+02	1.196736915852993244e+00	8.606022210447061127e+01
9.570000000000000000e+02	6.705886057326199134e-01	8.131564529836911959e+01
9.580000000000000000e+02	1.105992971307590000e+00	8.524193264824147320e+01
9.590000000000000000e+02	1.164280352248010297e+00	8.576754291891791127e+01
9.600000000000000000e+02	8.814261842034166738e-01	8.321688695481060449e+01
9.610000000000000000e+02	9.408116648778154234e-01	8.375239941167372137e+01
9.620000000000000000e+02	8.451133102097613259e-01	8.288943323805578700e+01
9.630000000000000000e+02	9.273714292143638849e-01	8.363120120734467378e+01
9.640000000000000000e+02	8.123766010822836003e-01	8.259422782192741863e+01
9.650000000000000000e+02	9.129263565224435828e-01	8.350094181937694771e+01
9.660000000000000000e+02	9.180869224809877771e-01	8.354747756050223018e+01
9.670000000000000000e+02	8.395956209781006985e-01	8.283967711445286852e+01
9.680000000000000000e+02	7.328119224926041841e-01	8.187674812777967759e+01
9.690000000000000000e+02	8.898761564767198040e-01	8.329308513256573576e+01
9.700000000000000000e+02	6.506211801255585847e-01	8.113558773172759686e+01
9.710000000000000000e+02	1.123524667827216827e+00	8.540002586849642796e+01
9.720000000000000000e+02	8.222455529535034335e-01	8.268322174103361988e+01
9.730000000000000000e+02	8.612555350880422012e-01	8.303499680688838680e+01
9.740000000000000000e+02	8.024170809415414052e-01	8.250441719752598146e+01
9.750000000000000000e+02	1.458894469208663836e+00	8.842424499168859597e+01
9.760000000000000000e+02	8.714798499803201315e-01	8.312719523528414811e+01
9.770000000000000000e+02	8.036090054495369506e-01	8.251516545475020337e+01
9.780000000000000000e+02	1.333258787494820075e+00	8.729131701299399992e+01
9.790000000000000000e+02	1.049463069209253696e+00	8.473217055799435116e+01
9.800000000000000000e+02	1.291700423454942959e+00	8.691656174659770784e+01
9.810000000000000000e+02	9.964976490067102288e-01	8.425455141642395063e+01
9.820000000000000000e+02	1.231263793738519352e+00	8.637157048448401042e+01
9.830000000000000000e+02	1.310269379422041247e+00	8.708400852177571494e+01
9.840000000000000000e+02	1.229179999410863866e+00	8.635277973281664288e+01
9.850000000000000000e+02	8.377212770476009096e-01	8.282277509544368854e+01
9.860000000000000000e+02	1.447395217379196630e+00	8.832054973605787040e+01
9.870000000000000000e+02	1.660292646165014263e+00	9.024036622746642422e+01
9.880000000000000000e+02	1.688297326470205251e+00	9.049290026412977284e+01
9.890000000000000000e+02	1.766515036130155591e+00	9.119823357783761253e+01
9.900000000000000000e+02	7.930777060394574862e-01	8.242019877338285028e+01
9.910000000000000000e+02	6.689860257664929089e-01	8.130119392868692785e+01
9.920000000000000000e+02	1.131192901535029049e+00	8.546917466759744286e+01
9.930000000000000000e+02	9.617596225232628582e-01	8.394129899011586815e+01
9.940000000000000000e+02	8.295015970968814267e-01	8.274865359377271545e+01
9.950000000000000000e+02	9.666022164356572466e-01	8.398496739751388418e+01
9.960000000000000000e+02	1.124295802383878939e+00	8.540697962480723504e+01
9.970000000000000000e+02	1.134232487304772441e+00	8.549658433111984834e+01
9.980000000000000000e+02	1.513561595266980753e+00	8.891720937713569128e+01
9.990000000000000000e+02	7.045323763331620137e-01	8.162173547029443910e+01
