GENERALIZED BORN:
Frame #,BOND,ANGLE,DIHED,UB,IMP,CMAP,VDWAALS,EEL,1-4 VDW,1-4 EEL,EGB,ESURF,G gas,G solv,TOTAL
0,516.0277,1349.6465,-1089.057,0.0,0.0,0.0,-1299.1968,-16245.9366,619.8576,11751.9063,-1955.7257,54.239078879999994,-4396.752300000002,-1901.4866211199999,-6298.238921120002
1,510.7546,1450.0319,-1084.0574,0.0,0.0,0.0,-1304.5656,-16162.211,619.0386,11740.0899,-2018.5313,55.44718056,-4230.919,-1963.08411944,-6194.003119440001
2,494.6004,1423.1759,-1104.3732,0.0,0.0,0.0,-1310.9893,-16150.592,634.7936,11686.4031,-1971.4059,54.35559,-4326.981500000002,-1917.05031,-6244.031810000001
3,513.923,1422.2181,-1121.6784,0.0,0.0,0.0,-1285.0218,-16201.0513,605.7428,11709.0846,-1986.3883,55.83862152,-4356.782999999998,-1930.54967848,-6287.332678479998
4,494.4367,1411.3569,-1118.3057,0.0,0.0,0.0,-1271.2805,-16206.6418,615.4455,11801.0008,-2037.023,57.3282756,-4273.988099999999,-1979.6947243999998,-6253.682824399999
5,510.2322,1376.6653,-1084.7041,0.0,0.0,0.0,-1258.7828,-16245.3115,628.028,11773.5149,-1988.4766,54.69457608,-4300.358,-1933.78202392,-6234.14002392
6,488.4308,1440.8141,-1083.8953,0.0,0.0,0.0,-1279.8619,-16082.7849,593.7053,11717.1274,-2094.2474,55.4846508,-4206.464500000002,-2038.7627492000001,-6245.227249200002
7,498.9677,1386.034,-1096.8106,0.0,0.0,0.0,-1288.0793,-16030.2701,601.522,11738.8497,-2111.1736,56.20904352,-4189.786599999998,-2054.9645564800003,-6244.751156479998
8,474.4479,1367.4532,-1092.5057,0.0,0.0,0.0,-1263.2965,-16202.1493,613.5771,11746.4324,-2027.1034,56.91436344,-4356.0409,-1970.18903656,-6326.22993656
9,569.0492,1408.6703,-1081.7343,0.0,0.0,0.0,-1280.9747,-16119.6736,599.0082,11749.2515,-2077.847,55.81377144,-4156.403400000001,-2022.0332285600002,-6178.436628560001
10,495.4987,1418.6403,-1112.6165,0.0,0.0,0.0,-1291.3743,-16091.3916,605.732,11749.2825,-2074.3414,56.03988168,-4226.2289,-2018.3015183199998,-6244.53041832
11,505.9178,1423.3655,-1092.136,0.0,0.0,0.0,-1287.6708,-16225.4422,610.425,11779.3147,-2020.9753,55.710045359999995,-4286.226000000001,-1965.26525464,-6251.491254640001
12,493.4705,1413.3336,-1056.7873,0.0,0.0,0.0,-1329.4359,-16150.3027,599.5766,11764.3983,-2056.3946,54.65766816,-4265.746899999998,-2001.7369318400001,-6267.483831839998
13,504.0269,1419.001,-1067.4074,0.0,0.0,0.0,-1289.9845,-16045.8207,606.7602,11747.5266,-2147.409,58.55091768,-4125.897900000002,-2088.85808232,-6214.755982320002
14,526.0896,1434.7629,-1072.0922,0.0,0.0,0.0,-1302.6235,-16256.9683,602.065,11719.727,-1945.6189,56.061913679999996,-4349.039499999999,-1889.5569863199999,-6238.596486319999
15,523.0376,1424.926,-1103.3118,0.0,0.0,0.0,-1297.9439,-16158.3029,609.4538,11788.9643,-2053.7943,56.708089199999996,-4213.176900000002,-1997.0862108000001,-6210.263110800001
16,544.4002,1446.2675,-1104.6443,0.0,0.0,0.0,-1303.3735,-16057.2232,598.46,11717.3589,-2065.3272,56.97273816,-4158.754400000002,-2008.35446184,-6167.108861840002
17,538.0149,1475.1203,-1056.3536,0.0,0.0,0.0,-1270.8625,-15972.7796,601.31,11650.3169,-2152.7072,57.83444424,-4035.2335999999996,-2094.87275576,-6130.106355759999
18,508.8871,1393.1047,-1101.0948,0.0,0.0,0.0,-1274.4692,-16312.037,623.8051,11861.0091,-2009.3423,55.1972016,-4300.795,-1954.1450984,-6254.9400984
19,529.0512,1409.7761,-1098.4236,0.0,0.0,0.0,-1283.4058,-15980.2198,608.9959,11794.5846,-2260.955,57.552211439999994,-4019.6414000000004,-2203.40278856,-6223.04418856
20,520.8783,1489.9637,-1094.8568,0.0,0.0,0.0,-1262.4107,-16001.6901,625.4573,11767.9517,-2223.907,57.80670624,-3954.7065999999995,-2166.10029376,-6120.80689376
21,506.4625,1406.2641,-1101.6161,0.0,0.0,0.0,-1262.5011,-15989.4954,613.5813,11728.5954,-2217.4643,59.3694072,-4098.709299999999,-2158.0948928000003,-6256.804192799998
22,532.1802,1444.4808,-1085.0187,0.0,0.0,0.0,-1275.1343,-16021.5655,594.9864,11739.0602,-2180.5978,59.23039968,-4071.0108999999993,-2121.36740032,-6192.378300319999
23,482.0144,1442.2919,-1083.8357,0.0,0.0,0.0,-1285.2396,-16089.3586,627.385,11792.9594,-2151.3713,57.25592496,-4113.7832,-2094.11537504,-6207.89857504
24,528.0501,1391.1885,-1085.4199,0.0,0.0,0.0,-1273.0846,-16230.4418,609.6674,11768.9108,-2036.9676,57.86541431999999,-4291.129499999999,-1979.10218568,-6270.231685679999
25,505.5595,1436.7074,-1081.5654,0.0,0.0,0.0,-1242.8346,-16095.0661,594.0932,11836.1488,-2234.3495,61.80796656,-4046.957199999999,-2172.54153344,-6219.498733439999
26,530.9437,1388.9793,-1072.6409,0.0,0.0,0.0,-1257.9179,-16118.8816,615.7308,11790.3571,-2146.8402,58.245819839999996,-4123.429500000002,-2088.59438016,-6212.023880160003
27,544.1222,1420.0557,-1082.4841,0.0,0.0,0.0,-1242.4509,-15939.6151,613.0569,11740.0422,-2287.9197,58.71607128,-3947.273100000002,-2229.20362872,-6176.476728720003
28,507.914,1418.9237,-1086.8102,0.0,0.0,0.0,-1283.8801,-16044.5493,618.1538,11818.4231,-2197.7308,58.39712208,-4051.8250000000007,-2139.33367792,-6191.15867792
29,488.4062,1390.5948,-1051.5454,0.0,0.0,0.0,-1272.1327,-16168.2401,617.3966,11797.912,-2105.0926,56.87114688,-4197.6086,-2048.2214531199998,-6245.830053119999
30,517.1155,1456.8184,-1109.6084,0.0,0.0,0.0,-1252.3082,-15931.6407,598.6984,11789.1896,-2312.9622,58.646400480000004,-3931.7354000000014,-2254.31579952,-6186.051199520001
31,500.1998,1426.179,-1074.3632,0.0,0.0,0.0,-1290.086,-16112.1147,620.8136,11832.942,-2191.8504,58.02850368,-4096.4295,-2133.8218963199997,-6230.25139632
32,522.2597,1388.781,-1068.2332,0.0,0.0,0.0,-1244.7523,-16144.7096,605.0363,11801.0765,-2144.823,58.86532368,-4140.5416000000005,-2085.95767632,-6226.499276320001
33,504.8664,1368.2825,-1062.2512,0.0,0.0,0.0,-1269.014,-16285.9415,625.9817,11829.8878,-2019.8211,58.639566959999996,-4288.188300000002,-1961.18153304,-6249.369833040002
34,537.0767,1387.7126,-1080.3356,0.0,0.0,0.0,-1278.4821,-16210.228,602.2602,11804.9513,-2050.2117,59.04078551999999,-4237.044899999997,-1991.1709144799997,-6228.215814479997
35,512.5377,1430.4562,-1069.9903,0.0,0.0,0.0,-1264.7057,-16224.7626,602.947,11832.4249,-2082.5074,59.213774879999995,-4181.0928,-2023.29362512,-6204.386425120001
36,481.3228,1387.1824,-1110.8245,0.0,0.0,0.0,-1263.9832,-16131.9306,616.3778,11800.1743,-2138.1215,58.70691936,-4221.6810000000005,-2079.41458064,-6301.095580640001
37,530.3055,1352.2834,-1082.7056,0.0,0.0,0.0,-1268.1761,-16089.4616,598.178,11774.7482,-2155.4313,59.01269472,-4184.828200000002,-2096.41860528,-6281.246805280002
38,504.9613,1411.1714,-1064.39,0.0,0.0,0.0,-1246.8106,-16206.0405,611.6872,11861.9996,-2121.2709,59.708681999999996,-4127.4216000000015,-2061.562218,-6188.983818000001
39,482.758,1405.3758,-1042.3105,0.0,0.0,0.0,-1281.9029,-16025.9374,614.788,11789.617,-2219.0683,59.12154863999999,-4057.611999999999,-2159.94675136,-6217.558751359999
40,491.094,1407.9875,-1085.2309,0.0,0.0,0.0,-1264.8096,-16069.0865,607.4727,11744.6988,-2141.8783,56.96707608,-4167.874,-2084.91122392,-6252.78522392
41,491.7281,1462.7481,-1105.5323,0.0,0.0,0.0,-1280.8562,-16002.459,597.2008,11827.5603,-2263.1144,59.445310320000004,-4009.610199999999,-2203.66908968,-6213.279289679999
42,493.7678,1448.3218,-1067.818,0.0,0.0,0.0,-1277.1482,-16171.4246,618.0574,11828.8448,-2103.1778,57.229691759999994,-4127.399000000001,-2045.94810824,-6173.347108240001
43,533.8138,1409.6217,-1092.7632,0.0,0.0,0.0,-1299.0701,-16067.1363,619.6453,11747.5313,-2120.9553,58.802273279999994,-4148.3575,-2062.15302672,-6210.51052672
44,521.1785,1426.3127,-1090.9053,0.0,0.0,0.0,-1258.1989,-16177.3095,593.5614,11789.5773,-2083.2653,58.14757008,-4195.783799999999,-2025.11772992,-6220.901529919999
45,492.5569,1446.4434,-1098.0553,0.0,0.0,0.0,-1284.3915,-16090.1393,586.3694,11776.5932,-2143.1037,60.13428191999999,-4170.623200000002,-2082.96941808,-6253.592618080002
46,505.0098,1455.5329,-1077.9582,0.0,0.0,0.0,-1271.9973,-16079.7763,614.9828,11759.0842,-2112.4012,58.29153839999999,-4095.1221000000005,-2054.1096616,-6149.231761600001
47,499.3252,1399.436,-1094.11,0.0,0.0,0.0,-1272.0886,-16102.7631,608.3808,11756.1753,-2107.17,58.93142976,-4205.644399999997,-2048.23857024,-6253.882970239997
48,464.9489,1418.607,-1092.9963,0.0,0.0,0.0,-1270.7163,-16174.7104,599.9479,11768.4709,-2051.0449,58.623982559999995,-4286.4483,-1992.4209174399998,-6278.86921744
49,526.7533,1420.7822,-1106.3046,0.0,0.0,0.0,-1253.7962,-16035.8224,610.547,11824.0309,-2206.1439,60.36093648,-4013.809799999999,-2145.78296352,-6159.592763519999
50,491.0695,1418.2796,-1100.312,0.0,0.0,0.0,-1252.8748,-16067.5763,598.0574,11787.5669,-2170.3044,59.048817119999995,-4125.789700000001,-2111.25558288,-6237.045282880001
51,523.0269,1423.1632,-1088.3699,0.0,0.0,0.0,-1277.0319,-16075.8579,603.4784,11803.1176,-2159.9165,58.11263208,-4088.473600000003,-2101.80386792,-6190.277467920002
52,520.2174,1422.162,-1070.2279,0.0,0.0,0.0,-1280.2563,-16220.1591,609.7297,11766.9784,-1990.4246,57.82955328,-4251.555800000002,-1932.59504672,-6184.150846720002
53,520.5473,1432.5382,-1096.596,0.0,0.0,0.0,-1294.7958,-16061.5692,606.688,11812.0476,-2214.4775,58.28919552,-4081.139900000002,-2156.18830448,-6237.328204480002
54,481.9522,1477.3162,-1091.099,0.0,0.0,0.0,-1297.0031,-15929.703,610.75,11826.8229,-2337.8812,58.2660072,-3920.9637999999995,-2279.6151928,-6200.5789927999995
55,504.4774,1443.0749,-1091.4539,0.0,0.0,0.0,-1248.375,-16068.8276,589.9927,11726.6296,-2137.8765,59.958426960000004,-4144.481900000001,-2077.91807304,-6222.399973040001
56,492.2982,1391.4331,-1088.8632,0.0,0.0,0.0,-1301.702,-16148.2764,611.5949,11820.1076,-2089.7182,57.75931368,-4223.407800000001,-2031.9588863199997,-6255.366686320001
57,516.4443,1454.0942,-1062.5127,0.0,0.0,0.0,-1278.1382,-16231.8964,609.5027,11820.7184,-2023.924,56.442255839999994,-4171.787699999999,-1967.48174416,-6139.269444159999
58,525.7133,1415.5382,-1079.9496,0.0,0.0,0.0,-1276.2976,-16249.0322,608.5744,11759.2632,-1997.3307,57.90162024,-4296.190300000002,-1939.42907976,-6235.619379760003
59,534.2897,1401.1636,-1096.6778,0.0,0.0,0.0,-1290.5849,-16152.4441,606.6666,11784.8013,-2076.9497,56.75296752,-4212.785599999999,-2020.19673248,-6232.982332479999
60,527.9581,1460.4751,-1078.1864,0.0,0.0,0.0,-1291.4677,-16220.1085,599.0908,11775.4242,-2030.0116,56.94892272,-4226.814399999999,-1973.0626772800001,-6199.877077279999
61,530.0397,1400.6676,-1074.703,0.0,0.0,0.0,-1287.8411,-16097.3858,613.5238,11789.5772,-2148.6275,58.021281359999996,-4126.1216,-2090.60621864,-6216.727818640001
62,495.2744,1428.8977,-1093.5236,0.0,0.0,0.0,-1276.7594,-16218.889,606.3696,11820.7482,-2042.4649,58.66862688,-4237.882099999999,-1983.79627312,-6221.6783731199985
63,497.073,1389.7712,-1080.1046,0.0,0.0,0.0,-1256.2308,-16120.8064,622.5355,11774.3202,-2138.7657,61.0294572,-4173.441899999998,-2077.7362428,-6251.178142799998
64,513.906,1421.3968,-1094.8302,0.0,0.0,0.0,-1257.9018,-16080.7232,620.2981,11784.1422,-2181.2894,59.17037904,-4093.712099999999,-2122.11902096,-6215.831120959999
65,548.2271,1443.6073,-1084.852,0.0,0.0,0.0,-1305.9279,-16028.2843,608.5806,11786.2827,-2195.4402,58.957811279999994,-4032.366500000002,-2136.48238872,-6168.848888720002
66,521.5852,1460.139,-1084.1993,0.0,0.0,0.0,-1256.8053,-16231.0965,608.8323,11825.6681,-2057.2002,58.3847748,-4155.8764999999985,-1998.8154252000002,-6154.691925199999
67,524.3816,1419.6356,-1104.0617,0.0,0.0,0.0,-1266.7752,-16085.3588,616.1241,11814.8233,-2170.3699,59.11330464,-4081.2310999999972,-2111.25659536,-6192.487695359997
68,504.5265,1458.011,-1116.0041,0.0,0.0,0.0,-1278.9085,-16127.9367,584.0622,11758.318,-2074.1683,58.04735904,-4217.9316,-2016.1209409599999,-6234.0525409599995
69,490.6417,1414.8077,-1087.5331,0.0,0.0,0.0,-1292.8741,-16277.7511,612.4982,11813.1309,-2001.4825,57.74740056,-4327.079799999998,-1943.73509944,-6270.814899439998
70,506.521,1425.5573,-1071.115,0.0,0.0,0.0,-1250.6036,-16221.2014,628.88,11824.3464,-2091.7144,57.26040767999999,-4157.615300000001,-2034.4539923199998,-6192.069292320001
71,492.9721,1414.1514,-1099.6729,0.0,0.0,0.0,-1272.9819,-16219.6232,619.0686,11820.0315,-2040.9486,57.867138,-4246.054400000001,-1983.0814619999999,-6229.135862000001
72,492.9974,1392.6887,-1081.7182,0.0,0.0,0.0,-1272.5976,-16103.5419,619.0231,11771.2345,-2145.5213,59.792538240000006,-4181.914000000001,-2085.72876176,-6267.642761760001
73,516.7863,1427.2943,-1135.144,0.0,0.0,0.0,-1242.5384,-16007.5324,601.1746,11763.8615,-2212.4142,60.1433568,-4076.0980999999992,-2152.2708432,-6228.368943199999
74,523.081,1436.4391,-1089.2805,0.0,0.0,0.0,-1269.968,-16103.6551,608.0111,11770.9306,-2126.0055,59.231932560000004,-4124.4418000000005,-2066.77356744,-6191.215367440001
75,479.941,1382.7717,-1096.3529,0.0,0.0,0.0,-1271.6463,-16201.3698,609.6189,11809.5205,-2075.9108,59.44077216,-4287.516900000002,-2016.47002784,-6303.986927840002
76,521.0603,1416.783,-1063.0086,0.0,0.0,0.0,-1307.2484,-16180.9749,600.8681,11771.3254,-2048.4082,57.25007856,-4241.195099999999,-1991.1581214399998,-6232.353221439999
77,530.3768,1409.6595,-1101.1229,0.0,0.0,0.0,-1270.2904,-16126.6006,623.5388,11855.4271,-2194.1152,58.66428384,-4079.0116999999973,-2135.4509161600004,-6214.462616159997
78,520.0553,1436.9728,-1105.6531,0.0,0.0,0.0,-1264.1085,-16211.7745,621.7106,11790.5508,-2026.8005,57.79410336,-4212.246599999997,-1969.00639664,-6181.252996639997
79,521.7711,1483.3627,-1103.9119,0.0,0.0,0.0,-1269.6737,-15943.3877,612.6174,11768.9178,-2275.5516,58.19573448,-3930.3043000000016,-2217.35586552,-6147.660165520001
80,518.69,1456.3579,-1111.742,0.0,0.0,0.0,-1275.1413,-16358.6463,618.9294,11816.9423,-1953.8108,56.46730032,-4334.609999999999,-1897.34349968,-6231.953499679999
81,503.8896,1448.5821,-1052.3979,0.0,0.0,0.0,-1283.4522,-16091.9268,589.9899,11730.718,-2105.3716,56.8310508,-4154.597299999998,-2048.5405492,-6203.137849199998
82,516.0945,1408.0366,-1100.7835,0.0,0.0,0.0,-1272.2836,-16220.7191,614.8811,11804.4404,-2018.0645,56.5866108,-4250.3336,-1961.4778892,-6211.8114892
83,509.6035,1419.0578,-1069.166,0.0,0.0,0.0,-1260.9827,-16002.3676,613.603,11759.5513,-2206.0171,58.72609944,-4030.7007000000012,-2147.29100056,-6177.991700560001
84,496.2616,1424.4983,-1114.0804,0.0,0.0,0.0,-1291.686,-16097.8587,599.4662,11785.7776,-2119.9795,58.339096559999994,-4197.6214,-2061.64040344,-6259.261803439999
85,486.9342,1391.4581,-1089.2108,0.0,0.0,0.0,-1268.6794,-16124.1103,627.9702,11780.8378,-2107.1174,59.57131464,-4194.8002,-2047.54608536,-6242.3462853599995
86,481.8702,1487.6232,-1073.0475,0.0,0.0,0.0,-1276.81,-16145.4088,609.2426,11766.9765,-2071.6316,56.99244168,-4149.5538,-2014.6391583200002,-6164.19295832
87,522.8184,1361.9362,-1120.7308,0.0,0.0,0.0,-1251.944,-16092.3887,604.7344,11785.1469,-2141.4466,58.781648159999996,-4190.427600000001,-2082.6649518400004,-6273.092551840001
88,509.717,1402.5914,-1089.5256,0.0,0.0,0.0,-1275.1748,-16097.4991,611.7092,11832.8828,-2138.1551,59.892707519999995,-4105.299100000002,-2078.26239248,-6183.561492480002
89,499.3056,1429.5227,-1090.6187,0.0,0.0,0.0,-1252.889,-16177.0149,617.3127,11837.7415,-2089.3134,57.0665952,-4136.640099999999,-2032.2468048,-6168.886904799999
90,458.8136,1434.3733,-1122.9215,0.0,0.0,0.0,-1287.8226,-16215.2109,620.8977,11816.2748,-2012.1171,57.91263768,-4295.595600000002,-1954.20446232,-6249.800062320001
91,482.9713,1390.5636,-1085.7755,0.0,0.0,0.0,-1247.044,-16174.6088,603.2622,11808.8261,-2104.0346,58.22560944,-4221.805100000001,-2045.80899056,-6267.614090560001
92,511.6935,1432.4276,-1089.8058,0.0,0.0,0.0,-1274.0477,-16109.5724,609.5863,11779.5994,-2115.0316,57.9957444,-4140.119099999998,-2057.0358555999996,-6197.154955599998
93,518.7121,1451.0459,-1118.3887,0.0,0.0,0.0,-1242.6894,-16169.6463,606.6526,11745.034,-2039.3565,59.33404511999999,-4209.279800000002,-1980.0224548800002,-6189.302254880002
94,503.8111,1469.5297,-1105.6832,0.0,0.0,0.0,-1263.4721,-16121.4585,612.5703,11711.7496,-2065.6779,58.410436319999995,-4192.953100000002,-2007.2674636800002,-6200.220563680003
95,482.5286,1464.0712,-1094.5026,0.0,0.0,0.0,-1270.8436,-16056.2633,605.8592,11741.7052,-2128.1304,59.78568456,-4127.445300000001,-2068.34471544,-6195.790015440001
96,478.136,1475.3032,-1096.5676,0.0,0.0,0.0,-1262.8108,-16024.9472,612.2977,11738.9364,-2173.158,59.78376359999999,-4079.6522999999997,-2113.3742364,-6193.026536399999
97,500.6685,1447.095,-1111.832,0.0,0.0,0.0,-1251.3757,-16166.6862,596.3686,11775.3195,-2084.818,58.37727312,-4210.442300000002,-2026.4407268800003,-6236.883026880003
98,525.9468,1419.8597,-1124.8532,0.0,0.0,0.0,-1251.7403,-16172.4916,601.8269,11702.3015,-2036.883,57.79060704,-4299.150199999998,-1979.09239296,-6278.242592959998
99,510.4763,1451.0485,-1076.1282,0.0,0.0,0.0,-1281.0133,-16168.7671,584.6113,11754.1979,-2055.5255,57.55349448,-4225.5746,-1997.9720055200003,-6223.5466055199995
100,536.3683,1452.1029,-1096.2601,0.0,0.0,0.0,-1264.1642,-15998.3909,604.1119,11729.3508,-2188.3797,59.36919335999999,-4036.881300000001,-2129.01050664,-6165.89180664
101,499.6362,1431.142,-1081.7749,0.0,0.0,0.0,-1255.9453,-16097.7299,607.7533,11726.6593,-2116.9006,58.50387792,-4170.2593000000015,-2058.39672208,-6228.656022080001
102,521.7933,1424.7672,-1113.9004,0.0,0.0,0.0,-1263.927,-16013.3587,619.4934,11752.4925,-2177.9406,59.08583736,-4072.6396999999997,-2118.85476264,-6191.494462639999
103,503.4751,1454.055,-1113.8123,0.0,0.0,0.0,-1266.1044,-16009.8248,607.8701,11737.5595,-2154.92,56.86908696,-4086.7818000000007,-2098.05091304,-6184.832713040001
104,502.1233,1431.3831,-1090.0646,0.0,0.0,0.0,-1280.6376,-16168.8555,603.243,11777.2848,-2061.8898,59.14329552,-4225.523499999999,-2002.7465044799999,-6228.270004479999
105,521.5181,1438.3679,-1113.8324,0.0,0.0,0.0,-1265.8263,-16041.7255,600.3983,11707.3599,-2136.7675,57.56350104,-4153.740000000002,-2079.20399896,-6232.943998960001
106,493.845,1456.2454,-1078.0877,0.0,0.0,0.0,-1283.0778,-16134.5681,610.2305,11751.0106,-2067.6252,57.79962288,-4184.402099999999,-2009.82557712,-6194.2276771199995
107,493.2354,1442.3879,-1085.0884,0.0,0.0,0.0,-1284.7246,-16187.3211,618.7106,11731.3328,-2014.12,56.28936456,-4271.4673999999995,-1957.83063544,-6229.29803544
108,471.346,1436.099,-1086.5607,0.0,0.0,0.0,-1252.6856,-16086.4624,609.3182,11757.0354,-2140.2587,60.32911248,-4151.910099999999,-2079.92958752,-6231.83968752
109,508.4771,1451.0978,-1073.6463,0.0,0.0,0.0,-1273.1391,-16204.0782,611.2108,11771.3328,-2014.0681,57.726643679999995,-4208.7451,-1956.34145632,-6165.08655632
110,515.3896,1471.5346,-1092.773,0.0,0.0,0.0,-1286.5499,-16255.177,613.912,11790.0154,-2021.7346,57.1631004,-4243.648300000001,-1964.5714996,-6208.2197996
111,509.4654,1413.2861,-1094.2338,0.0,0.0,0.0,-1289.8906,-16223.0184,618.1544,11715.5448,-1964.9118,56.55384072,-4350.6921,-1908.3579592800002,-6259.05005928
112,544.5645,1439.6723,-1088.6136,0.0,0.0,0.0,-1272.6368,-16263.0538,614.7004,11749.368,-1963.5142,57.750659999999996,-4275.999,-1905.7635400000001,-6181.76254
113,503.2847,1428.3933,-1091.643,0.0,0.0,0.0,-1265.9923,-16263.4116,631.6773,11799.4358,-2010.5016,57.27072024,-4258.255800000003,-1953.23087976,-6211.4866797600025
114,521.3246,1370.2747,-1091.0094,0.0,0.0,0.0,-1293.4323,-16268.253,623.1181,11803.9785,-1955.8417,54.99611784,-4333.998800000003,-1900.84558216,-6234.844382160003
115,500.838,1420.3673,-1089.9758,0.0,0.0,0.0,-1268.7525,-16291.3999,603.1692,11767.2339,-1940.3842,56.49605928,-4358.519800000002,-1883.88814072,-6242.407940720002
116,548.5493,1419.8646,-1092.7834,0.0,0.0,0.0,-1275.7913,-16090.7934,608.5415,11796.8316,-2167.5737,58.94093016,-4085.5811000000012,-2108.63276984,-6194.213869840001
117,488.4367,1412.755,-1108.733,0.0,0.0,0.0,-1307.7166,-16121.868,616.8701,11802.1313,-2094.0058,57.73412376,-4218.1245,-2036.2716762399998,-6254.3961762399995
118,498.9684,1431.0635,-1087.7869,0.0,0.0,0.0,-1294.9086,-16270.6032,594.2329,11765.2698,-1944.7933,57.225222,-4363.764100000002,-1887.568078,-6251.332178000002
119,536.6752,1394.0801,-1118.8736,0.0,0.0,0.0,-1282.1569,-16160.4816,624.6782,11753.3298,-2031.6092,57.45056832,-4252.748799999999,-1974.15863168,-6226.90743168
120,499.1027,1414.2422,-1099.9563,0.0,0.0,0.0,-1300.6022,-16069.9917,608.887,11780.0893,-2142.0645,57.46759632,-4168.229000000001,-2084.5969036799997,-6252.825903680002
121,540.2337,1443.6704,-1078.9517,0.0,0.0,0.0,-1275.1295,-16243.329,605.4445,11812.7202,-2043.7429,59.209539119999995,-4195.341399999999,-1984.53336088,-6179.8747608799995
122,518.7137,1434.8972,-1132.5515,0.0,0.0,0.0,-1265.2368,-16308.8883,597.0802,11826.2897,-1981.0847,56.67893856,-4329.6957999999995,-1924.40576144,-6254.10156144
123,510.9247,1373.0736,-1073.4977,0.0,0.0,0.0,-1246.1748,-16215.4422,606.5922,11785.8362,-2053.1195,58.5471312,-4258.688,-1994.5723687999998,-6253.2603688
124,537.5338,1418.4424,-1109.7841,0.0,0.0,0.0,-1260.6017,-16385.5216,575.8476,11780.3401,-1870.7137,58.61339208,-4443.743499999999,-1812.10030792,-6255.843807919999
125,491.5092,1384.2329,-1056.1711,0.0,0.0,0.0,-1260.0339,-16155.8035,617.9425,11811.0397,-2107.9829,59.40581256,-4167.284200000002,-2048.57708744,-6215.861287440001
126,544.7484,1407.1169,-1085.9662,0.0,0.0,0.0,-1248.452,-16252.6411,612.2935,11739.5349,-1976.7883,56.09340072,-4283.365599999999,-1920.6948992799998,-6204.060499279999
127,503.7997,1402.7519,-1114.6947,0.0,0.0,0.0,-1308.1556,-16055.3517,600.9486,11794.2097,-2138.8885,60.786478079999995,-4176.4920999999995,-2078.10202192,-6254.594121919999
128,529.6025,1401.7364,-1075.2577,0.0,0.0,0.0,-1241.4272,-16106.1824,596.1758,11690.6028,-2046.5048,59.941468799999996,-4204.749799999998,-1986.5633312,-6191.313131199998
129,527.6164,1424.4955,-1081.1136,0.0,0.0,0.0,-1263.2534,-16048.9841,599.1746,11769.6543,-2153.0969,59.711032079999995,-4072.4102999999996,-2093.3858679200002,-6165.79616792
130,504.3109,1440.8216,-1123.329,0.0,0.0,0.0,-1231.6291,-16077.4797,603.8577,11820.392,-2172.3892,59.7099024,-4063.0555999999997,-2112.6792976,-6175.734897599999
131,487.8271,1378.0626,-1106.7573,0.0,0.0,0.0,-1270.6141,-16084.4953,607.2913,11752.899,-2114.9754,59.29397495999999,-4235.786699999999,-2055.68142504,-6291.468125039998
132,534.3909,1373.9625,-1105.9376,0.0,0.0,0.0,-1262.3673,-16101.0721,590.7454,11771.9141,-2131.092,58.186239119999996,-4198.364100000001,-2072.90576088,-6271.269860880001
133,491.5538,1450.7525,-1106.6413,0.0,0.0,0.0,-1241.4425,-16076.89,613.6536,11771.5146,-2170.8838,60.92757432,-4097.4992999999995,-2109.95622568,-6207.4555256799995
134,503.3128,1404.9028,-1102.0975,0.0,0.0,0.0,-1265.0353,-16124.4521,595.9483,11808.1873,-2116.2395,59.67109151999999,-4179.2337000000025,-2056.56840848,-6235.802108480002
135,495.0094,1395.9518,-1102.3031,0.0,0.0,0.0,-1265.3337,-16074.6778,601.0855,11834.5425,-2201.6567,59.879879280000004,-4115.725400000001,-2141.77682072,-6257.502220720001
136,524.2612,1448.147,-1095.2386,0.0,0.0,0.0,-1252.6537,-16144.2503,623.1132,11731.3743,-2074.0267,59.04381383999999,-4165.246900000002,-2014.98288616,-6180.229786160002
137,502.9402,1429.3318,-1078.9002,0.0,0.0,0.0,-1289.8666,-16003.0109,600.1177,11781.1516,-2212.7051,60.01532568,-4058.236399999998,-2152.68977432,-6210.926174319998
138,486.4824,1416.8864,-1097.6519,0.0,0.0,0.0,-1250.5823,-16106.4054,599.5683,11810.0187,-2164.7771,59.876451360000004,-4141.683799999997,-2104.90064864,-6246.5844486399965
139,486.5069,1442.3571,-1074.1966,0.0,0.0,0.0,-1260.915,-16194.6123,609.279,11784.9478,-2050.5968,59.16850631999999,-4206.633099999999,-1991.4282936799998,-6198.061393679998
140,501.3418,1403.222,-1111.0956,0.0,0.0,0.0,-1262.4765,-16095.7369,598.6502,11804.8902,-2165.4081,59.69742624,-4161.204800000001,-2105.71067376,-6266.915473760002
141,461.0477,1478.3732,-1092.7527,0.0,0.0,0.0,-1262.2809,-16258.9062,617.2726,11839.2129,-2064.5205,59.82662663999999,-4218.033399999998,-2004.69387336,-6222.727273359999
142,478.1226,1372.249,-1098.8309,0.0,0.0,0.0,-1274.8285,-16115.3741,606.7944,11788.8321,-2113.4004,58.1480676,-4243.035399999999,-2055.2523324,-6298.287732399999
143,539.0037,1429.2517,-1106.3936,0.0,0.0,0.0,-1242.2795,-16252.535,595.2614,11766.4073,-1998.5363,58.26314448,-4271.2840000000015,-1940.27315552,-6211.557155520001
144,525.4597,1402.1249,-1103.1519,0.0,0.0,0.0,-1269.9679,-16082.1634,601.1247,11739.764,-2130.8237,58.470626159999995,-4186.8099,-2072.35307384,-6259.16297384
145,524.6191,1402.3417,-1083.188,0.0,0.0,0.0,-1259.5737,-16249.4998,612.5893,11762.4337,-2029.2436,57.45146184,-4290.277700000001,-1971.79213816,-6262.0698381600005
146,513.6107,1403.9731,-1097.0397,0.0,0.0,0.0,-1281.8244,-16129.3825,612.3284,11806.5969,-2136.6674,59.78377655999999,-4171.737499999997,-2076.8836234399996,-6248.621123439998
147,512.7666,1385.8368,-1103.9174,0.0,0.0,0.0,-1274.5973,-16133.6697,625.8299,11769.6682,-2086.1438,58.19137128,-4218.082900000001,-2027.9524287199997,-6246.035328720001
148,516.4455,1363.2698,-1120.7313,0.0,0.0,0.0,-1241.3263,-16176.6518,593.6341,11756.1964,-2033.0753,56.99503368,-4309.1636,-1976.08026632,-6285.24386632
149,507.721,1443.9233,-1110.0991,0.0,0.0,0.0,-1242.7176,-16134.1375,626.1974,11737.6208,-2068.3771,58.80125664,-4171.491699999999,-2009.5758433600001,-6181.067543359998
150,492.5333,1389.653,-1102.177,0.0,0.0,0.0,-1285.1199,-16191.5323,599.7109,11788.1606,-2056.3878,58.481964,-4308.7714,-1997.905836,-6306.677236
151,492.3037,1443.3208,-1077.534,0.0,0.0,0.0,-1299.9965,-16028.1946,586.2202,11711.7906,-2136.7234,58.08463848,-4172.089800000002,-2078.6387615199997,-6250.728561520002
152,484.8415,1393.4479,-1100.2329,0.0,0.0,0.0,-1267.7534,-16268.91,636.0496,11806.6307,-1979.7434,54.16263864,-4315.926599999999,-1925.58076136,-6241.507361359999
153,512.4776,1416.9748,-1090.3031,0.0,0.0,0.0,-1269.5423,-16031.8501,602.204,11760.4088,-2170.3188,57.677914079999994,-4099.630300000001,-2112.64088592,-6212.271185920001
154,515.286,1395.1071,-1102.5962,0.0,0.0,0.0,-1298.8565,-16106.4778,607.2311,11763.1862,-2104.2331,56.4262524,-4227.1201,-2047.8068475999999,-6274.9269476
155,490.4291,1421.3942,-1151.7652,0.0,0.0,0.0,-1255.8268,-15910.064,612.1986,11773.308,-2294.7859,59.301179999999995,-4020.3260999999984,-2235.48472,-6255.810819999998
156,472.1536,1435.8893,-1077.7848,0.0,0.0,0.0,-1289.6692,-15988.7907,597.2498,11714.4295,-2126.8072,57.04397424,-4136.522499999999,-2069.7632257600003,-6206.285725759999
157,519.9486,1436.9077,-1100.266,0.0,0.0,0.0,-1277.7795,-16091.855,582.3098,11684.7475,-2050.859,55.643736239999996,-4245.986900000002,-1995.21526376,-6241.202163760002
158,523.9948,1394.3732,-1100.4687,0.0,0.0,0.0,-1295.2339,-16077.446,613.1023,11739.2774,-2111.1433,56.7079884,-4202.400899999997,-2054.4353116,-6256.836211599996
159,530.5485,1420.7681,-1102.3727,0.0,0.0,0.0,-1272.2362,-16166.8142,593.0543,11755.0023,-2057.1051,58.17730752,-4242.049900000002,-1998.9277924800003,-6240.977692480003
160,502.816,1432.0274,-1069.5781,0.0,0.0,0.0,-1281.3268,-16138.5127,595.4378,11838.7176,-2135.9129,55.6386912,-4120.4187999999995,-2080.2742088,-6200.693008799999
161,512.8559,1387.1901,-1130.3991,0.0,0.0,0.0,-1278.7349,-16049.2007,609.9872,11783.5025,-2146.1357,56.66931216,-4164.799000000001,-2089.4663878399997,-6254.265387840001
162,522.0406,1450.9681,-1100.6624,0.0,0.0,0.0,-1277.9616,-16024.9377,594.8475,11760.5104,-2200.4375,57.86274744,-4075.195100000001,-2142.57475256,-6217.769852560001
163,480.4163,1405.8569,-1108.6242,0.0,0.0,0.0,-1273.7798,-16102.0066,623.7601,11811.0625,-2137.5446,57.4948656,-4163.3148,-2080.0497344,-6243.364534400001
164,502.3345,1460.4982,-1091.5174,0.0,0.0,0.0,-1277.1892,-16037.6138,609.5102,11682.7871,-2115.6046,59.39205767999999,-4151.190399999998,-2056.21254232,-6207.402942319998
165,488.4995,1409.3166,-1104.5637,0.0,0.0,0.0,-1266.5576,-16110.2247,615.0829,11799.5172,-2154.8862,59.492574,-4168.929800000002,-2095.393626,-6264.323426000002
166,494.56,1396.0366,-1096.4747,0.0,0.0,0.0,-1252.444,-16090.5932,614.36,11819.0649,-2171.5822,58.28170968,-4115.490400000001,-2113.30049032,-6228.7908903200005
167,490.072,1423.3785,-1106.0126,0.0,0.0,0.0,-1285.8138,-16121.1325,637.1524,11802.0612,-2098.1244,55.4229792,-4160.2948,-2042.7014208,-6202.996220800001
168,490.8426,1439.911,-1122.6079,0.0,0.0,0.0,-1287.4683,-16136.3676,612.389,11757.1418,-2097.977,55.971146159999996,-4246.159400000002,-2042.0058538399999,-6288.165253840002
169,507.687,1379.1242,-1104.0113,0.0,0.0,0.0,-1290.3206,-16160.4362,619.2851,11735.7605,-2028.4569,54.64827864,-4312.9113,-1973.80862136,-6286.71992136
170,548.3937,1434.234,-1123.5199,0.0,0.0,0.0,-1300.6635,-16109.5343,595.8233,11738.5236,-2055.7182,54.94291704,-4216.7431,-2000.77528296,-6217.518382959999
171,469.0581,1420.7877,-1089.3246,0.0,0.0,0.0,-1313.3491,-16197.7379,625.184,11839.2919,-2055.8778,56.33410824,-4246.089900000001,-1999.5436917600002,-6245.633591760001
172,498.6343,1451.8917,-1104.9395,0.0,0.0,0.0,-1311.3249,-15975.3993,604.4634,11809.3469,-2262.5737,56.68002288,-4027.3273999999983,-2205.89367712,-6233.221077119998
173,516.9844,1395.4889,-1061.82,0.0,0.0,0.0,-1300.8354,-16080.2876,609.6946,11744.3189,-2102.5625,56.87996832,-4176.456199999997,-2045.68253168,-6222.138731679996
174,525.455,1407.3604,-1109.6153,0.0,0.0,0.0,-1288.9606,-15999.172,620.7314,11740.3137,-2183.6619,55.910826,-4103.887399999998,-2127.7510740000002,-6231.638473999998
175,557.963,1444.5379,-1113.8586,0.0,0.0,0.0,-1288.8661,-16086.2082,621.9495,11735.0045,-2109.0724,55.93533839999999,-4129.478000000001,-2053.1370616,-6182.615061600001
176,519.9002,1421.6624,-1086.9203,0.0,0.0,0.0,-1296.4266,-16033.1728,601.8475,11709.3897,-2143.0419,54.85723488,-4163.7199,-2088.1846651200003,-6251.90456512
177,506.7831,1449.6559,-1097.331,0.0,0.0,0.0,-1309.5982,-16087.5972,619.9814,11744.1658,-2083.3755,55.085904719999995,-4173.940199999999,-2028.2895952800002,-6202.229795279999
178,518.7326,1429.0388,-1078.6746,0.0,0.0,0.0,-1305.2649,-16125.6507,603.4904,11695.1813,-2025.9318,55.299638879999996,-4263.1471,-1970.63216112,-6233.77926112
179,536.945,1396.1784,-1118.3784,0.0,0.0,0.0,-1279.1636,-16204.4325,625.7691,11739.2845,-1981.2803,54.840615119999995,-4303.797500000001,-1926.43968488,-6230.237184880001
180,544.9715,1446.4389,-1094.882,0.0,0.0,0.0,-1292.5086,-16052.2424,601.5616,11700.024,-2092.9943,56.71227167999999,-4146.636999999997,-2036.2820283199999,-6182.919028319997
181,522.1365,1410.0349,-1108.4848,0.0,0.0,0.0,-1281.628,-16222.9076,603.898,11762.3096,-2002.8885,57.06261576,-4314.641400000002,-1945.82588424,-6260.467284240002
182,496.1983,1438.1703,-1070.2044,0.0,0.0,0.0,-1281.687,-16184.8727,597.7932,11716.9474,-2025.7923,56.25194544,-4287.6548999999995,-1969.54035456,-6257.19525456
183,515.9959,1414.5853,-1104.04,0.0,0.0,0.0,-1275.3785,-16189.0379,607.3285,11789.6287,-2050.7359,56.136957839999994,-4240.918,-1994.5989421600002,-6235.516942159999
184,542.3328,1363.1432,-1087.2988,0.0,0.0,0.0,-1282.1474,-16064.1431,606.7247,11721.7936,-2102.4066,56.359213919999995,-4199.594999999999,-2046.0473860799998,-6245.64238608
185,464.5574,1462.5198,-1079.7752,0.0,0.0,0.0,-1274.6513,-16212.8327,596.2363,11787.0256,-2014.1921,57.67830575999999,-4256.920099999999,-1956.51379424,-6213.43389424
186,516.378,1436.6771,-1094.7607,0.0,0.0,0.0,-1293.7914,-16187.7911,615.1508,11742.9502,-2000.04,55.14571152,-4265.187100000003,-1944.89428848,-6210.081388480003
187,513.1135,1425.5693,-1110.0375,0.0,0.0,0.0,-1261.481,-16147.7679,615.0123,11731.6613,-2050.4172,56.228162399999995,-4233.930000000002,-1994.1890376,-6228.119037600002
188,511.7745,1393.8474,-1086.0652,0.0,0.0,0.0,-1265.1989,-16238.8385,616.5794,11841.7204,-2078.8388,55.67207256,-4226.180899999999,-2023.16672744,-6249.347627439999
189,511.7749,1438.623,-1076.9487,0.0,0.0,0.0,-1287.0454,-16086.4623,613.0942,11728.3419,-2099.5727,54.083640239999994,-4158.6224,-2045.4890597600001,-6204.111459760001
190,539.8959,1480.1691,-1111.905,0.0,0.0,0.0,-1266.7325,-16145.3911,616.8921,11735.9541,-2056.7423,57.11845248,-4151.117399999997,-1999.6238475199998,-6150.741247519997
191,528.5505,1458.4939,-1083.6341,0.0,0.0,0.0,-1296.2217,-16134.5666,588.384,11645.5551,-2004.6705,55.393829999999994,-4293.438900000001,-1949.27667,-6242.715570000001
192,544.6943,1401.4488,-1081.7113,0.0,0.0,0.0,-1273.9498,-16104.8018,590.0913,11697.1783,-2052.5796,53.90308584,-4227.0502000000015,-1998.6765141600001,-6225.726714160001
193,531.8619,1448.8766,-1076.7971,0.0,0.0,0.0,-1296.0249,-16175.8173,617.998,11775.8445,-2046.3992,55.52011512,-4174.058300000001,-1990.8790848800002,-6164.9373848800005
194,482.5887,1417.7892,-1076.0317,0.0,0.0,0.0,-1290.1933,-16125.3263,625.1296,11723.8329,-2081.8957,57.15766872,-4242.2109,-2024.73803128,-6266.94893128
195,489.8063,1411.7627,-1100.7488,0.0,0.0,0.0,-1262.1635,-16326.8775,624.5195,11781.1267,-1951.5276,55.92372192,-4382.574599999998,-1895.60387808,-6278.178478079997
196,495.4575,1423.1971,-1091.4608,0.0,0.0,0.0,-1293.9694,-16088.7746,604.9767,11705.7958,-2106.6219,56.324664,-4244.777700000002,-2050.297236,-6295.074936000003
197,482.9639,1427.5495,-1079.9333,0.0,0.0,0.0,-1300.3223,-16099.516,614.3181,11775.666,-2072.7161,54.76275936,-4179.2741000000005,-2017.95334064,-6197.22744064
198,528.2182,1395.5076,-1113.0456,0.0,0.0,0.0,-1292.7807,-16204.685,585.3652,11752.2651,-1978.8769,55.44363816,-4349.155199999997,-1923.43326184,-6272.588461839998
199,518.5841,1409.3703,-1092.0912,0.0,0.0,0.0,-1310.2278,-16152.8254,605.2034,11768.3183,-2051.9593,56.18164896,-4253.6682999999975,-1995.77765104,-6249.445951039998
200,511.7524,1431.5072,-1092.3931,0.0,0.0,0.0,-1285.5691,-16117.0995,602.8944,11717.2461,-2062.1795,57.29211576,-4231.661600000001,-2004.8873842400003,-6236.548984240001
201,475.4393,1501.1285,-1104.7406,0.0,0.0,0.0,-1260.8387,-16125.0855,599.306,11670.2484,-2041.2702,56.37672936,-4244.542599999997,-1984.89347064,-6229.436070639997
202,527.5169,1369.7737,-1099.5052,0.0,0.0,0.0,-1265.8267,-16120.7195,602.9954,11732.1001,-2078.2679,56.05762104,-4253.665300000001,-2022.2102789599999,-6275.87557896
203,506.9562,1415.5281,-1105.4161,0.0,0.0,0.0,-1273.9323,-15999.6543,623.6505,11747.8335,-2181.7555,56.60429688,-4085.0344000000005,-2125.15120312,-6210.18560312
204,498.8093,1400.5242,-1114.3833,0.0,0.0,0.0,-1285.2595,-15994.0295,607.6036,11786.846,-2236.447,57.30133608,-4099.889200000001,-2179.14566392,-6279.034863920002
205,530.9739,1445.9313,-1063.3805,0.0,0.0,0.0,-1288.3154,-15957.2833,604.0511,11737.1957,-2255.5475,56.507408639999994,-3990.827199999998,-2199.04009136,-6189.8672913599985
206,524.9705,1465.9486,-1114.4321,0.0,0.0,0.0,-1312.5177,-16097.1545,593.2955,11723.653,-2062.2262,54.62762256,-4216.2366999999995,-2007.59857744,-6223.835277439999
207,507.1439,1397.6213,-1094.0985,0.0,0.0,0.0,-1294.2549,-16213.4322,609.2206,11775.9698,-2043.1994,54.459691199999995,-4311.829999999996,-1988.7397088,-6300.569708799996
208,523.1389,1332.8771,-1063.0914,0.0,0.0,0.0,-1282.648,-16190.9511,613.4515,11752.0091,-2040.5651,56.648929679999995,-4315.2139000000025,-1983.91617032,-6299.130070320002
209,505.5131,1489.4241,-1088.9125,0.0,0.0,0.0,-1287.5178,-16204.9645,623.6611,11792.3843,-2076.5907,56.5731288,-4170.4122000000025,-2020.0175712000002,-6190.429771200003
210,538.4901,1397.928,-1111.8775,0.0,0.0,0.0,-1275.8432,-16214.6565,594.6201,11747.8042,-2023.3648,56.494812239999995,-4323.534799999999,-1966.86998776,-6290.40478776
211,487.4056,1401.4267,-1058.2789,0.0,0.0,0.0,-1320.3371,-16019.6127,617.5328,11773.7501,-2155.4146,54.980601119999996,-4118.113499999998,-2100.43399888,-6218.547498879998
212,516.8069,1423.0811,-1082.2046,0.0,0.0,0.0,-1318.4263,-16146.1634,605.1263,11787.8325,-2099.445,55.4375628,-4213.947499999998,-2044.0074372000001,-6257.954937199998
213,497.8949,1407.2559,-1113.6801,0.0,0.0,0.0,-1285.4359,-16072.9855,619.2161,11749.5618,-2121.0557,56.931596639999995,-4198.172800000002,-2064.12410336,-6262.296903360002
214,531.393,1429.3011,-1092.8505,0.0,0.0,0.0,-1275.5627,-16261.3557,579.8695,11708.6624,-1964.6966,54.69407496,-4380.542899999999,-1910.00252504,-6290.545425039999
215,527.6061,1397.1562,-1102.6177,0.0,0.0,0.0,-1285.5756,-16219.2308,603.4336,11759.5943,-1989.2399,56.02195224,-4319.633899999997,-1933.21794776,-6252.851847759997
216,530.5788,1449.0504,-1097.5998,0.0,0.0,0.0,-1277.9037,-16145.513,610.421,11708.4886,-2017.3006,56.5728444,-4222.477700000001,-1960.7277556000001,-6183.205455600002
217,503.5394,1449.5219,-1108.0131,0.0,0.0,0.0,-1271.6204,-16202.9438,614.7905,11770.1491,-2046.0771,56.0155464,-4244.5764,-1990.0615536,-6234.6379536
218,496.0643,1438.2934,-1080.2579,0.0,0.0,0.0,-1272.6951,-16108.623,593.5724,11712.9687,-2054.0897,56.33202672,-4220.6772,-1997.75767328,-6218.434873280001
219,473.4126,1424.0438,-1108.1335,0.0,0.0,0.0,-1290.9679,-16067.1402,606.725,11768.2686,-2135.4712,57.58284816,-4193.791599999999,-2077.88835184,-6271.6799518399985
220,531.0117,1422.5171,-1085.2309,0.0,0.0,0.0,-1290.4097,-16184.9014,613.6005,11765.9836,-2033.5304,55.428056639999994,-4227.429100000001,-1978.10234336,-6205.531443360001
221,536.9189,1451.2983,-1088.4503,0.0,0.0,0.0,-1269.5913,-16143.5434,599.5416,11793.2509,-2116.7986,56.6558496,-4120.5753,-2060.1427504000003,-6180.718050400001
222,516.9779,1376.9614,-1100.9949,0.0,0.0,0.0,-1291.5433,-16055.1927,607.4378,11780.1759,-2180.4853,57.51118872,-4166.177900000001,-2122.9741112799998,-6289.152011280001
223,527.0166,1369.7395,-1098.155,0.0,0.0,0.0,-1290.0987,-16086.3154,606.2548,11791.0653,-2157.1566,57.38100696,-4180.4928999999975,-2099.77559304,-6280.268493039997
224,497.0189,1423.4147,-1063.9076,0.0,0.0,0.0,-1289.2075,-16081.2836,606.2272,11812.6738,-2159.968,59.249478239999995,-4095.0641000000014,-2100.71852176,-6195.782621760001
225,501.7948,1458.6049,-1097.3578,0.0,0.0,0.0,-1279.0391,-16123.1069,607.6545,11764.2101,-2088.5198,58.2883704,-4167.2395,-2030.2314296,-6197.4709296
226,528.2609,1400.4272,-1107.0362,0.0,0.0,0.0,-1263.1556,-16212.7031,603.6429,11747.0915,-1999.1385,57.397363199999994,-4303.472399999999,-1941.7411368,-6245.213536799999
227,524.8695,1406.0603,-1098.5367,0.0,0.0,0.0,-1299.4001,-16048.0715,609.6211,11699.6431,-2094.9947,56.84544432,-4205.8143,-2038.1492556800001,-6243.96355568
228,511.5615,1442.1218,-1109.1238,0.0,0.0,0.0,-1291.0661,-16113.9972,600.1872,11789.5026,-2101.6874,55.926326159999995,-4170.8139999999985,-2045.7610738399999,-6216.575073839998
229,495.2418,1362.7526,-1096.6738,0.0,0.0,0.0,-1274.2134,-16046.8553,606.5691,11799.746,-2201.8425,59.73236711999999,-4153.433000000001,-2142.11013288,-6295.543132880001
230,513.6048,1420.4779,-1095.3275,0.0,0.0,0.0,-1296.3643,-16165.3819,619.7869,11802.8794,-2069.2512,57.16058112,-4200.324700000003,-2012.0906188800002,-6212.415318880004
231,517.8729,1482.3144,-1076.3809,0.0,0.0,0.0,-1285.705,-16182.853,608.2098,11755.8183,-2057.8703,55.76765399999999,-4180.723499999998,-2002.102646,-6182.8261459999985
232,521.0042,1484.8793,-1140.8191,0.0,0.0,0.0,-1239.3079,-16266.6098,616.8535,11799.4655,-2001.9858,57.67582536,-4224.534299999999,-1944.3099746399998,-6168.84427464
233,515.3597,1396.0292,-1085.9133,0.0,0.0,0.0,-1282.3547,-16021.9594,607.1337,11775.7059,-2208.9857,58.30753392,-4095.998899999997,-2150.67816608,-6246.677066079997
234,490.1466,1409.2108,-1078.2578,0.0,0.0,0.0,-1277.8587,-15935.2878,613.8751,11717.8807,-2240.9532,57.78412056,-4060.291100000002,-2183.16907944,-6243.460179440002
235,495.9804,1404.3382,-1091.244,0.0,0.0,0.0,-1290.7459,-16138.365,608.2197,11750.377,-2064.3001,56.803459679999996,-4261.4396,-2007.4966403199999,-6268.93624032
236,531.5686,1436.9984,-1068.7673,0.0,0.0,0.0,-1300.3723,-16173.3279,622.9413,11808.4428,-2066.9923,57.38008968,-4142.516399999999,-2009.6122103199998,-6152.128610319998
237,494.4831,1462.6332,-1107.0651,0.0,0.0,0.0,-1301.779,-16171.0376,593.5927,11740.1296,-2007.3958,58.23364392,-4289.043100000001,-1949.16215608,-6238.205256080001
238,528.4892,1369.5341,-1090.0412,0.0,0.0,0.0,-1264.0956,-16242.8106,628.939,11793.2977,-2000.8633,56.22864552,-4276.687400000001,-1944.6346544799999,-6221.322054480001
239,493.4698,1440.3166,-1050.4797,0.0,0.0,0.0,-1253.5022,-16154.4448,619.5837,11726.563,-2060.7396,57.061709279999995,-4178.4936,-2003.6778907199998,-6182.171490719999
240,517.1062,1434.2107,-1092.5861,0.0,0.0,0.0,-1278.8001,-16217.5232,591.0181,11750.6441,-2000.0049,55.451990159999994,-4295.9303,-1944.55290984,-6240.48320984
241,484.6027,1408.5574,-1121.2846,0.0,0.0,0.0,-1254.5865,-16162.1624,625.0058,11786.4994,-2083.5757,58.17189456,-4233.368199999999,-2025.4038054399998,-6258.772005439999
242,505.7192,1406.6574,-1113.6913,0.0,0.0,0.0,-1292.0768,-16084.3593,621.9433,11727.7749,-2062.5138,56.12760432,-4228.0326000000005,-2006.3861956800001,-6234.4187956800015
243,471.0121,1426.4347,-1099.3724,0.0,0.0,0.0,-1266.9595,-16300.3999,613.0098,11746.0559,-1896.019,55.00691423999999,-4410.219300000001,-1841.01208576,-6251.231385760001
244,517.7745,1364.67,-1101.6795,0.0,0.0,0.0,-1300.5574,-16135.5108,601.9449,11783.1002,-2073.9299,57.777489360000004,-4270.258099999997,-2016.1524106400002,-6286.4105106399975
245,500.8243,1413.4551,-1085.4364,0.0,0.0,0.0,-1298.6877,-16184.8489,636.6542,11812.3974,-2066.3756,56.066392799999996,-4205.642000000002,-2010.3092072,-6215.951207200001
246,504.0499,1442.9334,-1089.2373,0.0,0.0,0.0,-1254.8268,-16199.8015,608.9625,11736.3103,-2007.6742,57.68726615999999,-4251.609500000002,-1949.98693384,-6201.596433840002
247,523.539,1442.1297,-1073.0418,0.0,0.0,0.0,-1280.409,-16067.5135,610.2312,11770.4197,-2155.5474,58.448008800000004,-4074.644699999997,-2097.0993912,-6171.744091199997
248,542.8917,1403.1482,-1095.2911,0.0,0.0,0.0,-1258.9294,-16004.2604,616.7896,11750.4363,-2185.9785,57.7485972,-4045.2150999999994,-2128.2299028,-6173.445002799999
249,499.9891,1442.6987,-1108.5746,0.0,0.0,0.0,-1263.955,-16083.4011,611.5088,11856.8991,-2224.9296,59.38299432,-4044.8349999999973,-2165.54660568,-6210.381605679997
250,480.9347,1428.2656,-1095.1241,0.0,0.0,0.0,-1271.9478,-16078.6709,606.5338,11757.8725,-2153.0342,57.71464632,-4172.136200000001,-2095.31955368,-6267.455753680001
251,512.302,1441.244,-1099.6224,0.0,0.0,0.0,-1293.0629,-16098.9727,592.6362,11707.6627,-2032.7585,55.640005200000004,-4237.813099999999,-1977.1184948,-6214.931594799999
252,504.1637,1454.7285,-1074.5378,0.0,0.0,0.0,-1294.2612,-16036.3148,600.2507,11765.3841,-2163.1414,56.90866895999999,-4080.586800000001,-2106.23273104,-6186.8195310400015
253,487.6045,1389.0457,-1091.0638,0.0,0.0,0.0,-1276.2368,-16183.8823,618.614,11821.6601,-2076.2085,56.947304159999995,-4234.258600000001,-2019.2611958400003,-6253.519795840001
254,477.4907,1382.3492,-1089.1363,0.0,0.0,0.0,-1260.2031,-16313.6583,602.3754,11885.1482,-2055.2425,58.7963628,-4315.634199999997,-1996.4461371999998,-6312.080337199997
255,520.0993,1395.9731,-1083.7445,0.0,0.0,0.0,-1269.4571,-16183.3127,621.7449,11771.2871,-2035.7837,59.00079312,-4227.409900000002,-1976.78290688,-6204.1928068800025
256,516.4678,1415.5882,-1084.5841,0.0,0.0,0.0,-1292.742,-16220.3599,596.9547,11755.6361,-1988.2294,56.60651088,-4313.039200000001,-1931.6228891199999,-6244.662089120001
257,541.234,1384.9576,-1087.9474,0.0,0.0,0.0,-1285.2846,-16028.9602,608.883,11744.7439,-2142.1605,58.09868568,-4122.3737,-2084.06181432,-6206.43551432
258,524.0931,1424.352,-1093.5287,0.0,0.0,0.0,-1284.7522,-16047.2757,614.1967,11826.1006,-2181.5801,58.0493952,-4036.814199999999,-2123.5307048,-6160.344904799999
259,535.0506,1452.2421,-1078.1041,0.0,0.0,0.0,-1278.5146,-15878.638,591.5061,11729.3887,-2307.1477,57.93861744,-3927.0692,-2249.20908256,-6176.27828256
260,529.0602,1419.6748,-1081.3352,0.0,0.0,0.0,-1273.5197,-16231.8575,609.1712,11803.7071,-2049.6041,56.37862872,-4225.099099999999,-1993.22547128,-6218.32457128
261,486.0299,1401.9527,-1113.1157,0.0,0.0,0.0,-1267.1959,-16122.1069,604.2087,11712.9516,-2033.0159,57.66550272,-4297.275600000001,-1975.3503972800002,-6272.625997280001
262,547.945,1461.8195,-1105.674,0.0,0.0,0.0,-1301.864,-16001.4221,610.9844,11755.3507,-2198.7362,57.39601392,-4032.860499999999,-2141.34018608,-6174.200686079998
263,502.2528,1465.3953,-1109.1674,0.0,0.0,0.0,-1302.7224,-16018.83,598.4641,11754.5916,-2192.6761,56.541009599999995,-4110.016000000001,-2136.1350904,-6246.151090400002
264,463.4354,1464.4555,-1113.2979,0.0,0.0,0.0,-1296.8673,-16142.9629,611.6985,11823.6306,-2124.3179,56.008637279999995,-4189.908099999999,-2068.30926272,-6258.217362719999
265,568.1439,1449.6985,-1104.5629,0.0,0.0,0.0,-1317.9968,-15992.1419,612.387,11729.1828,-2194.6989,56.0979612,-4055.289399999998,-2138.6009387999998,-6193.890338799997
266,500.3788,1450.4627,-1087.9633,0.0,0.0,0.0,-1265.0928,-16026.268,607.0216,11738.7893,-2193.0619,59.00845176,-4082.671699999999,-2134.0534482400003,-6216.72514824
267,536.2236,1468.1364,-1101.1995,0.0,0.0,0.0,-1256.6159,-16062.7416,597.5187,11692.5386,-2113.5766,58.7079648,-4126.1397,-2054.8686352,-6181.0083352
268,516.4489,1434.4184,-1105.5333,0.0,0.0,0.0,-1258.0866,-15997.3095,603.9403,11747.8372,-2208.5526,58.63893696,-4058.284599999999,-2149.91366304,-6208.198263039999
269,510.4427,1381.7441,-1099.0563,0.0,0.0,0.0,-1262.8727,-16026.0209,614.4224,11790.2028,-2172.55,58.18678128,-4091.1379000000015,-2114.36321872,-6205.501118720002
270,478.1158,1398.9353,-1114.3525,0.0,0.0,0.0,-1286.0328,-16097.279,614.6545,11809.3794,-2149.2247,57.36311568,-4196.579299999999,-2091.86158432,-6288.44088432
271,491.426,1420.5798,-1093.2091,0.0,0.0,0.0,-1303.7976,-16164.3435,614.471,11794.0525,-2071.036,57.82731624,-4240.820900000002,-2013.20868376,-6254.029583760002
272,535.9953,1437.0077,-1092.7128,0.0,0.0,0.0,-1288.8393,-16246.1202,624.3331,11832.5398,-2068.4366,56.896753679999996,-4197.796399999997,-2011.53984632,-6209.336246319997
273,557.898,1399.3359,-1097.1151,0.0,0.0,0.0,-1294.5457,-16132.4543,626.0924,11800.1473,-2133.9418,59.15631024,-4140.6415,-2074.78548976,-6215.426989760001
274,500.198,1384.0509,-1087.817,0.0,0.0,0.0,-1280.6852,-16076.3179,611.3549,11790.7523,-2117.0061,56.046527999999995,-4158.463999999998,-2060.959572,-6219.423571999999
275,531.3181,1446.2135,-1108.2839,0.0,0.0,0.0,-1299.4927,-16136.5297,615.518,11789.8377,-2069.0764,56.70238464,-4161.418999999998,-2012.37401536,-6173.793015359998
276,511.343,1401.5369,-1069.3287,0.0,0.0,0.0,-1276.5603,-16140.5889,617.1688,11764.0405,-2082.6588,58.282462079999995,-4192.388700000003,-2024.3763379200002,-6216.765037920003
277,545.3464,1423.6016,-1097.6524,0.0,0.0,0.0,-1271.7099,-16161.8269,602.3371,11746.0782,-2053.8669,58.25578896,-4213.8259,-1995.61111104,-6209.43701104
278,498.028,1411.3856,-1086.1818,0.0,0.0,0.0,-1277.059,-16207.5827,619.7426,11791.7248,-2038.8996,56.76083784,-4249.942500000003,-1982.13876216,-6232.081262160003
279,524.881,1420.0414,-1132.887,0.0,0.0,0.0,-1278.5201,-16131.3444,602.2814,11736.2213,-2038.8035,58.75977888,-4259.3264,-1980.04372112,-6239.37012112
280,529.8873,1400.0176,-1108.3473,0.0,0.0,0.0,-1283.9133,-16202.9901,605.8949,11775.4347,-2016.7348,56.03446728,-4284.0162,-1960.70033272,-6244.71653272
281,523.6327,1411.7703,-1092.319,0.0,0.0,0.0,-1303.9567,-16251.6325,614.3867,11798.1323,-2003.7138,56.55851783999999,-4299.986200000001,-1947.15528216,-6247.141482160001
282,494.0658,1418.6094,-1082.8088,0.0,0.0,0.0,-1286.9843,-16163.5433,606.3502,11853.0521,-2130.8497,56.51247096,-4161.258899999997,-2074.3372290400002,-6235.596129039997
283,502.3665,1448.4634,-1070.9116,0.0,0.0,0.0,-1284.3685,-16123.246,609.0939,11729.1125,-2072.2683,56.457665999999996,-4189.489799999999,-2015.8106340000002,-6205.300433999999
284,529.0996,1410.4346,-1091.8773,0.0,0.0,0.0,-1299.8847,-16119.7334,608.4791,11795.1192,-2087.2704,56.06030808,-4168.362899999998,-2031.21009192,-6199.572991919998
285,481.876,1432.6492,-1101.1471,0.0,0.0,0.0,-1275.5711,-16305.1249,624.9439,11830.1588,-1982.2107,55.742126400000004,-4312.215200000002,-1926.4685736000001,-6238.683773600002
286,492.9541,1432.8151,-1082.4158,0.0,0.0,0.0,-1285.4961,-16161.4173,603.1537,11709.0369,-1992.3525,56.85713928,-4291.369399999998,-1935.49536072,-6226.864760719997
287,506.3688,1503.5757,-1109.7342,0.0,0.0,0.0,-1296.5637,-16153.6956,609.3212,11767.8266,-2095.8742,56.04654816,-4172.901199999998,-2039.8276518400003,-6212.728851839998
288,510.674,1461.8259,-1121.8656,0.0,0.0,0.0,-1270.233,-16365.9149,607.5343,11761.0864,-1881.8191,55.74919536,-4416.892899999999,-1826.06990464,-6242.9628046399985
289,489.2756,1375.2763,-1072.8911,0.0,0.0,0.0,-1261.3957,-16265.6859,597.2889,11817.888,-1999.9337,57.606279119999996,-4320.2438999999995,-1942.32742088,-6262.571320879999
290,498.8753,1471.5366,-1078.9731,0.0,0.0,0.0,-1306.7518,-16259.2614,620.4378,11747.5445,-1952.6862,55.1119716,-4306.592099999998,-1897.5742284,-6204.166328399998
291,511.6947,1440.1354,-1093.7064,0.0,0.0,0.0,-1275.6528,-16190.3278,603.7589,11767.3403,-2042.0562,58.98187368,-4236.757699999998,-1983.07432632,-6219.8320263199985
292,483.5344,1395.2853,-1116.4087,0.0,0.0,0.0,-1285.6211,-16297.7771,621.9393,11772.686,-1927.3968,55.89104688,-4426.3619,-1871.50575312,-6297.86765312
293,511.0345,1472.666,-1075.8143,0.0,0.0,0.0,-1287.8926,-16148.7253,599.8548,11739.4795,-2060.9195,57.33460368,-4189.397400000002,-2003.5848963199999,-6192.982296320001
294,499.8623,1424.1145,-1136.1422,0.0,0.0,0.0,-1284.488,-16095.0859,604.7443,11745.4809,-2101.3416,57.90298463999999,-4241.5141,-2043.4386153600003,-6284.95271536
295,481.7487,1408.11,-1131.079,0.0,0.0,0.0,-1265.2952,-16081.5605,609.3789,11782.6655,-2133.6151,58.35677112,-4196.031600000002,-2075.25832888,-6271.289928880002
296,545.8863,1379.9231,-1107.5203,0.0,0.0,0.0,-1299.7427,-16030.9596,613.8009,11813.9265,-2211.0437,59.30114688,-4084.6857999999993,-2151.74255312,-6236.42835312
297,499.9091,1380.2384,-1098.8955,0.0,0.0,0.0,-1289.8416,-16035.8196,598.1936,11817.6601,-2209.4568,57.57335136,-4128.555500000002,-2151.88344864,-6280.438948640002
298,533.9529,1436.6251,-1113.0565,0.0,0.0,0.0,-1268.8646,-16175.3054,597.514,11829.6543,-2107.8171,58.38978168,-4159.4802,-2049.4273183200003,-6208.90751832
299,505.545,1416.8257,-1094.149,0.0,0.0,0.0,-1309.6628,-16196.9969,618.6692,11779.091,-2018.5492,56.789535599999994,-4280.677799999998,-1961.7596644,-6242.437464399997
300,496.8174,1448.0048,-1114.5183,0.0,0.0,0.0,-1244.6985,-16283.6636,602.855,11813.7824,-2010.4785,58.484627999999994,-4281.4208,-1951.993872,-6233.414672
301,517.8771,1407.3356,-1106.5136,0.0,0.0,0.0,-1276.7128,-16231.3577,602.9381,11818.6097,-2026.8983,56.96783208,-4267.8236,-1969.93046792,-6237.754067919999
302,526.3966,1390.3691,-1117.9329,0.0,0.0,0.0,-1266.8954,-16037.8679,586.347,11825.6426,-2248.7268,58.60916784,-4093.9408999999996,-2190.11763216,-6284.05853216
303,540.4369,1435.7846,-1090.2343,0.0,0.0,0.0,-1293.4006,-16083.8484,614.1082,11787.3054,-2144.2606,57.38071752,-4089.8482000000004,-2086.87988248,-6176.72808248
304,509.2614,1430.8218,-1059.1037,0.0,0.0,0.0,-1249.2254,-16202.6483,591.2098,11756.7925,-2086.0124,59.279778,-4222.891900000002,-2026.732622,-6249.624522000002
305,462.1397,1408.8105,-1095.6767,0.0,0.0,0.0,-1288.8077,-16198.2188,620.0996,11862.3139,-2118.0875,58.344419519999995,-4229.339500000002,-2059.74308048,-6289.0825804800015
306,507.0375,1436.8106,-1112.0229,0.0,0.0,0.0,-1285.8275,-16066.0879,613.8511,11810.5397,-2183.8028,59.22437976,-4095.6993999999995,-2124.57842024,-6220.277820239999
307,487.0153,1463.4958,-1096.3682,0.0,0.0,0.0,-1286.3493,-16076.4098,618.6929,11803.4344,-2188.2321,58.400621279999996,-4086.4889000000003,-2129.83147872,-6216.32037872
308,524.0945,1429.8584,-1106.7796,0.0,0.0,0.0,-1269.0992,-16208.3388,607.6843,11728.4464,-1989.5933,57.3156792,-4294.133999999998,-1932.2776208,-6226.411620799999
309,509.7991,1429.4254,-1091.0541,0.0,0.0,0.0,-1244.6357,-16130.1747,622.0506,11760.2553,-2127.1234,58.669053119999994,-4144.334099999998,-2068.45434688,-6212.788446879998
310,528.3658,1392.7924,-1063.4792,0.0,0.0,0.0,-1272.578,-16216.5047,596.0766,11801.8867,-2069.719,58.284398159999995,-4233.4403999999995,-2011.4346018400001,-6244.87500184
311,506.65,1400.1039,-1072.043,0.0,0.0,0.0,-1252.2355,-16251.3956,606.5757,11809.2682,-2003.8124,57.1569156,-4253.076300000001,-1946.6554844,-6199.731784400001
312,517.4623,1406.0467,-1070.8152,0.0,0.0,0.0,-1318.6018,-16106.8407,596.5817,11859.4876,-2177.6097,56.37378528,-4116.679399999999,-2121.23591472,-6237.915314719999
313,502.1025,1410.584,-1104.8761,0.0,0.0,0.0,-1280.4228,-16191.048,611.5834,11854.6055,-2112.7686,59.04907847999999,-4197.4715000000015,-2053.71952152,-6251.1910215200005
314,505.9594,1430.686,-1059.1539,0.0,0.0,0.0,-1270.9213,-16247.9252,622.5257,11869.8607,-2089.11,57.65700456,-4148.9686,-2031.4529954400002,-6180.421595440001
315,531.5086,1398.8373,-1090.6992,0.0,0.0,0.0,-1296.4222,-16223.3967,606.4925,11800.0427,-2017.1994,56.98815048,-4273.637000000001,-1960.21124952,-6233.8482495200005
316,511.8522,1426.0814,-1099.1974,0.0,0.0,0.0,-1262.5329,-16149.6579,632.7912,11785.2232,-2114.1265,56.12635512,-4155.440200000001,-2058.00014488,-6213.440344880001
317,528.786,1408.1705,-1076.7106,0.0,0.0,0.0,-1290.9435,-16233.7195,591.3933,11803.176,-2043.1433,56.87040456,-4269.8478,-1986.27289544,-6256.1206954399995
318,491.3298,1455.0875,-1095.8444,0.0,0.0,0.0,-1298.0082,-16250.5406,623.6026,11807.5139,-2025.2141,56.27221056,-4266.859400000001,-1968.9418894399998,-6235.801289440002
319,508.7325,1395.9606,-1114.3817,0.0,0.0,0.0,-1248.9561,-16144.4942,608.4915,11838.6353,-2170.4143,59.39363736,-4156.012099999998,-2111.02066264,-6267.0327626399985
320,513.9452,1411.9465,-1086.8474,0.0,0.0,0.0,-1295.7037,-16235.9844,608.5081,11819.5597,-2034.5081,54.84987504,-4264.575999999999,-1979.65822496,-6244.234224959999
321,536.387,1392.3739,-1060.9435,0.0,0.0,0.0,-1289.7488,-16363.6743,597.0903,11820.375,-1918.136,55.8330372,-4368.1404,-1862.3029628,-6230.443362800001
322,500.5347,1408.4866,-1095.1625,0.0,0.0,0.0,-1263.0664,-16311.5568,608.9287,11781.9295,-1958.0887,56.5201368,-4369.906199999999,-1901.5685632,-6271.4747632
323,492.7506,1392.965,-1052.3314,0.0,0.0,0.0,-1288.5781,-16295.7069,629.3195,11850.9216,-2012.9222,58.72778136,-4270.6597,-1954.1944186399999,-6224.85411864
324,512.8538,1471.5684,-1075.7055,0.0,0.0,0.0,-1283.8053,-16318.5978,602.0307,11821.1944,-1972.367,56.55814847999999,-4270.461299999999,-1915.80885152,-6186.27015152
325,520.4802,1399.616,-1093.17,0.0,0.0,0.0,-1270.198,-16193.3406,591.4696,11714.5506,-2009.5861,56.111489279999994,-4330.592199999997,-1953.47461072,-6284.066810719998
326,523.6572,1401.9799,-1052.1996,0.0,0.0,0.0,-1281.9599,-16239.2706,603.5092,11776.4463,-2000.63,56.18205936,-4267.8375000000015,-1944.44794064,-6212.285440640002
327,475.8479,1398.4333,-1090.209,0.0,0.0,0.0,-1281.6088,-16079.563,608.8802,11764.7681,-2149.7691,56.425337999999996,-4203.451300000002,-2093.343762,-6296.795062000002
328,519.0559,1408.6878,-1088.2131,0.0,0.0,0.0,-1274.3027,-16108.1311,617.4982,11806.1822,-2158.0786,58.48489728,-4119.222800000001,-2099.59370272,-6218.816502720001
329,515.9253,1404.4146,-1057.5266,0.0,0.0,0.0,-1287.5014,-16202.0846,633.6862,11848.3913,-2112.026,57.38495544,-4144.695200000002,-2054.64104456,-6199.336244560001
330,491.6196,1454.5377,-1100.1671,0.0,0.0,0.0,-1294.9413,-16354.5614,605.3901,11813.6087,-1902.2119,56.698989839999996,-4384.5136999999995,-1845.51291016,-6230.02661016
331,492.3361,1419.9974,-1087.3798,0.0,0.0,0.0,-1256.4956,-16220.9453,589.5138,11757.8782,-1983.3704,58.46741711999999,-4305.0952,-1924.90298288,-6229.998182879999
332,492.338,1445.1212,-1068.2079,0.0,0.0,0.0,-1279.1262,-16345.5913,599.3297,11800.5025,-1929.392,56.47172688,-4355.633999999998,-1872.92027312,-6228.5542731199985
333,507.6909,1429.7493,-1103.195,0.0,0.0,0.0,-1277.8303,-16281.0255,607.1848,11804.0319,-2020.9222,56.75069952,-4313.393900000001,-1964.17150048,-6277.565400480001
334,488.5851,1395.5678,-1097.0148,0.0,0.0,0.0,-1261.0576,-16291.2957,628.3894,11818.9058,-2000.6562,57.843404639999996,-4317.919999999998,-1942.8127953599999,-6260.732795359998
335,485.5239,1431.1318,-1084.3797,0.0,0.0,0.0,-1280.9506,-16277.0581,605.4747,11799.9726,-2005.1101,57.36815064,-4320.285400000001,-1947.74194936,-6268.027349360001
336,512.5486,1453.1395,-1077.8293,0.0,0.0,0.0,-1275.646,-16068.8155,594.6193,11824.3162,-2220.9761,57.61337544,-4037.6672,-2163.36272456,-6201.02992456
337,523.7961,1413.3306,-1085.7483,0.0,0.0,0.0,-1265.4787,-16227.5531,607.7121,11832.4448,-2071.2274,57.541418639999996,-4201.496499999999,-2013.6859813600001,-6215.182481359999
338,493.3774,1420.749,-1114.3443,0.0,0.0,0.0,-1289.6865,-16164.4139,602.1,11818.4338,-2103.6845,57.05277048,-4233.784499999998,-2046.63172952,-6280.416229519998
339,543.7453,1474.2887,-1095.9516,0.0,0.0,0.0,-1282.4216,-16117.0823,587.9389,11755.5383,-2135.96,59.58097632,-4133.944300000001,-2076.37902368,-6210.323323680001
340,485.2526,1397.6154,-1092.5098,0.0,0.0,0.0,-1289.9296,-16228.5428,611.6262,11832.036,-2045.0467,58.5527148,-4284.451999999999,-1986.4939852,-6270.945985199999
341,502.3936,1415.8887,-1103.2846,0.0,0.0,0.0,-1271.2326,-16148.6122,602.4445,11818.7791,-2087.2961,59.16585096000001,-4183.6235,-2028.13024904,-6211.753749039999
342,527.663,1377.5123,-1118.6863,0.0,0.0,0.0,-1256.7149,-16078.7418,608.9228,11797.5984,-2151.341,60.13231848,-4142.4465,-2091.20868152,-6233.65518152
343,490.8061,1414.3689,-1068.8867,0.0,0.0,0.0,-1267.8557,-16154.8502,617.839,11823.8883,-2112.2695,58.408489440000004,-4144.6903,-2053.86101056,-6198.55131056
344,517.6213,1402.7686,-1074.2373,0.0,0.0,0.0,-1305.8512,-16052.6211,608.836,11754.9564,-2162.5192,56.78414496,-4148.527300000002,-2105.73505504,-6254.262355040002
345,520.3988,1433.0492,-1078.2923,0.0,0.0,0.0,-1284.841,-15980.1161,596.6505,11769.9542,-2221.9414,58.34130048,-4023.1967000000004,-2163.60009952,-6186.79679952
346,508.0104,1399.4235,-1081.19,0.0,0.0,0.0,-1301.9479,-16163.6114,594.2988,11839.794,-2071.8633,56.41452648,-4205.222599999999,-2015.44877352,-6220.671373519999
347,486.8892,1446.6783,-1074.6028,0.0,0.0,0.0,-1309.4401,-16116.9114,612.3183,11786.4077,-2112.079,56.026992959999994,-4168.6608,-2056.0520070400003,-6224.7128070399995
348,524.6777,1452.2478,-1069.9692,0.0,0.0,0.0,-1285.5265,-16158.1906,611.3583,11694.159,-2012.5731,57.17817719999999,-4231.2435000000005,-1955.3949228000001,-6186.6384228
349,510.9037,1385.7568,-1067.9977,0.0,0.0,0.0,-1285.5738,-16247.2384,613.2227,11787.8576,-1986.2085,56.81840256,-4303.069099999999,-1929.3900974399999,-6232.459197439998
350,530.0893,1439.0074,-1051.2223,0.0,0.0,0.0,-1303.2933,-16105.9621,622.0971,11706.4566,-2045.4047,55.046614319999996,-4162.827300000003,-1990.3580856800002,-6153.185385680003
351,528.8649,1423.7709,-1086.6931,0.0,0.0,0.0,-1324.4045,-15988.057,609.9143,11764.5689,-2160.3921,55.7499744,-4072.035600000001,-2104.6421256,-6176.677725600001
352,501.9302,1460.9623,-1076.6957,0.0,0.0,0.0,-1285.2069,-16087.7501,629.7944,11796.5996,-2141.5775,55.84740984,-4060.3662000000004,-2085.7300901599997,-6146.09629016
353,516.3329,1408.0635,-1098.1246,0.0,0.0,0.0,-1306.3603,-16296.3693,638.6404,11814.8537,-1989.4527,55.197569519999995,-4322.9637,-1934.2551304800002,-6257.21883048
354,541.7128,1412.7463,-1080.4771,0.0,0.0,0.0,-1292.6803,-16052.0025,585.8505,11768.8708,-2138.9685,56.25176688,-4115.979499999998,-2082.71673312,-6198.6962331199975
355,508.4715,1422.259,-1088.1176,0.0,0.0,0.0,-1306.9353,-16089.3054,593.2845,11739.4311,-2084.8664,56.76587136,-4220.912199999999,-2028.10052864,-6249.012728639998
356,511.9186,1499.4037,-1086.0275,0.0,0.0,0.0,-1300.6018,-16053.6256,604.2383,11717.8804,-2111.4678,56.558190239999995,-4106.813899999999,-2054.90960976,-6161.72350976
357,505.1322,1466.5547,-1097.9556,0.0,0.0,0.0,-1277.7475,-15995.612,600.755,11711.5473,-2171.1399,56.70443952,-4087.3259,-2114.43546048,-6201.76136048
358,513.8155,1427.871,-1111.1,0.0,0.0,0.0,-1315.3426,-16093.9848,612.4237,11768.6327,-2101.6696,55.008423359999995,-4197.684500000001,-2046.6611766400001,-6244.345676640001
359,501.5802,1473.1574,-1077.3488,0.0,0.0,0.0,-1239.5436,-16200.8033,615.7035,11762.9834,-2048.7135,57.4551216,-4164.271200000001,-1991.2583783999999,-6155.529578400001
360,472.3431,1388.6953,-1080.0088,0.0,0.0,0.0,-1270.9032,-16057.4685,630.4297,11795.5581,-2183.6687,57.28752,-4121.354300000001,-2126.3811800000003,-6247.735480000001
361,494.3436,1418.5354,-1073.5693,0.0,0.0,0.0,-1307.0258,-16178.6305,607.0945,11815.3725,-2028.5567,54.56550744,-4223.879600000002,-1973.9911925600002,-6197.870792560002
362,550.005,1449.3753,-1089.719,0.0,0.0,0.0,-1266.5066,-16053.8256,592.1512,11737.751,-2153.2202,56.74183344,-4080.7687000000005,-2096.4783665600003,-6177.24706656
363,481.829,1450.1028,-1085.5799,0.0,0.0,0.0,-1287.1756,-16075.2427,597.0816,11763.3348,-2129.7795,56.45907792,-4155.65,-2073.3204220800003,-6228.97042208
364,500.6932,1399.503,-1079.0799,0.0,0.0,0.0,-1280.4539,-16151.2406,612.0635,11763.1404,-2088.6455,57.6300672,-4235.3742999999995,-2031.0154328,-6266.3897328
365,490.5555,1399.1141,-1111.9346,0.0,0.0,0.0,-1258.1214,-16282.8543,605.6404,11790.7769,-1990.3218,57.16847232,-4366.823400000001,-1933.1533276799998,-6299.976727680001
366,515.6512,1407.636,-1103.1759,0.0,0.0,0.0,-1285.3327,-16248.2091,609.4477,11800.4249,-2003.1269,57.93723792,-4303.557899999998,-1945.18966208,-6248.747562079998
367,526.4438,1358.4722,-1062.5524,0.0,0.0,0.0,-1313.6651,-16176.8041,604.5154,11739.0745,-2004.6711,54.8650728,-4324.515699999998,-1949.8060272,-6274.321727199997
368,543.6725,1396.8347,-1105.2883,0.0,0.0,0.0,-1247.697,-16112.2816,606.4979,11731.2882,-2118.0374,58.79962944,-4186.9735999999975,-2059.23777056,-6246.211370559998
369,485.5606,1415.1991,-1097.7384,0.0,0.0,0.0,-1272.7904,-16172.6918,613.8987,11815.3043,-2101.9384,57.64984416,-4213.257900000002,-2044.28855584,-6257.546455840003
370,519.4435,1437.6623,-1083.7344,0.0,0.0,0.0,-1274.5202,-16147.1428,590.0629,11714.3704,-2042.8179,55.18203191999999,-4243.8583,-1987.63586808,-6231.49416808
371,507.199,1376.2351,-1072.3197,0.0,0.0,0.0,-1295.2709,-16200.5782,617.3309,11765.5535,-1995.2017,56.01250296,-4301.8503,-1939.1891970400002,-6241.039497039999
372,528.742,1473.463,-1058.2359,0.0,0.0,0.0,-1284.8535,-16122.5584,594.6251,11801.609,-2148.0562,57.323096639999996,-4067.208700000001,-2090.73310336,-6157.941803360001
373,496.728,1392.3795,-1078.124,0.0,0.0,0.0,-1307.5364,-16053.8544,587.3732,11747.6939,-2147.3564,56.54066256,-4215.340199999999,-2090.8157374400002,-6306.155937439999
374,498.9086,1417.3315,-1088.7614,0.0,0.0,0.0,-1272.5376,-16195.2156,619.3318,11711.8754,-1992.6037,56.91664368,-4309.067299999999,-1935.6870563199998,-6244.754356319999
375,508.1515,1414.9129,-1082.9254,0.0,0.0,0.0,-1266.9186,-16118.8202,600.324,11743.3001,-2122.6815,58.249191599999996,-4201.975699999999,-2064.4323084000002,-6266.4080084
376,532.6537,1396.2726,-1103.8052,0.0,0.0,0.0,-1301.7803,-16074.1027,587.8083,11712.954,-2084.9134,54.714710159999996,-4249.999599999997,-2030.1986898399998,-6280.1982898399965
377,468.4994,1427.5531,-1082.3929,0.0,0.0,0.0,-1324.8636,-16175.5998,617.7753,11842.4164,-2084.8172,56.272434479999994,-4226.612100000002,-2028.54476552,-6255.156865520002
378,520.3591,1418.6509,-1093.9925,0.0,0.0,0.0,-1288.9051,-16124.1824,595.9803,11776.9467,-2097.4214,56.697788159999995,-4195.143,-2040.72361184,-6235.866611840001
379,494.3751,1443.3717,-1074.3055,0.0,0.0,0.0,-1277.4823,-16160.5386,606.3503,11787.6215,-2090.6731,58.70813183999999,-4180.607800000002,-2031.96496816,-6212.572768160002
380,493.7325,1423.0964,-1095.8068,0.0,0.0,0.0,-1279.9563,-16136.6399,607.3737,11746.2961,-2099.6617,58.11730488,-4241.904300000002,-2041.5443951200002,-6283.448695120002
381,518.8958,1428.61,-1089.5772,0.0,0.0,0.0,-1286.0066,-16160.6206,603.5261,11715.067,-2037.55,57.056379119999995,-4270.1055000000015,-1980.49362088,-6250.5991208800015
382,521.8337,1424.6078,-1081.2383,0.0,0.0,0.0,-1291.2179,-16120.6582,617.3168,11846.3325,-2140.4521,57.24211392,-4083.0236000000004,-2083.20998608,-6166.233586080001
383,515.0086,1437.2133,-1097.3779,0.0,0.0,0.0,-1278.681,-16153.3091,615.9932,11819.1419,-2129.2628,57.95457192,-4142.011,-2071.30822808,-6213.319228080001
384,493.8891,1415.7401,-1114.2324,0.0,0.0,0.0,-1304.4555,-15999.9526,601.442,11779.0797,-2216.6203,57.10561488,-4128.489600000003,-2159.51468512,-6288.004285120003
385,497.7673,1381.0169,-1107.1656,0.0,0.0,0.0,-1261.565,-16197.3078,627.8195,11844.4262,-2089.9241,57.34680552,-4215.0085,-2032.57729448,-6247.58579448
386,494.347,1422.413,-1083.8986,0.0,0.0,0.0,-1276.2821,-16179.7682,596.5564,11806.1921,-2071.7318,58.213197359999995,-4220.440400000001,-2013.51860264,-6233.959002640001
387,522.4317,1416.0661,-1085.0055,0.0,0.0,0.0,-1314.6584,-16027.2232,603.4417,11806.2251,-2213.0854,57.13869456,-4078.7225,-2155.9467054399997,-6234.66920544
388,544.8693,1373.1154,-1107.0942,0.0,0.0,0.0,-1288.8391,-16212.2001,607.9506,11838.0187,-2079.867,58.711839839999996,-4244.179400000001,-2021.1551601600002,-6265.334560160001
389,502.2296,1448.8208,-1060.2519,0.0,0.0,0.0,-1292.5624,-16195.3023,595.2786,11771.1487,-2063.8584,55.94813136,-4230.638900000002,-2007.9102686400001,-6238.549168640002
390,545.5155,1430.6585,-1073.049,0.0,0.0,0.0,-1268.6245,-16127.6674,601.222,11787.8282,-2139.2526,57.996273599999995,-4104.1167000000005,-2081.2563264,-6185.3730264000005
391,527.9829,1412.1541,-1076.4757,0.0,0.0,0.0,-1262.3469,-16299.7161,624.2947,11813.0634,-1988.6278,56.1395844,-4261.043599999999,-1932.4882155999999,-6193.531815599999
392,483.4302,1484.5957,-1097.6784,0.0,0.0,0.0,-1285.7197,-16248.7896,615.9128,11787.8884,-2001.6192,55.3321296,-4260.360600000002,-1946.2870704000002,-6206.6476704000015
393,509.675,1392.909,-1066.6851,0.0,0.0,0.0,-1271.367,-16241.6817,624.0612,11827.386,-2058.2832,57.68457984,-4225.702599999999,-2000.5986201599999,-6226.301220159999
394,532.487,1392.6485,-1083.8067,0.0,0.0,0.0,-1246.3151,-16202.479,628.485,11781.2875,-2063.3456,58.94520336,-4197.692799999999,-2004.40039664,-6202.093196639999
395,512.0708,1462.408,-1075.0604,0.0,0.0,0.0,-1301.3304,-16177.2168,599.6513,11750.5095,-2045.9634,57.57221376,-4228.967999999999,-1988.39118624,-6217.35918624
396,467.4527,1407.8163,-1102.9045,0.0,0.0,0.0,-1273.7631,-16146.9108,615.6008,11850.8022,-2140.9886,57.863838959999995,-4181.906399999998,-2083.12476104,-6265.031161039999
397,498.7439,1445.1657,-1069.0951,0.0,0.0,0.0,-1262.5459,-16059.9588,596.226,11811.7462,-2221.108,57.7495152,-4039.7180000000008,-2163.3584848,-6203.076484800001
398,548.0297,1398.7174,-1082.1825,0.0,0.0,0.0,-1258.6508,-16241.2969,601.2276,11826.3743,-2073.0234,57.99608424,-4207.781199999999,-2015.02731576,-6222.80851576
399,540.859,1395.4579,-1078.7095,0.0,0.0,0.0,-1293.1305,-15990.5694,595.2566,11789.4851,-2268.4128,58.60324872,-4041.3507999999983,-2209.80955128,-6251.160351279998
400,514.8122,1464.7178,-1072.8275,0.0,0.0,0.0,-1251.632,-16086.5246,600.4071,11792.7513,-2160.8013,58.373199359999994,-4038.2957000000024,-2102.42810064,-6140.723800640002
401,520.6443,1405.9073,-1078.6594,0.0,0.0,0.0,-1262.6414,-16073.7851,609.3192,11814.2653,-2193.8664,60.783325919999996,-4064.9498000000003,-2133.0830740799997,-6198.0328740800005
402,486.6033,1429.4576,-1101.893,0.0,0.0,0.0,-1275.45,-16192.23,611.1235,11809.9223,-2065.934,57.70365407999999,-4232.4663,-2008.2303459200002,-6240.69664592
403,506.2548,1447.7065,-1067.618,0.0,0.0,0.0,-1265.767,-16181.2733,611.1841,11810.5202,-2109.3809,57.62243232,-4138.992699999999,-2051.75846768,-6190.751167679999
404,493.1066,1418.1389,-1048.7012,0.0,0.0,0.0,-1276.2086,-16235.0391,605.8747,11785.1407,-2004.7438,58.10193936,-4257.687999999998,-1946.64186064,-6204.3298606399985
405,495.6236,1384.0378,-1073.3646,0.0,0.0,0.0,-1301.9808,-16165.1605,599.0627,11813.7142,-2096.4816,58.15712808,-4248.0675999999985,-2038.3244719200002,-6286.392071919999
406,517.3104,1433.4839,-1068.9126,0.0,0.0,0.0,-1288.6733,-16252.1238,609.5795,11788.7259,-2038.9468,58.36878936,-4260.609999999999,-1980.57801064,-6241.1880106399985
407,460.7743,1383.5318,-1077.4598,0.0,0.0,0.0,-1304.373,-16161.0587,615.2971,11799.8144,-2084.8678,58.27312944,-4283.473900000001,-2026.59467056,-6310.068570560001
408,496.0025,1402.1816,-1085.0093,0.0,0.0,0.0,-1290.388,-16146.6245,607.684,11770.8401,-2097.6189,56.9674728,-4245.313600000001,-2040.6514272,-6285.965027200001
409,548.4627,1434.739,-1095.7768,0.0,0.0,0.0,-1282.116,-16048.5322,585.4126,11752.7996,-2147.7488,56.74176576,-4105.011099999998,-2091.00703424,-6196.018134239997
410,516.4275,1440.6712,-1069.8894,0.0,0.0,0.0,-1253.6526,-16239.3908,598.0025,11730.6274,-2038.5799,55.20699432,-4277.2042,-1983.37290568,-6260.5771056799995
411,496.7155,1372.4253,-1085.9155,0.0,0.0,0.0,-1272.4406,-16353.2279,609.9193,11803.7415,-1940.9044,56.64745584,-4428.782400000002,-1884.2569441599999,-6313.039344160002
412,499.6572,1435.4582,-1048.8272,0.0,0.0,0.0,-1278.698,-16103.4535,608.6802,11755.4248,-2105.9908,57.90511368,-4131.7582999999995,-2048.08568632,-6179.843986319999
413,512.7748,1375.6566,-1131.5107,0.0,0.0,0.0,-1258.3315,-16116.2839,611.2138,11812.9113,-2151.65,60.61098312,-4193.569600000001,-2091.03901688,-6284.60861688
414,496.3824,1395.7257,-1080.9569,0.0,0.0,0.0,-1278.0795,-16282.8043,625.4388,11812.3988,-1998.5813,57.620659679999996,-4311.894999999999,-1940.96064032,-6252.855640319998
415,508.6686,1462.93,-1092.9277,0.0,0.0,0.0,-1285.5244,-16263.9564,596.4295,11812.9781,-2019.0421,57.2328144,-4261.4023,-1961.8092855999998,-6223.211585599999
416,496.727,1449.7736,-1089.3182,0.0,0.0,0.0,-1254.7495,-16307.1602,614.2246,11765.2036,-1963.0957,58.335882479999995,-4325.299099999998,-1904.75981752,-6230.058917519998
417,476.7695,1479.0912,-1073.2617,0.0,0.0,0.0,-1309.1605,-16342.15,618.6646,11824.3252,-1931.2417,55.74882096,-4325.721699999998,-1875.49287904,-6201.214579039999
418,489.7489,1442.5116,-1080.555,0.0,0.0,0.0,-1272.3342,-16315.4359,609.3592,11805.9566,-1946.8597,58.32985608,-4320.748800000001,-1888.52984392,-6209.278643920001
419,519.2302,1494.8234,-1090.4869,0.0,0.0,0.0,-1314.0664,-16388.6645,595.128,11804.3042,-1896.4461,55.6848828,-4379.731999999998,-1840.7612172,-6220.493217199998
420,510.7613,1413.3464,-1090.2881,0.0,0.0,0.0,-1261.0163,-16200.5051,605.772,11756.7813,-2014.4279,57.03681888,-4265.1484999999975,-1957.3910811199999,-6222.539581119997
421,527.8501,1361.0227,-1053.7708,0.0,0.0,0.0,-1255.5874,-16262.84,598.023,11752.5885,-1998.0656,57.823635599999996,-4332.7139000000025,-1940.2419644,-6272.955864400003
422,500.1054,1435.9154,-1068.5491,0.0,0.0,0.0,-1278.7383,-16268.1214,599.0,11803.593,-1999.6987,57.165221519999996,-4276.794999999998,-1942.53347848,-6219.328478479998
423,488.2314,1425.6329,-1108.32,0.0,0.0,0.0,-1281.6095,-16187.596,610.8622,11798.4639,-2049.2549,56.53110816,-4254.335099999998,-1992.7237918399999,-6247.058891839998
424,522.6303,1420.2375,-1085.4963,0.0,0.0,0.0,-1297.2573,-16356.7165,606.808,11763.263,-1883.4468,54.80301239999999,-4426.531299999997,-1828.6437876,-6255.175087599997
425,489.9773,1451.088,-1108.2956,0.0,0.0,0.0,-1285.1416,-16298.791,608.5844,11779.8203,-1926.2181,57.24512712,-4362.7582,-1868.97297288,-6231.7311728800005
426,485.3062,1448.7172,-1098.2811,0.0,0.0,0.0,-1286.9375,-16245.3269,613.8274,11783.6633,-1993.4258,56.72790576,-4299.031399999998,-1936.69789424,-6235.729294239998
427,504.4973,1445.6847,-1096.111,0.0,0.0,0.0,-1284.1502,-16378.4943,609.8551,11828.4601,-1925.2684,55.30081464,-4370.258299999998,-1869.96758536,-6240.225885359998
428,485.3886,1454.0559,-1079.3027,0.0,0.0,0.0,-1272.5229,-16305.6447,611.1792,11809.4715,-1976.3221,55.000006559999996,-4297.375099999999,-1921.3220934400001,-6218.69719344
429,485.0226,1452.5408,-1066.3859,0.0,0.0,0.0,-1290.8821,-16278.3148,615.2938,11836.3924,-2036.5776,56.57658984,-4246.333200000001,-1980.00101016,-6226.334210160001
430,521.3954,1438.2258,-1076.566,0.0,0.0,0.0,-1254.6916,-16208.7231,602.3387,11798.8869,-2082.2692,57.100224239999996,-4179.133899999999,-2025.1689757600002,-6204.30287576
431,509.7132,1412.2082,-1055.9589,0.0,0.0,0.0,-1257.4366,-16173.7502,613.0993,11758.7156,-2069.9685,58.286736,-4193.409400000002,-2011.681764,-6205.091164000002
432,537.0159,1368.9489,-1079.7309,0.0,0.0,0.0,-1294.1295,-16210.8741,614.3829,11828.0852,-2102.5543,56.358590400000004,-4236.301600000001,-2046.1957095999999,-6282.4973096
433,498.507,1401.5717,-1100.9665,0.0,0.0,0.0,-1266.2631,-16280.3426,600.5394,11826.4506,-2040.0248,56.34550152,-4320.503500000001,-1983.67929848,-6304.182798480001
434,476.1709,1397.6868,-1081.7499,0.0,0.0,0.0,-1282.2061,-16412.8438,621.3098,11816.3173,-1932.3588,55.68569712,-4465.3150000000005,-1876.67310288,-6341.98810288
435,504.0508,1409.6171,-1081.2451,0.0,0.0,0.0,-1312.5931,-16299.3787,616.771,11844.4722,-1999.5953,55.31399208,-4318.305799999998,-1944.28130792,-6262.587107919998
436,498.5318,1363.4685,-1058.4092,0.0,0.0,0.0,-1264.7837,-16175.1698,613.9629,11797.0675,-2098.2535,59.05990799999999,-4225.3319999999985,-2039.1935919999999,-6264.525591999998
437,518.3562,1404.3796,-1075.5847,0.0,0.0,0.0,-1280.1934,-16248.6949,591.3736,11872.6966,-2089.275,57.763533599999995,-4217.6669999999995,-2031.5114664,-6249.178466399999
438,504.6991,1442.2483,-1068.7608,0.0,0.0,0.0,-1260.977,-16032.4836,610.6556,11722.9814,-2155.7353,56.39794704,-4081.6370000000006,-2099.33735296,-6180.974352960001
439,520.8983,1384.5058,-1102.574,0.0,0.0,0.0,-1290.3265,-16140.0743,620.139,11809.4756,-2138.1305,57.18049776,-4197.956100000001,-2080.9500022400002,-6278.906102240001
440,515.3704,1415.1115,-1089.8663,0.0,0.0,0.0,-1252.32,-16147.5979,618.8319,11725.4155,-2066.8316,57.41761176,-4215.054900000001,-2009.41398824,-6224.4688882400005
441,506.502,1441.4397,-1089.4823,0.0,0.0,0.0,-1264.0384,-16211.7332,605.1768,11777.7172,-2048.0744,57.55389048,-4234.418200000002,-1990.52050952,-6224.938709520002
442,482.5089,1433.4584,-1082.7877,0.0,0.0,0.0,-1265.8977,-16009.0739,599.0214,11722.9129,-2160.1812,59.70695544,-4119.857700000002,-2100.47424456,-6220.331944560003
443,539.4887,1381.384,-1067.3155,0.0,0.0,0.0,-1254.5335,-16119.8059,601.0046,11857.2612,-2202.2541,59.001158159999996,-4062.516399999997,-2143.25294184,-6205.769341839997
444,534.6367,1433.2068,-1077.086,0.0,0.0,0.0,-1263.5762,-16039.7744,592.9549,11774.344,-2197.9834,62.10273383999999,-4045.294200000002,-2135.88066616,-6181.174866160002
445,476.9492,1437.4971,-1109.4141,0.0,0.0,0.0,-1281.5485,-16299.8343,614.9349,11830.8833,-1996.7723,56.67565464,-4330.532400000002,-1940.0966453600001,-6270.629045360002
446,511.1374,1412.559,-1080.5915,0.0,0.0,0.0,-1239.9232,-16303.8452,619.8434,11828.8555,-2019.6639,58.30602048,-4251.964599999999,-1961.35787952,-6213.3224795199985
447,465.6771,1431.9134,-1091.6799,0.0,0.0,0.0,-1246.9974,-16119.1361,590.1103,11768.1332,-2104.2067,57.59187984,-4201.9794,-2046.6148201600001,-6248.594220160001
448,472.4865,1433.5461,-1069.6525,0.0,0.0,0.0,-1286.8693,-16106.1609,615.1708,11787.1497,-2134.5592,58.1357448,-4154.329599999999,-2076.4234552000003,-6230.753055199999
449,491.3003,1479.5223,-1066.2704,0.0,0.0,0.0,-1267.0082,-16288.2201,613.5074,11782.7099,-1985.0573,59.007155759999996,-4254.4588,-1926.05014424,-6180.50894424
450,513.2355,1434.5789,-1089.3817,0.0,0.0,0.0,-1296.849,-16142.8658,604.5782,11746.533,-2063.265,57.725170559999995,-4230.170900000001,-2005.53982944,-6235.71072944
451,510.331,1430.9314,-1102.8401,0.0,0.0,0.0,-1276.5265,-16208.4841,599.0089,11757.9599,-2023.6278,57.2310432,-4289.619499999999,-1966.3967568,-6256.016256799999
452,520.2264,1416.0227,-1094.846,0.0,0.0,0.0,-1302.4665,-16096.427,610.7257,11757.8537,-2110.132,58.072554,-4188.911,-2052.059446,-6240.970445999999
453,482.6362,1393.1742,-1093.0934,0.0,0.0,0.0,-1237.4654,-16074.1888,617.3131,11821.5007,-2204.8278,58.6721484,-4090.1234000000004,-2146.1556516,-6236.2790516000005
454,488.6759,1386.9248,-1078.6068,0.0,0.0,0.0,-1278.9192,-16155.6196,620.0735,11826.1896,-2113.7954,56.7591804,-4191.281800000001,-2057.0362196,-6248.3180196
455,483.8988,1390.3309,-1071.5457,0.0,0.0,0.0,-1296.0761,-16378.9858,628.597,11867.5873,-1939.5401,55.874943359999996,-4376.1936000000005,-1883.6651566399999,-6259.858756640001
456,500.1739,1420.4145,-1109.0547,0.0,0.0,0.0,-1291.5885,-16126.5417,619.1825,11743.0997,-2060.4,58.73909616,-4244.314299999998,-2001.6609038400002,-6245.975203839997
457,501.6634,1414.8088,-1123.999,0.0,0.0,0.0,-1255.4786,-16283.7427,620.2728,11780.8327,-1976.6097,57.85939368,-4345.642599999999,-1918.75030632,-6264.392906319999
458,498.8913,1441.8176,-1068.8102,0.0,0.0,0.0,-1280.4026,-16181.2508,610.5577,11729.6073,-2057.4671,58.27971599999999,-4249.589699999999,-1999.1873839999998,-6248.7770839999985
459,522.7929,1417.4444,-1065.3815,0.0,0.0,0.0,-1257.7519,-16258.092,614.0472,11808.3976,-2029.5714,57.738924,-4218.5432999999975,-1971.832476,-6190.375775999997
460,513.6233,1402.1718,-1096.2094,0.0,0.0,0.0,-1268.8269,-16156.9289,599.0158,11733.3889,-2071.7781,58.4127036,-4273.7654,-2013.3653964,-6287.1307964
461,478.2029,1452.1966,-1100.4318,0.0,0.0,0.0,-1253.2123,-16062.107,624.3953,11763.2814,-2159.4011,58.441440959999994,-4097.674900000002,-2100.95965904,-6198.6345590400015
462,479.4913,1402.5174,-1113.7538,0.0,0.0,0.0,-1283.2094,-16158.0313,627.7349,11819.2873,-2076.8656,57.21241104,-4225.963600000003,-2019.65318896,-6245.616788960003
463,496.6216,1422.3119,-1101.6198,0.0,0.0,0.0,-1286.4784,-16195.0985,602.3195,11796.6904,-2075.0925,57.514168080000005,-4265.253300000002,-2017.5783319200002,-6282.831631920003
464,513.3224,1514.5589,-1075.5038,0.0,0.0,0.0,-1252.8302,-16136.0412,592.8255,11741.4706,-2113.4532,59.527817279999994,-4102.1978,-2053.92538272,-6156.12318272
465,461.1596,1400.4633,-1119.8405,0.0,0.0,0.0,-1248.6918,-16276.4628,616.774,11832.9026,-2019.7221,59.482118879999994,-4333.695599999999,-1960.23998112,-6293.935581119999
466,551.6399,1389.3787,-1062.9344,0.0,0.0,0.0,-1273.4538,-16134.0007,618.1188,11831.7192,-2142.2732,59.1525612,-4079.5323000000026,-2083.1206388,-6162.652938800003
467,509.6222,1421.4468,-1098.2326,0.0,0.0,0.0,-1272.1563,-16253.4895,603.1967,11810.4739,-2015.2538,56.13257232,-4279.138799999997,-1959.12122768,-6238.260027679998
468,531.8143,1424.3375,-1080.3543,0.0,0.0,0.0,-1240.7036,-16105.0763,595.8029,11796.357,-2156.9971,60.33696984,-4077.8225,-2096.66013016,-6174.482630160001
469,519.0063,1412.7959,-1073.5635,0.0,0.0,0.0,-1252.3452,-16178.7752,595.5147,11785.4208,-2095.1493,60.467819039999995,-4191.9461999999985,-2034.68148096,-6226.6276809599985
470,510.9708,1385.4138,-1065.3143,0.0,0.0,0.0,-1232.6871,-16193.4559,612.6371,11741.0962,-2032.7358,60.47394408,-4241.339400000001,-1972.26185592,-6213.601255920001
471,536.6663,1412.1754,-1095.1736,0.0,0.0,0.0,-1262.0785,-16069.2623,586.7376,11762.4975,-2151.13,59.227122959999996,-4128.437599999999,-2091.90287704,-6220.340477039999
472,540.6054,1460.9747,-1093.2235,0.0,0.0,0.0,-1262.5959,-16209.6003,602.4177,11763.513,-2039.783,57.17141064,-4197.9088999999985,-1982.61158936,-6180.520489359998
473,497.7664,1426.6705,-1099.4096,0.0,0.0,0.0,-1258.6536,-16182.2413,628.3073,11861.7328,-2141.0274,58.9304196,-4125.827500000001,-2082.0969804,-6207.924480400001
474,505.2254,1439.8219,-1081.3286,0.0,0.0,0.0,-1242.8411,-16084.8043,625.8954,11770.0982,-2156.7199,59.1604308,-4067.9331,-2097.5594692,-6165.492569200001
475,532.0461,1426.6787,-1101.7598,0.0,0.0,0.0,-1245.1226,-15915.2785,589.9112,11692.8898,-2250.2239,62.46814319999999,-4020.6350999999995,-2187.7557567999997,-6208.3908568
476,516.2321,1451.1569,-1096.6405,0.0,0.0,0.0,-1238.8427,-15996.2923,594.2565,11779.3193,-2254.0286,60.9002388,-3990.8107,-2193.1283612,-6183.9390612
477,498.5884,1415.6953,-1082.0625,0.0,0.0,0.0,-1258.6238,-16124.1064,614.9219,11841.1219,-2161.2035,59.7171132,-4094.4652000000024,-2101.4863868,-6195.951586800002
478,509.3705,1390.9243,-1129.2655,0.0,0.0,0.0,-1224.3926,-16091.1082,608.0242,11752.6372,-2125.5392,60.95283624,-4183.810100000001,-2064.58636376,-6248.396463760001
479,533.2311,1417.0533,-1100.2497,0.0,0.0,0.0,-1273.0734,-16260.719,608.9762,11813.7885,-2026.8055,59.044920479999995,-4260.992999999999,-1967.76057952,-6228.753579519999
480,524.4061,1439.7854,-1052.6541,0.0,0.0,0.0,-1259.1121,-15935.9307,618.2107,11734.4299,-2241.7006,60.35106887999999,-3930.864800000003,-2181.34953112,-6112.214331120003
481,495.7081,1441.4804,-1115.0513,0.0,0.0,0.0,-1252.6119,-16104.5189,583.7411,11733.2512,-2093.8379,57.88754784,-4218.001299999998,-2035.95035216,-6253.951652159999
482,522.6158,1422.7692,-1117.6353,0.0,0.0,0.0,-1264.1192,-16162.1213,595.0181,11803.2588,-2122.2827,59.441731919999995,-4200.213900000001,-2062.84096808,-6263.05486808
483,499.7736,1434.7034,-1132.8554,0.0,0.0,0.0,-1266.6147,-16121.9182,599.7303,11759.582,-2124.9268,58.80887352,-4227.599,-2066.1179264800003,-6293.71692648
484,498.5837,1444.2027,-1082.986,0.0,0.0,0.0,-1280.2512,-16113.6923,607.9374,11775.0016,-2140.9515,58.42751112,-4151.204100000001,-2082.52398888,-6233.7280888800005
485,516.9558,1415.0323,-1112.7766,0.0,0.0,0.0,-1266.0751,-16138.5215,614.2776,11760.1115,-2074.1713,58.566275999999995,-4210.995999999999,-2015.605024,-6226.601024
486,490.9948,1431.357,-1104.6514,0.0,0.0,0.0,-1275.7982,-16072.8151,603.4778,11800.4051,-2163.9222,55.831964400000004,-4127.029999999999,-2108.0902356,-6235.1202355999985
487,502.2517,1418.6485,-1132.5087,0.0,0.0,0.0,-1269.3248,-16012.517,585.9124,11703.6827,-2128.775,55.863956879999996,-4203.855200000002,-2072.91104312,-6276.7662431200015
488,514.3504,1440.1043,-1087.7817,0.0,0.0,0.0,-1269.4993,-16103.7548,604.473,11734.5313,-2093.5571,58.61163888,-4167.576799999999,-2034.94546112,-6202.522261119999
489,543.8507,1396.6155,-1088.4272,0.0,0.0,0.0,-1255.1483,-15974.5383,594.7505,11756.8909,-2276.3988,62.575571520000004,-4026.0062,-2213.82322848,-6239.8294284799995
490,513.1005,1431.3383,-1086.1394,0.0,0.0,0.0,-1253.4574,-16104.5947,599.4881,11768.4347,-2136.4129,61.32262608,-4131.829900000001,-2075.0902739199996,-6206.92017392
491,513.9875,1437.4397,-1098.6521,0.0,0.0,0.0,-1238.3467,-16194.5128,604.3494,11723.6177,-2023.2518,59.3828172,-4252.1173,-1963.8689828,-6215.9862828
492,530.397,1417.577,-1102.9164,0.0,0.0,0.0,-1255.5564,-16026.7171,610.944,11756.9704,-2185.7436,59.72665247999999,-4069.3014999999996,-2126.0169475199996,-6195.31844752
493,512.3814,1407.0243,-1086.9434,0.0,0.0,0.0,-1285.2569,-16182.5209,598.0628,11825.0448,-2090.7739,59.11404984,-4212.207900000001,-2031.6598501600001,-6243.867750160001
494,553.5748,1448.1515,-1106.3494,0.0,0.0,0.0,-1283.5189,-15999.2142,605.3085,11758.1333,-2197.8994,59.820202800000004,-4023.9144000000033,-2138.0791971999997,-6161.993597200004
495,514.2756,1420.7188,-1113.1352,0.0,0.0,0.0,-1241.6484,-16070.0453,611.9901,11845.7983,-2250.0631,62.37422568,-4032.0461000000014,-2187.6888743199997,-6219.734974320001
496,531.8854,1453.1827,-1108.6887,0.0,0.0,0.0,-1233.9711,-15980.1217,601.8086,11803.773,-2275.0076,60.39377639999999,-3932.131800000001,-2214.6138235999997,-6146.745623600001
497,517.5966,1326.0003,-1098.6118,0.0,0.0,0.0,-1248.1556,-16073.8557,595.6706,11874.2393,-2256.3413,61.24837752,-4107.1163000000015,-2195.09292248,-6302.209222480002
498,499.6848,1397.8954,-1090.227,0.0,0.0,0.0,-1256.6148,-16191.0175,615.2659,11873.3289,-2166.9548,59.03899343999999,-4151.684299999999,-2107.91580656,-6259.6001065599985
499,530.1137,1387.1973,-1098.2009,0.0,0.0,0.0,-1234.9394,-16152.9022,623.2032,11868.5618,-2143.5752,61.24408056000001,-4076.9665000000023,-2082.3311194400003,-6159.297619440003

