#Frame   pw_nb_121[EVDW] pw_nb_121[EELEC]
       1         -2.5558         -39.1140
       2         -2.5875         -41.1459
       3         -2.3058         -41.9728
       4         -2.2058         -42.1490
       5         -2.1201         -41.1911
       6         -1.8162         -41.8445
       7         -2.5599         -38.2206
       8         -2.5083         -39.6716
       9         -2.4486         -42.1249
      10         -2.5056         -40.3023
      11         -2.2363         -41.7831
      12         -2.4774         -41.3777
      13         -1.8865         -41.3219
      14         -2.1723         -41.8310
      15         -2.3816         -41.6066
      16         -2.6515         -40.9782
      17         -2.0297         -42.1661
      18         -2.3660         -41.8076
      19         -2.5255         -41.3879
      20         -2.6078         -39.3859
      21         -1.2873         -41.1758
      22         -2.5614         -39.8651
      23         -2.4678         -40.9213
      24         -2.4357         -40.6600
      25         -2.2082         -41.8568
      26         -2.5397         -42.4261
      27         -2.5414         -41.8414
      28         -2.0113         -42.1081
      29         -2.4060         -41.1791
      30         -2.3261         -41.0191
      31         -1.7103         -41.4479
      32         -2.5226         -41.6165
      33         -2.3842         -41.4965
      34         -2.5280         -39.3621
      35         -2.2675         -39.8569
      36         -2.3352         -41.6553
      37         -2.1274         -41.2676
      38         -2.5897         -41.3114
      39         -2.3091         -40.5414
      40         -2.4401         -41.9192
      41         -2.0593         -40.8892
      42         -2.3045         -42.6434
      43         -2.3554         -41.4682
      44         -2.6409         -40.4145
      45         -2.3301         -40.3981
      46         -1.1143         -43.9009
      47         -2.8073         -38.2850
      48         -2.3118         -40.9898
      49         -1.8485         -41.3516
      50         -2.4345         -40.7650
      51         -2.2068         -41.4293
      52         -2.1806         -42.3376
      53         -2.4948         -41.8971
      54         -2.6448         -37.9213
      55         -2.1866         -42.0205
      56         -2.5919         -40.0062
      57         -1.6610         -42.5155
      58         -1.6894         -42.1222
      59         -1.8583         -43.6112
      60         -2.4386         -42.7838
      61         -2.5535         -41.0459
      62         -2.2983         -41.1572
      63         -2.2778         -42.4526
      64         -2.3592         -41.3926
      65         -1.7912         -41.3898
      66         -2.2604         -42.0857
      67         -2.3281         -39.3515
      68         -2.3891         -42.2139
      69         -2.3056         -41.2119
      70         -2.3923         -40.8176
      71         -1.5338         -41.5158
      72         -2.4205         -40.3196
      73         -1.7838         -40.9536
      74         -2.3804         -41.4048
      75         -1.9183         -40.0089
      76         -0.2313         -40.4564
      77         -2.2455         -38.8201
      78         -1.8260         -41.5125
      79         -2.2883         -41.4106
      80         -2.5949         -41.5467
      81         -2.4903         -40.9183
      82         -2.6135         -41.1008
      83         -2.1761         -39.9136
      84         -2.3928         -40.6642
      85         -2.4342         -40.4886
      86         -2.5260         -40.5155
      87         -2.0168         -42.2620
      88         -2.4079         -39.5640
      89         -2.4828         -40.1800
      90         -2.3944         -42.3802
      91         -1.9296         -43.1666
      92         -1.0826         -40.0412
      93         -2.5897         -39.9745
      94         -2.1718         -40.3457
      95         -2.4223         -39.3090
      96         -1.6882         -43.1486
      97         -2.1638         -40.6498
      98         -1.7027         -41.9547
      99         -2.1006         -42.2699
     100         -2.5433         -38.1326
     101         -2.6099         -40.2440
     102         -2.0862         -43.0655
     103         -1.5286         -43.6084
     104         -2.2555         -41.8276
     105         -1.2277         -42.0559
     106         -2.1678         -41.1882
     107         -2.1673         -40.7998
     108         -2.4902         -39.7139
     109         -2.3445         -42.4755
     110         -2.3152         -42.4779
     111         -1.4063         -42.9949
     112         -2.5311         -40.0643
     113         -2.5507         -37.6665
     114         -2.0424         -40.8678
     115         -2.5610         -39.6788
     116         -1.7369         -42.0516
     117         -2.4874         -41.1140
     118         -2.6608         -39.0751
     119         -2.6761         -40.4337
     120         -1.9621         -41.3435
     121         -2.3930         -40.3757
     122         -1.6724         -41.6641
     123         -2.4091         -42.4116
     124         -2.4465         -41.3979
     125         -2.5800         -38.9202
     126         -2.2339         -41.0864
     127         -2.4436         -42.0319
     128         -2.5104         -41.7765
     129         -2.3352         -37.6343
     130         -2.4567         -40.9188
     131         -1.5005         -40.8156
     132         -2.5964         -41.5706
     133         -1.6869         -39.8241
     134         -2.0770         -40.8891
     135         -2.7689         -39.5960
     136         -2.4606         -41.1286
     137         -2.6908         -39.8895
     138         -2.5775         -38.7454
     139         -2.6037         -40.0471
     140         -2.6488         -39.8545
     141         -1.8349         -41.7003
     142         -2.1496         -40.5339
     143         -1.9638         -40.6505
     144         -1.5762         -41.3409
     145         -2.3593         -40.7882
     146         -2.6093         -40.9848
     147         -2.6361         -40.3801
     148         -2.5951         -40.9060
     149         -2.6542         -41.1742
     150         -2.7042         -42.0370
     151         -2.0697         -40.9036
     152         -2.4787         -38.9073
     153         -2.4164         -39.4871
     154         -2.4793         -41.4773
     155         -2.5438         -39.4368
     156         -2.6621         -37.8747
     157         -2.4898         -40.8486
     158         -2.4522         -36.6432
     159         -2.6000         -39.2697
     160         -2.7352         -40.8915
     161         -2.4443         -41.7006
     162         -2.7971         -40.2122
     163         -2.5053         -40.5696
     164         -2.6849         -38.1631
     165         -2.6698         -41.3125
     166         -2.2979         -41.4522
     167         -2.5371         -40.2832
     168         -2.7133         -39.7147
     169         -2.4264         -41.2939
     170         -2.0589         -42.4256
     171         -2.6169         -39.6426
     172         -2.3218         -42.1079
     173         -2.4316         -41.1719
     174         -2.3573         -41.6114
     175         -2.5278         -39.6111
     176         -2.1769         -40.0957
     177         -2.1364         -40.2537
     178         -2.1284         -41.0076
     179         -2.4017         -41.5140
     180         -2.7624         -37.9007
     181         -2.5935         -41.2401
     182         -2.7013         -41.4445
     183         -2.6027         -37.6722
     184         -2.6782         -40.1628
     185         -1.1633         -41.6722
     186         -1.7443         -43.2945
     187         -1.3731         -40.4960
     188         -2.3196         -42.0670
     189         -2.2646         -42.2985
     190         -2.5786         -39.0126
     191         -2.3484         -41.5003
     192         -2.2081         -39.5982
     193         -2.5784         -40.0056
     194         -2.5478         -38.4747
     195         -2.1506         -40.5140
     196         -2.3352         -41.7268
     197         -0.4492         -41.2028
     198         -2.4116         -40.7859
     199         -2.3095         -40.3914
     200         -2.6794         -41.3069
     201         -2.4798         -38.5334
     202         -2.3928         -40.1455
     203         -2.5236         -40.8378
     204         -2.7207         -41.3006
     205         -2.3961         -39.7115
     206         -1.9123         -40.6521
     207         -2.6358         -39.6368
     208         -2.5834         -40.1817
     209         -2.2586         -41.4029
     210         -2.7016         -40.4966
     211         -2.6339         -40.1310
     212         -2.4488         -40.1244
     213         -2.4423         -39.1042
     214         -2.6561         -41.0579
     215         -2.6911         -41.6640
     216         -2.6488         -39.8719
     217         -2.3407         -41.7368
     218         -2.6076         -41.4251
     219         -1.6744         -43.3689
     220         -1.9219         -39.5196
     221         -2.7087         -39.5590
     222         -2.2801         -39.7183
     223         -2.6636         -40.9704
     224         -2.4104         -39.6969
     225         -2.5340         -39.9271
     226         -2.4058         -40.7645
     227         -2.4669         -40.1260
     228         -2.4869         -40.9811
     229         -2.4620         -40.1201
     230         -2.6069         -41.4131
     231         -1.8786         -41.7116
     232         -2.0758         -42.3478
     233         -2.5829         -39.4176
     234         -2.5029         -39.7485
     235         -2.4271         -40.9673
     236         -2.6276         -41.2999
     237         -2.1857         -41.7344
     238         -1.7558         -40.4905
     239         -2.6464         -41.1913
     240         -2.0485         -42.9364
     241         -2.6531         -41.0625
     242         -1.7974         -39.7302
     243         -2.2806         -40.9610
     244         -2.0222         -42.8018
     245         -0.5631         -43.0546
     246         -1.2657         -42.3554
     247         -2.2131         -41.3177
     248         -0.2974         -42.4391
     249         -2.4494         -40.8828
     250         -1.2716         -42.9112
     251         -1.7207         -41.6035
     252         -2.3449         -41.4288
     253         -2.2766         -40.6794
     254         -2.6338         -39.7199
     255         -2.4951         -42.0766
     256         -2.4134         -38.9857
     257         -1.7602         -42.4355
     258         -2.0046         -42.3161
     259         -1.6888         -43.2547
     260         -2.6486         -40.2950
     261         -2.6414         -40.2535
     262         -2.3978         -39.9521
     263         -1.8794         -40.3676
     264         -2.1540         -42.8224
     265         -2.4569         -40.2191
     266         -2.4156         -40.6909
     267         -1.4185         -42.6661
     268         -2.2525         -41.9201
     269         -2.5543         -39.4743
     270         -2.5224         -40.9584
     271         -2.1458         -42.1926
     272         -2.5862         -42.0736
     273         -2.4390         -40.6737
     274         -2.7341         -38.0567
     275         -1.5299         -41.5972
     276         -2.2577         -42.0845
     277         -2.1524         -41.9173
     278         -2.0783         -40.2499
     279         -2.4098         -42.3250
     280         -2.7398         -40.1921
     281         -2.6185         -39.9783
     282         -2.3853         -41.4248
     283         -2.3949         -40.5473
     284         -2.4618         -40.0773
     285         -2.5567         -40.4462
     286         -2.6217         -39.7127
     287         -1.8787         -41.7065
     288         -1.9500         -40.9166
     289         -2.3701         -41.4315
     290         -2.4244         -39.8628
     291         -2.5522         -40.4655
     292         -1.6741         -41.5148
     293         -2.5829         -41.0578
     294         -1.9274         -39.9695
     295         -1.7984         -41.1003
     296         -2.5885         -38.2281
     297         -1.5705         -42.1216
     298         -2.3969         -41.6855
     299         -2.4661         -40.9591
     300         -2.5201         -39.9201
     301         -1.3675         -39.3156
     302         -2.2914         -41.8226
     303         -2.2394         -42.0583
     304         -2.1978         -41.2018
     305         -2.5064         -40.0776
     306         -2.3508         -39.8780
     307         -2.0350         -42.1275
     308         -2.3205         -40.0115
     309         -2.4120         -39.3918
     310         -2.1017         -41.5257
     311         -1.2512         -40.7625
     312         -2.4421         -40.2376
     313         -2.4049         -40.8855
     314         -1.8691         -40.6474
     315         -2.5858         -40.4288
     316         -2.5451         -41.7327
     317         -2.5769         -42.2063
     318         -2.5084         -40.1327
     319         -1.9053         -41.9414
     320         -2.4564         -39.3842
     321         -1.9398         -40.5616
     322         -2.0478         -42.1628
     323         -2.4742         -40.9456
     324         -2.5723         -40.7148
     325         -2.3419         -42.7124
     326         -2.2882         -42.7259
     327         -2.6607         -39.8308
     328         -2.3302         -43.5991
     329         -2.2701         -40.8484
     330         -2.4821         -41.1558
     331         -1.9883         -43.0795
     332         -2.0583         -39.9982
     333         -2.4304         -41.1266
     334         -1.8398         -40.7063
     335         -2.6062         -41.5643
     336         -2.1012         -41.3460
     337         -2.2636         -42.4553
     338         -1.4034         -42.7672
     339         -2.7544         -40.1324
     340         -2.0970         -39.8659
     341         -2.2813         -40.3178
     342         -2.5269         -41.1413
     343         -2.4290         -41.8806
     344         -2.5129         -39.0910
     345         -1.2513         -42.0770
     346         -2.2148         -41.7112
     347         -2.3090         -40.1965
     348         -2.4118         -41.2115
     349         -2.1429         -42.6800
     350         -2.3634         -43.0121
     351         -2.3829         -42.4594
     352         -2.4322         -40.0760
     353         -1.5446         -42.1350
     354         -1.4918         -42.9779
     355         -2.5178         -40.6879
     356         -2.5163         -43.2517
     357         -1.2194         -41.9415
     358         -2.2667         -41.3181
     359         -2.1818         -41.2390
     360         -2.1221         -42.9400
     361         -2.5945         -41.2754
     362         -2.6440         -38.2900
     363         -2.7677         -39.0914
     364         -1.6119         -43.4906
     365         -1.6959         -42.7328
     366         -2.5625         -42.9821
     367         -2.4310         -42.0562
     368         -2.2620         -41.1876
     369         -1.6875         -40.4636
     370         -2.5316         -39.0256
     371         -2.5943         -39.9853
     372         -2.2524         -41.8595
     373         -2.2867         -40.4163
     374         -2.6016         -40.0184
     375         -0.7255         -41.9604
     376         -2.7136         -37.7772
     377         -1.6599         -42.6668
     378         -2.5153         -41.1547
     379         -2.5449         -39.7098
     380         -2.3410         -42.4557
     381         -2.4660         -39.3190
     382         -2.6445         -40.1056
     383         -2.7046         -40.8749
     384         -2.5178         -40.7397
     385         -1.8303         -40.8432
     386         -2.0203         -41.1457
     387         -2.5338         -40.8316
     388         -2.7177         -36.3066
     389         -2.4996         -41.0305
     390         -2.3878         -41.5774
     391         -2.6782         -39.3933
     392         -2.5776         -40.3331
     393         -2.3870         -41.0200
     394         -2.7449         -41.0528
     395         -2.2723         -40.1111
     396         -2.5320         -38.8664
     397         -2.4328         -40.7511
     398         -1.9253         -40.2439
     399         -2.5743         -42.0725
     400         -2.5566         -40.8963
     401         -2.2601         -42.7794
     402         -2.1932         -42.3809
     403         -2.0734         -41.2239
     404         -2.5591         -39.3414
     405         -2.5322         -41.4528
     406         -2.2489         -40.6156
     407         -2.4078         -40.7679
     408         -2.5834         -37.5211
     409         -2.5628         -40.9701
     410         -2.6453         -38.2665
     411         -2.5175         -40.3930
     412         -2.2074         -40.8887
     413         -2.7411         -36.6973
     414         -2.6914         -41.3100
     415         -2.4849         -40.3109
     416         -2.4076         -42.3770
     417         -2.6381         -41.8411
     418         -2.0354         -39.8123
     419         -2.3923         -40.3528
     420         -2.5637         -38.7392
     421         -2.3392         -41.3178
     422         -2.6308         -41.2668
     423         -2.5427         -42.6057
     424         -2.2967         -41.2935
     425         -2.4617         -41.3727
     426         -2.6257         -41.9403
     427         -2.4994         -39.2730
     428         -2.2340         -42.1156
     429         -2.5422         -39.7596
     430         -1.9706         -42.9801
     431         -2.3177         -41.6089
     432         -2.5853         -39.6312
     433         -1.9972         -41.1902
     434         -2.4402         -39.2398
     435         -2.2383         -42.1424
     436         -2.6252         -39.5345
     437         -2.6566         -38.3553
     438         -2.2211         -42.1830
     439         -2.1487         -42.5851
     440         -2.2317         -38.8835
     441         -1.8016         -41.6418
     442         -2.5538         -39.8150
     443         -2.1305         -41.4029
     444         -2.5213         -41.3621
     445         -1.4866         -40.8187
     446         -2.5537         -40.3634
     447         -2.3271         -40.6072
     448         -2.6476         -42.6295
     449         -2.5011         -40.6614
     450         -2.4031         -40.7997
     451         -2.8254         -40.4679
     452         -2.3382         -41.5246
     453         -2.4393         -38.8399
     454         -2.2869         -40.6477
     455         -2.6368         -41.8344
     456         -2.3046         -39.9131
     457         -2.4676         -42.5923
     458         -2.4329         -39.5777
     459         -2.7126         -40.3353
     460         -2.6107         -39.7084
     461         -2.6245         -37.5719
     462         -1.3599         -42.0118
     463         -2.3923         -41.5254
     464         -2.5651         -40.8752
     465         -2.6868         -40.7645
     466         -2.4143         -39.8763
     467         -2.7430         -39.6592
     468         -2.0170         -42.0591
     469         -2.0257         -40.0808
     470         -1.6974         -42.6791
     471         -1.8697         -41.1802
     472         -2.4369         -40.6868
     473         -2.6356         -41.8937
     474         -2.5984         -40.8802
     475         -2.4650         -41.0518
     476         -2.2429         -41.4920
     477         -1.9405         -41.9464
     478         -2.5482         -38.9420
     479         -2.2522         -40.9582
     480         -2.4621         -41.9827
     481         -2.1387         -41.2665
     482         -2.6741         -38.6970
     483         -2.5570         -39.6454
     484         -2.2107         -40.7430
     485         -2.6190         -40.7307
     486         -2.6487         -40.5422
     487         -2.6546         -39.3799
     488         -2.5810         -40.9333
     489         -2.0098         -42.9065
     490         -2.6287         -40.2646
     491         -2.5235         -39.1546
     492         -2.5548         -41.8735
     493         -2.1124         -41.4799
     494         -2.0483         -41.6992
     495         -2.6696         -40.3827
     496         -2.1970         -40.0345
     497         -2.1204         -40.2941
     498         -2.4623         -40.8656
     499         -2.5789         -40.9663
     500         -2.6816         -40.1993
     501         -2.5034         -41.1938
     502         -2.4077         -39.9197
     503         -2.2052         -43.6816
     504         -2.6124         -38.9174
     505         -2.2347         -42.6321
     506         -2.4549         -41.9012
     507         -2.5669         -40.6726
     508         -2.0132         -41.0956
     509         -2.4550         -39.3013
     510         -2.4758         -40.7783
     511         -2.5904         -40.3515
     512         -2.5657         -42.5930
     513         -1.9204         -42.5928
     514         -2.5060         -40.6578
     515         -2.4623         -39.8592
     516         -2.5339         -39.5783
     517         -2.3253         -41.5546
     518         -2.4731         -41.6651
     519         -2.7107         -39.8271
     520         -2.1751         -41.5988
     521         -1.8461         -42.7739
     522         -2.3719         -41.3877
     523         -2.4433         -41.5731
     524         -1.8776         -40.5635
     525         -2.2454         -40.5956
     526         -2.3745         -42.8253
     527         -1.5786         -42.8807
     528         -1.9951         -42.0440
     529         -2.5154         -39.7297
     530         -2.6027         -41.7181
     531         -1.6848         -42.7567
     532         -2.4666         -40.4897
     533         -2.3472         -40.0308
     534         -2.0821         -42.3211
     535         -2.4589         -40.7120
     536         -2.6464         -41.3464
     537         -2.2546         -42.4323
     538         -2.3578         -40.6543
     539         -2.3874         -40.4955
     540         -2.6752         -42.4982
     541         -2.2264         -41.1891
     542         -2.5105         -40.3429
     543         -2.2457         -42.2677
     544         -2.3967         -41.6943
     545         -2.1585         -43.0187
     546         -2.2401         -42.5741
     547         -2.3406         -40.9289
     548         -2.1386         -41.5124
     549         -2.2925         -43.4009
     550         -2.5220         -40.4814
     551         -2.1402         -43.0860
     552         -2.1463         -41.4655
     553         -2.6040         -41.7262
     554         -1.5709         -41.8554
     555         -2.5920         -41.0696
     556         -2.4162         -40.5306
     557         -2.4760         -42.6061
     558         -2.3017         -41.6792
     559         -2.6591         -39.8885
     560         -2.0847         -41.3092
     561         -2.6479         -40.5350
     562         -2.2615         -40.9932
     563         -2.2971         -42.1076
     564         -2.2429         -40.6361
     565         -1.9939         -41.8750
     566         -2.4451         -40.4150
     567         -2.5760         -40.0355
     568         -2.7007         -38.4466
     569         -2.2493         -40.5541
     570         -2.5093         -40.4521
     571         -2.5302         -40.0292
     572         -2.3368         -41.7142
     573         -2.4585         -41.0696
     574         -2.3858         -39.9249
     575         -1.1634         -43.1727
     576         -2.3564         -39.9957
     577         -1.0509         -41.5621
     578         -2.2450         -41.0762
     579         -2.5025         -39.2615
     580         -2.4692         -42.2560
     581         -1.7051         -42.7049
     582         -2.1410         -39.3352
     583         -1.4101         -41.0565
     584         -2.2440         -41.8543
     585         -2.2561         -43.0257
     586         -2.7233         -39.7950
     587         -2.4164         -37.8154
     588         -2.3262         -41.2468
     589         -2.2242         -41.3684
     590         -2.3755         -40.9247
     591         -2.5418         -38.9595
     592         -1.9213         -39.8133
     593         -2.6152         -39.7013
     594         -2.6075         -41.0893
     595         -2.0371         -41.8615
     596         -1.9133         -41.1068
     597         -2.4789         -39.4511
     598         -2.5220         -40.1143
     599         -2.5120         -37.8477
     600         -2.7124         -39.7549
     601         -2.2203         -41.7629
     602         -2.5399         -40.7523
     603         -1.7595         -40.9215
     604         -2.6668         -40.9525
     605         -2.4787         -41.0181
     606         -2.3045         -38.5544
     607         -2.4471         -40.7159
     608         -2.2464         -41.2743
     609         -1.8097         -42.9220
     610         -2.1644         -41.8720
     611         -0.8728         -40.5886
     612         -2.5429         -40.1691
     613         -2.0772         -41.3112
     614         -1.8410         -42.1069
     615         -2.0555         -41.4437
     616         -1.9076         -42.0302
     617         -2.6546         -40.5883
     618         -2.3615         -42.5885
     619         -2.1867         -41.9726
     620         -1.8031         -43.6626
     621         -2.5822         -39.7374
     622         -2.4855         -41.6576
     623         -2.5747         -41.9557
     624         -2.6112         -39.6771
     625         -1.4526         -43.1645
     626         -2.4179         -40.3085
     627         -2.5850         -38.7171
     628         -0.7325         -41.3023
     629         -2.1878         -40.9827
     630         -2.1835         -41.4505
     631         -2.1844         -41.8584
     632         -2.2721         -42.1243
     633         -1.9129         -41.8325
     634         -2.2614         -43.2103
     635         -1.8334         -42.5158
     636         -2.5412         -40.9011
     637         -1.7110         -41.4964
     638         -1.9658         -40.5004
     639         -2.6041         -41.8874
     640         -2.3827         -40.5964
     641         -2.3743         -41.7703
     642         -2.1140         -41.3115
     643         -2.3625         -35.9599
     644         -1.6282         -42.1545
     645         -2.5275         -42.0739
     646         -2.0845         -41.1966
     647         -2.1312         -39.3920
     648         -2.6492         -38.7432
     649         -2.5727         -41.8797
     650         -2.0221         -43.0525
     651         -2.2844         -40.8282
     652         -1.9338         -40.3440
     653         -2.5893         -38.2810
     654         -2.6182         -41.3975
     655         -1.9099         -40.0151
     656         -1.9756         -41.1648
     657         -2.0269         -41.9412
     658         -2.2304         -40.3370
     659         -2.1210         -42.2470
     660         -2.4362         -41.2768
     661         -2.5612         -40.9776
     662         -2.1778         -41.6928
     663         -1.0712         -42.9079
     664         -2.7394         -41.0927
     665         -0.2292         -43.0538
     666         -1.5427         -42.5339
     667         -1.8560         -41.7100
     668         -2.6983         -38.7848
     669         -2.1581         -39.8358
     670         -2.3551         -40.3072
     671         -1.6376         -42.4788
     672         -2.1769         -41.9718
     673         -2.2578         -40.2696
     674         -2.4603         -39.8702
     675         -1.8328         -42.2702
     676         -1.7275         -42.5749
     677         -2.4972         -40.8842
     678         -2.0342         -42.5139
     679         -2.3687         -41.7105
     680         -2.0234         -40.0485
     681         -2.0057         -42.1754
     682         -2.2337         -40.4580
     683         -2.5935         -41.0758
     684         -2.0580         -41.3160
     685         -2.2566         -42.5633
     686         -2.5587         -41.5725
     687         -2.5185         -40.2225
     688         -2.4720         -38.9784
     689         -2.3641         -40.1744
     690         -2.6482         -40.0145
     691         -2.3081         -41.8293
     692         -2.1419         -41.9985
     693         -2.2451         -39.5532
     694         -2.0108         -41.4350
     695         -1.7096         -40.2431
     696         -1.5061         -41.6751
     697         -2.6618         -40.3955
     698         -2.6660         -39.4474
     699         -2.1123         -41.2227
     700         -2.7018         -41.0432
     701         -1.8655         -42.3092
     702         -2.2381         -42.0457
     703         -2.5579         -39.4050
     704         -2.4168         -40.8070
     705         -1.8813         -42.4699
     706         -2.5014         -41.1370
     707         -2.6709         -39.5512
     708         -2.1674         -38.8789
     709         -2.1265         -40.0558
     710         -2.0453         -42.3133
     711         -2.4483         -40.8606
     712         -2.8774         -40.3564
     713         -2.0217         -40.7573
     714         -2.1234         -42.2745
     715         -0.7364         -38.7267
     716         -2.4278         -42.7699
     717         -2.3885         -40.7301
     718         -1.5580         -41.7105
     719         -1.9479         -42.3244
     720         -2.7657         -40.3878
     721         -2.3120         -41.5623
     722         -1.6562         -41.6378
     723         -2.2212         -39.9504
     724         -2.1259         -42.5807
     725         -2.4067         -41.0209
     726         -2.4455         -42.2490
     727         -2.7581         -41.1581
     728         -2.6077         -40.8046
     729         -2.6477         -40.0482
     730         -2.6840         -38.9635
     731         -2.6680         -41.5922
     732         -2.4957         -41.2112
     733         -2.3965         -42.2077
     734         -2.3905         -40.4896
     735         -2.0707         -42.1916
     736         -2.2337         -42.6331
     737         -2.5606         -41.2058
     738         -2.5440         -40.7050
     739         -2.6767         -38.0968
     740         -1.7865         -42.8809
     741         -2.2980         -39.6377
     742         -2.6464         -41.8498
     743         -1.9342         -41.2028
     744         -2.6043         -41.4033
     745         -2.7402         -40.1244
     746         -2.1015         -43.1051
     747         -2.5639         -39.6211
     748         -1.8336         -40.4330
     749         -2.3837         -40.8706
     750         -2.4918         -40.1322
     751         -2.1572         -40.9682
     752         -1.6542         -41.4687
     753         -2.1705         -42.8390
     754         -2.4029         -40.5126
     755         -2.4875         -40.1981
     756         -2.3914         -40.8381
     757         -2.2575         -40.9175
     758         -1.8463         -41.8408
     759         -2.4635         -40.1854
     760         -2.5830         -41.2650
     761         -2.6491         -39.0209
     762         -2.3431         -39.8624
     763         -2.1617         -41.2034
     764         -2.3942         -39.8293
     765         -2.5330         -39.3704
     766         -1.7454         -41.1521
     767         -2.4601         -39.1780
     768         -2.5173         -39.8499
     769         -2.3363         -41.2354
     770         -2.3050         -40.6603
     771         -2.6800         -40.3389
     772         -2.5317         -41.4360
     773         -2.4579         -40.2884
     774         -2.2262         -40.7718
     775         -1.3280         -40.9879
     776         -2.3384         -40.5160
     777         -1.6180         -41.3141
     778         -2.4927         -40.3428
     779         -2.4037         -40.0998
     780         -2.5155         -42.0774
     781         -2.2375         -40.2269
     782         -2.5559         -41.4779
     783         -2.5960         -40.7553
     784         -2.4811         -40.6673
     785         -2.4279         -42.4631
     786         -2.1857         -41.8456
     787         -1.6346         -41.7567
     788         -2.3301         -41.7120
     789         -1.8910         -42.6337
     790         -1.5749         -42.5670
     791         -2.4184         -38.5731
     792         -2.4879         -40.0170
     793         -2.6014         -41.5733
     794         -2.4067         -39.4261
     795         -0.8173         -41.0221
     796         -2.4063         -40.2829
     797         -1.4860         -42.0712
     798         -1.9245         -41.9377
     799         -2.6604         -40.4511
     800         -2.5437         -41.3112
     801         -2.4640         -40.3525
     802         -2.1970         -42.1073
     803         -1.9096         -43.5700
     804         -2.5954         -41.2483
     805         -2.4813         -42.1900
     806         -2.0973         -38.9894
     807         -2.5869         -41.8824
     808         -2.2543         -40.2272
     809         -2.5212         -40.7177
     810         -2.4954         -41.7542
     811         -2.5471         -39.6181
     812         -2.3595         -42.0212
     813         -1.9663         -41.3496
     814         -2.4154         -41.1450
     815         -2.0858         -40.9155
     816         -2.3266         -41.3059
     817         -2.4552         -41.8719
     818         -1.7802         -41.3875
     819         -2.6050         -39.5982
     820         -1.8927         -42.9449
     821         -2.6081         -40.7295
     822         -2.5677         -42.1131
     823         -2.4500         -41.8525
     824         -2.5162         -41.2792
     825         -2.6480         -40.2610
     826         -2.6864         -39.6989
     827         -2.5979         -41.7176
     828         -2.5342         -38.5802
     829         -2.4385         -40.7321
     830         -2.5035         -41.8512
     831         -1.2804         -41.4459
     832         -1.9091         -42.9328
     833         -1.8117         -43.0086
     834         -2.0159         -41.6264
     835         -2.6892         -41.3609
     836         -2.5399         -40.0163
     837         -1.5630         -43.5723
     838         -2.4340         -42.3670
     839         -2.5893         -40.0412
     840         -1.9835         -41.7421
     841         -2.4940         -41.0198
     842         -2.6870         -40.5854
     843         -2.2077         -39.6964
     844         -1.6758         -43.3997
     845         -2.6695         -40.6631
     846         -2.5667         -39.7511
     847         -1.7519         -41.7436
     848         -2.5835         -40.2423
     849         -1.1453         -42.1885
     850         -2.3948         -41.4052
     851         -2.5226         -41.7182
     852         -2.4424         -40.7945
     853         -2.3977         -40.3111
     854         -2.3308         -42.8711
     855         -2.2664         -39.1283
     856         -2.2652         -40.2800
     857         -1.8539         -42.1289
     858         -2.5163         -40.2106
     859         -2.4271         -40.9799
     860         -2.4361         -42.6784
     861         -1.1869         -41.9824
     862         -2.4675         -40.4355
     863         -2.6596         -41.9822
     864         -2.1253         -42.1022
     865         -2.5461         -40.9681
     866         -2.0342         -41.5495
     867         -2.4990         -39.3731
     868         -2.1876         -41.3883
     869         -2.1514         -41.9915
     870         -2.1725         -41.0858
     871         -2.6096         -41.4178
     872         -2.4648         -38.8955
     873         -2.1728         -40.1562
     874         -2.3692         -38.7498
     875         -2.3988         -39.9821
     876         -2.0811         -40.3095
     877         -2.1744         -42.6856
     878         -1.3669         -40.5565
     879         -0.3260         -39.3955
     880         -2.2019         -42.2329
     881         -1.8543         -40.7703
     882         -2.3498         -41.2762
     883         -2.3716         -39.8462
     884         -2.5872         -39.8186
     885         -2.4315         -41.2697
     886         -2.4796         -38.7482
     887         -1.6491         -39.9478
     888         -2.3221         -40.8270
     889         -2.4958         -40.0516
     890         -2.4877         -41.4547
     891         -2.1626         -41.9492
     892         -2.5668         -41.3128
     893         -2.4871         -40.3078
     894         -2.3368         -39.2781
     895         -1.8174         -42.9604
     896         -1.9834         -37.6949
     897         -1.9311         -41.5352
     898         -2.3829         -41.9288
     899         -2.6009         -40.2767
     900         -2.3229         -40.6022
     901         -2.4053         -41.2121
     902         -2.7638         -41.3223
     903         -2.5698         -41.7165
     904         -1.2200         -41.9189
     905         -1.9871         -41.7637
     906         -2.3470         -40.4864
     907         -2.6132         -40.9343
     908         -2.5300         -42.0609
     909         -1.3153         -40.1944
     910         -1.9445         -42.1102
     911         -2.7484         -38.4457
     912         -2.5786         -41.7839
     913         -1.9989         -41.5031
     914         -2.1491         -40.9571
     915         -1.9932         -41.1640
     916         -2.4894         -41.6078
     917         -2.4485         -39.9976
     918         -1.8149         -41.5032
     919         -2.5999         -40.0444
     920         -1.6617         -41.8003
     921         -2.5389         -41.3849
     922         -1.9800         -42.1841
     923         -1.7601         -43.2479
     924         -2.6392         -41.1592
     925         -2.3395         -43.1294
     926         -1.8832         -43.2419
     927         -2.3037         -41.9354
     928         -1.9359         -43.3608
     929         -0.8545         -42.2691
     930         -2.1791         -40.2607
     931         -2.0559         -40.9232
     932         -2.2227         -42.0923
     933         -2.0078         -41.5240
     934         -1.4406         -42.6496
     935         -1.8150         -41.9090
     936         -1.2703         -41.2751
     937         -2.7261         -39.4556
     938         -2.5477         -40.8205
     939         -2.4413         -41.0600
     940         -2.4976         -41.6826
     941         -2.3286         -42.9492
     942         -2.1535         -41.9395
     943         -2.4391         -40.6524
     944         -2.5956         -41.3817
     945         -1.1237         -41.2468
     946         -2.1231         -41.7834
     947         -2.0706         -41.5109
     948         -2.0572         -41.2448
     949         -2.0174         -42.4777
     950         -2.3622         -39.3361
     951         -2.0683         -42.2593
     952         -1.8445         -43.2718
     953         -2.5860         -41.0466
     954         -2.4039         -40.5027
     955         -2.6451         -40.5198
     956         -2.5536         -38.4018
     957         -1.9170         -44.0031
     958         -2.2404         -41.0394
     959         -2.2284         -40.3627
     960         -2.1967         -41.5896
     961         -2.4468         -41.2998
     962         -2.1489         -41.5609
     963         -2.4347         -39.8054
     964         -2.4926         -41.1091
     965         -2.6012         -41.4353
     966         -2.3077         -40.6856
     967         -2.3341         -42.4987
     968         -2.5259         -40.2828
     969         -0.8652         -41.5498
     970         -1.7418         -42.9125
     971         -1.9146         -40.9878
     972         -2.4324         -41.4907
     973         -2.2819         -41.6149
     974         -2.6829         -39.6794
     975         -2.5449         -40.8144
     976         -2.5200         -41.3198
     977         -2.6631         -39.2046
     978         -2.5326         -40.3985
     979         -2.0083         -41.1397
     980         -2.6704         -40.1844
     981         -2.7287         -41.7588
     982         -2.1507         -42.3903
     983         -2.5353         -39.4841
     984         -1.9825         -40.9220
     985         -2.4523         -41.6204
     986         -1.9786         -40.9855
     987         -2.1126         -39.1377
     988         -2.5257         -40.0524
     989         -2.6161         -40.7964
     990         -2.6272         -40.4620
     991         -2.4586         -40.7346
     992         -1.1977         -41.6272
     993         -1.9545         -41.7638
     994         -2.3488         -41.0752
     995         -2.5228         -41.1790
     996         -1.8933         -43.6323
     997         -2.7268         -41.1816
     998         -2.3658         -40.5936
     999         -2.1171         -41.5818
    1000         -2.1590         -41.7414
