0.000000000000000000e+00	2.775833612160136354e+00	1.092522623250387142e+02
1.000000000000000000e+00	1.851307485538963737e+00	1.084195816775277592e+02
2.000000000000000000e+00	1.869750701696992756e+00	1.098662098435819843e+02
3.000000000000000000e+00	2.760066437695715358e+00	1.092238260196005939e+02
4.000000000000000000e+00	3.243520405340382773e+00	1.139955625675570445e+02
5.000000000000000000e+00	2.228815626572066222e+00	1.092706327669298929e+02
6.000000000000000000e+00	2.820781132547877323e+00	1.093333257661337257e+02
7.000000000000000000e+00	1.632561935853398927e+00	1.091532547727757247e+02
8.000000000000000000e+00	2.028065935320528812e+00	1.088180643985518969e+02
9.000000000000000000e+00	1.506837391199226772e+00	1.110400124623328679e+02
1.000000000000000000e+01	2.154939970877665090e+00	1.107234474740351544e+02
1.100000000000000000e+01	3.887865248746340097e+00	1.130107798918625406e+02
1.200000000000000000e+01	2.321216332733914811e+00	1.094789401200517887e+02
1.300000000000000000e+01	2.977375178441912684e+00	1.096157451767187183e+02
1.400000000000000000e+01	2.351569720050256329e+00	1.095473685339978260e+02
1.500000000000000000e+01	1.870227987805202829e+00	1.084622358942597629e+02
1.600000000000000000e+01	2.535211711557134429e+00	1.118664892401048263e+02
1.700000000000000000e+01	2.655800077346482269e+00	1.090357802745305662e+02
1.800000000000000000e+01	1.591450418525480082e+00	1.090296795071292735e+02
1.900000000000000000e+01	2.494116307027381296e+00	1.117429624071955345e+02
2.000000000000000000e+01	2.608016450251259055e+00	1.120853297380773483e+02
2.100000000000000000e+01	3.839162718721982337e+00	1.129009853292328671e+02
2.200000000000000000e+01	3.165118111539296564e+00	1.137598966297985044e+02
2.300000000000000000e+01	1.416433473724049819e+00	1.085036039241251586e+02
2.400000000000000000e+01	3.150539879349223860e+00	1.099280499804241060e+02
2.500000000000000000e+01	2.412618204880068173e+00	1.096849957104040953e+02
2.600000000000000000e+01	1.863540193131722589e+00	1.084471589877671249e+02
2.700000000000000000e+01	1.885578002620276195e+00	1.099137844174042016e+02
2.800000000000000000e+01	2.833390682504847380e+00	1.093560672544595320e+02
2.900000000000000000e+01	2.238838193767055174e+00	1.092932275557642754e+02
3.000000000000000000e+01	1.389015946073810959e+00	1.084211908077295021e+02
3.100000000000000000e+01	4.033574666053812763e+00	1.133392659425111759e+02
3.200000000000000000e+01	1.627589826263402317e+00	1.091383093316112536e+02
3.300000000000000000e+01	2.001307319366760318e+00	1.102616499789196922e+02
3.400000000000000000e+01	2.264608563883219183e+00	1.110530953779458372e+02
3.500000000000000000e+01	2.177008793790346175e+00	1.091538398910022494e+02
3.600000000000000000e+01	3.841002245912785718e+00	1.111733078922603966e+02
3.700000000000000000e+01	2.592213092529095597e+00	1.120378271340492375e+02
3.800000000000000000e+01	2.523152993111725362e+00	1.099341843813661228e+02
3.900000000000000000e+01	2.858040127523151064e+00	1.106891510419198426e+02
4.000000000000000000e+01	3.107421173905410505e+00	1.135864679932871155e+02
4.100000000000000000e+01	2.711909450858658310e+00	1.103597153078187176e+02
4.200000000000000000e+01	2.359882801028069466e+00	1.085020895950246711e+02
4.300000000000000000e+01	1.174611300704337946e+00	1.095420772100242459e+02
4.400000000000000000e+01	2.111584726082902819e+00	1.090063484383857144e+02
4.500000000000000000e+01	2.139582156597936269e+00	1.090694656036873056e+02
4.600000000000000000e+01	3.373217503222577740e+00	1.103296519885064271e+02
4.700000000000000000e+01	2.211839281953388081e+00	1.108944785606574186e+02
4.800000000000000000e+01	1.953878221040497687e+00	1.086508162568681399e+02
4.900000000000000000e+01	2.933779620390109422e+00	1.130645266372490454e+02
5.000000000000000000e+01	2.798410020059506564e+00	1.105547214431853007e+02
5.100000000000000000e+01	2.951295434958897346e+00	1.108993850007651645e+02
5.200000000000000000e+01	2.823059492300187046e+00	1.106102910002979343e+02
5.300000000000000000e+01	1.732628193189111876e+00	1.094540394466634581e+02
5.400000000000000000e+01	2.958908410986709647e+00	1.109165476281043539e+02
5.500000000000000000e+01	3.317986308742184143e+00	1.117260497363998866e+02
5.600000000000000000e+01	2.478907590554602969e+00	1.116972472086229828e+02
5.700000000000000000e+01	2.393046384995757947e+00	1.114391608626234387e+02
5.800000000000000000e+01	1.792437431119739522e+00	1.096338173518776529e+02
5.900000000000000000e+01	1.867965531294966341e+00	1.098608438799544302e+02
6.000000000000000000e+01	1.764345759797121493e+00	1.122010617420949643e+02
6.100000000000000000e+01	2.084626572187307403e+00	1.136451383310306511e+02
6.200000000000000000e+01	1.469742816471112601e+00	1.086638440859965868e+02
6.300000000000000000e+01	2.240563648689840370e+00	1.109808198460366526e+02
6.400000000000000000e+01	1.879012580632646978e+00	1.098940497099807061e+02
6.500000000000000000e+01	1.864572754197546312e+00	1.084494867845069166e+02
6.600000000000000000e+01	2.188516014213507610e+00	1.091797816692386789e+02
6.700000000000000000e+01	2.812348907725330527e+00	1.105861451510306352e+02
6.800000000000000000e+01	2.435210773609482793e+00	1.097359282020238567e+02
6.900000000000000000e+01	1.994472666362935076e+00	1.087423320234441633e+02
7.000000000000000000e+01	1.677188188299562288e+00	1.092873948230408132e+02
7.100000000000000000e+01	2.286351017038462441e+00	1.094003400537756931e+02
7.200000000000000000e+01	2.593696505900930482e+00	1.120422860597567478e+02
7.300000000000000000e+01	1.412840217570902723e+00	1.084928031166502365e+02
7.400000000000000000e+01	2.556345675317537314e+00	1.100090136771639067e+02
7.500000000000000000e+01	2.348244044394990127e+00	1.095398711595526891e+02
7.600000000000000000e+01	3.202883046578836712e+00	1.100224515673602070e+02
7.700000000000000000e+01	1.656448652238185160e+00	1.079802936083845992e+02
7.800000000000000000e+01	2.630567067523025049e+00	1.101763377420716381e+02
7.900000000000000000e+01	2.799768907972984167e+00	1.092954299441972097e+02
8.000000000000000000e+01	1.436371857813060426e+00	1.085635358184093775e+02
8.100000000000000000e+01	2.563605297989889564e+00	1.119518362478082025e+02
8.200000000000000000e+01	2.957608523156894709e+00	1.109136171722189772e+02
8.300000000000000000e+01	2.340992077543678107e+00	1.095235223881799129e+02
8.400000000000000000e+01	2.990801896118314041e+00	1.096399604377180310e+02
8.500000000000000000e+01	1.635504357765780403e+00	1.091620992668031818e+02
8.600000000000000000e+01	2.069477239606426267e+00	1.089114216849129946e+02
8.700000000000000000e+01	1.942346068274729776e+00	1.100844209993023952e+02
8.800000000000000000e+01	2.670315069666761243e+00	1.102659452944635206e+02
8.900000000000000000e+01	1.873595639769766397e+00	1.084698278997336587e+02
9.000000000000000000e+01	2.169481525846063796e+00	1.107671572817710484e+02
9.100000000000000000e+01	1.808937244622908169e+00	1.096834134010943984e+02
9.200000000000000000e+01	1.279897960278199687e+00	1.080931979493306159e+02
9.300000000000000000e+01	2.969647949244299312e+00	1.109407587503036723e+02
9.400000000000000000e+01	4.280606069966875538e+00	1.106794509650532490e+02
9.500000000000000000e+01	2.736898165499975555e+00	1.104160496500664266e+02
9.600000000000000000e+01	1.974738447697863108e+00	1.086978433714976404e+02
9.700000000000000000e+01	2.788017656369213171e+00	1.105312929883289996e+02
9.800000000000000000e+01	2.755788725015405838e+00	1.104586363641198687e+02
9.900000000000000000e+01	2.457209090662924922e+00	1.097855210178028926e+02
1.000000000000000000e+02	3.018556971266695310e+00	1.096900170788846509e+02
1.010000000000000000e+02	3.246035205544654634e+00	1.115638437914039258e+02
1.020000000000000000e+02	3.123730762622754398e+00	1.098796993876479462e+02
1.030000000000000000e+02	1.765670512241123813e+00	1.095533598712018630e+02
1.040000000000000000e+02	2.142686567183470281e+00	1.090764641600721774e+02
1.050000000000000000e+02	2.346712301474735973e+00	1.095364180115559378e+02
1.060000000000000000e+02	3.025653249773661457e+00	1.110670166156238139e+02
1.070000000000000000e+02	1.873312507887450185e+00	1.098769161170249049e+02
1.080000000000000000e+02	1.893551015284681949e+00	1.099377501384975773e+02
1.090000000000000000e+02	2.940836595738103298e+00	1.108758066840475891e+02
1.100000000000000000e+02	2.387100484995356098e+00	1.096274687833091974e+02
1.110000000000000000e+02	1.740469978621968172e+00	1.081697105601786433e+02
1.120000000000000000e+02	2.448013931036571389e+00	1.097647915294379146e+02
1.130000000000000000e+02	2.448654789515153585e+00	1.097662362752514866e+02
1.140000000000000000e+02	2.154912143200663710e+00	1.091040253929492394e+02
1.150000000000000000e+02	2.108048377487985015e+00	1.105824981370526530e+02
1.160000000000000000e+02	3.305382756018106161e+00	1.102073111343999301e+02
1.170000000000000000e+02	2.330540572842056957e+00	1.094999606063389592e+02
1.180000000000000000e+02	2.138998270714069339e+00	1.106755290326685071e+02
1.190000000000000000e+02	2.448416543550390401e+00	1.116055955382812925e+02
1.200000000000000000e+02	2.730370279131697941e+00	1.104013332394745532e+02
1.210000000000000000e+02	2.286418357706004212e+00	1.094004918659943968e+02
1.220000000000000000e+02	1.435689278038737360e+00	1.085614840824867287e+02
1.230000000000000000e+02	1.791691279007633364e+00	1.096315745267167330e+02
1.240000000000000000e+02	2.508552381700002609e+00	1.117863551564422124e+02
1.250000000000000000e+02	2.968376780145976390e+00	1.109378930376783075e+02
1.260000000000000000e+02	2.323861965254690798e+00	1.094849044111338259e+02
1.270000000000000000e+02	3.416746229892065223e+00	1.093811321950712454e+02
1.280000000000000000e+02	2.071955870506520192e+00	1.104740092894505210e+02
1.290000000000000000e+02	2.034398235298406910e+00	1.103611164786385217e+02
1.300000000000000000e+02	2.535525741385843190e+00	1.099620773981068282e+02
1.310000000000000000e+02	3.174298289232122983e+00	1.090167505008429174e+02
1.320000000000000000e+02	4.038604345480279356e+00	1.115296858641787878e+02
1.330000000000000000e+02	3.489186705017732315e+00	1.105388039612395659e+02
1.340000000000000000e+02	1.679914778619731042e+00	1.118203807940567600e+02
1.350000000000000000e+02	1.967540093527446965e+00	1.101601505895891222e+02
1.360000000000000000e+02	2.361086595448207426e+00	1.095688232956169230e+02
1.370000000000000000e+02	2.537509219455937437e+00	1.099665489339198956e+02
1.380000000000000000e+02	2.609908640148979941e+00	1.089530144671193028e+02
1.390000000000000000e+02	2.345863317465333164e+00	1.095345040693450329e+02
1.400000000000000000e+02	3.531914285430192812e+00	1.148624327941811174e+02
1.410000000000000000e+02	1.973420149702609150e+00	1.086948714118944679e+02
1.420000000000000000e+02	2.767252034305561104e+00	1.104844791494776644e+02
1.430000000000000000e+02	4.089337336598044992e+00	1.116211834774302076e+02
1.440000000000000000e+02	2.111638615907600602e+00	1.105932898736577386e+02
1.450000000000000000e+02	9.840416783532549561e-01	1.086828401919032387e+02
1.460000000000000000e+02	2.236937293044377384e+00	1.109699195462826538e+02
1.470000000000000000e+02	1.889849756225524091e+00	1.099266246899325665e+02
1.480000000000000000e+02	2.671703152177458573e+00	1.102690745756749777e+02
1.490000000000000000e+02	2.177724407862410949e+00	1.107919341910428983e+02
1.500000000000000000e+02	2.105781416547532814e+00	1.105756839808590968e+02
1.510000000000000000e+02	1.690923016184354255e+00	1.093286797260263512e+02
1.520000000000000000e+02	2.517931150879242352e+00	1.099224123053825934e+02
1.530000000000000000e+02	1.511067490956656378e+00	1.087880600711807944e+02
1.540000000000000000e+02	2.602517314845292251e+00	1.101131026221388254e+02
1.550000000000000000e+02	2.717253370149391500e+00	1.103717625932669506e+02
1.560000000000000000e+02	2.636083473871054572e+00	1.101887738808506185e+02
1.570000000000000000e+02	2.017522913563587039e+00	1.133425825153160531e+02
1.580000000000000000e+02	1.906779073074201358e+00	1.085446363448881471e+02
1.590000000000000000e+02	3.258833937209921761e+00	1.115926971414187960e+02
1.600000000000000000e+02	2.606256376785042406e+00	1.101215319310497591e+02
1.610000000000000000e+02	2.097083131181450177e+00	1.089736561682132816e+02
1.620000000000000000e+02	1.907085831109163188e+00	1.085453278975500808e+02
1.630000000000000000e+02	3.310324424570007196e+00	1.102162234982881301e+02
1.640000000000000000e+02	3.215380738223339918e+00	1.114947366252976337e+02
1.650000000000000000e+02	1.787669308693878634e+00	1.096194850665788181e+02
1.660000000000000000e+02	3.327988416023143881e+00	1.117485984005809740e+02
1.670000000000000000e+02	2.684948572412836576e+00	1.102989349365404763e+02
1.680000000000000000e+02	1.996274705834178320e+00	1.087463945256486255e+02
1.690000000000000000e+02	2.547425793377236403e+00	1.088403258354653929e+02
1.700000000000000000e+02	2.016798296501747245e+00	1.103082136121543755e+02
1.710000000000000000e+02	2.243669045464590894e+00	1.093041181860661197e+02
1.720000000000000000e+02	1.869897877331209379e+00	1.098666522322184420e+02
1.730000000000000000e+02	2.300743986030142629e+00	1.094327874386362680e+02
1.740000000000000000e+02	3.003013490630874749e+00	1.110159777383441195e+02
1.750000000000000000e+02	2.503972426368799020e+00	1.117725884741719682e+02
1.760000000000000000e+02	4.059588472589758190e+00	1.115675310119687964e+02
1.770000000000000000e+02	1.706311636725521552e+00	1.093749356901674759e+02
1.780000000000000000e+02	2.041386837268518217e+00	1.103821232037872164e+02
1.790000000000000000e+02	3.156981386959902380e+00	1.099396673236781226e+02
1.800000000000000000e+02	1.460947801930005951e+00	1.108331062757117706e+02
1.810000000000000000e+02	2.458930385153041076e+00	1.097894014892199834e+02
1.820000000000000000e+02	2.097984716073471034e+00	1.089756886933992064e+02
1.830000000000000000e+02	2.409854791213646763e+00	1.114896844968376968e+02
1.840000000000000000e+02	2.977893978824932564e+00	1.131971280082693312e+02
1.850000000000000000e+02	2.212149671424484154e+00	1.092330611817305481e+02
1.860000000000000000e+02	2.303033073728289803e+00	1.094379479381526892e+02
1.870000000000000000e+02	1.992393035801347523e+00	1.087376437222855543e+02
1.880000000000000000e+02	1.663777591833494052e+00	1.079968159064459741e+02
1.890000000000000000e+02	2.718867133117778945e+00	1.124185308328717383e+02
1.900000000000000000e+02	2.313581329790744157e+00	1.146774455832608623e+02
1.910000000000000000e+02	2.409488670702381707e+00	1.096779405156102598e+02
1.920000000000000000e+02	2.123685213699142871e+00	1.090336276730531324e+02
1.930000000000000000e+02	2.908077452824177733e+00	1.094907658219028690e+02
1.940000000000000000e+02	4.058788713398121750e+00	1.133961082728563952e+02
1.950000000000000000e+02	2.369061439521365386e+00	1.095868017151490221e+02
1.960000000000000000e+02	2.007953764392295337e+00	1.087727236942908604e+02
1.970000000000000000e+02	3.179573910218520538e+00	1.090246793770705267e+02
1.980000000000000000e+02	1.870383300006799976e+00	1.098681113424626545e+02
1.990000000000000000e+02	2.238309340021837901e+00	1.092920353124532511e+02
2.000000000000000000e+02	1.971078251716884777e+00	1.086895918573222843e+02
2.010000000000000000e+02	2.798083683426696222e+00	1.105539857527016352e+02
2.020000000000000000e+02	1.665564501759370319e+00	1.092524557051158354e+02
2.030000000000000000e+02	2.267347310423368345e+00	1.110613276533089220e+02
2.040000000000000000e+02	2.430139658764225885e+00	1.097244959245589797e+02
2.050000000000000000e+02	4.368657995772062819e+00	1.121249419407725583e+02
2.060000000000000000e+02	2.435231340999338023e+00	1.097359745689697235e+02
2.070000000000000000e+02	2.503993078213203827e+00	1.098909904348657562e+02
2.080000000000000000e+02	2.758687012386706883e+00	1.104651702381126199e+02
2.090000000000000000e+02	1.657380814832926763e+00	1.117187800477691439e+02
2.100000000000000000e+02	2.068439674966893183e+00	1.104634401150167804e+02
2.110000000000000000e+02	2.141032550594348827e+00	1.090727353593734392e+02
2.120000000000000000e+02	2.905402960156219461e+00	1.094859423393841951e+02
2.130000000000000000e+02	4.864044704611123038e+00	1.130183783516092717e+02
2.140000000000000000e+02	3.521776386330174091e+00	1.121854723254491546e+02
2.150000000000000000e+02	2.271021238340958703e+00	1.110723709484215789e+02
2.160000000000000000e+02	3.822088968621425220e+00	1.128624944146171032e+02
2.170000000000000000e+02	2.592357895342700225e+00	1.100901993146453322e+02
2.180000000000000000e+02	2.078528298004255426e+00	1.089318263127142359e+02
2.190000000000000000e+02	2.576371952981232560e+00	1.088925306130314112e+02
2.200000000000000000e+02	2.070522960086741637e+00	1.089137791481230693e+02
2.210000000000000000e+02	3.041706946870755601e+00	1.133889405462268201e+02
2.220000000000000000e+02	2.619307191256764256e+00	1.101509535743641379e+02
2.230000000000000000e+02	1.155800694518426042e+00	1.094572642741070183e+02
2.240000000000000000e+02	2.957158758120973285e+00	1.109126032258104431e+02
2.250000000000000000e+02	2.776735510520742967e+00	1.105058586162678722e+02
2.260000000000000000e+02	1.779652375340249115e+00	1.095953873262560165e+02
2.270000000000000000e+02	1.906580071030905099e+00	1.085441877164022060e+02
2.280000000000000000e+02	2.211278316351208861e+00	1.092310968063866454e+02
2.290000000000000000e+02	1.574760798589569299e+00	1.089795129272711733e+02
2.300000000000000000e+02	2.252407811515880987e+00	1.093238187847012313e+02
2.310000000000000000e+02	1.836780720272364942e+00	1.097671068554725906e+02
2.320000000000000000e+02	1.591612611943987732e+00	1.090301670370498641e+02
2.330000000000000000e+02	3.053001139380176809e+00	1.111286694615168216e+02
2.340000000000000000e+02	2.236663534775410689e+00	1.092883250233345080e+02
2.350000000000000000e+02	2.946060876491644720e+00	1.095592694234473612e+02
2.360000000000000000e+02	2.762481419430392826e+00	1.092281814707557430e+02
2.370000000000000000e+02	2.551541753800377954e+00	1.099981837580278778e+02
2.380000000000000000e+02	2.126275507526909969e+00	1.090394672090640711e+02
2.390000000000000000e+02	2.636739922008116466e+00	1.101902537718554669e+02
2.400000000000000000e+02	1.914270232233507008e+00	1.100000291032464474e+02
2.410000000000000000e+02	1.933152298972023786e+00	1.086040919173427142e+02
2.420000000000000000e+02	3.477891074164038532e+00	1.105184321432073347e+02
2.430000000000000000e+02	2.388739065890896462e+00	1.096311627859137587e+02
2.440000000000000000e+02	2.433389550269587254e+00	1.097318224518717642e+02
2.450000000000000000e+02	2.321284930502131694e+00	1.094790947662673943e+02
2.460000000000000000e+02	2.623443303234594737e+00	1.101602779894482467e+02
2.470000000000000000e+02	2.108748063577125187e+00	1.105846012920796255e+02
2.480000000000000000e+02	2.595752248485720060e+00	1.100978515150251269e+02
2.490000000000000000e+02	2.710950308905672124e+00	1.103575530264921554e+02
2.500000000000000000e+02	2.256317718599935240e+00	1.110281742980415487e+02
2.510000000000000000e+02	1.903223656271836761e+00	1.085366210439872106e+02
2.520000000000000000e+02	2.543441911711396219e+00	1.099799235440495693e+02
2.530000000000000000e+02	2.463279502694536660e+00	1.086885668992820655e+02
2.540000000000000000e+02	2.713144629934355123e+00	1.103624998848482619e+02
2.550000000000000000e+02	2.488231168643509683e+00	1.117252725337386181e+02
2.560000000000000000e+02	3.306315366415246260e+00	1.116997388649190555e+02
2.570000000000000000e+02	2.394036038125313848e+00	1.114421356165690753e+02
2.580000000000000000e+02	2.050602069273033123e+00	1.088688696640984972e+02
2.590000000000000000e+02	2.361008815105523517e+00	1.095686479482848199e+02
2.600000000000000000e+02	2.021078391249446327e+00	1.103210789569486536e+02
2.610000000000000000e+02	1.917618115368213472e+00	1.128921334886646406e+02
2.620000000000000000e+02	1.876323160467390450e+00	1.098859657025551115e+02
2.630000000000000000e+02	1.329112308862580916e+00	1.102386886841342601e+02
2.640000000000000000e+02	3.205830414000056194e+00	1.114732064569359125e+02
2.650000000000000000e+02	3.408514798254042244e+00	1.103933111219116370e+02
2.660000000000000000e+02	3.160130881526956870e+00	1.113701818260233978e+02
2.670000000000000000e+02	2.865048911128656783e+00	1.094131632839864352e+02
2.680000000000000000e+02	3.192905303808761808e+00	1.114440682002645815e+02
2.690000000000000000e+02	1.674785917258826418e+00	1.092801739442869007e+02
2.700000000000000000e+02	1.972689872913060416e+00	1.101756300804218682e+02
2.710000000000000000e+02	2.460396166500973703e+00	1.116416045494947440e+02
2.720000000000000000e+02	1.206791928549814097e+00	1.096871726684193220e+02
2.730000000000000000e+02	2.990024090635659881e+00	1.109866945472946469e+02
2.740000000000000000e+02	1.936610857705147293e+00	1.100671817871365903e+02
2.750000000000000000e+02	3.716179983714294810e+00	1.126237341146775464e+02
2.760000000000000000e+02	1.926940615868163897e+00	1.085900883526564371e+02
2.770000000000000000e+02	2.176221256932897585e+00	1.107874159370962133e+02
2.780000000000000000e+02	3.680540263507291243e+00	1.108839126075704087e+02
2.790000000000000000e+02	1.886598807736107108e+00	1.084991421291782103e+02
2.800000000000000000e+02	1.736383258093444404e+00	1.094653266278047141e+02
2.810000000000000000e+02	2.113594388007502989e+00	1.105991686412756252e+02
2.820000000000000000e+02	2.666933376005272027e+00	1.102583216335094534e+02
2.830000000000000000e+02	1.803291945905744820e+00	1.096664444509322749e+02
2.840000000000000000e+02	1.980677024918961582e+00	1.087112312486429744e+02
2.850000000000000000e+02	1.798537126629995431e+00	1.096521521529755887e+02
2.860000000000000000e+02	1.373614444911719357e+00	1.083748961263077746e+02
2.870000000000000000e+02	2.533163218579451925e+00	1.099567513471172617e+02
2.880000000000000000e+02	2.604438660197041955e+00	1.120745754194553712e+02
2.890000000000000000e+02	2.630469552365846120e+00	1.089900963413133468e+02
2.900000000000000000e+02	2.913350347223741643e+00	1.130031192015087953e+02
2.910000000000000000e+02	1.602184757526782022e+00	1.090619453751838250e+02
2.920000000000000000e+02	2.929202555392883767e+00	1.108495790040753093e+02
2.930000000000000000e+02	2.018289474446806953e+00	1.103126958770442343e+02
2.940000000000000000e+02	2.321444959628869320e+00	1.094794555345471849e+02
2.950000000000000000e+02	3.325476827478766495e+00	1.117429362970804334e+02
2.960000000000000000e+02	3.082943855579706849e+00	1.111961720620475944e+02
2.970000000000000000e+02	2.955688615634704419e+00	1.109092889492994942e+02
2.980000000000000000e+02	2.792663779432102977e+00	1.168375242483986938e+02
2.990000000000000000e+02	2.379002397151826376e+00	1.113969466695858159e+02
3.000000000000000000e+02	1.938768443015500553e+00	1.086167529039200303e+02
3.010000000000000000e+02	1.648225654796299455e+00	1.092003376428615269e+02
3.020000000000000000e+02	1.331714618023644547e+00	1.082489513163185393e+02
3.030000000000000000e+02	2.139646814037500011e+00	1.106774784599503363e+02
3.040000000000000000e+02	2.249946442772732702e+00	1.110090231658521560e+02
3.050000000000000000e+02	1.768471983401445513e+00	1.122196659877356808e+02
3.060000000000000000e+02	3.243553924801396704e+00	1.139956633222012101e+02
3.070000000000000000e+02	1.734199787808577531e+00	1.094587634324273466e+02
3.080000000000000000e+02	2.964833054013386260e+00	1.087019394239445518e+02
3.090000000000000000e+02	1.793541558570620031e+00	1.096371361990503601e+02
3.100000000000000000e+02	1.160213803883393124e+00	1.094771620253048070e+02
3.110000000000000000e+02	2.439310654185709026e+00	1.115782245539361526e+02
3.120000000000000000e+02	2.563002320525144206e+00	1.100240203605699634e+02
3.130000000000000000e+02	2.381249750828186684e+00	1.114037018891838358e+02
3.140000000000000000e+02	1.897253146577938532e+00	1.099488782088719603e+02
3.150000000000000000e+02	2.227816425541707002e+00	1.109425035398244432e+02
3.160000000000000000e+02	9.826191824493764049e-01	1.086764264669681666e+02
3.170000000000000000e+02	2.631395399481547326e+00	1.101782051264775930e+02
3.180000000000000000e+02	2.888270246065734348e+00	1.094550432653642673e+02
3.190000000000000000e+02	2.934118707799961534e+00	1.108606619355592642e+02
3.200000000000000000e+02	1.981728484962243186e+00	1.102027988389024387e+02
3.210000000000000000e+02	2.562589315533212009e+00	1.100230892856867797e+02
3.220000000000000000e+02	1.330653326642291745e+00	1.082457612281655628e+02
3.230000000000000000e+02	2.197433923733868699e+00	1.091998861273616512e+02
3.240000000000000000e+02	1.930497141705054265e+00	1.100488048424771961e+02
3.250000000000000000e+02	2.529660810195060616e+00	1.099488555479355227e+02
3.260000000000000000e+02	2.038197886570682904e+00	1.103725376799429938e+02
3.270000000000000000e+02	1.566047828452207913e+00	1.089533230012048080e+02
3.280000000000000000e+02	3.332266814523356047e+00	1.142623214176982600e+02
3.290000000000000000e+02	1.893232893889539525e+00	1.099367939116670527e+02
3.300000000000000000e+02	1.446547424174310148e+00	1.085941220968521037e+02
3.310000000000000000e+02	2.087801275857982475e+00	1.089527312338182412e+02
3.320000000000000000e+02	2.646285776364174058e+00	1.090186211082276060e+02
3.330000000000000000e+02	2.047039904243742825e+00	1.103991155042077708e+02
3.340000000000000000e+02	2.035797990288983339e+00	1.088354954764253790e+02
3.350000000000000000e+02	1.505736334924532516e+00	1.087720353884229780e+02
3.360000000000000000e+02	1.998630598114364831e+00	1.087517056288372430e+02
3.370000000000000000e+02	2.168375381749660491e+00	1.091343768015377975e+02
3.380000000000000000e+02	2.052227927109980143e+00	1.088725349839497767e+02
3.390000000000000000e+02	3.419209377543870332e+00	1.104125989355845405e+02
3.400000000000000000e+02	2.619492535306394032e+00	1.121198251873199041e+02
3.410000000000000000e+02	3.374583066607752979e+00	1.103321147999380827e+02
3.420000000000000000e+02	3.045289286277689023e+00	1.111112839265553305e+02
3.430000000000000000e+02	1.850207328240676574e+00	1.098074652940381384e+02
3.440000000000000000e+02	3.116593974832094105e+00	1.098668280974925722e+02
3.450000000000000000e+02	3.210492938930598505e+00	1.100361761077814435e+02
3.460000000000000000e+02	1.918855314446254345e+00	1.100138111961799581e+02
3.470000000000000000e+02	2.353351654186491171e+00	1.113198442520154146e+02
3.480000000000000000e+02	2.472040435142992099e+00	1.098189566725745294e+02
3.490000000000000000e+02	3.655673450882438225e+00	1.108390649856538630e+02
3.500000000000000000e+02	1.745126965767014982e+00	1.094916089464522742e+02
3.510000000000000000e+02	2.487624273343427284e+00	1.098540887426836719e+02
3.520000000000000000e+02	2.453256106498568734e+00	1.116201425634412772e+02
3.530000000000000000e+02	3.387055794302531453e+00	1.144270091541470293e+02
3.540000000000000000e+02	3.231640677444334031e+00	1.100743163308796966e+02
3.550000000000000000e+02	2.481623352128203397e+00	1.117054103945062167e+02
3.560000000000000000e+02	1.087943571597413950e+00	1.091513112515969226e+02
3.570000000000000000e+02	3.049835228976002899e+00	1.111215322604725060e+02
3.580000000000000000e+02	3.234967060949727191e+00	1.139698524533617956e+02
3.590000000000000000e+02	3.273458901923200770e+00	1.116256675354284198e+02
3.600000000000000000e+02	2.887374760520200923e+00	1.129250403507184046e+02
3.610000000000000000e+02	2.067905079599202001e+00	1.079755039543056938e+02
3.620000000000000000e+02	1.914870980538921907e+00	1.100018348656277141e+02
3.630000000000000000e+02	2.374031116523964702e+00	1.113820037201614355e+02
3.640000000000000000e+02	1.634161468922544103e+00	1.091580627374721644e+02
3.650000000000000000e+02	2.551128127091967457e+00	1.099972512815524368e+02
3.660000000000000000e+02	2.588249773969763190e+00	1.100809380013389216e+02
3.670000000000000000e+02	1.482887141240776474e+00	1.087033540221587344e+02
3.680000000000000000e+02	2.051632889828802320e+00	1.104129213535335765e+02
3.690000000000000000e+02	2.049935978429981986e+00	1.088673680346606005e+02
3.700000000000000000e+02	2.428807439926338851e+00	1.097214925819285298e+02
3.710000000000000000e+02	3.554575024236629410e+00	1.106567326504659832e+02
3.720000000000000000e+02	1.955505548939613369e+00	1.101239764918900761e+02
3.730000000000000000e+02	1.232215620543941847e+00	1.098018025712818968e+02
3.740000000000000000e+02	1.640694581733398882e+00	1.091777003281906104e+02
3.750000000000000000e+02	1.607966412203553741e+00	1.090793241916079097e+02
3.760000000000000000e+02	2.783357209061287918e+00	1.105207865162098528e+02
3.770000000000000000e+02	2.710224393434840007e+00	1.123925520093777521e+02
3.780000000000000000e+02	1.539832441052113365e+00	1.111887799725928119e+02
3.790000000000000000e+02	1.374054621304845680e+00	1.083762192327812954e+02
3.800000000000000000e+02	2.597717820343415696e+00	1.101022826832277701e+02
3.810000000000000000e+02	3.218694910492311045e+00	1.187584060456271260e+02
3.820000000000000000e+02	3.127317455749248243e+00	1.136462733343212932e+02
3.830000000000000000e+02	3.307749272697604326e+00	1.141886252385971687e+02
3.840000000000000000e+02	2.558493920094661256e+00	1.100138566616168134e+02
3.850000000000000000e+02	3.204754145876630211e+00	1.114707801273833354e+02
3.860000000000000000e+02	3.000795027649516999e+00	1.132659652435751241e+02
3.870000000000000000e+02	1.780907688860329019e+00	1.095991606168518473e+02
3.880000000000000000e+02	3.921358773381286245e+00	1.130862874042316122e+02
3.890000000000000000e+02	1.821837858958562872e+00	1.097221907789959658e+02
3.900000000000000000e+02	1.603863829896448712e+00	1.078617468395189434e+02
3.910000000000000000e+02	3.315417804828207249e+00	1.117202593233821801e+02
3.920000000000000000e+02	2.372513315604316109e+00	1.113774414304666038e+02
3.930000000000000000e+02	2.032424364345381207e+00	1.134097699189403272e+02
3.940000000000000000e+02	1.965274038210162333e+00	1.131070036895567910e+02
3.950000000000000000e+02	3.429065779101123645e+00	1.104303750847503380e+02
3.960000000000000000e+02	2.969546825144013802e+00	1.109405307770062734e+02
3.970000000000000000e+02	1.752259567393694262e+00	1.095130485137087248e+02
3.980000000000000000e+02	3.030330808796899866e+00	1.110775616642460051e+02
3.990000000000000000e+02	2.221737375154873906e+00	1.092546756181299230e+02
4.000000000000000000e+02	2.065416436592639293e+00	1.104543526984120518e+02
4.010000000000000000e+02	3.159794408803294097e+00	1.113694232848241512e+02
4.020000000000000000e+02	2.840912054066160319e+00	1.106505376611989959e+02
4.030000000000000000e+02	2.061024872288376386e+00	1.104411522922783320e+02
4.040000000000000000e+02	2.406659181205561548e+00	1.096715617389509703e+02
4.050000000000000000e+02	1.655779161738691885e+00	1.092230423905244123e+02
4.060000000000000000e+02	1.555259833892578936e+00	1.089208958523145014e+02
4.070000000000000000e+02	2.112589113412028041e+00	1.090086127204970836e+02
4.080000000000000000e+02	2.271585832769908997e+00	1.110740680374874927e+02
4.090000000000000000e+02	1.574978795477761651e+00	1.113472472477122608e+02
4.100000000000000000e+02	3.834001471979420206e+00	1.111606819048761707e+02
4.110000000000000000e+02	2.733189462571923301e+00	1.091753530433170170e+02
4.120000000000000000e+02	1.815683537775595768e+00	1.097036917810389269e+02
4.130000000000000000e+02	2.663389807185251534e+00	1.102503330425975037e+02
4.140000000000000000e+02	2.093804385231275322e+00	1.105396827597230214e+02
4.150000000000000000e+02	2.037224787352251099e+00	1.088387120353894488e+02
4.160000000000000000e+02	2.233778206730018923e+00	1.092818203647340454e+02
4.170000000000000000e+02	2.041285671629470055e+00	1.103818191145311545e+02
4.180000000000000000e+02	2.032613739455065627e+00	1.088283169288747985e+02
4.190000000000000000e+02	1.961499006226393282e+00	1.086679964891058034e+02
4.200000000000000000e+02	1.811641941181499904e+00	1.096915433271453963e+02
4.210000000000000000e+02	2.057394276115765308e+00	1.088841819564827915e+02
4.220000000000000000e+02	2.589728340848620469e+00	1.100842712697276653e+02
4.230000000000000000e+02	1.986140762343515664e+00	1.102160615055451700e+02
4.240000000000000000e+02	2.903520483727807022e+00	1.094825472685159582e+02
4.250000000000000000e+02	1.564820113324836726e+00	1.113014439572747136e+02
4.260000000000000000e+02	2.247864407840276080e+00	1.093135761747349051e+02
4.270000000000000000e+02	2.696342498412019673e+00	1.123508250438795386e+02
4.280000000000000000e+02	2.539011984269430755e+00	1.118779123093679999e+02
4.290000000000000000e+02	3.500286870516230664e+00	1.121370265467855916e+02
4.300000000000000000e+02	2.481262367092136767e+00	1.098397465162325517e+02
4.310000000000000000e+02	2.063715929940748151e+00	1.104492412217529846e+02
4.320000000000000000e+02	2.383581470682336612e+00	1.096195355478655244e+02
4.330000000000000000e+02	3.044111584473775611e+00	1.097361051581501670e+02
4.340000000000000000e+02	2.804681173115163961e+00	1.093042892786512823e+02
4.350000000000000000e+02	2.270702335893377999e+00	1.110714123738605821e+02
4.360000000000000000e+02	1.823574708920993270e+00	1.097274114983817981e+02
4.370000000000000000e+02	1.910089868786141620e+00	1.099874635362938449e+02
4.380000000000000000e+02	1.942883025609040359e+00	1.100860350152653524e+02
4.390000000000000000e+02	4.372870426177884795e+00	1.141041713707567595e+02
4.400000000000000000e+02	2.653518605138351472e+00	1.102280794900443368e+02
4.410000000000000000e+02	2.781737217083343872e+00	1.105171344203003940e+02
4.420000000000000000e+02	2.859734225010759801e+00	1.094035781780375345e+02
4.430000000000000000e+02	2.024875332411657514e+00	1.088108715309384564e+02
4.440000000000000000e+02	3.121292842347283436e+00	1.136281642191644323e+02
4.450000000000000000e+02	1.549493692126702626e+00	1.089035636654533477e+02
4.460000000000000000e+02	1.796880529910571456e+00	1.096471726632126860e+02
4.470000000000000000e+02	1.966402575639033312e+00	1.086790510535958987e+02
4.480000000000000000e+02	3.169424520781638499e+00	1.099621086783267145e+02
4.490000000000000000e+02	2.615448611578178095e+00	1.121076697383983145e+02
4.500000000000000000e+02	3.660455027378898940e+00	1.108476886214255046e+02
4.510000000000000000e+02	4.840559768948542008e+00	1.129760229628741399e+02
4.520000000000000000e+02	2.425456643706817239e+00	1.097139385759005279e+02
4.530000000000000000e+02	1.832931458305576022e+00	1.083781549206025687e+02
4.540000000000000000e+02	2.852396223025117195e+00	1.093903439954488732e+02
4.550000000000000000e+02	3.024617394229780043e+00	1.110646813918411624e+02
4.560000000000000000e+02	2.785942579833626809e+00	1.092704939804996229e+02
4.570000000000000000e+02	1.514426942326995373e+00	1.087981580953477163e+02
4.580000000000000000e+02	3.025038751151941874e+00	1.097017070537127665e+02
4.590000000000000000e+02	2.490949489747292578e+00	1.098615850817964201e+02
4.600000000000000000e+02	2.853941471585125456e+00	1.128245447273476572e+02
4.610000000000000000e+02	1.902477834356592234e+00	1.085349396695094839e+02
4.620000000000000000e+02	2.253425276506497710e+00	1.110194800361097123e+02
4.630000000000000000e+02	3.395180400116629471e+00	1.119000754286136896e+02
4.640000000000000000e+02	3.218719742384622329e+00	1.100510132554470601e+02
4.650000000000000000e+02	2.522773035804859010e+00	1.118291003826681731e+02
4.660000000000000000e+02	2.375964579922825060e+00	1.096023640951890314e+02
4.670000000000000000e+02	2.532879409613812527e+00	1.118594786783219774e+02
4.680000000000000000e+02	1.798386591711887306e+00	1.096516996668183452e+02
4.690000000000000000e+02	2.781011090134446917e+00	1.105154974459845363e+02
4.700000000000000000e+02	2.208346484895598483e+00	1.082287918662380406e+02
4.710000000000000000e+02	1.942653475171067567e+00	1.100853450199016379e+02
4.720000000000000000e+02	3.166552558824505148e+00	1.113846587998044413e+02
4.730000000000000000e+02	2.514965794006033040e+00	1.099157272304845918e+02
4.740000000000000000e+02	1.563737841260079531e+00	1.089463795143315252e+02
4.750000000000000000e+02	3.310939684009568396e+00	1.117101638865241995e+02
4.760000000000000000e+02	2.343688089438870747e+00	1.112907969762543843e+02
4.770000000000000000e+02	2.226614387008873930e+00	1.109388903861228499e+02
4.780000000000000000e+02	3.191868836998998926e+00	1.100025872962773548e+02
4.790000000000000000e+02	2.280048182081528374e+00	1.110995046336567640e+02
4.800000000000000000e+02	2.175405112647719186e+00	1.091502245660989274e+02
4.810000000000000000e+02	3.029418811018536939e+00	1.133520041899224537e+02
4.820000000000000000e+02	2.158478711334170796e+00	1.091120658333146878e+02
4.830000000000000000e+02	2.185480721361261480e+00	1.091729389312741603e+02
4.840000000000000000e+02	1.382086988846820130e+00	1.084003633660384480e+02
4.850000000000000000e+02	2.543611266040354479e+00	1.099803053349846209e+02
4.860000000000000000e+02	2.937013046229201230e+00	1.108671869070911669e+02
4.870000000000000000e+02	2.648642858279886880e+00	1.102170876484798470e+02
4.880000000000000000e+02	2.584256510361092385e+00	1.100719356223832506e+02
4.890000000000000000e+02	2.786308871452543023e+00	1.105274407183861314e+02
4.900000000000000000e+02	2.121796112206908447e+00	1.106238218361119152e+02
4.910000000000000000e+02	1.754643455518281492e+00	1.095202141360796446e+02
4.920000000000000000e+02	3.658325217157153197e+00	1.108438474808250049e+02
4.930000000000000000e+02	2.359527637660535415e+00	1.095653087946583497e+02
4.940000000000000000e+02	2.757094451312036121e+00	1.125334366137293927e+02
4.950000000000000000e+02	2.428138000877105185e+00	1.097199834043235711e+02
4.960000000000000000e+02	2.448617254672480037e+00	1.097661516570266826e+02
4.970000000000000000e+02	2.456546492788155067e+00	1.097840272628825034e+02
4.980000000000000000e+02	4.515968453898105750e+00	1.144267703272966372e+02
4.990000000000000000e+02	2.167529464201571443e+00	1.107612896672446112e+02
5.000000000000000000e+02	2.769964211493503914e+00	1.104905934582820635e+02
5.010000000000000000e+02	3.093251582722461812e+00	1.098247297879201625e+02
5.020000000000000000e+02	1.934118425014077047e+00	1.100596898955226521e+02
5.030000000000000000e+02	2.600728055237265579e+00	1.120634218784669542e+02
5.040000000000000000e+02	1.823285001751101975e+00	1.097265406805962584e+02
5.050000000000000000e+02	2.474998578662972459e+00	1.098256254857513596e+02
5.060000000000000000e+02	2.918200675865807003e+00	1.095090231871067346e+02
5.070000000000000000e+02	2.131334049456674595e+00	1.106524914938128887e+02
5.080000000000000000e+02	2.484548898356875757e+00	1.098471556439021128e+02
5.090000000000000000e+02	1.553790415864941821e+00	1.112517134480818299e+02
5.100000000000000000e+02	2.085673082692388824e+00	1.105152412421969075e+02
5.110000000000000000e+02	3.389247455983649182e+00	1.144335969716749304e+02
5.120000000000000000e+02	1.903970776303081092e+00	1.085383053449264423e+02
5.130000000000000000e+02	1.413898403374195034e+00	1.084959838698854355e+02
5.140000000000000000e+02	2.649867930046828413e+00	1.122111292237101026e+02
5.150000000000000000e+02	2.084927680036980036e+00	1.105130006697942804e+02
5.160000000000000000e+02	2.180674344172551571e+00	1.108008012722614808e+02
5.170000000000000000e+02	2.637828508710120090e+00	1.101927078723051068e+02
5.180000000000000000e+02	2.345268304001118409e+00	1.112955468723175727e+02
5.190000000000000000e+02	3.154316276281297515e+00	1.099348607616999942e+02
5.200000000000000000e+02	3.226594232345584068e+00	1.115200162295006834e+02
5.210000000000000000e+02	1.999906392750633755e+00	1.087545817692353722e+02
5.220000000000000000e+02	2.781936240055167264e+00	1.126081074320934903e+02
5.230000000000000000e+02	2.424746815092734042e+00	1.115344477633499309e+02
5.240000000000000000e+02	2.010314438169768625e+00	1.102887240732644187e+02
5.250000000000000000e+02	1.620734629787525805e+00	1.115535503622848807e+02
5.260000000000000000e+02	3.037732650444756821e+00	1.110942483120643942e+02
5.270000000000000000e+02	2.488229638811692013e+00	1.098554534733616350e+02
5.280000000000000000e+02	2.538810515323727479e+00	1.099694825640738998e+02
5.290000000000000000e+02	1.560354120357577701e+00	1.112813077654053302e+02
5.300000000000000000e+02	2.368564139424986781e+00	1.095856806061111399e+02
5.310000000000000000e+02	2.071440598303318836e+00	1.089158478637850749e+02
5.320000000000000000e+02	2.432180500653523314e+00	1.097290967808701367e+02
5.330000000000000000e+02	3.232598703498037462e+00	1.139627335139438173e+02
5.340000000000000000e+02	2.494114700429825859e+00	1.087441785818333102e+02
5.350000000000000000e+02	1.934393604412259160e+00	1.100605170449309327e+02
5.360000000000000000e+02	1.457163255049087169e+00	1.108160425761736150e+02
5.370000000000000000e+02	2.655261799318417548e+00	1.122273424133810664e+02
5.380000000000000000e+02	1.920593908482046475e+00	1.100190371579976727e+02
5.390000000000000000e+02	1.037027260428725395e+00	1.089217406681924700e+02
5.400000000000000000e+02	2.271975296074019823e+00	1.093679315527186020e+02
5.410000000000000000e+02	2.974938380747422784e+00	1.096113503801946081e+02
5.420000000000000000e+02	2.257021561818261191e+00	1.093342199834947763e+02
5.430000000000000000e+02	1.867359081629103912e+00	1.098590209801095199e+02
5.440000000000000000e+02	2.504592519330425926e+00	1.117744523837875477e+02
5.450000000000000000e+02	1.787352037528232573e+00	1.096185313954150047e+02
5.460000000000000000e+02	3.868741748111561574e+00	1.129676680373635236e+02
5.470000000000000000e+02	1.759867691545107249e+00	1.095359174327900291e+02
5.480000000000000000e+02	3.273058719788107140e+00	1.140843504618473645e+02
5.490000000000000000e+02	1.551510790470503220e+00	1.089096267708766277e+02
5.500000000000000000e+02	2.060548267223413887e+00	1.104397196864943709e+02
5.510000000000000000e+02	2.651028838636547480e+00	1.102224665819679217e+02
5.520000000000000000e+02	1.655485230839722988e+00	1.092221588768211262e+02
5.530000000000000000e+02	3.171450327554623527e+00	1.137789303538516066e+02
5.540000000000000000e+02	2.218223085910237202e+00	1.092467530348395854e+02
5.550000000000000000e+02	3.469123821885756520e+00	1.120667728393728737e+02
5.560000000000000000e+02	1.718756085682120460e+00	1.094123419010199996e+02
5.570000000000000000e+02	1.604261669224797515e+00	1.090681882708852726e+02
5.580000000000000000e+02	2.716808696134889622e+00	1.103707601240130884e+02
5.590000000000000000e+02	3.381890470275068949e+00	1.103452937980593163e+02
5.600000000000000000e+02	1.637291249033030027e+00	1.091674704031022998e+02
5.610000000000000000e+02	2.617080236597304932e+00	1.121125741668475371e+02
5.620000000000000000e+02	2.212480130009887969e+00	1.092338061647084828e+02
5.630000000000000000e+02	3.000752395957326790e+00	1.132658370988840630e+02
5.640000000000000000e+02	1.498716477533678093e+00	1.087509347140071867e+02
5.650000000000000000e+02	2.988459408000081030e+00	1.087374481227220286e+02
5.660000000000000000e+02	2.747607599215603713e+00	1.104401929048466258e+02
5.670000000000000000e+02	3.739970788189403539e+00	1.126773678986030802e+02
5.680000000000000000e+02	3.574511421602349692e+00	1.106926882039550435e+02
5.690000000000000000e+02	1.785517713737134304e+00	1.122965214819358550e+02
5.700000000000000000e+02	1.804536777822361104e+00	1.096701862353464350e+02
5.710000000000000000e+02	2.244681249883920149e+00	1.143667900943268876e+02
5.720000000000000000e+02	2.840393986830199502e+00	1.106493697349011853e+02
5.730000000000000000e+02	2.072381631041555039e+00	1.089179693198544641e+02
5.740000000000000000e+02	1.890253674561136465e+00	1.099278388099375405e+02
5.750000000000000000e+02	1.398912868644423657e+00	1.084509395233020967e+02
5.760000000000000000e+02	2.481663680405766570e+00	1.098406512334972547e+02
5.770000000000000000e+02	2.944562678937247657e+00	1.108842067337979245e+02
5.780000000000000000e+02	1.667491911528790727e+00	1.092582492196768698e+02
5.790000000000000000e+02	2.166115244582725641e+00	1.107570387279351394e+02
5.800000000000000000e+02	1.591896080763655075e+00	1.090310191032583020e+02
5.810000000000000000e+02	1.559155968524134295e+00	1.089326070686203565e+02
5.820000000000000000e+02	2.109198916092682730e+00	1.137559296903513086e+02
5.830000000000000000e+02	1.840490130603246843e+00	1.097782568055796020e+02
5.840000000000000000e+02	2.965709626826039447e+00	1.131605036111938460e+02
5.850000000000000000e+02	2.569047163439153181e+00	1.119681937070365052e+02
5.860000000000000000e+02	2.173545432525123999e+00	1.091460321193083871e+02
5.870000000000000000e+02	1.719181982152366395e+00	1.094136220841139107e+02
5.880000000000000000e+02	1.558681565732481289e+00	1.089311810825509497e+02
5.890000000000000000e+02	1.846640256490243992e+00	1.097967431930846800e+02
5.900000000000000000e+02	1.611555798136125706e+00	1.090901133657604305e+02
5.910000000000000000e+02	1.698585644008380635e+00	1.093517124752520999e+02
5.920000000000000000e+02	2.477370188684149710e+00	1.116926260013094208e+02
5.930000000000000000e+02	2.809318938882912065e+00	1.126904158580940560e+02
5.940000000000000000e+02	2.077426970867104927e+00	1.089293434903377573e+02
5.950000000000000000e+02	2.360837704074857157e+00	1.113423462335457543e+02
5.960000000000000000e+02	1.723516994267210389e+00	1.094266525025584542e+02
5.970000000000000000e+02	3.303116667436166054e+00	1.116925277455949299e+02
5.980000000000000000e+02	2.321944934386259263e+00	1.147151552590461847e+02
5.990000000000000000e+02	2.151486609568386221e+00	1.107130671701956572e+02
6.000000000000000000e+02	2.565937646651334170e+00	1.100306377344115134e+02
6.010000000000000000e+02	2.032198623272805982e+00	1.103545047635267906e+02
6.020000000000000000e+02	1.084243475856007111e+00	1.091346283238963508e+02
6.030000000000000000e+02	2.209529480536329249e+00	1.108875356321970713e+02
6.040000000000000000e+02	2.153966586061481614e+00	1.091018937371094779e+02
6.050000000000000000e+02	1.925409433787857338e+00	1.085866364690124044e+02
6.060000000000000000e+02	2.214209366432408288e+00	1.092377045403493270e+02
6.070000000000000000e+02	2.123833155424930119e+00	1.090339611916006959e+02
6.080000000000000000e+02	3.124316719314414570e+00	1.136372535552868470e+02
6.090000000000000000e+02	1.438811834109489762e+00	1.085708700336998760e+02
6.100000000000000000e+02	2.660270260857237279e+00	1.090438423089783555e+02
6.110000000000000000e+02	1.799729659141881211e+00	1.096557367329552761e+02
6.120000000000000000e+02	3.162464884023838518e+00	1.099495568823768679e+02
6.130000000000000000e+02	1.307616188144868019e+00	1.101417673467312284e+02
6.140000000000000000e+02	2.434007265051556956e+00	1.097332150227357914e+02
6.150000000000000000e+02	2.666587630468982617e+00	1.122613862211523923e+02
6.160000000000000000e+02	3.053842375916029361e+00	1.097536547678301275e+02
6.170000000000000000e+02	3.635170042870264684e+00	1.124411060044094199e+02
6.180000000000000000e+02	2.404280544458871738e+00	1.114729291185818738e+02
6.190000000000000000e+02	1.212129565977410062e+00	1.097112389157598926e+02
6.200000000000000000e+02	2.518381794089980197e+00	1.099234282315408677e+02
6.210000000000000000e+02	2.297366866997524681e+00	1.111515620917182332e+02
6.220000000000000000e+02	2.572592948278638936e+00	1.100456413888617817e+02
6.230000000000000000e+02	2.263550487270170386e+00	1.110499149529206875e+02
6.240000000000000000e+02	3.161525612776401317e+00	1.113733260960940186e+02
6.250000000000000000e+02	2.245689369242366951e+00	1.093086727865240420e+02
6.260000000000000000e+02	2.849085736207871644e+00	1.093843734891608648e+02
6.270000000000000000e+02	2.202978023594374335e+00	1.092123846981557307e+02
6.280000000000000000e+02	2.446200100671085842e+00	1.115989332320614835e+02
6.290000000000000000e+02	2.571879292790586025e+00	1.100440325300994004e+02
6.300000000000000000e+02	2.544131062428421686e+00	1.118932995167609192e+02
6.310000000000000000e+02	2.639820829119788659e+00	1.101971993422120875e+02
6.320000000000000000e+02	3.412763285346041897e+00	1.119397141330622105e+02
6.330000000000000000e+02	2.936961429738458751e+00	1.108670705433207075e+02
6.340000000000000000e+02	2.174032627211533342e+00	1.091471304467973908e+02
6.350000000000000000e+02	2.302375459557532089e+00	1.111666171954056352e+02
6.360000000000000000e+02	1.895440088032175341e+00	1.099434284175242311e+02
6.370000000000000000e+02	2.982848911248939139e+00	1.109705188849181496e+02
6.380000000000000000e+02	2.907291535021903961e+00	1.094893484088638331e+02
6.390000000000000000e+02	4.500279250323949931e+00	1.143914007223999363e+02
6.400000000000000000e+02	2.602743488456814358e+00	1.101136125059732507e+02
6.410000000000000000e+02	1.742465993869675822e+00	1.094836104503989986e+02
6.420000000000000000e+02	1.599394874400896338e+00	1.090535593906516993e+02
6.430000000000000000e+02	2.636312864018387714e+00	1.101892910160155452e+02
6.440000000000000000e+02	2.637001966433622613e+00	1.101908445225428466e+02
6.450000000000000000e+02	2.264057932814782959e+00	1.110514402607188913e+02
6.460000000000000000e+02	3.847342778199243085e+00	1.129194263845977702e+02
6.470000000000000000e+02	3.425355634169141794e+00	1.104236837898234427e+02
6.480000000000000000e+02	3.512881881438784326e+00	1.121654206305193640e+02
6.490000000000000000e+02	3.496839333068237465e+00	1.147570025683615995e+02
6.500000000000000000e+02	2.062082004220094245e+00	1.088947499301934982e+02
6.510000000000000000e+02	2.154416185573872156e+00	1.091029073103631930e+02
6.520000000000000000e+02	2.319367766921163643e+00	1.112176936098239679e+02
6.530000000000000000e+02	3.302815843262163931e+00	1.116918495701778369e+02
6.540000000000000000e+02	1.479131852968499583e+00	1.109150942106140718e+02
6.550000000000000000e+02	3.263556748635103588e+00	1.116033442066647154e+02
6.560000000000000000e+02	1.938014922661292605e+00	1.100714022030010000e+02
6.570000000000000000e+02	1.935639649768503112e+00	1.086096993794739518e+02
6.580000000000000000e+02	1.715425945006675779e+00	1.094023319805559709e+02
6.590000000000000000e+02	2.430480928162944032e+00	1.097252652793410164e+02
6.600000000000000000e+02	1.649660269136217217e+00	1.092046498857481396e+02
6.610000000000000000e+02	3.534364964957673827e+00	1.148697991818336703e+02
6.620000000000000000e+02	3.030632809261242677e+00	1.097117960107033525e+02
6.630000000000000000e+02	2.600438142532599528e+00	1.120625504428736576e+02
6.640000000000000000e+02	1.568600727200227141e+00	1.089609966450267819e+02
6.650000000000000000e+02	1.864851570297760830e+00	1.098514837642872521e+02
6.660000000000000000e+02	2.892417872446324090e+00	1.107666519328621888e+02
6.670000000000000000e+02	2.212463111677688055e+00	1.092337677987275129e+02
6.680000000000000000e+02	2.202631547730711237e+00	1.092116036059641289e+02
6.690000000000000000e+02	2.194635827333008660e+00	1.091935781230264837e+02
6.700000000000000000e+02	2.446626649628905525e+00	1.097616640542262019e+02
6.710000000000000000e+02	1.685290919851963443e+00	1.093117504603203400e+02
6.720000000000000000e+02	2.024179986312598434e+00	1.088093039487043541e+02
6.730000000000000000e+02	2.395860780642500298e+00	1.114476205282423535e+02
6.740000000000000000e+02	3.082331841245943060e+00	1.111947923422247158e+02
6.750000000000000000e+02	2.733694705655050683e+00	1.124631003679869394e+02
6.760000000000000000e+02	3.260362414967815425e+00	1.115961429284617452e+02
6.770000000000000000e+02	1.993443308583065843e+00	1.087400114481645375e+02
6.780000000000000000e+02	2.383337843504242937e+00	1.096189863168615091e+02
6.790000000000000000e+02	1.835937552873545098e+00	1.083849318342074355e+02
6.800000000000000000e+02	1.415984470602300149e+00	1.085022542857840477e+02
6.810000000000000000e+02	2.591629156958894953e+00	1.089200471800243832e+02
6.820000000000000000e+02	1.633956656324719869e+00	1.091574471004723961e+02
6.830000000000000000e+02	2.478805539386060630e+00	1.087165683095917927e+02
6.840000000000000000e+02	2.437393766204389856e+00	1.097408495216567701e+02
6.850000000000000000e+02	2.173350684112802522e+00	1.091455930801713521e+02
6.860000000000000000e+02	1.713014626952316544e+00	1.119696208178899042e+02
6.870000000000000000e+02	1.967951089186404490e+00	1.101613859830028304e+02
6.880000000000000000e+02	1.348243449729428889e+00	1.103249468412785319e+02
6.890000000000000000e+02	3.697886212110071291e+00	1.125824927941315963e+02
6.900000000000000000e+02	2.395134835164780540e+00	1.096455813528702379e+02
6.910000000000000000e+02	2.954887471022725531e+00	1.109074828558125319e+02
6.920000000000000000e+02	2.115722673392199660e+00	1.090156769910252024e+02
6.930000000000000000e+02	2.259126053474457052e+00	1.110366157458571337e+02
6.940000000000000000e+02	3.345330750077955884e+00	1.102793578643507573e+02
6.950000000000000000e+02	2.526390148293504723e+00	1.099414821960211270e+02
6.960000000000000000e+02	2.593110076340290782e+00	1.100918950249833301e+02
6.970000000000000000e+02	1.949072521590779372e+00	1.086399823295763269e+02
6.980000000000000000e+02	2.073719294254865453e+00	1.089209849362378151e+02
6.990000000000000000e+02	2.735800052150686223e+00	1.104135740728255257e+02
7.000000000000000000e+02	3.365648851572209388e+00	1.103160018262297370e+02
7.010000000000000000e+02	3.437265635582893442e+00	1.104451636331989164e+02
7.020000000000000000e+02	1.706999728281151985e+00	1.093770039937063103e+02
7.030000000000000000e+02	2.183711738571770589e+00	1.108099312398265965e+02
7.040000000000000000e+02	2.167200714201542588e+00	1.091317286411729128e+02
7.050000000000000000e+02	1.714477133401901776e+00	1.093994799903174879e+02
7.060000000000000000e+02	2.822804060325946551e+00	1.093369741428486606e+02
7.070000000000000000e+02	1.756263618347714939e+00	1.095250841108470894e+02
7.080000000000000000e+02	2.087757672142966037e+00	1.089526329339800839e+02
7.090000000000000000e+02	2.084047933015847676e+00	1.105103562776894819e+02
7.100000000000000000e+02	2.054143234797105144e+00	1.104204670868580678e+02
7.110000000000000000e+02	2.929756976214717312e+00	1.095298651259840881e+02
7.120000000000000000e+02	2.247887434111913940e+00	1.093136280849626019e+02
7.130000000000000000e+02	2.086513500145274591e+00	1.105177674153168681e+02
7.140000000000000000e+02	3.351672393473444700e+00	1.118019913545853257e+02
7.150000000000000000e+02	2.947163630460119421e+00	1.108900702964245824e+02
7.160000000000000000e+02	2.115824516050729187e+00	1.090159065842341164e+02
7.170000000000000000e+02	1.354048957068537229e+00	1.103511226123861917e+02
7.180000000000000000e+02	1.430281417513468600e+00	1.085452288371339620e+02
7.190000000000000000e+02	2.870119516602605003e+00	1.107163827122283237e+02
7.200000000000000000e+02	3.390339385570561248e+00	1.118891618872739571e+02
7.210000000000000000e+02	2.467051526938965011e+00	1.098077097210509265e+02
7.220000000000000000e+02	2.212893514486811597e+00	1.108976474309360611e+02
7.230000000000000000e+02	1.268865193660391411e+00	1.099670475328423151e+02
7.240000000000000000e+02	2.233040678655303424e+00	1.109582068878952015e+02
7.250000000000000000e+02	2.567337240833219791e+00	1.100337929674350050e+02
7.260000000000000000e+02	2.748637586525252363e+00	1.104425148993327639e+02
7.270000000000000000e+02	2.530814876101949995e+00	1.099514572641385399e+02
7.280000000000000000e+02	2.857901011006205749e+00	1.106888374188467736e+02
7.290000000000000000e+02	3.079569850312333656e+00	1.098000546045120416e+02
7.300000000000000000e+02	2.265178887268555208e+00	1.110548096874247221e+02
7.310000000000000000e+02	2.029792180121110068e+00	1.103472713440117303e+02
7.320000000000000000e+02	1.669153018003062039e+00	1.092632422651095538e+02
7.330000000000000000e+02	2.230436139914371729e+00	1.109503780217351476e+02
7.340000000000000000e+02	2.231106093303275806e+00	1.082698391177790711e+02
7.350000000000000000e+02	2.333330292274406137e+00	1.095062497257087415e+02
7.360000000000000000e+02	1.845297849997584283e+00	1.097927081136296152e+02
7.370000000000000000e+02	2.304735497311350301e+00	1.111737111270169862e+02
7.380000000000000000e+02	2.370382981519154164e+00	1.113710379548081875e+02
7.390000000000000000e+02	2.626110745624193665e+00	1.121397185688169458e+02
7.400000000000000000e+02	1.855577046308223954e+00	1.098236058886883058e+02
7.410000000000000000e+02	3.106506835312881520e+00	1.112492922398445501e+02
7.420000000000000000e+02	2.716565024449215215e+00	1.124116110276990099e+02
7.430000000000000000e+02	2.508904718184907345e+00	1.099020631935544259e+02
7.440000000000000000e+02	2.910855189689461220e+00	1.094957755066822358e+02
7.450000000000000000e+02	2.362512569834410492e+00	1.095720379999449250e+02
7.460000000000000000e+02	2.060402856777406200e+00	1.104392826037579312e+02
7.470000000000000000e+02	2.380309203632307913e+00	1.114008747405613207e+02
7.480000000000000000e+02	2.013006220254937251e+00	1.087841139071066436e+02
7.490000000000000000e+02	2.253813016540687997e+00	1.093269866667604759e+02
7.500000000000000000e+02	3.442032643729461050e+00	1.120056987215538413e+02
7.510000000000000000e+02	2.696709140960410256e+00	1.103254478605982456e+02
7.520000000000000000e+02	2.296016488379507337e+00	1.111475030492092060e+02
7.530000000000000000e+02	3.008551469052768823e+00	1.087676450352096822e+02
7.540000000000000000e+02	1.672136100710654105e+00	1.092722089795972664e+02
7.550000000000000000e+02	3.622708998612207854e+00	1.124130139339658712e+02
7.560000000000000000e+02	2.645650789089523336e+00	1.102103423535649824e+02
7.570000000000000000e+02	2.577920197195825214e+00	1.100576510927639902e+02
7.580000000000000000e+02	1.478549686623073622e+00	1.086903162619044423e+02
7.590000000000000000e+02	2.268709812452711638e+00	1.110654231370361771e+02
7.600000000000000000e+02	1.645006188571365380e+00	1.091906603937633662e+02
7.610000000000000000e+02	1.821161202430146897e+00	1.097201568474924329e+02
7.620000000000000000e+02	2.152372220646735723e+00	1.107157291888069750e+02
7.630000000000000000e+02	1.525565632494268797e+00	1.088316393844326058e+02
7.640000000000000000e+02	3.191193731374449172e+00	1.114402096461660250e+02
7.650000000000000000e+02	1.563303657027194316e+00	1.089450744194236904e+02
7.660000000000000000e+02	1.867856546105326920e+00	1.084568897365938227e+02
7.670000000000000000e+02	2.328043795662762427e+00	1.094943318934518146e+02
7.680000000000000000e+02	2.015754591867566781e+00	1.103050763872157631e+02
7.690000000000000000e+02	2.476139618011701238e+00	1.098281978349942989e+02
7.700000000000000000e+02	2.869566669391867109e+00	1.107151363782560622e+02
7.710000000000000000e+02	2.336588747381695086e+00	1.112694573824458217e+02
7.720000000000000000e+02	1.889419463916300224e+00	1.085055009920849045e+02
7.730000000000000000e+02	2.611531959253509338e+00	1.101334251585566903e+02
7.740000000000000000e+02	2.417271511662414163e+00	1.096954860849840969e+02
7.750000000000000000e+02	3.242381724610778448e+00	1.100936879499760437e+02
7.760000000000000000e+02	2.761589034863086933e+00	1.125469466807955428e+02
7.770000000000000000e+02	1.941754970322895346e+00	1.100826442444860191e+02
7.780000000000000000e+02	1.969378798775559991e+00	1.101656774712088946e+02
7.790000000000000000e+02	1.421577259682048400e+00	1.085190653995827006e+02
7.800000000000000000e+02	2.866783319109220685e+00	1.107088616174422953e+02
7.810000000000000000e+02	2.111056022759264295e+00	1.090051565341838113e+02
7.820000000000000000e+02	2.348796891160932709e+00	1.095411174925222042e+02
7.830000000000000000e+02	1.374871502966199088e+00	1.083786746607213018e+02
7.840000000000000000e+02	1.876885192325826957e+00	1.084772438385762428e+02
7.850000000000000000e+02	1.603735619042953919e+00	1.090666070402426158e+02
7.860000000000000000e+02	1.877751807725769773e+00	1.098902600092590092e+02
7.870000000000000000e+02	2.295535223843978123e+00	1.111460564377317013e+02
7.880000000000000000e+02	2.151566808196776481e+00	1.090964836986385365e+02
7.890000000000000000e+02	2.261962935684751486e+00	1.110451430028286524e+02
7.900000000000000000e+02	2.173195140271219739e+00	1.091452424234796297e+02
7.910000000000000000e+02	1.507755340037104652e+00	1.087781042253169659e+02
7.920000000000000000e+02	1.783462918004124154e+00	1.096068412655059348e+02
7.930000000000000000e+02	3.100752341195028183e+00	1.112363193580556811e+02
7.940000000000000000e+02	2.307499208923594392e+00	1.094480163547250555e+02
7.950000000000000000e+02	2.803381453227165920e+00	1.126725686363209178e+02
7.960000000000000000e+02	1.928516955120026299e+00	1.100428526884537206e+02
7.970000000000000000e+02	3.274016324068043993e+00	1.116269241830925694e+02
7.980000000000000000e+02	2.732263309430141174e+00	1.124587977982878471e+02
7.990000000000000000e+02	1.558686735886800179e+00	1.089311966232858708e+02
8.000000000000000000e+02	2.250034213966370267e+00	1.093184677669065223e+02
8.010000000000000000e+02	2.405842937816129901e+00	1.096697216069106418e+02
8.020000000000000000e+02	2.459445222810847209e+00	1.116387461505165675e+02
8.030000000000000000e+02	2.952848817495556943e+00	1.131218458813716552e+02
8.040000000000000000e+02	1.843523623598229744e+00	1.097873750460887550e+02
8.050000000000000000e+02	2.216378576847792825e+00	1.092425947895558807e+02
8.060000000000000000e+02	2.231144395842713735e+00	1.109525069364573255e+02
8.070000000000000000e+02	1.733761655864607176e+00	1.094574464712718509e+02
8.080000000000000000e+02	2.082505290272729681e+00	1.089407920097012266e+02
8.090000000000000000e+02	2.148175355929812458e+00	1.107031140214284761e+02
8.100000000000000000e+02	1.997590629162083964e+00	1.102504781465666071e+02
8.110000000000000000e+02	1.969870336904231189e+00	1.101671549636191543e+02
8.120000000000000000e+02	2.393232558461012349e+00	1.114397204730907589e+02
8.130000000000000000e+02	2.660755651703973879e+00	1.122438561378090185e+02
8.140000000000000000e+02	1.598631499498551989e+00	1.090512647962782324e+02
8.150000000000000000e+02	2.934064560745470729e+00	1.108605398669077573e+02
8.160000000000000000e+02	2.682154121478040221e+00	1.102926351505124671e+02
8.170000000000000000e+02	3.319337479841864447e+00	1.117290958048454712e+02
8.180000000000000000e+02	1.583388489031059887e+00	1.090054465149254241e+02
8.190000000000000000e+02	1.767030711181343916e+00	1.095574484321768551e+02
8.200000000000000000e+02	3.043804688054376761e+00	1.111079370611557806e+02
8.210000000000000000e+02	2.155617774833110456e+00	1.091056161628008994e+02
8.220000000000000000e+02	1.509035378040270103e+00	1.087819518341273550e+02
8.230000000000000000e+02	2.130015680000338030e+00	1.106485286662070138e+02
8.240000000000000000e+02	2.149418272529400653e+00	1.090916400584051615e+02
8.250000000000000000e+02	2.929405237446047749e+00	1.108500359287436794e+02
8.260000000000000000e+02	1.850070730981401068e+00	1.084167935487455452e+02
8.270000000000000000e+02	1.741364627330066916e+00	1.094802999021256227e+02
8.280000000000000000e+02	2.630529062040193544e+00	1.101762520628397226e+02
8.290000000000000000e+02	1.689148008129951251e+00	1.093233443089436463e+02
8.300000000000000000e+02	3.018132581876159293e+00	1.110500620869355402e+02
8.310000000000000000e+02	1.794630202098231209e+00	1.096404085037927416e+02
8.320000000000000000e+02	1.457074961442511363e+00	1.086257663488543841e+02
8.330000000000000000e+02	2.100120036717056493e+00	1.105586666931998820e+02
8.340000000000000000e+02	2.551263905801862464e+00	1.099975573799021475e+02
8.350000000000000000e+02	2.549706511672577669e+00	1.119100585095256264e+02
8.360000000000000000e+02	2.336921754142068153e+00	1.147826824849972951e+02
8.370000000000000000e+02	2.930763488774291048e+00	1.095316803845541074e+02
8.380000000000000000e+02	2.213855723112143181e+00	1.109005396906776468e+02
8.390000000000000000e+02	2.935561863519566828e+00	1.095403343161872556e+02
8.400000000000000000e+02	2.865674292576775084e+00	1.128598118876244456e+02
8.410000000000000000e+02	2.371819151560444539e+00	1.085236169593803623e+02
8.420000000000000000e+02	3.408348719257848103e+00	1.103930115962690905e+02
8.430000000000000000e+02	2.229909307902973925e+00	1.092730983526668922e+02
8.440000000000000000e+02	1.459935390215452822e+00	1.086343643833822625e+02
8.450000000000000000e+02	1.712827413023328749e+00	1.093945211698390523e+02
8.460000000000000000e+02	1.810789631003365319e+00	1.083282385765594142e+02
8.470000000000000000e+02	2.026336720837671912e+00	1.088141660723716484e+02
8.480000000000000000e+02	2.229333298650239215e+00	1.109470630406534610e+02
8.490000000000000000e+02	3.264674965631404024e+00	1.101338941018327375e+02
8.500000000000000000e+02	1.911038411143679117e+00	1.099903147172141331e+02
8.510000000000000000e+02	1.408358725844807813e+00	1.084793324017134069e+02
8.520000000000000000e+02	2.753842175220263755e+00	1.104542480790905898e+02
8.530000000000000000e+02	2.193361058040412814e+00	1.091907042941542727e+02
8.540000000000000000e+02	2.884706233810543807e+00	1.107492668813925860e+02
8.550000000000000000e+02	2.086110987528955185e+00	1.105165575207004593e+02
8.560000000000000000e+02	1.793872123165002330e+00	1.096381298283352663e+02
8.570000000000000000e+02	2.292744702006460855e+00	1.094147539218910055e+02
8.580000000000000000e+02	3.622364848393001324e+00	1.107789924852674801e+02
8.590000000000000000e+02	2.319732110508774259e+00	1.094755941022992403e+02
8.600000000000000000e+02	2.462290521177794567e+00	1.097969765508241693e+02
8.610000000000000000e+02	3.197712023296153117e+00	1.100131255592142452e+02
8.620000000000000000e+02	2.394538848012584431e+00	1.096442377645869470e+02
8.630000000000000000e+02	2.549811469995479918e+00	1.099942830211772673e+02
8.640000000000000000e+02	4.435226371254392674e+00	1.122449988769094773e+02
8.650000000000000000e+02	2.275536484968785356e+00	1.083499699104576450e+02
8.660000000000000000e+02	1.793221263026866907e+00	1.096361734370440644e+02
8.670000000000000000e+02	2.120700523854766928e+00	1.106205286562330201e+02
8.680000000000000000e+02	2.609508102496284732e+00	1.101288625933804326e+02
8.690000000000000000e+02	2.193393136791493170e+00	1.108390321204213933e+02
8.700000000000000000e+02	2.077103306270706717e+00	1.089286138236698775e+02
8.710000000000000000e+02	2.551305164773395084e+00	1.099976503937708685e+02
8.720000000000000000e+02	2.379280933082409177e+00	1.096098404530804942e+02
8.730000000000000000e+02	1.895760771713119075e+00	1.099443923462146842e+02
8.740000000000000000e+02	2.305965751902061989e+00	1.111774090941011792e+02
8.750000000000000000e+02	2.632981016185552914e+00	1.089946257991711747e+02
8.760000000000000000e+02	2.123405838103913812e+00	1.090329978511265807e+02
8.770000000000000000e+02	3.129093270507148361e+00	1.113002109040756977e+02
8.780000000000000000e+02	1.876360114924466194e+00	1.098860767822998241e+02
8.790000000000000000e+02	1.403090963923683709e+00	1.084634982724699483e+02
8.800000000000000000e+02	2.523230416951571797e+00	1.099343589250013054e+02
8.810000000000000000e+02	2.305812435040868635e+00	1.111769482458260399e+02
8.820000000000000000e+02	2.872817340935878150e+00	1.107224646640812296e+02
8.830000000000000000e+02	3.001271929513499082e+00	1.110120515780177612e+02
8.840000000000000000e+02	2.246013185001565216e+00	1.093094027939720405e+02
8.850000000000000000e+02	3.257794034837775854e+00	1.101214842531190499e+02
8.860000000000000000e+02	2.377024483720862502e+00	1.096047535331479423e+02
8.870000000000000000e+02	2.258588559774489468e+00	1.110350001176567076e+02
8.880000000000000000e+02	2.328177862622657024e+00	1.094946341328471249e+02
8.890000000000000000e+02	1.484454402149164798e+00	1.087080649814149069e+02
8.900000000000000000e+02	2.271409851019106529e+00	1.093666568182753451e+02
8.910000000000000000e+02	2.311503944100761654e+00	1.094570445950855628e+02
8.920000000000000000e+02	2.484043396870445619e+00	1.098460160457213988e+02
8.930000000000000000e+02	1.397216966581471542e+00	1.084458418873703494e+02
8.940000000000000000e+02	2.538197370019595667e+00	1.099681002946012143e+02
8.950000000000000000e+02	2.866691902936639114e+00	1.128628706769545005e+02
8.960000000000000000e+02	2.021510639625009986e+00	1.103223782329498022e+02
8.970000000000000000e+02	1.905013810878651181e+00	1.085406567530560409e+02
8.980000000000000000e+02	2.972435350842816071e+00	1.109470426443689348e+02
8.990000000000000000e+02	2.341676506217938325e+00	1.095250653582659481e+02
9.000000000000000000e+02	2.291008549473477096e+00	1.111324499103109815e+02
9.010000000000000000e+02	2.794439229343152586e+00	1.092858177990568720e+02
9.020000000000000000e+02	2.561446557583581196e+00	1.088656124671537384e+02
9.030000000000000000e+02	2.041490433104581115e+00	1.103824345978634511e+02
9.040000000000000000e+02	2.848858105956305842e+00	1.106684511718826371e+02
9.050000000000000000e+02	1.976807850432525049e+00	1.101880081243124749e+02
9.060000000000000000e+02	2.152656102951377104e+00	1.090989393953158242e+02
9.070000000000000000e+02	2.898734383928798231e+00	1.107808918217389476e+02
9.080000000000000000e+02	3.130336611816003867e+00	1.113030138819731008e+02
9.090000000000000000e+02	2.333954255329956151e+00	1.095076563826267062e+02
9.100000000000000000e+02	2.002346982246947071e+00	1.087600838130957612e+02
9.110000000000000000e+02	1.965233256035273657e+00	1.101532165702576123e+02
9.120000000000000000e+02	2.837152102842670054e+00	1.106420612596673720e+02
9.130000000000000000e+02	1.453141463150771084e+00	1.107979091904032032e+02
9.140000000000000000e+02	1.655089272641469433e+00	1.092209686838359488e+02
9.150000000000000000e+02	2.252876974120008313e+00	1.093248764608198229e+02
9.160000000000000000e+02	2.554552819805411712e+00	1.100049718791974698e+02
9.170000000000000000e+02	1.545888892197571973e+00	1.088927281590600415e+02
9.180000000000000000e+02	2.415106818086318441e+00	1.096906060185009721e+02
9.190000000000000000e+02	2.434427389670353215e+00	1.097341621480442200e+02
9.200000000000000000e+02	1.867455578480816669e+00	1.084559857986476885e+02
9.210000000000000000e+02	2.385610362399014583e+00	1.096241094638108393e+02
9.220000000000000000e+02	3.337273417211247040e+00	1.142773705401182980e+02
9.230000000000000000e+02	1.978319597026187981e+00	1.087059166835826147e+02
9.240000000000000000e+02	3.011587940254964124e+00	1.096774483402749212e+02
9.250000000000000000e+02	2.346128636992588667e+00	1.095351022033934498e+02
9.260000000000000000e+02	2.835928874744645611e+00	1.093606449173727242e+02
9.270000000000000000e+02	2.344420978051739546e+00	1.095312524718407445e+02
9.280000000000000000e+02	2.310615018839750956e+00	1.111913841170200499e+02
9.290000000000000000e+02	2.123861093864963134e+00	1.106300288718414322e+02
9.300000000000000000e+02	2.163988865842251474e+00	1.107506471414698836e+02
9.310000000000000000e+02	1.833384451376032676e+00	1.083791761442642780e+02
9.320000000000000000e+02	2.707847261052594323e+00	1.103505575422395566e+02
9.330000000000000000e+02	2.060014417929251884e+00	1.104381150128498774e+02
9.340000000000000000e+02	2.241138742355291757e+00	1.109825484942865614e+02
9.350000000000000000e+02	3.264292473548958462e+00	1.101332042723576734e+02
9.360000000000000000e+02	3.209983339461982332e+00	1.114825687761931903e+02
9.370000000000000000e+02	2.739471628812734760e+00	1.091866830123257444e+02
9.380000000000000000e+02	1.229186688772579084e+00	1.097881457760843773e+02
9.390000000000000000e+02	1.741356158318320357e+00	1.094802744455031274e+02
9.400000000000000000e+02	1.639002865691018052e+00	1.091726152748303065e+02
9.410000000000000000e+02	1.936162767959848763e+00	1.086108786926019008e+02
9.420000000000000000e+02	2.452428375630962165e+00	1.097747434151664550e+02
9.430000000000000000e+02	1.556537502413360974e+00	1.112640994644115153e+02
9.440000000000000000e+02	2.109850376142723860e+00	1.090024385348748837e+02
9.450000000000000000e+02	3.248692661501511481e+00	1.101050698072282756e+02
9.460000000000000000e+02	1.946195215131397038e+00	1.086334957547700100e+02
9.470000000000000000e+02	2.424877469165304777e+00	1.097126328898213785e+02
9.480000000000000000e+02	2.282913069405963391e+00	1.093925895743557248e+02
9.490000000000000000e+02	2.076120286719870922e+00	1.089263977128931629e+02
9.500000000000000000e+02	1.771008357052170412e+00	1.095694046594601900e+02
9.510000000000000000e+02	2.808083048101210455e+00	1.105765282339744573e+02
9.520000000000000000e+02	1.986650830956722791e+00	1.102175946979076002e+02
9.530000000000000000e+02	1.593437903827692903e+00	1.090356536000393106e+02
9.540000000000000000e+02	2.530755615420368532e+00	1.099513236673703176e+02
9.550000000000000000e+02	2.141254180439776889e+00	1.106823099705114402e+02
9.560000000000000000e+02	3.040705719433296039e+00	1.111009507730885133e+02
9.570000000000000000e+02	3.149801515230580939e+00	1.099267183310756764e+02
9.580000000000000000e+02	2.207856657895422181e+00	1.092233830491458235e+02
9.590000000000000000e+02	2.415877174457852661e+00	1.096923427032448615e+02
9.600000000000000000e+02	3.202367197712789881e+00	1.138718619869090531e+02
9.610000000000000000e+02	2.210749989800221194e+00	1.108912043062405672e+02
9.620000000000000000e+02	2.112837187045046417e+00	1.105968926048711154e+02
9.630000000000000000e+02	1.979332964496288483e+00	1.101955982513984509e+02
9.640000000000000000e+02	2.082951557724504799e+00	1.089417980711863265e+02
9.650000000000000000e+02	1.579337152720790671e+00	1.089932687848559709e+02
9.660000000000000000e+02	2.338912216836757985e+00	1.095188335681836378e+02
9.670000000000000000e+02	1.356129944840595680e+00	1.083223402519100915e+02
9.680000000000000000e+02	2.938578551557315954e+00	1.108707161687683254e+02
9.690000000000000000e+02	2.067124151218018291e+00	1.089061169027937694e+02
9.700000000000000000e+02	2.874775082715745889e+00	1.094307045616971408e+02
9.710000000000000000e+02	1.977836766959521597e+00	1.087048281956546134e+02
9.720000000000000000e+02	3.272296314788881055e+00	1.101476393047529854e+02
9.730000000000000000e+02	1.992133260762716684e+00	1.087370580876843462e+02
9.740000000000000000e+02	2.492985288166980951e+00	1.098661745681532977e+02
9.750000000000000000e+02	2.660645589209488016e+00	1.102441465013180419e+02
9.760000000000000000e+02	2.669658434134333014e+00	1.102644649809961521e+02
9.770000000000000000e+02	3.949399531225421534e+00	1.131495022462893587e+02
9.780000000000000000e+02	3.629636917559623033e+00	1.124286321745456831e+02
9.790000000000000000e+02	2.815638889286196100e+00	1.105935620570179481e+02
9.800000000000000000e+02	2.513292918427958877e+00	1.099119559142442313e+02
9.810000000000000000e+02	2.743776293255275611e+00	1.124934041598878451e+02
9.820000000000000000e+02	2.468370054713603157e+00	1.098106821986667399e+02
9.830000000000000000e+02	2.168439627254739044e+00	1.107640254855356261e+02
9.840000000000000000e+02	1.838089251656678025e+00	1.083897826053416509e+02
9.850000000000000000e+02	2.672856890670700647e+00	1.122802307091496203e+02
9.860000000000000000e+02	2.413771277351782096e+00	1.096875951870154466e+02
9.870000000000000000e+02	2.248453325267031566e+00	1.093149038250902976e+02
9.880000000000000000e+02	1.400237373926392248e+00	1.084549207943110076e+02
9.890000000000000000e+02	3.001926080518667828e+00	1.110135262903883557e+02
9.900000000000000000e+02	1.667940676295508240e+00	1.092595981415572481e+02
9.910000000000000000e+02	3.248753527889503889e+00	1.115699719537969230e+02
9.920000000000000000e+02	3.717084183105621165e+00	1.154190266827610714e+02
9.930000000000000000e+02	3.216996291834187005e+00	1.090809225061235139e+02
9.940000000000000000e+02	2.848285054739268407e+00	1.106671592901732453e+02
9.950000000000000000e+02	1.576525703232158682e+00	1.113542219186477240e+02
9.960000000000000000e+02	2.359558911656999047e+00	1.085015054563063188e+02
9.970000000000000000e+02	1.918303914364056784e+00	1.128952256073189631e+02
9.980000000000000000e+02	2.039236930470078146e+00	1.103756608953880090e+02
9.990000000000000000e+02	1.188410277428607165e+00	1.096042937976807963e+02
