Poisson Boltzmann Decomposition Energies

Total Energy Decomposition:
Frame #,Residue,Internal,van der Waals,Electrostatic,Polar Solvation,Non-Polar Solv.,TOTAL
1,121,110.478,-10.525,-77.04,-11.259,0.0,11.653999999999982
2,121,101.751,-9.316,-76.352,-11.375,0.0,4.707999999999998
3,121,108.486,-10.329,-78.25,-11.087,0.0,8.820000000000011
4,121,106.551,-10.659,-77.714,-12.046,0.0,6.131999999999998
5,121,99.899,-11.195,-76.619,-11.503,0.0,0.5820000000000078
6,121,102.852,-10.821,-76.125,-11.428,0.0,4.478000000000005
7,121,103.443,-10.63,-78.04,-10.931,0.0,3.841999999999997
8,121,108.497,-10.912,-78.11,-12.144,0.0,7.330999999999994
9,121,102.021,-9.753,-75.263,-11.533,0.0,5.471999999999996
10,121,103.155,-11.279,-76.608,-11.263,0.0,4.005000000000001
11,121,104.524,-11.324,-77.496,-10.553,0.0,5.151000000000007
12,121,105.663,-11.563,-74.267,-13.87,0.0,5.962999999999999
13,121,104.458,-11.222,-77.215,-10.889,0.0,5.1320000000000014
14,121,103.697,-11.005,-74.151,-14.643,0.0,3.8980000000000103
15,121,100.597,-9.301,-76.052,-11.442,0.0,3.8019999999999854
16,121,108.286,-10.692,-79.378,-10.153,0.0,8.062999999999994
17,121,102.784,-10.867,-76.905,-10.903,0.0,4.109
18,121,101.29,-11.01,-74.247,-12.868,0.0,3.165000000000001
19,121,109.537,-11.02,-77.425,-12.835,0.0,8.257000000000012
20,121,106.104,-10.666,-78.671,-11.427,0.0,5.339999999999996
21,121,97.868,-11.086,-77.515,-11.397,0.0,-2.1300000000000043
22,121,111.525,-11.515,-78.01,-10.017,0.0,11.983
23,121,99.558,-11.156,-76.583,-11.122,0.0,0.6970000000000027
24,121,104.608,-10.598,-77.657,-12.256,0.0,4.097000000000008
25,121,103.691,-10.922,-74.957,-13.474,0.0,4.338000000000012
26,121,100.489,-10.759,-77.312,-10.875,0.0,1.5430000000000064
27,121,101.857,-11.077,-80.172,-9.198,0.0,1.4100000000000037
28,121,97.532,-10.855,-76.095,-11.302,0.0,-0.720000000000006
29,121,102.294,-10.504,-78.612,-9.403,0.0,3.774999999999997
30,121,108.272,-11.041,-76.631,-11.502,0.0,9.098000000000008
31,121,100.173,-11.837,-79.153,-9.155,0.0,0.027999999999993364
32,121,110.032,-11.588,-82.454,-7.788,0.0,8.202000000000009
33,121,103.811,-9.446,-76.319,-11.656,0.0,6.390000000000006
34,121,105.562,-10.223,-74.474,-13.832,0.0,7.032999999999994
35,121,102.87,-10.77,-75.984,-12.627,0.0,3.489000000000013
36,121,103.455,-11.386,-75.342,-9.61,0.0,7.117000000000004
37,121,103.593,-10.806,-73.949,-12.999,0.0,5.8390000000000075
38,121,102.839,-10.932,-80.337,-7.671,0.0,3.898999999999993
39,121,102.2,-12.093,-77.506,-9.222,0.0,3.3789999999999996
40,121,100.654,-10.601,-75.735,-10.995,0.0,3.3229999999999986
41,121,97.102,-10.076,-74.874,-12.622,0.0,-0.46999999999998465
42,121,100.8,-11.109,-86.251,-6.504,0.0,-3.064000000000002
43,121,110.436,-12.635,-79.975,-9.857,0.0,7.969000000000008
44,121,100.523,-10.794,-83.267,-6.351,0.0,0.11100000000000332
45,121,107.505,-11.012,-75.347,-12.193,0.0,8.953000000000001
46,121,101.814,-10.937,-76.848,-9.372,0.0,4.6569999999999965
47,121,107.309,-11.782,-78.976,-9.66,0.0,6.891000000000002
48,121,102.4,-11.632,-74.972,-11.071,0.0,4.725000000000007
49,121,99.837,-11.094,-73.863,-11.8,0.0,3.080000000000009
50,121,103.466,-11.543,-78.082,-10.304,0.0,3.537000000000008
51,121,107.092,-9.997,-86.345,-6.326,0.0,4.424
52,121,101.223,-10.459,-82.838,-6.534,0.0,1.3920000000000021
53,121,106.817,-12.112,-78.04,-8.58,0.0,8.084999999999992
54,121,97.707,-11.611,-81.836,-7.578,0.0,-3.3180000000000094
55,121,105.5,-11.629,-73.79,-9.562,0.0,10.51899999999999
56,121,104.666,-9.316,-86.03,-6.415,0.0,2.904999999999993
57,121,99.483,-11.649,-82.548,-6.999,0.0,-1.7129999999999983
58,121,104.917,-11.04,-81.743,-6.913,0.0,5.221000000000014
59,121,101.231,-12.561,-82.136,-7.152,0.0,-0.6180000000000083
60,121,96.226,-12.196,-83.934,-6.636,0.0,-6.5399999999999965
61,121,99.737,-11.209,-84.612,-7.604,0.0,-3.6880000000000033
62,121,105.411,-10.455,-85.52,-5.894,0.0,3.542000000000007
63,121,104.476,-10.309,-81.62,-6.626,0.0,5.920999999999997
64,121,104.595,-10.645,-84.656,-7.968,0.0,1.325999999999997
65,121,109.593,-12.051,-81.982,-7.701,0.0,7.859000000000003
66,121,111.25,-12.602,-75.156,-11.662,0.0,11.82999999999999
67,121,111.058,-10.977,-77.62,-9.667,0.0,12.793999999999999
68,121,105.89,-11.741,-72.378,-14.83,0.0,6.941000000000001
69,121,102.132,-11.306,-75.672,-13.129,0.0,2.025000000000011
70,121,108.283,-11.907,-75.559,-11.727,0.0,9.090000000000007
71,121,107.724,-10.211,-79.698,-8.613,0.0,9.202000000000012
72,121,103.691,-12.042,-78.645,-9.557,0.0,3.4470000000000045
73,121,103.247,-10.594,-77.793,-11.88,0.0,2.9799999999999986
74,121,102.158,-11.312,-77.591,-12.415,0.0,0.8400000000000105
75,121,104.902,-10.706,-74.145,-13.97,0.0,6.081000000000001
76,121,102.149,-12.153,-74.836,-12.682,0.0,2.477999999999996
77,121,106.876,-11.32,-77.209,-12.208,0.0,6.139000000000008
78,121,104.93,-10.783,-73.279,-13.779,0.0,7.089000000000009
79,121,103.552,-11.273,-75.867,-11.459,0.0,4.9530000000000065
80,121,101.026,-10.971,-75.697,-11.148,0.0,3.20999999999999
81,121,106.132,-12.002,-77.146,-13.311,0.0,3.673000000000009
82,121,99.209,-11.808,-80.742,-7.694,0.0,-1.034999999999994
83,121,106.613,-11.271,-75.816,-12.954,0.0,6.571999999999996
84,121,107.119,-10.575,-74.429,-11.514,0.0,10.600999999999996
85,121,98.631,-11.871,-70.662,-13.117,0.0,2.980999999999998
86,121,107.076,-11.287,-76.081,-13.177,0.0,6.530999999999985
87,121,109.694,-10.747,-76.828,-12.123,0.0,9.996
88,121,106.649,-10.816,-75.77,-12.737,0.0,7.326000000000002
89,121,103.834,-11.436,-74.076,-12.104,0.0,6.2180000000000035
90,121,105.265,-10.135,-75.42,-12.601,0.0,7.108999999999993
91,121,99.546,-11.609,-74.97,-13.227,0.0,-0.25999999999998735
92,121,101.525,-11.333,-74.293,-11.226,0.0,4.673
93,121,104.888,-13.211,-80.947,-7.398,0.0,3.3320000000000043
94,121,95.531,-11.197,-76.772,-7.501,0.0,0.06099999999999728
95,121,103.845,-11.621,-72.812,-13.927,0.0,5.4850000000000065
96,121,100.622,-11.426,-76.883,-11.921,0.0,0.392000000000003
97,121,108.731,-10.694,-75.986,-12.321,0.0,9.729999999999988
98,121,103.914,-10.905,-82.894,-6.237,0.0,3.877999999999995
99,121,105.78,-11.872,-78.26,-12.009,0.0,3.638999999999996
100,121,102.327,-12.756,-72.206,-11.549,0.0,5.815999999999995
101,121,98.686,-10.929,-73.57,-13.487,0.0,0.7000000000000117
102,121,99.681,-10.384,-73.974,-12.205,0.0,3.117999999999993
103,121,107.187,-12.085,-77.501,-9.481,0.0,8.12
104,121,103.307,-12.169,-74.333,-12.875,0.0,3.930000000000007
105,121,110.574,-12.186,-78.517,-8.879,0.0,10.99200000000001
106,121,107.406,-11.777,-72.914,-12.103,0.0,10.612000000000004
107,121,104.626,-11.299,-71.902,-12.09,0.0,9.334999999999997
108,121,101.832,-11.081,-76.885,-12.231,0.0,1.6349999999999856
109,121,99.408,-11.569,-74.394,-13.381,0.0,0.06399999999999295
110,121,101.425,-11.942,-75.101,-13.218,0.0,1.164000000000005
111,121,105.264,-11.347,-75.413,-13.445,0.0,5.059000000000005
112,121,100.386,-11.718,-81.296,-7.88,0.0,-0.5080000000000142
113,121,99.057,-9.877,-80.592,-7.08,0.0,1.508000000000008
114,121,108.173,-11.679,-78.967,-9.546,0.0,7.981000000000002
115,121,102.086,-12.0,-74.393,-10.857,0.0,4.8359999999999985
116,121,101.441,-11.604,-78.039,-9.281,0.0,2.5170000000000012
117,121,103.324,-11.763,-78.268,-8.128,0.0,5.164999999999992
118,121,105.519,-11.747,-76.967,-8.816,0.0,7.989000000000006
119,121,103.249,-11.07,-79.245,-9.189,0.0,3.7449999999999974
120,121,110.794,-9.829,-80.001,-10.576,0.0,10.387999999999998
121,121,107.194,-10.759,-83.283,-8.189,0.0,4.963000000000001
122,121,104.245,-11.668,-76.742,-11.568,0.0,4.266999999999994
123,121,103.577,-11.615,-76.815,-10.864,0.0,4.283000000000005
124,121,100.435,-11.054,-77.977,-10.401,0.0,1.0029999999999966
125,121,102.732,-11.744,-74.266,-12.727,0.0,3.994999999999994
126,121,98.034,-11.118,-76.449,-11.831,0.0,-1.3639999999999866
127,121,101.345,-12.08,-74.482,-13.214,0.0,1.5690000000000008
128,121,104.302,-10.9,-72.555,-13.342,0.0,7.504999999999994
129,121,102.308,-12.042,-74.667,-13.305,0.0,2.294000000000004
130,121,102.607,-12.054,-76.025,-11.408,0.0,3.119999999999992
131,121,101.488,-12.355,-74.373,-11.362,0.0,3.397999999999991
132,121,100.599,-11.004,-75.614,-10.934,0.0,3.0469999999999953
133,121,101.472,-11.885,-72.38,-13.432,0.0,3.7749999999999932
134,121,102.09,-9.58,-76.416,-12.737,0.0,3.357000000000008
135,121,105.992,-10.101,-76.397,-12.002,0.0,7.491999999999999
136,121,107.868,-11.349,-73.588,-14.296,0.0,8.634999999999998
137,121,102.493,-11.89,-75.184,-12.762,0.0,2.6569999999999965
138,121,102.577,-12.07,-73.101,-13.719,0.0,3.6870000000000065
139,121,102.775,-11.375,-75.727,-12.034,0.0,3.639000000000001
140,121,108.421,-11.175,-73.371,-12.798,0.0,11.077000000000014
141,121,97.065,-12.282,-72.704,-12.852,0.0,-0.7729999999999926
142,121,100.536,-12.558,-74.164,-11.588,0.0,2.226000000000008
143,121,104.791,-10.954,-76.751,-12.67,0.0,4.415999999999984
144,121,103.73,-11.87,-74.344,-13.941,0.0,3.5750000000000046
145,121,98.773,-11.607,-73.193,-11.331,0.0,2.6419999999999995
146,121,101.063,-12.126,-75.362,-11.764,0.0,1.8110000000000035
147,121,100.746,-11.981,-73.072,-12.147,0.0,3.5459999999999976
148,121,102.879,-11.748,-73.356,-11.39,0.0,6.385000000000005
149,121,102.598,-10.476,-74.846,-12.486,0.0,4.789999999999996
150,121,104.873,-11.388,-74.322,-13.21,0.0,5.952999999999996
151,121,109.161,-11.813,-72.843,-12.15,0.0,12.354999999999995
152,121,103.914,-11.769,-73.322,-11.855,0.0,6.967999999999993
153,121,103.568,-12.55,-74.134,-13.614,0.0,3.2699999999999996
154,121,108.477,-11.543,-76.867,-11.658,0.0,8.408999999999994
155,121,102.083,-11.147,-74.991,-13.663,0.0,2.281999999999993
156,121,103.765,-11.401,-75.015,-10.817,0.0,6.532000000000004
157,121,108.312,-12.397,-74.923,-12.693,0.0,8.29899999999999
158,121,100.433,-11.774,-70.847,-13.923,0.0,3.889000000000012
159,121,104.062,-11.675,-75.539,-11.786,0.0,5.061999999999999
160,121,101.143,-10.738,-74.026,-12.177,0.0,4.202000000000005
161,121,103.642,-12.15,-73.418,-14.42,0.0,3.653999999999984
162,121,108.003,-12.106,-74.16,-13.446,0.0,8.29100000000001
163,121,101.364,-11.39,-75.062,-11.315,0.0,3.5970000000000066
164,121,101.071,-11.575,-73.458,-11.681,0.0,4.3569999999999975
165,121,107.002,-11.929,-71.243,-15.066,0.0,8.763999999999998
166,121,98.546,-12.274,-80.118,-7.995,0.0,-1.8409999999999895
167,121,104.206,-11.544,-75.242,-10.622,0.0,6.798000000000002
168,121,103.494,-11.018,-74.673,-9.545,0.0,8.257999999999997
169,121,99.147,-11.859,-81.016,-6.842,0.0,-0.5699999999999941
170,121,101.124,-10.275,-80.955,-7.367,0.0,2.5269999999999913
171,121,105.426,-11.208,-78.834,-8.745,0.0,6.639000000000001
172,121,104.821,-10.332,-81.713,-7.465,0.0,5.311000000000011
173,121,100.517,-9.643,-75.737,-12.487,0.0,2.6500000000000004
174,121,107.781,-10.407,-76.342,-10.961,0.0,10.07100000000001
175,121,104.097,-12.557,-76.367,-10.736,0.0,4.436999999999987
176,121,107.511,-11.693,-76.452,-11.499,0.0,7.866999999999999
177,121,105.55,-11.255,-75.682,-11.265,0.0,7.347999999999999
178,121,107.022,-10.845,-75.482,-12.367,0.0,8.328000000000007
179,121,103.543,-12.436,-75.444,-11.28,0.0,4.382999999999997
180,121,106.339,-11.531,-77.496,-10.79,0.0,6.5219999999999985
181,121,104.324,-11.387,-77.62,-9.557,0.0,5.759999999999993
182,121,102.585,-10.441,-74.925,-11.77,0.0,5.4489999999999945
183,121,105.863,-11.278,-74.536,-14.718,0.0,5.330999999999992
184,121,101.514,-10.02,-77.632,-11.188,0.0,2.673999999999994
185,121,106.254,-11.179,-78.085,-10.119,0.0,6.871000000000009
186,121,104.027,-11.564,-74.222,-12.757,0.0,5.484
187,121,100.31,-9.954,-76.411,-11.425,0.0,2.5199999999999925
188,121,97.118,-11.696,-73.517,-13.074,0.0,-1.1689999999999987
189,121,104.758,-8.817,-77.807,-11.653,0.0,6.481
190,121,109.739,-11.029,-74.427,-11.808,0.0,12.475000000000001
191,121,98.655,-11.668,-74.988,-11.891,0.0,0.10799999999999521
192,121,108.633,-11.346,-73.82,-13.695,0.0,9.771999999999998
193,121,101.986,-10.998,-75.315,-10.597,0.0,5.076000000000002
194,121,103.098,-8.754,-78.808,-7.319,0.0,8.216999999999988
195,121,106.286,-12.322,-80.839,-7.413,0.0,5.712
196,121,103.007,-12.361,-80.366,-8.994,0.0,1.2860000000000014
197,121,102.112,-10.268,-73.524,-10.848,0.0,7.471999999999992
198,121,103.869,-11.684,-73.854,-12.285,0.0,6.046000000000003
199,121,104.707,-11.389,-75.741,-13.502,0.0,4.0749999999999975
200,121,98.279,-11.992,-74.447,-12.191,0.0,-0.3510000000000115
201,121,100.28,-11.624,-73.82,-12.307,0.0,2.5290000000000123
202,121,99.627,-11.024,-74.869,-11.041,0.0,2.6929999999999943
203,121,104.703,-12.109,-75.819,-13.001,0.0,3.7740000000000062
204,121,98.352,-11.457,-73.789,-10.146,0.0,2.960000000000008
205,121,107.061,-11.442,-76.581,-11.605,0.0,7.432999999999996
206,121,104.024,-11.568,-73.332,-12.525,0.0,6.599000000000009
207,121,104.064,-12.007,-75.629,-11.42,0.0,5.007999999999983
208,121,103.633,-11.848,-76.131,-11.896,0.0,3.7579999999999956
209,121,103.198,-11.852,-76.843,-10.873,0.0,3.6299999999999866
210,121,102.289,-10.757,-75.771,-11.124,0.0,4.636999999999995
211,121,97.224,-11.282,-75.383,-11.132,0.0,-0.572999999999988
212,121,102.166,-11.447,-74.584,-11.995,0.0,4.139999999999992
213,121,103.705,-11.076,-82.973,-6.675,0.0,2.980999999999992
214,121,106.132,-11.767,-82.237,-6.982,0.0,5.146000000000014
215,121,103.654,-12.099,-78.07,-9.785,0.0,3.6999999999999993
216,121,107.132,-11.458,-77.157,-10.187,0.0,8.33000000000001
217,121,102.815,-11.779,-81.569,-6.943,0.0,2.523999999999999
218,121,101.186,-10.354,-80.329,-7.453,0.0,3.050000000000014
219,121,112.556,-11.705,-81.163,-9.176,0.0,10.512000000000002
220,121,102.163,-10.971,-74.643,-12.524,0.0,4.024999999999993
221,121,102.467,-10.257,-76.13,-10.661,0.0,5.418999999999999
222,121,104.77,-11.741,-75.552,-12.563,0.0,4.913999999999989
223,121,100.636,-10.371,-76.568,-11.903,0.0,1.7940000000000023
224,121,107.708,-11.048,-76.562,-8.582,0.0,11.515999999999998
225,121,106.956,-9.454,-82.993,-6.004,0.0,8.505000000000015
226,121,103.602,-11.447,-77.41,-11.152,0.0,3.5930000000000053
227,121,107.277,-11.491,-76.128,-10.296,0.0,9.362000000000002
228,121,100.908,-11.76,-73.928,-13.52,0.0,1.6999999999999993
229,121,101.485,-10.558,-74.716,-10.985,0.0,5.225999999999999
230,121,99.302,-11.604,-75.38,-11.493,0.0,0.8250000000000117
231,121,100.177,-11.635,-75.351,-10.1,0.0,3.091000000000003
232,121,102.445,-11.432,-76.42,-10.699,0.0,3.8939999999999895
233,121,102.12,-10.749,-71.214,-12.04,0.0,8.117000000000012
234,121,103.414,-11.525,-74.667,-10.866,0.0,6.3559999999999945
235,121,101.721,-11.673,-75.091,-10.668,0.0,4.289000000000009
236,121,101.389,-11.036,-76.039,-11.696,0.0,2.617999999999993
237,121,100.976,-12.048,-77.745,-11.408,0.0,-0.22500000000000675
238,121,105.923,-11.543,-72.379,-14.074,0.0,7.926999999999991
239,121,103.253,-10.908,-74.937,-12.749,0.0,4.659000000000001
240,121,106.122,-11.401,-76.201,-12.336,0.0,6.18400000000001
241,121,105.786,-12.03,-76.689,-12.625,0.0,4.442000000000007
242,121,102.504,-12.404,-74.64,-13.387,0.0,2.0730000000000075
243,121,101.255,-12.001,-75.985,-9.008,0.0,4.260999999999992
244,121,100.466,-10.989,-82.158,-6.705,0.0,0.6139999999999883
245,121,113.345,-12.209,-80.089,-6.851,0.0,14.195999999999998
246,121,107.285,-11.927,-73.451,-12.234,0.0,9.67300000000001
247,121,100.775,-11.161,-75.024,-10.663,0.0,3.927000000000003
248,121,97.19,-12.002,-76.208,-8.543,0.0,0.4370000000000047
249,121,109.109,-11.599,-78.915,-11.803,0.0,6.791999999999984
250,121,98.689,-11.66,-76.109,-12.637,0.0,-1.7169999999999987
251,121,97.837,-11.166,-75.098,-12.73,0.0,-1.156999999999993
252,121,104.548,-11.4,-74.001,-12.31,0.0,6.836999999999991
253,121,97.809,-11.832,-76.069,-10.63,0.0,-0.7219999999999995
254,121,103.629,-12.21,-81.046,-7.728,0.0,2.645000000000005
255,121,103.386,-12.211,-74.204,-10.762,0.0,6.209000000000003
256,121,102.084,-12.178,-75.352,-12.101,0.0,2.453000000000001
257,121,103.432,-11.245,-77.22,-11.494,0.0,3.472999999999999
258,121,101.553,-11.601,-76.137,-12.031,0.0,1.7839999999999971
259,121,96.839,-12.613,-71.078,-14.002,0.0,-0.8540000000000045
260,121,104.718,-12.038,-72.529,-13.582,0.0,6.56900000000001
261,121,105.769,-10.998,-76.589,-13.672,0.0,4.510000000000002
262,121,103.068,-10.786,-77.329,-10.775,0.0,4.178000000000003
263,121,103.023,-10.932,-78.396,-7.052,0.0,6.642999999999994
264,121,105.504,-11.23,-75.624,-12.451,0.0,6.199000000000005
265,121,98.004,-11.159,-73.753,-11.862,0.0,1.2299999999999986
266,121,104.15,-9.584,-76.191,-12.247,0.0,6.128
267,121,105.032,-12.222,-75.855,-10.893,0.0,6.061999999999998
268,121,105.11,-11.753,-76.972,-12.267,0.0,4.118000000000006
269,121,100.755,-11.096,-74.832,-13.455,0.0,1.371999999999998
270,121,108.907,-11.629,-75.898,-12.502,0.0,8.877999999999995
271,121,107.851,-11.655,-76.645,-11.361,0.0,8.190000000000001
272,121,108.147,-11.595,-76.411,-11.493,0.0,8.648000000000005
273,121,102.032,-11.371,-77.547,-11.869,0.0,1.2450000000000045
274,121,101.536,-11.714,-76.357,-12.159,0.0,1.3060000000000027
275,121,104.161,-12.315,-75.084,-12.985,0.0,3.777000000000001
276,121,106.277,-10.697,-75.849,-12.242,0.0,7.488999999999994
277,121,102.719,-12.106,-73.375,-12.415,0.0,4.823
278,121,103.208,-10.712,-78.453,-10.715,0.0,3.3279999999999923
279,121,109.726,-11.292,-73.126,-13.719,0.0,11.588999999999993
280,121,103.264,-11.134,-77.824,-9.322,0.0,4.983999999999998
281,121,99.963,-10.587,-77.446,-10.884,0.0,1.0459999999999923
282,121,103.115,-11.74,-75.404,-13.467,0.0,2.504000000000003
283,121,97.191,-12.539,-76.412,-7.36,0.0,0.8799999999999946
284,121,99.645,-11.88,-74.769,-12.177,0.0,0.8189999999999955
285,121,106.697,-12.037,-72.675,-10.995,0.0,10.99
286,121,104.91,-12.194,-74.329,-12.35,0.0,6.037000000000001
287,121,102.118,-11.253,-76.609,-12.658,0.0,1.5980000000000008
288,121,98.724,-11.188,-73.567,-11.872,0.0,2.0970000000000084
289,121,101.348,-11.661,-74.261,-12.087,0.0,3.339000000000002
290,121,106.071,-11.548,-79.984,-12.071,0.0,2.4680000000000017
291,121,102.376,-10.579,-76.346,-11.356,0.0,4.0949999999999935
292,121,101.44,-10.866,-74.198,-11.843,0.0,4.533000000000005
293,121,99.806,-11.801,-78.465,-9.847,0.0,-0.3070000000000075
294,121,106.948,-10.878,-82.779,-8.176,0.0,5.114999999999997
295,121,107.514,-10.841,-84.229,-7.286,0.0,5.158000000000003
296,121,105.042,-11.02,-81.017,-6.76,0.0,6.24500000000001
297,121,104.531,-11.944,-80.68,-6.514,0.0,5.392999999999996
298,121,106.934,-11.172,-78.548,-9.891,0.0,7.322999999999999
299,121,106.102,-12.075,-82.64,-6.334,0.0,5.053000000000001
300,121,105.105,-11.873,-74.816,-13.119,0.0,5.296999999999997
301,121,105.264,-11.831,-76.81,-12.156,0.0,4.46699999999999
302,121,108.189,-11.345,-76.8,-12.652,0.0,7.391999999999998
303,121,106.971,-12.364,-75.669,-13.045,0.0,5.8930000000000025
304,121,102.086,-12.005,-74.925,-12.121,0.0,3.0350000000000055
305,121,100.182,-12.416,-77.97,-10.201,0.0,-0.40499999999999403
306,121,98.515,-11.413,-72.772,-11.277,0.0,3.052999999999999
307,121,110.543,-9.364,-77.284,-10.827,0.0,13.067999999999996
308,121,104.122,-12.292,-76.055,-12.444,0.0,3.3309999999999906
309,121,101.501,-11.714,-76.344,-10.875,0.0,2.568000000000012
310,121,103.483,-11.471,-77.759,-10.933,0.0,3.3200000000000003
311,121,100.642,-12.486,-77.458,-12.78,0.0,-2.082000000000006
312,121,104.204,-11.546,-75.454,-12.71,0.0,4.493999999999993
313,121,96.475,-11.105,-77.679,-12.103,0.0,-4.4120000000000115
314,121,99.439,-11.463,-70.727,-14.217,0.0,3.0319999999999947
315,121,99.267,-11.846,-75.655,-11.716,0.0,0.04999999999999183
316,121,102.908,-11.324,-76.023,-10.466,0.0,5.095000000000008
317,121,103.994,-11.228,-77.631,-10.818,0.0,4.3170000000000055
318,121,103.271,-12.115,-77.662,-10.925,0.0,2.568999999999999
319,121,102.017,-11.854,-75.556,-12.003,0.0,2.603999999999999
320,121,103.73,-11.833,-76.588,-13.254,0.0,2.055000000000012
321,121,108.937,-10.897,-75.219,-12.773,0.0,10.047999999999998
322,121,104.741,-11.244,-76.493,-11.721,0.0,5.283000000000005
323,121,104.727,-10.344,-80.127,-9.393,0.0,4.863000000000014
324,121,111.073,-11.246,-77.781,-11.716,0.0,10.329999999999993
325,121,105.531,-10.881,-84.606,-5.473,0.0,4.571000000000011
326,121,104.882,-12.065,-75.256,-11.863,0.0,5.6980000000000075
327,121,101.927,-11.54,-76.203,-13.294,0.0,0.889999999999997
328,121,98.014,-10.359,-76.209,-12.557,0.0,-1.1110000000000024
329,121,101.69,-11.943,-74.364,-11.42,0.0,3.9629999999999956
330,121,100.628,-12.248,-77.05,-10.76,0.0,0.5699999999999985
331,121,99.968,-11.741,-76.134,-11.012,0.0,1.081000000000003
332,121,102.329,-12.076,-74.891,-11.431,0.0,3.9309999999999814
333,121,103.214,-11.085,-76.812,-11.802,0.0,3.5149999999999935
334,121,98.832,-10.746,-75.67,-11.322,0.0,1.0939999999999976
335,121,102.82,-12.353,-73.957,-11.097,0.0,5.413000000000006
336,121,102.885,-11.387,-79.908,-6.217,0.0,5.373000000000004
337,121,102.456,-10.194,-77.964,-10.885,0.0,3.413000000000002
338,121,100.753,-12.189,-76.135,-11.628,0.0,0.8009999999999877
339,121,97.874,-12.018,-73.106,-11.689,0.0,1.061
340,121,109.086,-11.441,-77.044,-11.958,0.0,8.642999999999999
341,121,102.65,-12.525,-77.98,-10.908,0.0,1.2369999999999965
342,121,99.928,-9.892,-78.63,-11.133,0.0,0.2730000000000068
343,121,101.262,-10.96,-78.718,-10.312,0.0,1.2719999999999896
344,121,102.278,-11.199,-77.566,-10.803,0.0,2.7100000000000044
345,121,100.984,-12.438,-76.2,-9.459,0.0,2.88699999999999
346,121,104.376,-10.225,-76.287,-14.324,0.0,3.5400000000000045
347,121,98.519,-11.678,-75.346,-11.579,0.0,-0.08399999999999608
348,121,109.25,-10.828,-78.766,-11.283,0.0,8.372999999999992
349,121,111.129,-11.456,-76.71,-10.276,0.0,12.687000000000008
350,121,111.154,-11.736,-75.487,-11.24,0.0,12.690999999999997
351,121,108.017,-11.314,-73.65,-14.27,0.0,8.782999999999998
352,121,109.403,-11.232,-79.339,-10.172,0.0,8.660000000000007
353,121,98.648,-11.968,-72.927,-11.869,0.0,1.8839999999999861
354,121,99.929,-11.697,-77.894,-10.299,0.0,0.03899999999999437
355,121,110.196,-11.498,-77.504,-10.88,0.0,10.313999999999988
356,121,102.764,-11.79,-75.712,-11.79,0.0,3.471999999999987
357,121,98.733,-12.047,-75.827,-11.909,0.0,-1.0499999999999918
358,121,105.031,-11.638,-76.323,-11.958,0.0,5.112000000000007
359,121,105.515,-11.402,-76.753,-10.939,0.0,6.420999999999999
360,121,100.696,-11.652,-76.116,-11.672,0.0,1.2559999999999967
361,121,103.825,-11.225,-72.826,-11.055,0.0,8.719000000000015
362,121,107.229,-11.398,-75.173,-11.51,0.0,9.148000000000001
363,121,102.659,-10.666,-77.719,-10.481,0.0,3.7930000000000152
364,121,100.786,-11.725,-75.559,-8.808,0.0,4.69400000000001
365,121,108.42,-8.619,-78.392,-12.125,0.0,9.284000000000006
366,121,99.433,-12.676,-74.728,-8.808,0.0,3.2210000000000107
367,121,101.488,-10.838,-82.037,-7.19,0.0,1.4229999999999992
368,121,97.996,-10.997,-76.485,-11.715,0.0,-1.201000000000004
369,121,107.527,-11.338,-76.362,-9.833,0.0,9.994000000000012
370,121,104.664,-10.088,-77.67,-11.043,0.0,5.863000000000007
371,121,106.149,-12.008,-75.616,-12.299,0.0,6.226000000000006
372,121,103.89,-11.607,-78.972,-10.989,0.0,2.3220000000000063
373,121,108.602,-12.61,-80.421,-10.506,0.0,5.064999999999998
374,121,104.851,-11.344,-80.965,-9.579,0.0,2.963000000000001
375,121,100.928,-10.282,-77.0,-10.159,0.0,3.487
376,121,97.765,-11.237,-75.209,-11.846,0.0,-0.5269999999999975
377,121,101.098,-10.894,-76.791,-10.221,0.0,3.1919999999999966
378,121,107.093,-10.341,-75.72,-11.996,0.0,9.03600000000001
379,121,101.693,-10.819,-76.135,-11.175,0.0,3.5639999999999894
380,121,107.578,-11.983,-75.649,-13.189,0.0,6.756999999999998
381,121,100.43,-11.792,-75.82,-12.89,0.0,-0.07199999999998852
382,121,102.967,-11.458,-75.225,-12.089,0.0,4.195000000000006
383,121,106.578,-11.477,-75.517,-12.212,0.0,7.372000000000003
384,121,108.74,-12.026,-73.63,-13.112,0.0,9.972000000000003
385,121,101.531,-12.406,-74.767,-12.599,0.0,1.759000000000004
386,121,102.353,-11.778,-72.598,-12.657,0.0,5.31999999999999
387,121,102.983,-11.162,-75.082,-13.16,0.0,3.579000000000004
388,121,107.694,-11.37,-76.979,-12.347,0.0,6.997999999999999
389,121,110.219,-10.583,-74.596,-12.737,0.0,12.302999999999992
390,121,107.484,-10.586,-78.213,-11.508,0.0,7.177000000000003
391,121,104.195,-12.465,-78.018,-8.999,0.0,4.7129999999999885
392,121,101.768,-11.253,-74.692,-11.205,0.0,4.618000000000007
393,121,107.347,-12.055,-73.03,-11.72,0.0,10.542
394,121,109.166,-10.806,-79.24,-12.341,0.0,6.779000000000005
395,121,105.279,-12.016,-76.558,-10.268,0.0,6.436999999999983
396,121,101.529,-12.104,-75.514,-10.481,0.0,3.4300000000000015
397,121,105.027,-12.326,-80.959,-6.896,0.0,4.84599999999999
398,121,107.597,-11.348,-76.62,-11.09,0.0,8.53899999999999
399,121,99.613,-11.538,-76.333,-12.177,0.0,-0.43499999999999517
400,121,105.322,-11.135,-78.788,-10.471,0.0,4.928000000000001
401,121,109.913,-12.238,-76.101,-10.138,0.0,11.435999999999998


Sidechain Energy Decomposition:
Frame #,Residue,Internal,van der Waals,Electrostatic,Polar Solvation,Non-Polar Solv.,TOTAL
1,121,110.478,-10.525,-77.04,-11.259,0.0,11.653999999999982
2,121,101.751,-9.316,-76.352,-11.375,0.0,4.707999999999998
3,121,108.486,-10.329,-78.25,-11.087,0.0,8.820000000000011
4,121,106.551,-10.659,-77.714,-12.046,0.0,6.131999999999998
5,121,99.899,-11.195,-76.619,-11.503,0.0,0.5820000000000078
6,121,102.852,-10.821,-76.125,-11.428,0.0,4.478000000000005
7,121,103.443,-10.63,-78.04,-10.931,0.0,3.841999999999997
8,121,108.497,-10.912,-78.11,-12.144,0.0,7.330999999999994
9,121,102.021,-9.753,-75.263,-11.533,0.0,5.471999999999996
10,121,103.155,-11.279,-76.608,-11.263,0.0,4.005000000000001
11,121,104.524,-11.324,-77.496,-10.553,0.0,5.151000000000007
12,121,105.663,-11.563,-74.267,-13.87,0.0,5.962999999999999
13,121,104.458,-11.222,-77.215,-10.889,0.0,5.1320000000000014
14,121,103.697,-11.005,-74.151,-14.643,0.0,3.8980000000000103
15,121,100.597,-9.301,-76.052,-11.442,0.0,3.8019999999999854
16,121,108.286,-10.692,-79.378,-10.153,0.0,8.062999999999994
17,121,102.784,-10.867,-76.905,-10.903,0.0,4.109
18,121,101.29,-11.01,-74.247,-12.868,0.0,3.165000000000001
19,121,109.537,-11.02,-77.425,-12.835,0.0,8.257000000000012
20,121,106.104,-10.666,-78.671,-11.427,0.0,5.339999999999996
21,121,97.868,-11.086,-77.515,-11.397,0.0,-2.1300000000000043
22,121,111.525,-11.515,-78.01,-10.017,0.0,11.983
23,121,99.558,-11.156,-76.583,-11.122,0.0,0.6970000000000027
24,121,104.608,-10.598,-77.657,-12.256,0.0,4.097000000000008
25,121,103.691,-10.922,-74.957,-13.474,0.0,4.338000000000012
26,121,100.489,-10.759,-77.312,-10.875,0.0,1.5430000000000064
27,121,101.857,-11.077,-80.172,-9.198,0.0,1.4100000000000037
28,121,97.532,-10.855,-76.095,-11.302,0.0,-0.720000000000006
29,121,102.294,-10.504,-78.612,-9.403,0.0,3.774999999999997
30,121,108.272,-11.041,-76.631,-11.502,0.0,9.098000000000008
31,121,100.173,-11.837,-79.153,-9.155,0.0,0.027999999999993364
32,121,110.032,-11.588,-82.454,-7.788,0.0,8.202000000000009
33,121,103.811,-9.446,-76.319,-11.656,0.0,6.390000000000006
34,121,105.562,-10.223,-74.474,-13.832,0.0,7.032999999999994
35,121,102.87,-10.77,-75.984,-12.627,0.0,3.489000000000013
36,121,103.455,-11.386,-75.342,-9.61,0.0,7.117000000000004
37,121,103.593,-10.806,-73.949,-12.999,0.0,5.8390000000000075
38,121,102.839,-10.932,-80.337,-7.671,0.0,3.898999999999993
39,121,102.2,-12.093,-77.506,-9.222,0.0,3.3789999999999996
40,121,100.654,-10.601,-75.735,-10.995,0.0,3.3229999999999986
41,121,97.102,-10.076,-74.874,-12.622,0.0,-0.46999999999998465
42,121,100.8,-11.109,-86.251,-6.504,0.0,-3.064000000000002
43,121,110.436,-12.635,-79.975,-9.857,0.0,7.969000000000008
44,121,100.523,-10.794,-83.267,-6.351,0.0,0.11100000000000332
45,121,107.505,-11.012,-75.347,-12.193,0.0,8.953000000000001
46,121,101.814,-10.937,-76.848,-9.372,0.0,4.6569999999999965
47,121,107.309,-11.782,-78.976,-9.66,0.0,6.891000000000002
48,121,102.4,-11.632,-74.972,-11.071,0.0,4.725000000000007
49,121,99.837,-11.094,-73.863,-11.8,0.0,3.080000000000009
50,121,103.466,-11.543,-78.082,-10.304,0.0,3.537000000000008
51,121,107.092,-9.997,-86.345,-6.326,0.0,4.424
52,121,101.223,-10.459,-82.838,-6.534,0.0,1.3920000000000021
53,121,106.817,-12.112,-78.04,-8.58,0.0,8.084999999999992
54,121,97.707,-11.611,-81.836,-7.578,0.0,-3.3180000000000094
55,121,105.5,-11.629,-73.79,-9.562,0.0,10.51899999999999
56,121,104.666,-9.316,-86.03,-6.415,0.0,2.904999999999993
57,121,99.483,-11.649,-82.548,-6.999,0.0,-1.7129999999999983
58,121,104.917,-11.04,-81.743,-6.913,0.0,5.221000000000014
59,121,101.231,-12.561,-82.136,-7.152,0.0,-0.6180000000000083
60,121,96.226,-12.196,-83.934,-6.636,0.0,-6.5399999999999965
61,121,99.737,-11.209,-84.612,-7.604,0.0,-3.6880000000000033
62,121,105.411,-10.455,-85.52,-5.894,0.0,3.542000000000007
63,121,104.476,-10.309,-81.62,-6.626,0.0,5.920999999999997
64,121,104.595,-10.645,-84.656,-7.968,0.0,1.325999999999997
65,121,109.593,-12.051,-81.982,-7.701,0.0,7.859000000000003
66,121,111.25,-12.602,-75.156,-11.662,0.0,11.82999999999999
67,121,111.058,-10.977,-77.62,-9.667,0.0,12.793999999999999
68,121,105.89,-11.741,-72.378,-14.83,0.0,6.941000000000001
69,121,102.132,-11.306,-75.672,-13.129,0.0,2.025000000000011
70,121,108.283,-11.907,-75.559,-11.727,0.0,9.090000000000007
71,121,107.724,-10.211,-79.698,-8.613,0.0,9.202000000000012
72,121,103.691,-12.042,-78.645,-9.557,0.0,3.4470000000000045
73,121,103.247,-10.594,-77.793,-11.88,0.0,2.9799999999999986
74,121,102.158,-11.312,-77.591,-12.415,0.0,0.8400000000000105
75,121,104.902,-10.706,-74.145,-13.97,0.0,6.081000000000001
76,121,102.149,-12.153,-74.836,-12.682,0.0,2.477999999999996
77,121,106.876,-11.32,-77.209,-12.208,0.0,6.139000000000008
78,121,104.93,-10.783,-73.279,-13.779,0.0,7.089000000000009
79,121,103.552,-11.273,-75.867,-11.459,0.0,4.9530000000000065
80,121,101.026,-10.971,-75.697,-11.148,0.0,3.20999999999999
81,121,106.132,-12.002,-77.146,-13.311,0.0,3.673000000000009
82,121,99.209,-11.808,-80.742,-7.694,0.0,-1.034999999999994
83,121,106.613,-11.271,-75.816,-12.954,0.0,6.571999999999996
84,121,107.119,-10.575,-74.429,-11.514,0.0,10.600999999999996
85,121,98.631,-11.871,-70.662,-13.117,0.0,2.980999999999998
86,121,107.076,-11.287,-76.081,-13.177,0.0,6.530999999999985
87,121,109.694,-10.747,-76.828,-12.123,0.0,9.996
88,121,106.649,-10.816,-75.77,-12.737,0.0,7.326000000000002
89,121,103.834,-11.436,-74.076,-12.104,0.0,6.2180000000000035
90,121,105.265,-10.135,-75.42,-12.601,0.0,7.108999999999993
91,121,99.546,-11.609,-74.97,-13.227,0.0,-0.25999999999998735
92,121,101.525,-11.333,-74.293,-11.226,0.0,4.673
93,121,104.888,-13.211,-80.947,-7.398,0.0,3.3320000000000043
94,121,95.531,-11.197,-76.772,-7.501,0.0,0.06099999999999728
95,121,103.845,-11.621,-72.812,-13.927,0.0,5.4850000000000065
96,121,100.622,-11.426,-76.883,-11.921,0.0,0.392000000000003
97,121,108.731,-10.694,-75.986,-12.321,0.0,9.729999999999988
98,121,103.914,-10.905,-82.894,-6.237,0.0,3.877999999999995
99,121,105.78,-11.872,-78.26,-12.009,0.0,3.638999999999996
100,121,102.327,-12.756,-72.206,-11.549,0.0,5.815999999999995
101,121,98.686,-10.929,-73.57,-13.487,0.0,0.7000000000000117
102,121,99.681,-10.384,-73.974,-12.205,0.0,3.117999999999993
103,121,107.187,-12.085,-77.501,-9.481,0.0,8.12
104,121,103.307,-12.169,-74.333,-12.875,0.0,3.930000000000007
105,121,110.574,-12.186,-78.517,-8.879,0.0,10.99200000000001
106,121,107.406,-11.777,-72.914,-12.103,0.0,10.612000000000004
107,121,104.626,-11.299,-71.902,-12.09,0.0,9.334999999999997
108,121,101.832,-11.081,-76.885,-12.231,0.0,1.6349999999999856
109,121,99.408,-11.569,-74.394,-13.381,0.0,0.06399999999999295
110,121,101.425,-11.942,-75.101,-13.218,0.0,1.164000000000005
111,121,105.264,-11.347,-75.413,-13.445,0.0,5.059000000000005
112,121,100.386,-11.718,-81.296,-7.88,0.0,-0.5080000000000142
113,121,99.057,-9.877,-80.592,-7.08,0.0,1.508000000000008
114,121,108.173,-11.679,-78.967,-9.546,0.0,7.981000000000002
115,121,102.086,-12.0,-74.393,-10.857,0.0,4.8359999999999985
116,121,101.441,-11.604,-78.039,-9.281,0.0,2.5170000000000012
117,121,103.324,-11.763,-78.268,-8.128,0.0,5.164999999999992
118,121,105.519,-11.747,-76.967,-8.816,0.0,7.989000000000006
119,121,103.249,-11.07,-79.245,-9.189,0.0,3.7449999999999974
120,121,110.794,-9.829,-80.001,-10.576,0.0,10.387999999999998
121,121,107.194,-10.759,-83.283,-8.189,0.0,4.963000000000001
122,121,104.245,-11.668,-76.742,-11.568,0.0,4.266999999999994
123,121,103.577,-11.615,-76.815,-10.864,0.0,4.283000000000005
124,121,100.435,-11.054,-77.977,-10.401,0.0,1.0029999999999966
125,121,102.732,-11.744,-74.266,-12.727,0.0,3.994999999999994
126,121,98.034,-11.118,-76.449,-11.831,0.0,-1.3639999999999866
127,121,101.345,-12.08,-74.482,-13.214,0.0,1.5690000000000008
128,121,104.302,-10.9,-72.555,-13.342,0.0,7.504999999999994
129,121,102.308,-12.042,-74.667,-13.305,0.0,2.294000000000004
130,121,102.607,-12.054,-76.025,-11.408,0.0,3.119999999999992
131,121,101.488,-12.355,-74.373,-11.362,0.0,3.397999999999991
132,121,100.599,-11.004,-75.614,-10.934,0.0,3.0469999999999953
133,121,101.472,-11.885,-72.38,-13.432,0.0,3.7749999999999932
134,121,102.09,-9.58,-76.416,-12.737,0.0,3.357000000000008
135,121,105.992,-10.101,-76.397,-12.002,0.0,7.491999999999999
136,121,107.868,-11.349,-73.588,-14.296,0.0,8.634999999999998
137,121,102.493,-11.89,-75.184,-12.762,0.0,2.6569999999999965
138,121,102.577,-12.07,-73.101,-13.719,0.0,3.6870000000000065
139,121,102.775,-11.375,-75.727,-12.034,0.0,3.639000000000001
140,121,108.421,-11.175,-73.371,-12.798,0.0,11.077000000000014
141,121,97.065,-12.282,-72.704,-12.852,0.0,-0.7729999999999926
142,121,100.536,-12.558,-74.164,-11.588,0.0,2.226000000000008
143,121,104.791,-10.954,-76.751,-12.67,0.0,4.415999999999984
144,121,103.73,-11.87,-74.344,-13.941,0.0,3.5750000000000046
145,121,98.773,-11.607,-73.193,-11.331,0.0,2.6419999999999995
146,121,101.063,-12.126,-75.362,-11.764,0.0,1.8110000000000035
147,121,100.746,-11.981,-73.072,-12.147,0.0,3.5459999999999976
148,121,102.879,-11.748,-73.356,-11.39,0.0,6.385000000000005
149,121,102.598,-10.476,-74.846,-12.486,0.0,4.789999999999996
150,121,104.873,-11.388,-74.322,-13.21,0.0,5.952999999999996
151,121,109.161,-11.813,-72.843,-12.15,0.0,12.354999999999995
152,121,103.914,-11.769,-73.322,-11.855,0.0,6.967999999999993
153,121,103.568,-12.55,-74.134,-13.614,0.0,3.2699999999999996
154,121,108.477,-11.543,-76.867,-11.658,0.0,8.408999999999994
155,121,102.083,-11.147,-74.991,-13.663,0.0,2.281999999999993
156,121,103.765,-11.401,-75.015,-10.817,0.0,6.532000000000004
157,121,108.312,-12.397,-74.923,-12.693,0.0,8.29899999999999
158,121,100.433,-11.774,-70.847,-13.923,0.0,3.889000000000012
159,121,104.062,-11.675,-75.539,-11.786,0.0,5.061999999999999
160,121,101.143,-10.738,-74.026,-12.177,0.0,4.202000000000005
161,121,103.642,-12.15,-73.418,-14.42,0.0,3.653999999999984
162,121,108.003,-12.106,-74.16,-13.446,0.0,8.29100000000001
163,121,101.364,-11.39,-75.062,-11.315,0.0,3.5970000000000066
164,121,101.071,-11.575,-73.458,-11.681,0.0,4.3569999999999975
165,121,107.002,-11.929,-71.243,-15.066,0.0,8.763999999999998
166,121,98.546,-12.274,-80.118,-7.995,0.0,-1.8409999999999895
167,121,104.206,-11.544,-75.242,-10.622,0.0,6.798000000000002
168,121,103.494,-11.018,-74.673,-9.545,0.0,8.257999999999997
169,121,99.147,-11.859,-81.016,-6.842,0.0,-0.5699999999999941
170,121,101.124,-10.275,-80.955,-7.367,0.0,2.5269999999999913
171,121,105.426,-11.208,-78.834,-8.745,0.0,6.639000000000001
172,121,104.821,-10.332,-81.713,-7.465,0.0,5.311000000000011
173,121,100.517,-9.643,-75.737,-12.487,0.0,2.6500000000000004
174,121,107.781,-10.407,-76.342,-10.961,0.0,10.07100000000001
175,121,104.097,-12.557,-76.367,-10.736,0.0,4.436999999999987
176,121,107.511,-11.693,-76.452,-11.499,0.0,7.866999999999999
177,121,105.55,-11.255,-75.682,-11.265,0.0,7.347999999999999
178,121,107.022,-10.845,-75.482,-12.367,0.0,8.328000000000007
179,121,103.543,-12.436,-75.444,-11.28,0.0,4.382999999999997
180,121,106.339,-11.531,-77.496,-10.79,0.0,6.5219999999999985
181,121,104.324,-11.387,-77.62,-9.557,0.0,5.759999999999993
182,121,102.585,-10.441,-74.925,-11.77,0.0,5.4489999999999945
183,121,105.863,-11.278,-74.536,-14.718,0.0,5.330999999999992
184,121,101.514,-10.02,-77.632,-11.188,0.0,2.673999999999994
185,121,106.254,-11.179,-78.085,-10.119,0.0,6.871000000000009
186,121,104.027,-11.564,-74.222,-12.757,0.0,5.484
187,121,100.31,-9.954,-76.411,-11.425,0.0,2.5199999999999925
188,121,97.118,-11.696,-73.517,-13.074,0.0,-1.1689999999999987
189,121,104.758,-8.817,-77.807,-11.653,0.0,6.481
190,121,109.739,-11.029,-74.427,-11.808,0.0,12.475000000000001
191,121,98.655,-11.668,-74.988,-11.891,0.0,0.10799999999999521
192,121,108.633,-11.346,-73.82,-13.695,0.0,9.771999999999998
193,121,101.986,-10.998,-75.315,-10.597,0.0,5.076000000000002
194,121,103.098,-8.754,-78.808,-7.319,0.0,8.216999999999988
195,121,106.286,-12.322,-80.839,-7.413,0.0,5.712
196,121,103.007,-12.361,-80.366,-8.994,0.0,1.2860000000000014
197,121,102.112,-10.268,-73.524,-10.848,0.0,7.471999999999992
198,121,103.869,-11.684,-73.854,-12.285,0.0,6.046000000000003
199,121,104.707,-11.389,-75.741,-13.502,0.0,4.0749999999999975
200,121,98.279,-11.992,-74.447,-12.191,0.0,-0.3510000000000115
201,121,100.28,-11.624,-73.82,-12.307,0.0,2.5290000000000123
202,121,99.627,-11.024,-74.869,-11.041,0.0,2.6929999999999943
203,121,104.703,-12.109,-75.819,-13.001,0.0,3.7740000000000062
204,121,98.352,-11.457,-73.789,-10.146,0.0,2.960000000000008
205,121,107.061,-11.442,-76.581,-11.605,0.0,7.432999999999996
206,121,104.024,-11.568,-73.332,-12.525,0.0,6.599000000000009
207,121,104.064,-12.007,-75.629,-11.42,0.0,5.007999999999983
208,121,103.633,-11.848,-76.131,-11.896,0.0,3.7579999999999956
209,121,103.198,-11.852,-76.843,-10.873,0.0,3.6299999999999866
210,121,102.289,-10.757,-75.771,-11.124,0.0,4.636999999999995
211,121,97.224,-11.282,-75.383,-11.132,0.0,-0.572999999999988
212,121,102.166,-11.447,-74.584,-11.995,0.0,4.139999999999992
213,121,103.705,-11.076,-82.973,-6.675,0.0,2.980999999999992
214,121,106.132,-11.767,-82.237,-6.982,0.0,5.146000000000014
215,121,103.654,-12.099,-78.07,-9.785,0.0,3.6999999999999993
216,121,107.132,-11.458,-77.157,-10.187,0.0,8.33000000000001
217,121,102.815,-11.779,-81.569,-6.943,0.0,2.523999999999999
218,121,101.186,-10.354,-80.329,-7.453,0.0,3.050000000000014
219,121,112.556,-11.705,-81.163,-9.176,0.0,10.512000000000002
220,121,102.163,-10.971,-74.643,-12.524,0.0,4.024999999999993
221,121,102.467,-10.257,-76.13,-10.661,0.0,5.418999999999999
222,121,104.77,-11.741,-75.552,-12.563,0.0,4.913999999999989
223,121,100.636,-10.371,-76.568,-11.903,0.0,1.7940000000000023
224,121,107.708,-11.048,-76.562,-8.582,0.0,11.515999999999998
225,121,106.956,-9.454,-82.993,-6.004,0.0,8.505000000000015
226,121,103.602,-11.447,-77.41,-11.152,0.0,3.5930000000000053
227,121,107.277,-11.491,-76.128,-10.296,0.0,9.362000000000002
228,121,100.908,-11.76,-73.928,-13.52,0.0,1.6999999999999993
229,121,101.485,-10.558,-74.716,-10.985,0.0,5.225999999999999
230,121,99.302,-11.604,-75.38,-11.493,0.0,0.8250000000000117
231,121,100.177,-11.635,-75.351,-10.1,0.0,3.091000000000003
232,121,102.445,-11.432,-76.42,-10.699,0.0,3.8939999999999895
233,121,102.12,-10.749,-71.214,-12.04,0.0,8.117000000000012
234,121,103.414,-11.525,-74.667,-10.866,0.0,6.3559999999999945
235,121,101.721,-11.673,-75.091,-10.668,0.0,4.289000000000009
236,121,101.389,-11.036,-76.039,-11.696,0.0,2.617999999999993
237,121,100.976,-12.048,-77.745,-11.408,0.0,-0.22500000000000675
238,121,105.923,-11.543,-72.379,-14.074,0.0,7.926999999999991
239,121,103.253,-10.908,-74.937,-12.749,0.0,4.659000000000001
240,121,106.122,-11.401,-76.201,-12.336,0.0,6.18400000000001
241,121,105.786,-12.03,-76.689,-12.625,0.0,4.442000000000007
242,121,102.504,-12.404,-74.64,-13.387,0.0,2.0730000000000075
243,121,101.255,-12.001,-75.985,-9.008,0.0,4.260999999999992
244,121,100.466,-10.989,-82.158,-6.705,0.0,0.6139999999999883
245,121,113.345,-12.209,-80.089,-6.851,0.0,14.195999999999998
246,121,107.285,-11.927,-73.451,-12.234,0.0,9.67300000000001
247,121,100.775,-11.161,-75.024,-10.663,0.0,3.927000000000003
248,121,97.19,-12.002,-76.208,-8.543,0.0,0.4370000000000047
249,121,109.109,-11.599,-78.915,-11.803,0.0,6.791999999999984
250,121,98.689,-11.66,-76.109,-12.637,0.0,-1.7169999999999987
251,121,97.837,-11.166,-75.098,-12.73,0.0,-1.156999999999993
252,121,104.548,-11.4,-74.001,-12.31,0.0,6.836999999999991
253,121,97.809,-11.832,-76.069,-10.63,0.0,-0.7219999999999995
254,121,103.629,-12.21,-81.046,-7.728,0.0,2.645000000000005
255,121,103.386,-12.211,-74.204,-10.762,0.0,6.209000000000003
256,121,102.084,-12.178,-75.352,-12.101,0.0,2.453000000000001
257,121,103.432,-11.245,-77.22,-11.494,0.0,3.472999999999999
258,121,101.553,-11.601,-76.137,-12.031,0.0,1.7839999999999971
259,121,96.839,-12.613,-71.078,-14.002,0.0,-0.8540000000000045
260,121,104.718,-12.038,-72.529,-13.582,0.0,6.56900000000001
261,121,105.769,-10.998,-76.589,-13.672,0.0,4.510000000000002
262,121,103.068,-10.786,-77.329,-10.775,0.0,4.178000000000003
263,121,103.023,-10.932,-78.396,-7.052,0.0,6.642999999999994
264,121,105.504,-11.23,-75.624,-12.451,0.0,6.199000000000005
265,121,98.004,-11.159,-73.753,-11.862,0.0,1.2299999999999986
266,121,104.15,-9.584,-76.191,-12.247,0.0,6.128
267,121,105.032,-12.222,-75.855,-10.893,0.0,6.061999999999998
268,121,105.11,-11.753,-76.972,-12.267,0.0,4.118000000000006
269,121,100.755,-11.096,-74.832,-13.455,0.0,1.371999999999998
270,121,108.907,-11.629,-75.898,-12.502,0.0,8.877999999999995
271,121,107.851,-11.655,-76.645,-11.361,0.0,8.190000000000001
272,121,108.147,-11.595,-76.411,-11.493,0.0,8.648000000000005
273,121,102.032,-11.371,-77.547,-11.869,0.0,1.2450000000000045
274,121,101.536,-11.714,-76.357,-12.159,0.0,1.3060000000000027
275,121,104.161,-12.315,-75.084,-12.985,0.0,3.777000000000001
276,121,106.277,-10.697,-75.849,-12.242,0.0,7.488999999999994
277,121,102.719,-12.106,-73.375,-12.415,0.0,4.823
278,121,103.208,-10.712,-78.453,-10.715,0.0,3.3279999999999923
279,121,109.726,-11.292,-73.126,-13.719,0.0,11.588999999999993
280,121,103.264,-11.134,-77.824,-9.322,0.0,4.983999999999998
281,121,99.963,-10.587,-77.446,-10.884,0.0,1.0459999999999923
282,121,103.115,-11.74,-75.404,-13.467,0.0,2.504000000000003
283,121,97.191,-12.539,-76.412,-7.36,0.0,0.8799999999999946
284,121,99.645,-11.88,-74.769,-12.177,0.0,0.8189999999999955
285,121,106.697,-12.037,-72.675,-10.995,0.0,10.99
286,121,104.91,-12.194,-74.329,-12.35,0.0,6.037000000000001
287,121,102.118,-11.253,-76.609,-12.658,0.0,1.5980000000000008
288,121,98.724,-11.188,-73.567,-11.872,0.0,2.0970000000000084
289,121,101.348,-11.661,-74.261,-12.087,0.0,3.339000000000002
290,121,106.071,-11.548,-79.984,-12.071,0.0,2.4680000000000017
291,121,102.376,-10.579,-76.346,-11.356,0.0,4.0949999999999935
292,121,101.44,-10.866,-74.198,-11.843,0.0,4.533000000000005
293,121,99.806,-11.801,-78.465,-9.847,0.0,-0.3070000000000075
294,121,106.948,-10.878,-82.779,-8.176,0.0,5.114999999999997
295,121,107.514,-10.841,-84.229,-7.286,0.0,5.158000000000003
296,121,105.042,-11.02,-81.017,-6.76,0.0,6.24500000000001
297,121,104.531,-11.944,-80.68,-6.514,0.0,5.392999999999996
298,121,106.934,-11.172,-78.548,-9.891,0.0,7.322999999999999
299,121,106.102,-12.075,-82.64,-6.334,0.0,5.053000000000001
300,121,105.105,-11.873,-74.816,-13.119,0.0,5.296999999999997
301,121,105.264,-11.831,-76.81,-12.156,0.0,4.46699999999999
302,121,108.189,-11.345,-76.8,-12.652,0.0,7.391999999999998
303,121,106.971,-12.364,-75.669,-13.045,0.0,5.8930000000000025
304,121,102.086,-12.005,-74.925,-12.121,0.0,3.0350000000000055
305,121,100.182,-12.416,-77.97,-10.201,0.0,-0.40499999999999403
306,121,98.515,-11.413,-72.772,-11.277,0.0,3.052999999999999
307,121,110.543,-9.364,-77.284,-10.827,0.0,13.067999999999996
308,121,104.122,-12.292,-76.055,-12.444,0.0,3.3309999999999906
309,121,101.501,-11.714,-76.344,-10.875,0.0,2.568000000000012
310,121,103.483,-11.471,-77.759,-10.933,0.0,3.3200000000000003
311,121,100.642,-12.486,-77.458,-12.78,0.0,-2.082000000000006
312,121,104.204,-11.546,-75.454,-12.71,0.0,4.493999999999993
313,121,96.475,-11.105,-77.679,-12.103,0.0,-4.4120000000000115
314,121,99.439,-11.463,-70.727,-14.217,0.0,3.0319999999999947
315,121,99.267,-11.846,-75.655,-11.716,0.0,0.04999999999999183
316,121,102.908,-11.324,-76.023,-10.466,0.0,5.095000000000008
317,121,103.994,-11.228,-77.631,-10.818,0.0,4.3170000000000055
318,121,103.271,-12.115,-77.662,-10.925,0.0,2.568999999999999
319,121,102.017,-11.854,-75.556,-12.003,0.0,2.603999999999999
320,121,103.73,-11.833,-76.588,-13.254,0.0,2.055000000000012
321,121,108.937,-10.897,-75.219,-12.773,0.0,10.047999999999998
322,121,104.741,-11.244,-76.493,-11.721,0.0,5.283000000000005
323,121,104.727,-10.344,-80.127,-9.393,0.0,4.863000000000014
324,121,111.073,-11.246,-77.781,-11.716,0.0,10.329999999999993
325,121,105.531,-10.881,-84.606,-5.473,0.0,4.571000000000011
326,121,104.882,-12.065,-75.256,-11.863,0.0,5.6980000000000075
327,121,101.927,-11.54,-76.203,-13.294,0.0,0.889999999999997
328,121,98.014,-10.359,-76.209,-12.557,0.0,-1.1110000000000024
329,121,101.69,-11.943,-74.364,-11.42,0.0,3.9629999999999956
330,121,100.628,-12.248,-77.05,-10.76,0.0,0.5699999999999985
331,121,99.968,-11.741,-76.134,-11.012,0.0,1.081000000000003
332,121,102.329,-12.076,-74.891,-11.431,0.0,3.9309999999999814
333,121,103.214,-11.085,-76.812,-11.802,0.0,3.5149999999999935
334,121,98.832,-10.746,-75.67,-11.322,0.0,1.0939999999999976
335,121,102.82,-12.353,-73.957,-11.097,0.0,5.413000000000006
336,121,102.885,-11.387,-79.908,-6.217,0.0,5.373000000000004
337,121,102.456,-10.194,-77.964,-10.885,0.0,3.413000000000002
338,121,100.753,-12.189,-76.135,-11.628,0.0,0.8009999999999877
339,121,97.874,-12.018,-73.106,-11.689,0.0,1.061
340,121,109.086,-11.441,-77.044,-11.958,0.0,8.642999999999999
341,121,102.65,-12.525,-77.98,-10.908,0.0,1.2369999999999965
342,121,99.928,-9.892,-78.63,-11.133,0.0,0.2730000000000068
343,121,101.262,-10.96,-78.718,-10.312,0.0,1.2719999999999896
344,121,102.278,-11.199,-77.566,-10.803,0.0,2.7100000000000044
345,121,100.984,-12.438,-76.2,-9.459,0.0,2.88699999999999
346,121,104.376,-10.225,-76.287,-14.324,0.0,3.5400000000000045
347,121,98.519,-11.678,-75.346,-11.579,0.0,-0.08399999999999608
348,121,109.25,-10.828,-78.766,-11.283,0.0,8.372999999999992
349,121,111.129,-11.456,-76.71,-10.276,0.0,12.687000000000008
350,121,111.154,-11.736,-75.487,-11.24,0.0,12.690999999999997
351,121,108.017,-11.314,-73.65,-14.27,0.0,8.782999999999998
352,121,109.403,-11.232,-79.339,-10.172,0.0,8.660000000000007
353,121,98.648,-11.968,-72.927,-11.869,0.0,1.8839999999999861
354,121,99.929,-11.697,-77.894,-10.299,0.0,0.03899999999999437
355,121,110.196,-11.498,-77.504,-10.88,0.0,10.313999999999988
356,121,102.764,-11.79,-75.712,-11.79,0.0,3.471999999999987
357,121,98.733,-12.047,-75.827,-11.909,0.0,-1.0499999999999918
358,121,105.031,-11.638,-76.323,-11.958,0.0,5.112000000000007
359,121,105.515,-11.402,-76.753,-10.939,0.0,6.420999999999999
360,121,100.696,-11.652,-76.116,-11.672,0.0,1.2559999999999967
361,121,103.825,-11.225,-72.826,-11.055,0.0,8.719000000000015
362,121,107.229,-11.398,-75.173,-11.51,0.0,9.148000000000001
363,121,102.659,-10.666,-77.719,-10.481,0.0,3.7930000000000152
364,121,100.786,-11.725,-75.559,-8.808,0.0,4.69400000000001
365,121,108.42,-8.619,-78.392,-12.125,0.0,9.284000000000006
366,121,99.433,-12.676,-74.728,-8.808,0.0,3.2210000000000107
367,121,101.488,-10.838,-82.037,-7.19,0.0,1.4229999999999992
368,121,97.996,-10.997,-76.485,-11.715,0.0,-1.201000000000004
369,121,107.527,-11.338,-76.362,-9.833,0.0,9.994000000000012
370,121,104.664,-10.088,-77.67,-11.043,0.0,5.863000000000007
371,121,106.149,-12.008,-75.616,-12.299,0.0,6.226000000000006
372,121,103.89,-11.607,-78.972,-10.989,0.0,2.3220000000000063
373,121,108.602,-12.61,-80.421,-10.506,0.0,5.064999999999998
374,121,104.851,-11.344,-80.965,-9.579,0.0,2.963000000000001
375,121,100.928,-10.282,-77.0,-10.159,0.0,3.487
376,121,97.765,-11.237,-75.209,-11.846,0.0,-0.5269999999999975
377,121,101.098,-10.894,-76.791,-10.221,0.0,3.1919999999999966
378,121,107.093,-10.341,-75.72,-11.996,0.0,9.03600000000001
379,121,101.693,-10.819,-76.135,-11.175,0.0,3.5639999999999894
380,121,107.578,-11.983,-75.649,-13.189,0.0,6.756999999999998
381,121,100.43,-11.792,-75.82,-12.89,0.0,-0.07199999999998852
382,121,102.967,-11.458,-75.225,-12.089,0.0,4.195000000000006
383,121,106.578,-11.477,-75.517,-12.212,0.0,7.372000000000003
384,121,108.74,-12.026,-73.63,-13.112,0.0,9.972000000000003
385,121,101.531,-12.406,-74.767,-12.599,0.0,1.759000000000004
386,121,102.353,-11.778,-72.598,-12.657,0.0,5.31999999999999
387,121,102.983,-11.162,-75.082,-13.16,0.0,3.579000000000004
388,121,107.694,-11.37,-76.979,-12.347,0.0,6.997999999999999
389,121,110.219,-10.583,-74.596,-12.737,0.0,12.302999999999992
390,121,107.484,-10.586,-78.213,-11.508,0.0,7.177000000000003
391,121,104.195,-12.465,-78.018,-8.999,0.0,4.7129999999999885
392,121,101.768,-11.253,-74.692,-11.205,0.0,4.618000000000007
393,121,107.347,-12.055,-73.03,-11.72,0.0,10.542
394,121,109.166,-10.806,-79.24,-12.341,0.0,6.779000000000005
395,121,105.279,-12.016,-76.558,-10.268,0.0,6.436999999999983
396,121,101.529,-12.104,-75.514,-10.481,0.0,3.4300000000000015
397,121,105.027,-12.326,-80.959,-6.896,0.0,4.84599999999999
398,121,107.597,-11.348,-76.62,-11.09,0.0,8.53899999999999
399,121,99.613,-11.538,-76.333,-12.177,0.0,-0.43499999999999517
400,121,105.322,-11.135,-78.788,-10.471,0.0,4.928000000000001
401,121,109.913,-12.238,-76.101,-10.138,0.0,11.435999999999998

Backbone Energy Decomposition:
Frame #,Residue,Internal,van der Waals,Electrostatic,Polar Solvation,Non-Polar Solv.,TOTAL
1,121,0.0,0.0,0.0,0.0,0.0,0.0
2,121,0.0,0.0,0.0,0.0,0.0,0.0
3,121,0.0,0.0,0.0,0.0,0.0,0.0
4,121,0.0,0.0,0.0,0.0,0.0,0.0
5,121,0.0,0.0,0.0,0.0,0.0,0.0
6,121,0.0,0.0,0.0,0.0,0.0,0.0
7,121,0.0,0.0,0.0,0.0,0.0,0.0
8,121,0.0,0.0,0.0,0.0,0.0,0.0
9,121,0.0,0.0,0.0,0.0,0.0,0.0
10,121,0.0,0.0,0.0,0.0,0.0,0.0
11,121,0.0,0.0,0.0,0.0,0.0,0.0
12,121,0.0,0.0,0.0,0.0,0.0,0.0
13,121,0.0,0.0,0.0,0.0,0.0,0.0
14,121,0.0,0.0,0.0,0.0,0.0,0.0
15,121,0.0,0.0,0.0,0.0,0.0,0.0
16,121,0.0,0.0,0.0,0.0,0.0,0.0
17,121,0.0,0.0,0.0,0.0,0.0,0.0
18,121,0.0,0.0,0.0,0.0,0.0,0.0
19,121,0.0,0.0,0.0,0.0,0.0,0.0
20,121,0.0,0.0,0.0,0.0,0.0,0.0
21,121,0.0,0.0,0.0,0.0,0.0,0.0
22,121,0.0,0.0,0.0,0.0,0.0,0.0
23,121,0.0,0.0,0.0,0.0,0.0,0.0
24,121,0.0,0.0,0.0,0.0,0.0,0.0
25,121,0.0,0.0,0.0,0.0,0.0,0.0
26,121,0.0,0.0,0.0,0.0,0.0,0.0
27,121,0.0,0.0,0.0,0.0,0.0,0.0
28,121,0.0,0.0,0.0,0.0,0.0,0.0
29,121,0.0,0.0,0.0,0.0,0.0,0.0
30,121,0.0,0.0,0.0,0.0,0.0,0.0
31,121,0.0,0.0,0.0,0.0,0.0,0.0
32,121,0.0,0.0,0.0,0.0,0.0,0.0
33,121,0.0,0.0,0.0,0.0,0.0,0.0
34,121,0.0,0.0,0.0,0.0,0.0,0.0
35,121,0.0,0.0,0.0,0.0,0.0,0.0
36,121,0.0,0.0,0.0,0.0,0.0,0.0
37,121,0.0,0.0,0.0,0.0,0.0,0.0
38,121,0.0,0.0,0.0,0.0,0.0,0.0
39,121,0.0,0.0,0.0,0.0,0.0,0.0
40,121,0.0,0.0,0.0,0.0,0.0,0.0
41,121,0.0,0.0,0.0,0.0,0.0,0.0
42,121,0.0,0.0,0.0,0.0,0.0,0.0
43,121,0.0,0.0,0.0,0.0,0.0,0.0
44,121,0.0,0.0,0.0,0.0,0.0,0.0
45,121,0.0,0.0,0.0,0.0,0.0,0.0
46,121,0.0,0.0,0.0,0.0,0.0,0.0
47,121,0.0,0.0,0.0,0.0,0.0,0.0
48,121,0.0,0.0,0.0,0.0,0.0,0.0
49,121,0.0,0.0,0.0,0.0,0.0,0.0
50,121,0.0,0.0,0.0,0.0,0.0,0.0
51,121,0.0,0.0,0.0,0.0,0.0,0.0
52,121,0.0,0.0,0.0,0.0,0.0,0.0
53,121,0.0,0.0,0.0,0.0,0.0,0.0
54,121,0.0,0.0,0.0,0.0,0.0,0.0
55,121,0.0,0.0,0.0,0.0,0.0,0.0
56,121,0.0,0.0,0.0,0.0,0.0,0.0
57,121,0.0,0.0,0.0,0.0,0.0,0.0
58,121,0.0,0.0,0.0,0.0,0.0,0.0
59,121,0.0,0.0,0.0,0.0,0.0,0.0
60,121,0.0,0.0,0.0,0.0,0.0,0.0
61,121,0.0,0.0,0.0,0.0,0.0,0.0
62,121,0.0,0.0,0.0,0.0,0.0,0.0
63,121,0.0,0.0,0.0,0.0,0.0,0.0
64,121,0.0,0.0,0.0,0.0,0.0,0.0
65,121,0.0,0.0,0.0,0.0,0.0,0.0
66,121,0.0,0.0,0.0,0.0,0.0,0.0
67,121,0.0,0.0,0.0,0.0,0.0,0.0
68,121,0.0,0.0,0.0,0.0,0.0,0.0
69,121,0.0,0.0,0.0,0.0,0.0,0.0
70,121,0.0,0.0,0.0,0.0,0.0,0.0
71,121,0.0,0.0,0.0,0.0,0.0,0.0
72,121,0.0,0.0,0.0,0.0,0.0,0.0
73,121,0.0,0.0,0.0,0.0,0.0,0.0
74,121,0.0,0.0,0.0,0.0,0.0,0.0
75,121,0.0,0.0,0.0,0.0,0.0,0.0
76,121,0.0,0.0,0.0,0.0,0.0,0.0
77,121,0.0,0.0,0.0,0.0,0.0,0.0
78,121,0.0,0.0,0.0,0.0,0.0,0.0
79,121,0.0,0.0,0.0,0.0,0.0,0.0
80,121,0.0,0.0,0.0,0.0,0.0,0.0
81,121,0.0,0.0,0.0,0.0,0.0,0.0
82,121,0.0,0.0,0.0,0.0,0.0,0.0
83,121,0.0,0.0,0.0,0.0,0.0,0.0
84,121,0.0,0.0,0.0,0.0,0.0,0.0
85,121,0.0,0.0,0.0,0.0,0.0,0.0
86,121,0.0,0.0,0.0,0.0,0.0,0.0
87,121,0.0,0.0,0.0,0.0,0.0,0.0
88,121,0.0,0.0,0.0,0.0,0.0,0.0
89,121,0.0,0.0,0.0,0.0,0.0,0.0
90,121,0.0,0.0,0.0,0.0,0.0,0.0
91,121,0.0,0.0,0.0,0.0,0.0,0.0
92,121,0.0,0.0,0.0,0.0,0.0,0.0
93,121,0.0,0.0,0.0,0.0,0.0,0.0
94,121,0.0,0.0,0.0,0.0,0.0,0.0
95,121,0.0,0.0,0.0,0.0,0.0,0.0
96,121,0.0,0.0,0.0,0.0,0.0,0.0
97,121,0.0,0.0,0.0,0.0,0.0,0.0
98,121,0.0,0.0,0.0,0.0,0.0,0.0
99,121,0.0,0.0,0.0,0.0,0.0,0.0
100,121,0.0,0.0,0.0,0.0,0.0,0.0
101,121,0.0,0.0,0.0,0.0,0.0,0.0
102,121,0.0,0.0,0.0,0.0,0.0,0.0
103,121,0.0,0.0,0.0,0.0,0.0,0.0
104,121,0.0,0.0,0.0,0.0,0.0,0.0
105,121,0.0,0.0,0.0,0.0,0.0,0.0
106,121,0.0,0.0,0.0,0.0,0.0,0.0
107,121,0.0,0.0,0.0,0.0,0.0,0.0
108,121,0.0,0.0,0.0,0.0,0.0,0.0
109,121,0.0,0.0,0.0,0.0,0.0,0.0
110,121,0.0,0.0,0.0,0.0,0.0,0.0
111,121,0.0,0.0,0.0,0.0,0.0,0.0
112,121,0.0,0.0,0.0,0.0,0.0,0.0
113,121,0.0,0.0,0.0,0.0,0.0,0.0
114,121,0.0,0.0,0.0,0.0,0.0,0.0
115,121,0.0,0.0,0.0,0.0,0.0,0.0
116,121,0.0,0.0,0.0,0.0,0.0,0.0
117,121,0.0,0.0,0.0,0.0,0.0,0.0
118,121,0.0,0.0,0.0,0.0,0.0,0.0
119,121,0.0,0.0,0.0,0.0,0.0,0.0
120,121,0.0,0.0,0.0,0.0,0.0,0.0
121,121,0.0,0.0,0.0,0.0,0.0,0.0
122,121,0.0,0.0,0.0,0.0,0.0,0.0
123,121,0.0,0.0,0.0,0.0,0.0,0.0
124,121,0.0,0.0,0.0,0.0,0.0,0.0
125,121,0.0,0.0,0.0,0.0,0.0,0.0
126,121,0.0,0.0,0.0,0.0,0.0,0.0
127,121,0.0,0.0,0.0,0.0,0.0,0.0
128,121,0.0,0.0,0.0,0.0,0.0,0.0
129,121,0.0,0.0,0.0,0.0,0.0,0.0
130,121,0.0,0.0,0.0,0.0,0.0,0.0
131,121,0.0,0.0,0.0,0.0,0.0,0.0
132,121,0.0,0.0,0.0,0.0,0.0,0.0
133,121,0.0,0.0,0.0,0.0,0.0,0.0
134,121,0.0,0.0,0.0,0.0,0.0,0.0
135,121,0.0,0.0,0.0,0.0,0.0,0.0
136,121,0.0,0.0,0.0,0.0,0.0,0.0
137,121,0.0,0.0,0.0,0.0,0.0,0.0
138,121,0.0,0.0,0.0,0.0,0.0,0.0
139,121,0.0,0.0,0.0,0.0,0.0,0.0
140,121,0.0,0.0,0.0,0.0,0.0,0.0
141,121,0.0,0.0,0.0,0.0,0.0,0.0
142,121,0.0,0.0,0.0,0.0,0.0,0.0
143,121,0.0,0.0,0.0,0.0,0.0,0.0
144,121,0.0,0.0,0.0,0.0,0.0,0.0
145,121,0.0,0.0,0.0,0.0,0.0,0.0
146,121,0.0,0.0,0.0,0.0,0.0,0.0
147,121,0.0,0.0,0.0,0.0,0.0,0.0
148,121,0.0,0.0,0.0,0.0,0.0,0.0
149,121,0.0,0.0,0.0,0.0,0.0,0.0
150,121,0.0,0.0,0.0,0.0,0.0,0.0
151,121,0.0,0.0,0.0,0.0,0.0,0.0
152,121,0.0,0.0,0.0,0.0,0.0,0.0
153,121,0.0,0.0,0.0,0.0,0.0,0.0
154,121,0.0,0.0,0.0,0.0,0.0,0.0
155,121,0.0,0.0,0.0,0.0,0.0,0.0
156,121,0.0,0.0,0.0,0.0,0.0,0.0
157,121,0.0,0.0,0.0,0.0,0.0,0.0
158,121,0.0,0.0,0.0,0.0,0.0,0.0
159,121,0.0,0.0,0.0,0.0,0.0,0.0
160,121,0.0,0.0,0.0,0.0,0.0,0.0
161,121,0.0,0.0,0.0,0.0,0.0,0.0
162,121,0.0,0.0,0.0,0.0,0.0,0.0
163,121,0.0,0.0,0.0,0.0,0.0,0.0
164,121,0.0,0.0,0.0,0.0,0.0,0.0
165,121,0.0,0.0,0.0,0.0,0.0,0.0
166,121,0.0,0.0,0.0,0.0,0.0,0.0
167,121,0.0,0.0,0.0,0.0,0.0,0.0
168,121,0.0,0.0,0.0,0.0,0.0,0.0
169,121,0.0,0.0,0.0,0.0,0.0,0.0
170,121,0.0,0.0,0.0,0.0,0.0,0.0
171,121,0.0,0.0,0.0,0.0,0.0,0.0
172,121,0.0,0.0,0.0,0.0,0.0,0.0
173,121,0.0,0.0,0.0,0.0,0.0,0.0
174,121,0.0,0.0,0.0,0.0,0.0,0.0
175,121,0.0,0.0,0.0,0.0,0.0,0.0
176,121,0.0,0.0,0.0,0.0,0.0,0.0
177,121,0.0,0.0,0.0,0.0,0.0,0.0
178,121,0.0,0.0,0.0,0.0,0.0,0.0
179,121,0.0,0.0,0.0,0.0,0.0,0.0
180,121,0.0,0.0,0.0,0.0,0.0,0.0
181,121,0.0,0.0,0.0,0.0,0.0,0.0
182,121,0.0,0.0,0.0,0.0,0.0,0.0
183,121,0.0,0.0,0.0,0.0,0.0,0.0
184,121,0.0,0.0,0.0,0.0,0.0,0.0
185,121,0.0,0.0,0.0,0.0,0.0,0.0
186,121,0.0,0.0,0.0,0.0,0.0,0.0
187,121,0.0,0.0,0.0,0.0,0.0,0.0
188,121,0.0,0.0,0.0,0.0,0.0,0.0
189,121,0.0,0.0,0.0,0.0,0.0,0.0
190,121,0.0,0.0,0.0,0.0,0.0,0.0
191,121,0.0,0.0,0.0,0.0,0.0,0.0
192,121,0.0,0.0,0.0,0.0,0.0,0.0
193,121,0.0,0.0,0.0,0.0,0.0,0.0
194,121,0.0,0.0,0.0,0.0,0.0,0.0
195,121,0.0,0.0,0.0,0.0,0.0,0.0
196,121,0.0,0.0,0.0,0.0,0.0,0.0
197,121,0.0,0.0,0.0,0.0,0.0,0.0
198,121,0.0,0.0,0.0,0.0,0.0,0.0
199,121,0.0,0.0,0.0,0.0,0.0,0.0
200,121,0.0,0.0,0.0,0.0,0.0,0.0
201,121,0.0,0.0,0.0,0.0,0.0,0.0
202,121,0.0,0.0,0.0,0.0,0.0,0.0
203,121,0.0,0.0,0.0,0.0,0.0,0.0
204,121,0.0,0.0,0.0,0.0,0.0,0.0
205,121,0.0,0.0,0.0,0.0,0.0,0.0
206,121,0.0,0.0,0.0,0.0,0.0,0.0
207,121,0.0,0.0,0.0,0.0,0.0,0.0
208,121,0.0,0.0,0.0,0.0,0.0,0.0
209,121,0.0,0.0,0.0,0.0,0.0,0.0
210,121,0.0,0.0,0.0,0.0,0.0,0.0
211,121,0.0,0.0,0.0,0.0,0.0,0.0
212,121,0.0,0.0,0.0,0.0,0.0,0.0
213,121,0.0,0.0,0.0,0.0,0.0,0.0
214,121,0.0,0.0,0.0,0.0,0.0,0.0
215,121,0.0,0.0,0.0,0.0,0.0,0.0
216,121,0.0,0.0,0.0,0.0,0.0,0.0
217,121,0.0,0.0,0.0,0.0,0.0,0.0
218,121,0.0,0.0,0.0,0.0,0.0,0.0
219,121,0.0,0.0,0.0,0.0,0.0,0.0
220,121,0.0,0.0,0.0,0.0,0.0,0.0
221,121,0.0,0.0,0.0,0.0,0.0,0.0
222,121,0.0,0.0,0.0,0.0,0.0,0.0
223,121,0.0,0.0,0.0,0.0,0.0,0.0
224,121,0.0,0.0,0.0,0.0,0.0,0.0
225,121,0.0,0.0,0.0,0.0,0.0,0.0
226,121,0.0,0.0,0.0,0.0,0.0,0.0
227,121,0.0,0.0,0.0,0.0,0.0,0.0
228,121,0.0,0.0,0.0,0.0,0.0,0.0
229,121,0.0,0.0,0.0,0.0,0.0,0.0
230,121,0.0,0.0,0.0,0.0,0.0,0.0
231,121,0.0,0.0,0.0,0.0,0.0,0.0
232,121,0.0,0.0,0.0,0.0,0.0,0.0
233,121,0.0,0.0,0.0,0.0,0.0,0.0
234,121,0.0,0.0,0.0,0.0,0.0,0.0
235,121,0.0,0.0,0.0,0.0,0.0,0.0
236,121,0.0,0.0,0.0,0.0,0.0,0.0
237,121,0.0,0.0,0.0,0.0,0.0,0.0
238,121,0.0,0.0,0.0,0.0,0.0,0.0
239,121,0.0,0.0,0.0,0.0,0.0,0.0
240,121,0.0,0.0,0.0,0.0,0.0,0.0
241,121,0.0,0.0,0.0,0.0,0.0,0.0
242,121,0.0,0.0,0.0,0.0,0.0,0.0
243,121,0.0,0.0,0.0,0.0,0.0,0.0
244,121,0.0,0.0,0.0,0.0,0.0,0.0
245,121,0.0,0.0,0.0,0.0,0.0,0.0
246,121,0.0,0.0,0.0,0.0,0.0,0.0
247,121,0.0,0.0,0.0,0.0,0.0,0.0
248,121,0.0,0.0,0.0,0.0,0.0,0.0
249,121,0.0,0.0,0.0,0.0,0.0,0.0
250,121,0.0,0.0,0.0,0.0,0.0,0.0
251,121,0.0,0.0,0.0,0.0,0.0,0.0
252,121,0.0,0.0,0.0,0.0,0.0,0.0
253,121,0.0,0.0,0.0,0.0,0.0,0.0
254,121,0.0,0.0,0.0,0.0,0.0,0.0
255,121,0.0,0.0,0.0,0.0,0.0,0.0
256,121,0.0,0.0,0.0,0.0,0.0,0.0
257,121,0.0,0.0,0.0,0.0,0.0,0.0
258,121,0.0,0.0,0.0,0.0,0.0,0.0
259,121,0.0,0.0,0.0,0.0,0.0,0.0
260,121,0.0,0.0,0.0,0.0,0.0,0.0
261,121,0.0,0.0,0.0,0.0,0.0,0.0
262,121,0.0,0.0,0.0,0.0,0.0,0.0
263,121,0.0,0.0,0.0,0.0,0.0,0.0
264,121,0.0,0.0,0.0,0.0,0.0,0.0
265,121,0.0,0.0,0.0,0.0,0.0,0.0
266,121,0.0,0.0,0.0,0.0,0.0,0.0
267,121,0.0,0.0,0.0,0.0,0.0,0.0
268,121,0.0,0.0,0.0,0.0,0.0,0.0
269,121,0.0,0.0,0.0,0.0,0.0,0.0
270,121,0.0,0.0,0.0,0.0,0.0,0.0
271,121,0.0,0.0,0.0,0.0,0.0,0.0
272,121,0.0,0.0,0.0,0.0,0.0,0.0
273,121,0.0,0.0,0.0,0.0,0.0,0.0
274,121,0.0,0.0,0.0,0.0,0.0,0.0
275,121,0.0,0.0,0.0,0.0,0.0,0.0
276,121,0.0,0.0,0.0,0.0,0.0,0.0
277,121,0.0,0.0,0.0,0.0,0.0,0.0
278,121,0.0,0.0,0.0,0.0,0.0,0.0
279,121,0.0,0.0,0.0,0.0,0.0,0.0
280,121,0.0,0.0,0.0,0.0,0.0,0.0
281,121,0.0,0.0,0.0,0.0,0.0,0.0
282,121,0.0,0.0,0.0,0.0,0.0,0.0
283,121,0.0,0.0,0.0,0.0,0.0,0.0
284,121,0.0,0.0,0.0,0.0,0.0,0.0
285,121,0.0,0.0,0.0,0.0,0.0,0.0
286,121,0.0,0.0,0.0,0.0,0.0,0.0
287,121,0.0,0.0,0.0,0.0,0.0,0.0
288,121,0.0,0.0,0.0,0.0,0.0,0.0
289,121,0.0,0.0,0.0,0.0,0.0,0.0
290,121,0.0,0.0,0.0,0.0,0.0,0.0
291,121,0.0,0.0,0.0,0.0,0.0,0.0
292,121,0.0,0.0,0.0,0.0,0.0,0.0
293,121,0.0,0.0,0.0,0.0,0.0,0.0
294,121,0.0,0.0,0.0,0.0,0.0,0.0
295,121,0.0,0.0,0.0,0.0,0.0,0.0
296,121,0.0,0.0,0.0,0.0,0.0,0.0
297,121,0.0,0.0,0.0,0.0,0.0,0.0
298,121,0.0,0.0,0.0,0.0,0.0,0.0
299,121,0.0,0.0,0.0,0.0,0.0,0.0
300,121,0.0,0.0,0.0,0.0,0.0,0.0
301,121,0.0,0.0,0.0,0.0,0.0,0.0
302,121,0.0,0.0,0.0,0.0,0.0,0.0
303,121,0.0,0.0,0.0,0.0,0.0,0.0
304,121,0.0,0.0,0.0,0.0,0.0,0.0
305,121,0.0,0.0,0.0,0.0,0.0,0.0
306,121,0.0,0.0,0.0,0.0,0.0,0.0
307,121,0.0,0.0,0.0,0.0,0.0,0.0
308,121,0.0,0.0,0.0,0.0,0.0,0.0
309,121,0.0,0.0,0.0,0.0,0.0,0.0
310,121,0.0,0.0,0.0,0.0,0.0,0.0
311,121,0.0,0.0,0.0,0.0,0.0,0.0
312,121,0.0,0.0,0.0,0.0,0.0,0.0
313,121,0.0,0.0,0.0,0.0,0.0,0.0
314,121,0.0,0.0,0.0,0.0,0.0,0.0
315,121,0.0,0.0,0.0,0.0,0.0,0.0
316,121,0.0,0.0,0.0,0.0,0.0,0.0
317,121,0.0,0.0,0.0,0.0,0.0,0.0
318,121,0.0,0.0,0.0,0.0,0.0,0.0
319,121,0.0,0.0,0.0,0.0,0.0,0.0
320,121,0.0,0.0,0.0,0.0,0.0,0.0
321,121,0.0,0.0,0.0,0.0,0.0,0.0
322,121,0.0,0.0,0.0,0.0,0.0,0.0
323,121,0.0,0.0,0.0,0.0,0.0,0.0
324,121,0.0,0.0,0.0,0.0,0.0,0.0
325,121,0.0,0.0,0.0,0.0,0.0,0.0
326,121,0.0,0.0,0.0,0.0,0.0,0.0
327,121,0.0,0.0,0.0,0.0,0.0,0.0
328,121,0.0,0.0,0.0,0.0,0.0,0.0
329,121,0.0,0.0,0.0,0.0,0.0,0.0
330,121,0.0,0.0,0.0,0.0,0.0,0.0
331,121,0.0,0.0,0.0,0.0,0.0,0.0
332,121,0.0,0.0,0.0,0.0,0.0,0.0
333,121,0.0,0.0,0.0,0.0,0.0,0.0
334,121,0.0,0.0,0.0,0.0,0.0,0.0
335,121,0.0,0.0,0.0,0.0,0.0,0.0
336,121,0.0,0.0,0.0,0.0,0.0,0.0
337,121,0.0,0.0,0.0,0.0,0.0,0.0
338,121,0.0,0.0,0.0,0.0,0.0,0.0
339,121,0.0,0.0,0.0,0.0,0.0,0.0
340,121,0.0,0.0,0.0,0.0,0.0,0.0
341,121,0.0,0.0,0.0,0.0,0.0,0.0
342,121,0.0,0.0,0.0,0.0,0.0,0.0
343,121,0.0,0.0,0.0,0.0,0.0,0.0
344,121,0.0,0.0,0.0,0.0,0.0,0.0
345,121,0.0,0.0,0.0,0.0,0.0,0.0
346,121,0.0,0.0,0.0,0.0,0.0,0.0
347,121,0.0,0.0,0.0,0.0,0.0,0.0
348,121,0.0,0.0,0.0,0.0,0.0,0.0
349,121,0.0,0.0,0.0,0.0,0.0,0.0
350,121,0.0,0.0,0.0,0.0,0.0,0.0
351,121,0.0,0.0,0.0,0.0,0.0,0.0
352,121,0.0,0.0,0.0,0.0,0.0,0.0
353,121,0.0,0.0,0.0,0.0,0.0,0.0
354,121,0.0,0.0,0.0,0.0,0.0,0.0
355,121,0.0,0.0,0.0,0.0,0.0,0.0
356,121,0.0,0.0,0.0,0.0,0.0,0.0
357,121,0.0,0.0,0.0,0.0,0.0,0.0
358,121,0.0,0.0,0.0,0.0,0.0,0.0
359,121,0.0,0.0,0.0,0.0,0.0,0.0
360,121,0.0,0.0,0.0,0.0,0.0,0.0
361,121,0.0,0.0,0.0,0.0,0.0,0.0
362,121,0.0,0.0,0.0,0.0,0.0,0.0
363,121,0.0,0.0,0.0,0.0,0.0,0.0
364,121,0.0,0.0,0.0,0.0,0.0,0.0
365,121,0.0,0.0,0.0,0.0,0.0,0.0
366,121,0.0,0.0,0.0,0.0,0.0,0.0
367,121,0.0,0.0,0.0,0.0,0.0,0.0
368,121,0.0,0.0,0.0,0.0,0.0,0.0
369,121,0.0,0.0,0.0,0.0,0.0,0.0
370,121,0.0,0.0,0.0,0.0,0.0,0.0
371,121,0.0,0.0,0.0,0.0,0.0,0.0
372,121,0.0,0.0,0.0,0.0,0.0,0.0
373,121,0.0,0.0,0.0,0.0,0.0,0.0
374,121,0.0,0.0,0.0,0.0,0.0,0.0
375,121,0.0,0.0,0.0,0.0,0.0,0.0
376,121,0.0,0.0,0.0,0.0,0.0,0.0
377,121,0.0,0.0,0.0,0.0,0.0,0.0
378,121,0.0,0.0,0.0,0.0,0.0,0.0
379,121,0.0,0.0,0.0,0.0,0.0,0.0
380,121,0.0,0.0,0.0,0.0,0.0,0.0
381,121,0.0,0.0,0.0,0.0,0.0,0.0
382,121,0.0,0.0,0.0,0.0,0.0,0.0
383,121,0.0,0.0,0.0,0.0,0.0,0.0
384,121,0.0,0.0,0.0,0.0,0.0,0.0
385,121,0.0,0.0,0.0,0.0,0.0,0.0
386,121,0.0,0.0,0.0,0.0,0.0,0.0
387,121,0.0,0.0,0.0,0.0,0.0,0.0
388,121,0.0,0.0,0.0,0.0,0.0,0.0
389,121,0.0,0.0,0.0,0.0,0.0,0.0
390,121,0.0,0.0,0.0,0.0,0.0,0.0
391,121,0.0,0.0,0.0,0.0,0.0,0.0
392,121,0.0,0.0,0.0,0.0,0.0,0.0
393,121,0.0,0.0,0.0,0.0,0.0,0.0
394,121,0.0,0.0,0.0,0.0,0.0,0.0
395,121,0.0,0.0,0.0,0.0,0.0,0.0
396,121,0.0,0.0,0.0,0.0,0.0,0.0
397,121,0.0,0.0,0.0,0.0,0.0,0.0
398,121,0.0,0.0,0.0,0.0,0.0,0.0
399,121,0.0,0.0,0.0,0.0,0.0,0.0
400,121,0.0,0.0,0.0,0.0,0.0,0.0
401,121,0.0,0.0,0.0,0.0,0.0,0.0

