GENERALIZED BORN:
Frame #,BOND,ANGLE,DIHED,UB,IMP,CMAP,VDWAALS,EEL,1-4 VDW,1-4 EEL,EGB,ESURF,ESCF,G gas,G solv,TOTAL
0,501.2001,1459.2282,-1118.9006,0.0,0.0,0.0,-1267.0636,-16062.4421,581.1786,11569.3086,-1905.5343,58.215317039999995,19.4183,-4337.4908,-1847.31898296,-6165.39148296
1,478.1652,1378.4499,-1084.6289,0.0,0.0,0.0,-1242.3682,-15980.9739,609.468,11521.7262,-1945.5527,58.45549032,-0.1357,-4320.161700000002,-1887.0972096799999,-6207.394609680003
2,493.8719,1390.4946,-1088.2343,0.0,0.0,0.0,-1265.2417,-15911.7434,611.8647,11543.3534,-2017.5221,58.0723848,22.5578,-4225.6348,-1959.4497152,-6162.526715200001
3,515.2039,1498.8185,-1090.6715,0.0,0.0,0.0,-1251.7034,-15847.1641,581.8059,11429.032,-1972.0678,58.369085999999996,18.7754,-4164.6787,-1913.698714,-6059.602014
4,499.0677,1435.9829,-1108.7415,0.0,0.0,0.0,-1260.3549,-15810.1503,586.301,11537.6822,-2078.2214,58.81788792,6.4871,-4120.2129,-2019.40351208,-6133.12931208
5,507.8853,1462.6912,-1086.6195,0.0,0.0,0.0,-1258.1952,-15753.7852,604.0118,11513.21,-2140.814,59.51284632,10.6315,-4010.8016000000007,-2081.30115368,-6081.471253680001
6,529.4419,1450.6343,-1084.5902,0.0,0.0,0.0,-1255.0015,-15784.0372,598.3694,11481.5998,-2063.5686,59.620819680000004,9.1657,-4063.5835000000006,-2003.94778032,-6058.365580320002
7,495.6277,1394.803,-1115.6113,0.0,0.0,0.0,-1249.9034,-15734.2723,616.0482,11530.74,-2174.5023,58.9173552,17.7143,-4062.5681000000004,-2115.5849448,-6160.438744800001
8,481.0228,1421.0624,-1102.2936,0.0,0.0,0.0,-1285.0723,-15956.9866,610.3016,11589.4555,-1960.4198,55.44982296,17.1863,-4242.510199999999,-1904.96997704,-6130.293877039998
9,526.3532,1396.7346,-1090.0181,0.0,0.0,0.0,-1272.5517,-15892.6574,595.9676,11487.2524,-1951.1109,56.50987823999999,14.6053,-4248.919400000001,-1894.6010217599999,-6128.91512176
10,542.45,1430.1589,-1089.1021,0.0,0.0,0.0,-1270.2931,-15867.1104,601.6313,11516.3214,-2037.3116,57.54058704,7.4811,-4135.9439999999995,-1979.77101296,-6108.2339129599995
11,493.8763,1385.9758,-1097.5087,0.0,0.0,0.0,-1266.7564,-15942.1344,599.4455,11501.2144,-1936.6781,56.42845704,21.7716,-4325.887499999999,-1880.24964296,-6184.365542959999
12,524.1661,1400.5663,-1099.062,0.0,0.0,0.0,-1261.0179,-15783.7141,614.9996,11524.7774,-2086.2586,58.40212176,14.912,-4079.284599999999,-2027.8564782400001,-6092.229078239999
13,504.6155,1428.6407,-1081.0084,0.0,0.0,0.0,-1266.5542,-15891.7985,598.739,11493.9255,-1972.4398,57.1571424,24.6989,-4213.440400000001,-1915.2826576000002,-6104.024157600001
14,460.8531,1428.7976,-1097.6257,0.0,0.0,0.0,-1277.2473,-15928.5175,598.5311,11539.5891,-1986.7579,57.88317456,15.1092,-4275.6196,-1928.87472544,-6189.385125440001
15,495.9096,1388.0713,-1095.5864,0.0,0.0,0.0,-1280.6591,-15872.4377,586.5655,11512.0316,-1997.2816,57.172667759999996,10.8097,-4266.1052,-1940.10893224,-6195.4044322400005
16,516.6529,1443.5744,-1109.517,0.0,0.0,0.0,-1271.3037,-15891.2415,584.7208,11542.5418,-2014.6786,57.19662504,8.9963,-4184.572299999998,-1957.48197496,-6133.057974959998
17,508.0725,1402.3611,-1097.9902,0.0,0.0,0.0,-1282.4009,-15990.3915,593.7687,11532.3444,-1929.8985,57.36886992,17.166,-4334.235899999998,-1872.52963008,-6189.599530079998
18,492.2396,1414.7417,-1077.8558,0.0,0.0,0.0,-1271.6138,-15853.4672,585.5645,11488.413,-1998.4753,57.58053984,16.7578,-4221.977999999999,-1940.89476016,-6146.114960159999
19,509.9059,1447.174,-1105.4787,0.0,0.0,0.0,-1282.6083,-15996.4552,594.4604,11502.3215,-1907.4185,56.24053632,14.4026,-4330.680399999999,-1851.17796368,-6167.455763679999
20,479.3588,1452.4436,-1105.0897,0.0,0.0,0.0,-1246.1944,-15844.6588,607.5471,11531.2971,-2066.8395,59.83657776,0.9159,-4125.2963,-2007.00292224,-6131.38332224
21,513.7841,1404.868,-1106.371,0.0,0.0,0.0,-1262.8526,-15921.7293,593.8075,11527.7601,-1967.8853,56.65203216,10.543,-4250.733200000001,-1911.2332678399998,-6151.423467840001
22,481.1922,1393.5222,-1096.0258,0.0,0.0,0.0,-1243.2335,-16020.0962,620.0968,11575.6765,-1952.7073,58.37963256,14.7318,-4288.867800000002,-1894.3276674400001,-6168.463667440003
23,494.9964,1382.3408,-1092.5218,0.0,0.0,0.0,-1275.6501,-16029.2701,606.4932,11537.2389,-1887.5116,58.79224512,10.7388,-4376.3727,-1828.71935488,-6194.353254879999
24,510.7596,1367.0183,-1099.0435,0.0,0.0,0.0,-1252.6655,-16112.2046,600.8623,11629.5005,-1890.9796,56.84760144,16.6928,-4355.772899999998,-1834.1319985599998,-6173.212098559998
25,475.402,1422.216,-1085.8599,0.0,0.0,0.0,-1251.2202,-15996.5846,612.438,11522.655,-1897.8719,57.97293191999999,11.4352,-4300.953699999998,-1839.89896808,-6129.417468079999
26,519.7299,1409.7704,-1114.0931,0.0,0.0,0.0,-1258.0542,-15910.6337,593.1495,11541.4623,-2011.9117,57.65684616,3.3397,-4218.668900000001,-1954.2548538400001,-6169.584053840001
27,490.2645,1410.7184,-1110.986,0.0,0.0,0.0,-1276.1448,-15959.5362,609.6782,11571.1528,-1979.3145,57.012292079999995,13.4625,-4264.853100000002,-1922.30220792,-6173.692807920002
28,508.3088,1398.9033,-1085.3929,0.0,0.0,0.0,-1260.6904,-16037.4792,595.889,11563.8632,-1897.541,55.9450296,13.0917,-4316.5982,-1841.5959704,-6145.1024704
29,491.3075,1427.338,-1100.7544,0.0,0.0,0.0,-1298.7474,-15859.03,612.5747,11499.6912,-1993.2439,56.191951440000004,10.6823,-4227.620400000002,-1937.05194856,-6153.990048560001
30,475.987,1428.034,-1107.3011,0.0,0.0,0.0,-1322.8886,-16050.207,593.0197,11555.423,-1843.2757,54.19962432,5.1149,-4427.932999999999,-1789.07607568,-6211.8941756799995
31,501.4563,1426.1373,-1089.0179,0.0,0.0,0.0,-1281.4256,-15984.7149,606.4486,11546.2626,-1912.4544,55.34207712,4.9547,-4274.8536,-1857.1123228800002,-6127.011222880001
32,534.4918,1398.7892,-1127.8908,0.0,0.0,0.0,-1261.1269,-15956.6295,611.8974,11568.8601,-1962.9907,55.61425656,13.5574,-4231.608700000001,-1907.37644344,-6125.427743440001
33,472.4186,1430.0841,-1090.7085,0.0,0.0,0.0,-1281.8265,-16016.4798,608.562,11562.7896,-1896.2821,56.04449544,28.6445,-4315.1605,-1840.23760456,-6126.75360456
34,497.191,1384.1811,-1120.8212,0.0,0.0,0.0,-1287.9838,-16235.8436,626.0313,11631.1734,-1761.1042,55.08354024,14.7678,-4506.0718,-1706.02065976,-6197.32465976
35,487.1014,1423.8771,-1090.0934,0.0,0.0,0.0,-1244.3361,-15958.5915,602.6173,11527.8764,-1940.3376,57.03203232,13.5655,-4251.5488000000005,-1883.30556768,-6121.28886768
36,504.5675,1424.9769,-1078.735,0.0,0.0,0.0,-1275.4489,-15949.3812,607.5392,11504.6005,-1938.3035,57.377258639999994,31.8647,-4261.881000000001,-1880.92624136,-6110.942541360001
37,499.0357,1435.1736,-1118.2616,0.0,0.0,0.0,-1256.9364,-16000.7062,603.5834,11524.3614,-1884.0307,55.9778544,-0.9379,-4313.750100000003,-1828.0528456,-6142.740845600003
38,531.3363,1462.7411,-1131.8509,0.0,0.0,0.0,-1279.4628,-15889.6314,591.4153,11523.7861,-1991.1877,55.83871368,10.3059,-4191.666300000001,-1935.34898632,-6116.709386320001
39,493.6555,1413.828,-1110.3221,0.0,0.0,0.0,-1267.4582,-16065.1695,610.7204,11592.6338,-1903.1248,57.687230879999994,11.2996,-4332.1121,-1845.43756912,-6166.250069119999
40,485.8878,1390.5587,-1086.1241,0.0,0.0,0.0,-1242.6109,-16056.5763,613.3143,11560.6293,-1915.7893,57.94513416,8.5819,-4334.921199999999,-1857.84416584,-6184.183465839999
41,495.6387,1417.8198,-1088.5048,0.0,0.0,0.0,-1289.7768,-15998.4135,610.2294,11564.3455,-1889.792,57.45991752,-6.3119,-4288.661700000001,-1832.3320824799998,-6127.30568248
42,509.6371,1368.2514,-1102.8845,0.0,0.0,0.0,-1254.6617,-15915.1468,620.1166,11554.2889,-1985.1068,57.361168799999994,20.9472,-4220.399000000003,-1927.7456312,-6127.197431200003
43,481.3441,1391.0006,-1109.8535,0.0,0.0,0.0,-1285.6796,-16030.1008,596.95,11606.6349,-1922.8619,56.25548928,-6.1509,-4349.704299999999,-1866.6064107200002,-6222.461610719999
44,501.3669,1385.9553,-1089.7781,0.0,0.0,0.0,-1289.5008,-16004.7085,617.5149,11528.8614,-1862.45,55.17047304,14.8462,-4350.2889,-1807.27952696,-6142.72222696
45,484.2107,1415.1578,-1092.0805,0.0,0.0,0.0,-1275.0388,-15981.5297,599.4168,11596.0815,-1942.406,59.366188799999996,12.7277,-4253.7822000000015,-1883.0398112,-6124.094311200001
46,538.0437,1446.5089,-1098.1525,0.0,0.0,0.0,-1269.1282,-16066.5775,621.6231,11541.0362,-1858.3196,57.52048968,7.3302,-4286.6462999999985,-1800.79911032,-6080.115210319998
47,505.6862,1351.1909,-1106.5464,0.0,0.0,0.0,-1293.3069,-15905.6038,612.1301,11548.4523,-1992.7147,57.9280284,18.6292,-4287.997600000001,-1934.7866716,-6204.155071600001
48,491.268,1384.8226,-1095.8569,0.0,0.0,0.0,-1273.6448,-16013.669,610.1355,11588.6796,-1950.1141,56.29739976,19.6617,-4308.264999999999,-1893.81670024,-6182.420000239999
49,512.3414,1426.7419,-1085.3782,0.0,0.0,0.0,-1282.6857,-15900.1001,605.4946,11470.7405,-1944.2998,57.95671032,8.3276,-4252.845600000001,-1886.34308968,-6130.861089680001
50,481.5756,1406.637,-1069.9966,0.0,0.0,0.0,-1260.8096,-16015.8226,603.5314,11497.4598,-1866.1955,56.28928752,-1.9326,-4357.424999999999,-1809.90621248,-6169.26381248
51,518.9891,1451.6604,-1115.9225,0.0,0.0,0.0,-1258.4463,-15991.552,608.6407,11543.7787,-1922.9751,59.96341943999999,-6.4099,-4242.8519,-1863.01168056,-6112.273480559999
52,500.1775,1432.1954,-1118.3662,0.0,0.0,0.0,-1267.5459,-15891.538,608.0102,11528.688,-1998.4453,58.39652304,11.4982,-4208.378999999999,-1940.0487769600002,-6136.929576959999
53,468.5705,1406.9446,-1083.4207,0.0,0.0,0.0,-1249.5509,-15959.4235,603.7096,11550.5899,-1961.7245,60.12259272,-2.1964,-4262.5805,-1901.60190728,-6166.37880728
54,535.6706,1404.2448,-1062.394,0.0,0.0,0.0,-1273.9168,-16052.08,614.7737,11527.264,-1871.6083,58.931876159999995,13.4695,-4306.4377,-1812.67642384,-6105.64462384
55,511.4517,1379.1194,-1089.2026,0.0,0.0,0.0,-1270.9338,-15871.0205,613.9062,11504.9851,-1968.8422,59.024646,-3.0432,-4221.694500000001,-1909.817554,-6134.555254000002
56,485.3252,1442.1884,-1088.7684,0.0,0.0,0.0,-1271.2327,-15851.1501,605.2662,11573.2941,-2064.1112,59.83156296,-8.7768,-4105.077300000001,-2004.27963704,-6118.13373704
57,494.9248,1420.0837,-1129.7453,0.0,0.0,0.0,-1255.7107,-15744.5091,609.6613,11484.2587,-2089.7051,59.385929759999996,3.9596,-4121.036599999999,-2030.3191702400002,-6147.396170239999
58,521.5052,1408.3008,-1106.4842,0.0,0.0,0.0,-1242.5862,-15864.025,604.313,11511.6578,-2007.325,58.34012472,-6.6847,-4167.318599999999,-1948.98487528,-6122.988175279998
59,519.8056,1442.6719,-1131.9617,0.0,0.0,0.0,-1284.5569,-15860.1242,610.8691,11553.5927,-2018.5071,59.15380536,-7.6942,-4149.703500000001,-1959.35329464,-6116.750994640001
60,525.9562,1445.8912,-1089.6104,0.0,0.0,0.0,-1261.5078,-15880.9783,596.0788,11539.6652,-2003.6363,59.42395296,-1.1499,-4124.505100000002,-1944.21234704,-6069.867347040003
61,496.4188,1423.9235,-1103.372,0.0,0.0,0.0,-1246.9362,-15888.3808,606.9666,11507.5193,-1954.7353,59.589714959999995,-11.2836,-4203.860800000002,-1895.14558504,-6110.289985040003
62,500.6599,1397.202,-1101.0048,0.0,0.0,0.0,-1267.6965,-15923.5116,603.0356,11530.7376,-1956.5103,57.44121264,4.2615,-4260.577799999999,-1899.06908736,-6155.385387359999
63,492.7673,1404.6464,-1111.4799,0.0,0.0,0.0,-1220.9771,-15929.6738,607.6873,11520.3186,-1964.0338,60.09684192,0.6642,-4236.7112,-1903.9369580799998,-6139.98395808
64,542.2124,1433.2883,-1110.4358,0.0,0.0,0.0,-1251.4592,-15916.0029,594.4367,11487.4444,-1937.1023,58.84380503999999,10.0279,-4220.516099999999,-1878.25849496,-6088.746694959999
65,501.2409,1406.3098,-1103.3091,0.0,0.0,0.0,-1262.7909,-16001.7181,599.5241,11498.1249,-1916.3659,55.39832928,28.0142,-4362.618399999999,-1860.96757072,-6195.571770719999
66,475.4063,1402.2289,-1100.8877,0.0,0.0,0.0,-1267.3625,-15838.6776,619.0479,11532.552,-2028.4101,56.38321368,16.8186,-4177.692700000001,-1972.0268863200001,-6132.900986320002
67,536.5919,1441.7322,-1101.0946,0.0,0.0,0.0,-1287.4249,-15852.3235,614.7193,11494.2504,-1999.5888,57.127388399999994,24.8814,-4153.5491999999995,-1942.4614116,-6071.129211599999
68,507.6298,1359.7027,-1101.3807,0.0,0.0,0.0,-1275.1738,-15854.2239,590.5269,11538.9967,-2044.3573,59.75971704,17.5761,-4233.9223,-1984.59758296,-6200.943782959999
69,505.4996,1407.386,-1088.61,0.0,0.0,0.0,-1259.9128,-15866.289,609.1397,11475.3281,-1998.0731,57.71396376,35.646,-4217.4583999999995,-1940.35913624,-6122.171536239999
70,488.871,1392.3814,-1067.9765,0.0,0.0,0.0,-1269.3871,-15928.2101,603.9919,11519.944,-2001.796,57.32307936,6.5096,-4260.385399999999,-1944.47292064,-6198.34872064
71,523.7906,1452.2645,-1094.865,0.0,0.0,0.0,-1280.9583,-16036.9566,603.2696,11513.9746,-1883.2457,56.62446335999999,15.1235,-4319.480600000001,-1826.62123664,-6130.978336640001
72,480.3624,1418.2885,-1093.9596,0.0,0.0,0.0,-1287.1635,-15988.8249,610.9929,11542.0491,-1915.5026,58.14534816,10.7945,-4318.2551,-1857.3572518400001,-6164.81785184
73,492.9016,1405.419,-1097.131,0.0,0.0,0.0,-1294.9935,-16063.5488,607.1982,11552.5539,-1883.817,56.013719759999994,16.6871,-4397.600599999998,-1827.80328024,-6208.716780239998
74,496.87,1399.7863,-1101.3302,0.0,0.0,0.0,-1311.8226,-15801.7375,594.5153,11507.0559,-2065.5713,55.81826208,20.3999,-4216.662799999998,-2009.75303792,-6206.015937919998
75,537.1699,1425.8242,-1097.7234,0.0,0.0,0.0,-1315.6681,-15921.2235,584.5368,11533.5807,-1980.3191,56.311536239999995,8.9018,-4253.5034,-1924.00756376,-6168.609163759999
76,509.3683,1467.5788,-1103.0734,0.0,0.0,0.0,-1269.5896,-15853.4989,597.2018,11492.4743,-2018.8975,59.78807424,12.2708,-4159.538700000001,-1959.10942576,-6106.3773257600005
77,493.9242,1450.2169,-1087.0921,0.0,0.0,0.0,-1290.3946,-15799.6687,613.3175,11479.2776,-2064.58,58.749014159999994,20.8644,-4140.419200000002,-2005.83098584,-6125.3857858400015
78,523.2148,1396.086,-1071.3632,0.0,0.0,0.0,-1287.786,-16000.0643,630.747,11551.8599,-1936.5056,56.23503768,11.9144,-4257.305800000002,-1880.27056232,-6125.661962320003
79,542.3113,1421.6393,-1086.2794,0.0,0.0,0.0,-1272.5528,-15760.9024,582.6026,11442.5958,-2058.4297,57.873622319999996,10.8242,-4130.5856,-2000.55607768,-6120.317477680001
80,507.7492,1422.4743,-1108.9122,0.0,0.0,0.0,-1293.8258,-15732.1951,616.0094,11507.4072,-2114.392,58.48390152,24.7171,-4081.2929999999997,-2055.90809848,-6112.48399848
81,527.7286,1451.964,-1117.8962,0.0,0.0,0.0,-1279.2558,-15959.5904,593.6856,11540.5991,-1984.8501,58.63007088,12.0698,-4242.765099999999,-1926.2200291200002,-6156.915329119998
82,451.736,1396.8388,-1080.7165,0.0,0.0,0.0,-1287.8445,-15789.4523,619.3271,11503.7471,-2021.7166,57.193581599999995,11.0944,-4186.364299999999,-1964.5230184,-6139.7929183999995
83,535.8476,1376.9938,-1079.7004,0.0,0.0,0.0,-1277.8561,-16025.7793,608.5154,11570.9543,-1920.059,55.85311008,8.8669,-4291.0247,-1864.20588992,-6146.36368992
84,492.0635,1422.2426,-1094.5689,0.0,0.0,0.0,-1286.2892,-16007.0972,607.3428,11537.3839,-1929.5263,56.74331376,16.441,-4328.922499999999,-1872.78298624,-6185.264486239998
85,538.5743,1423.9997,-1103.0193,0.0,0.0,0.0,-1264.4216,-16065.7057,596.516,11508.0897,-1851.5716,57.480065999999994,18.9317,-4365.966899999999,-1794.091534,-6141.1267339999995
86,489.1601,1431.0812,-1130.1787,0.0,0.0,0.0,-1272.9513,-16046.0148,605.2111,11552.8736,-1896.0791,57.44147184,9.4827,-4370.818799999999,-1838.6376281599998,-6199.973728159999
87,488.8292,1445.1464,-1093.9771,0.0,0.0,0.0,-1285.99,-15862.3545,599.5013,11486.8705,-2000.42,58.98948047999999,15.3782,-4221.974199999999,-1941.4305195200002,-6148.026519519999
88,461.5515,1490.6054,-1104.9931,0.0,0.0,0.0,-1275.6995,-15718.5433,587.6331,11462.4607,-2100.2185,59.486450399999995,20.4762,-4096.985199999999,-2040.7320496,-6117.241049599999
89,493.6571,1410.9163,-1125.6959,0.0,0.0,0.0,-1256.1225,-15950.6163,609.3086,11526.2569,-1953.5017,59.232551040000004,14.0608,-4292.2958,-1894.26914896,-6172.50414896
90,489.1833,1392.0439,-1097.1138,0.0,0.0,0.0,-1278.314,-15873.8978,609.2008,11516.6911,-2003.7522,57.626306639999996,16.54,-4242.2065,-1946.12589336,-6171.7923933600005
91,523.2429,1379.3191,-1104.6158,0.0,0.0,0.0,-1291.5147,-15823.6188,587.8072,11466.5379,-2035.9299,56.067642,20.4245,-4262.842200000001,-1979.862258,-6222.279958000001
92,482.3702,1370.6743,-1074.4913,0.0,0.0,0.0,-1261.2989,-15694.6272,606.743,11559.2228,-2219.1489,59.80890672,8.8711,-4011.4071000000004,-2159.3399932800003,-6161.87599328
93,495.6343,1421.7439,-1092.6232,0.0,0.0,0.0,-1255.8475,-15892.594,595.6417,11514.8942,-2034.0201,58.01924303999999,1.4826,-4213.150599999999,-1976.00085696,-6187.668856959998
94,505.0016,1397.145,-1075.5925,0.0,0.0,0.0,-1285.3223,-15992.0812,605.1488,11521.9541,-1934.1332,58.64495616,19.2062,-4323.7464999999975,-1875.48824384,-6180.028543839998
95,502.0586,1346.6735,-1119.7981,0.0,0.0,0.0,-1263.554,-15896.6005,609.769,11524.7428,-2000.5014,59.299449120000006,14.8177,-4296.708699999999,-1941.2019508800001,-6223.09295088
96,498.7995,1446.9432,-1104.6105,0.0,0.0,0.0,-1242.77,-15805.8577,609.5867,11458.4876,-2064.4932,58.547871359999995,17.4625,-4139.421200000001,-2005.9453286399998,-6127.904028640001
97,493.029,1475.323,-1108.7852,0.0,0.0,0.0,-1273.6835,-15920.4627,612.6958,11549.708,-2000.2851,58.58109432,5.2439,-4172.1756000000005,-1941.7040056800001,-6108.63570568
98,527.9082,1417.2467,-1076.4997,0.0,0.0,0.0,-1266.8442,-15930.466,591.2194,11533.6803,-1994.9007,58.49256312,16.0345,-4203.755300000001,-1936.4081368799998,-6124.128936880001
99,485.4503,1421.6471,-1073.061,0.0,0.0,0.0,-1290.0905,-15965.3808,599.8544,11580.0023,-1978.5228,56.89497384,21.7392,-4241.5782,-1921.62782616,-6141.46682616
100,493.4518,1440.5847,-1099.9478,0.0,0.0,0.0,-1265.6575,-15924.6086,590.4339,11547.1848,-1982.9581,57.924923039999996,10.9155,-4218.558699999998,-1925.03317696,-6132.6763769599975
101,516.3961,1423.7319,-1088.4377,0.0,0.0,0.0,-1260.0862,-15830.895,605.3409,11556.3495,-2096.0333,58.136330879999996,16.2445,-4077.6005000000005,-2037.89696912,-6099.252969120001
102,501.8534,1365.7229,-1100.8664,0.0,0.0,0.0,-1244.3327,-15929.5594,617.8445,11556.7968,-1989.8403,60.64427447999999,14.5888,-4232.5409,-1929.1960255200001,-6147.14812552
103,481.0886,1461.3574,-1107.8969,0.0,0.0,0.0,-1258.5749,-15749.3686,609.4712,11435.7422,-2061.6916,59.51560536,14.5801,-4128.180999999999,-2002.17599464,-6115.776894639998
104,537.0311,1408.2562,-1091.004,0.0,0.0,0.0,-1248.7027,-15911.846,587.0537,11468.2335,-1977.4856,58.943070719999994,15.0409,-4250.9782,-1918.54252928,-6154.47982928
105,474.1522,1391.9667,-1112.8718,0.0,0.0,0.0,-1276.6029,-15957.2715,597.8669,11569.6643,-1967.3279,60.117006239999995,20.4927,-4313.096099999999,-1907.21089376,-6199.81429376
106,494.8316,1400.6169,-1098.6116,0.0,0.0,0.0,-1249.451,-15931.9226,620.4553,11548.9748,-1997.5813,61.41900744,23.3114,-4215.106600000001,-1936.16229256,-6127.957492560001
107,534.6067,1410.617,-1110.8896,0.0,0.0,0.0,-1274.2161,-16037.5239,600.2718,11548.4609,-1911.814,60.16155552,11.8036,-4328.673200000001,-1851.65244448,-6168.522044480002
108,556.271,1443.7371,-1089.879,0.0,0.0,0.0,-1274.6077,-16009.0841,600.3994,11521.638,-1927.1862,59.19547752,21.7413,-4251.525299999999,-1867.9907224800002,-6097.77472248
109,507.7209,1406.5696,-1091.2754,0.0,0.0,0.0,-1265.2692,-16036.0177,620.4311,11598.5,-1941.5182,58.45365648,20.3718,-4259.340699999999,-1883.06454352,-6122.033443519999
110,498.445,1401.0797,-1073.6351,0.0,0.0,0.0,-1259.8995,-15887.9704,590.1634,11514.7992,-2023.2437,59.83623935999999,28.008,-4217.0177,-1963.40746064,-6152.4171606400005
111,503.3958,1413.0904,-1083.49,0.0,0.0,0.0,-1272.2497,-15761.5278,597.5857,11549.0676,-2141.4054,59.88063888,4.8951,-4054.1280000000006,-2081.52476112,-6130.75766112
112,512.7148,1446.3886,-1083.4311,0.0,0.0,0.0,-1270.6024,-15817.3885,602.1256,11498.5341,-2022.095,58.20818688,-1.3291,-4111.6588999999985,-1963.88681312,-6076.874813119999
113,516.8233,1445.0569,-1123.25,0.0,0.0,0.0,-1283.3273,-15963.9061,594.2037,11515.6134,-1929.69,58.53208248,15.1887,-4298.786100000001,-1871.15791752,-6154.755317520002
114,497.9303,1362.5614,-1097.1996,0.0,0.0,0.0,-1265.8227,-15982.1246,612.8452,11585.4695,-1956.3043,57.73295376,11.0662,-4286.340499999998,-1898.57134624,-6173.845646239998
115,476.3546,1440.9157,-1098.2698,0.0,0.0,0.0,-1289.3039,-16113.4742,598.1383,11555.7469,-1802.4106,57.19245912,8.9492,-4429.892400000001,-1745.21814088,-6166.16134088
116,514.0628,1385.083,-1100.1906,0.0,0.0,0.0,-1256.0574,-15879.3475,597.9334,11535.6677,-2010.2488,58.3690896,11.7298,-4202.848599999999,-1951.8797104,-6142.9985104
117,516.138,1435.9025,-1108.9812,0.0,0.0,0.0,-1241.7501,-15778.8739,600.954,11480.236,-2065.8043,60.56354519999999,8.0271,-4096.3747,-2005.2407547999999,-6093.5883548
118,495.3029,1368.1904,-1111.0585,0.0,0.0,0.0,-1252.2335,-15977.0085,611.7258,11543.9614,-1925.1624,58.8513672,10.2228,-4321.119999999999,-1866.3110328,-6177.2082328
119,510.3694,1375.494,-1126.2309,0.0,0.0,0.0,-1229.9434,-16121.9959,613.9283,11561.5428,-1848.7892,60.600218399999996,13.0404,-4416.8357,-1788.1889816,-6191.9842816
120,502.6478,1468.9094,-1140.0831,0.0,0.0,0.0,-1238.2744,-16031.9888,601.43,11558.6301,-1929.2932,60.038691840000006,8.3806,-4278.7289999999975,-1869.2545081600001,-6139.602908159997
121,519.297,1450.9489,-1110.0412,0.0,0.0,0.0,-1239.7433,-16048.4757,594.3497,11517.0997,-1877.0285,60.393467519999994,13.508,-4316.564900000001,-1816.6350324799998,-6119.691932480002
122,515.2326,1367.3782,-1109.3737,0.0,0.0,0.0,-1241.5116,-15928.9584,591.4349,11582.7666,-2034.9311,60.743924639999996,17.0053,-4223.031399999998,-1974.18717536,-6180.213275359998
123,528.0066,1397.7809,-1095.5524,0.0,0.0,0.0,-1258.7143,-15911.5804,594.5494,11559.9373,-2004.6412,61.26384527999999,10.7482,-4185.572900000001,-1943.37735472,-6118.202054720001
124,540.5721,1413.4739,-1076.1993,0.0,0.0,0.0,-1255.0422,-15876.3284,599.119,11579.7746,-2068.0539,61.190128079999994,17.6768,-4074.630299999999,-2006.8637719199999,-6063.817271919998
125,488.6072,1419.6629,-1124.8275,0.0,0.0,0.0,-1284.0773,-15951.9577,596.9346,11564.3675,-1979.0368,59.199014160000004,11.4972,-4291.290300000001,-1919.8377858400002,-6199.630885840001
126,517.7691,1390.3479,-1101.9108,0.0,0.0,0.0,-1252.0131,-15976.695,598.6611,11576.6303,-1974.7745,57.780178559999996,16.6951,-4247.210499999999,-1916.99432144,-6147.509721439998
127,521.0411,1434.0637,-1128.8092,0.0,0.0,0.0,-1239.0679,-16014.1607,608.8463,11542.2874,-1909.7153,58.285644479999995,13.8165,-4275.799300000002,-1851.42965552,-6113.412455520002
128,524.2206,1385.1689,-1107.8801,0.0,0.0,0.0,-1271.7506,-15807.5135,603.4136,11515.9414,-2086.6243,60.33117888,22.5679,-4158.3997,-2026.29312112,-6162.124921119999
129,532.673,1430.1271,-1105.8042,0.0,0.0,0.0,-1253.0748,-15926.1694,602.3926,11514.4637,-1997.969,60.2510976,6.5465,-4205.392000000002,-1937.7179024,-6136.563402400001
130,504.2205,1406.6707,-1095.3891,0.0,0.0,0.0,-1281.2491,-15900.7724,597.9633,11591.0053,-2042.103,60.01995384,18.7247,-4177.550799999999,-1982.08304616,-6140.909146159999
131,497.4875,1446.5054,-1107.3821,0.0,0.0,0.0,-1249.8887,-15885.7967,596.0248,11578.1494,-2059.8614,60.01733015999999,9.4631,-4124.9004,-1999.8440698399997,-6115.2813698400005
132,513.5691,1441.6444,-1124.4427,0.0,0.0,0.0,-1290.2112,-15756.8447,591.1637,11505.2936,-2084.275,58.883310720000004,19.4048,-4119.827799999999,-2025.39168928,-6125.814689279999
133,501.8179,1410.8596,-1121.4038,0.0,0.0,0.0,-1263.1566,-15823.5851,586.429,11555.2242,-2090.8178,61.018189920000005,22.0476,-4153.8148,-2029.7996100799999,-6161.56681008
134,487.902,1437.481,-1099.3669,0.0,0.0,0.0,-1256.7719,-15846.5746,594.572,11539.1805,-2056.3893,58.917375359999994,20.0197,-4143.577899999998,-1997.4719246399998,-6121.030124639999
135,513.2312,1414.9888,-1105.2086,0.0,0.0,0.0,-1222.9948,-15903.233,606.7127,11525.9728,-1999.3936,60.56355528,19.4199,-4170.5309,-1938.8300447200002,-6089.94104472
136,477.9644,1407.6387,-1074.5887,0.0,0.0,0.0,-1268.3713,-15926.8191,620.5004,11550.1589,-1984.2897,59.04206136,17.9148,-4213.516699999998,-1925.24763864,-6120.849538639999
137,496.2482,1421.8079,-1107.8991,0.0,0.0,0.0,-1257.4321,-15755.3706,596.15,11500.75,-2098.0785,59.97930047999999,19.6446,-4105.745700000001,-2038.0991995200002,-6124.200299520001
138,517.1613,1425.9752,-1118.6424,0.0,0.0,0.0,-1261.2345,-15878.7463,594.3942,11502.4434,-1983.431,58.21298136,12.3593,-4218.6491000000005,-1925.21801864,-6131.507818640001
139,470.7905,1363.1885,-1086.9376,0.0,0.0,0.0,-1283.9452,-15889.9001,599.2136,11509.3481,-2003.051,57.228503759999995,31.2848,-4318.242200000001,-1945.82249624,-6232.779896239999
140,521.0038,1406.8498,-1128.2175,0.0,0.0,0.0,-1251.2054,-15792.5465,593.4323,11450.5252,-2056.9316,60.5675808,11.4996,-4200.158299999999,-1996.3640191999998,-6185.022719199999
141,500.9896,1437.8329,-1096.2585,0.0,0.0,0.0,-1238.4642,-15868.0802,588.8511,11464.6398,-1977.1818,59.837976,20.3463,-4210.4895,-1917.343824,-6107.487024
142,510.3824,1412.2051,-1118.2892,0.0,0.0,0.0,-1266.6003,-15842.2206,606.686,11507.4996,-2041.3457,59.8370364,10.4637,-4190.337000000001,-1981.5086636,-6161.381963600001
143,473.6892,1460.1695,-1089.6556,0.0,0.0,0.0,-1305.9479,-15806.9733,616.5459,11511.0137,-2042.1696,57.73523184,26.2601,-4141.158500000001,-1984.4343681599998,-6099.332768160001
144,529.3417,1363.9785,-1159.4603,0.0,0.0,0.0,-1248.1522,-15831.3985,599.9563,11493.0367,-2025.9314,59.11513848,18.6225,-4252.6978,-1966.81626152,-6200.891561519999
145,488.6793,1393.8614,-1108.552,0.0,0.0,0.0,-1263.4534,-15856.0425,595.5664,11490.8681,-1988.4799,60.230393279999994,13.2632,-4259.072700000001,-1928.24950672,-6174.059006720001
146,506.1411,1484.3939,-1133.5348,0.0,0.0,0.0,-1280.5095,-15770.333,590.2835,11494.8189,-2070.1434,58.40287128,19.0069,-4108.7399000000005,-2011.74052872,-6101.47352872
147,501.27,1429.3434,-1105.7502,0.0,0.0,0.0,-1248.7593,-15822.8446,622.5136,11447.1935,-2015.9775,60.85709568,24.2578,-4177.033600000001,-1955.12040432,-6107.89620432
148,518.7853,1407.4309,-1134.4705,0.0,0.0,0.0,-1254.6098,-15879.395,608.3897,11458.118,-1960.6668,59.823779040000005,15.9837,-4275.751399999999,-1900.8430209599999,-6160.6107209599995
149,476.5057,1414.3874,-1114.9114,0.0,0.0,0.0,-1259.667,-15881.0493,620.9702,11546.6318,-2023.7013,58.17190464,30.213,-4197.132600000001,-1965.5293953599999,-6132.4489953600005
150,476.701,1374.5366,-1109.2202,0.0,0.0,0.0,-1278.0445,-15802.0454,590.7065,11530.3872,-2051.2882,59.2905744,21.4747,-4216.978800000001,-1991.9976256,-6187.501725600001
151,500.938,1499.0288,-1116.8791,0.0,0.0,0.0,-1264.7744,-15894.6348,588.842,11461.2297,-1967.5183,58.954811039999996,13.5168,-4226.2498,-1908.5634889599999,-6121.296488959999
152,507.0893,1358.0081,-1091.7362,0.0,0.0,0.0,-1257.9051,-15953.7032,597.5448,11567.9629,-1967.6012,58.971844080000004,23.3079,-4272.7394,-1908.62935592,-6158.060855920001
153,485.317,1433.6701,-1109.9983,0.0,0.0,0.0,-1255.1204,-15958.9709,601.2996,11504.0028,-1934.8632,58.96551744,22.2211,-4299.8001,-1875.89768256,-6153.47668256
154,496.4206,1398.9017,-1130.1918,0.0,0.0,0.0,-1263.6564,-15838.3981,612.8053,11501.7521,-2006.2116,58.867377839999996,15.0103,-4222.366600000001,-1947.34422216,-6154.700522160002
155,501.5078,1378.3118,-1096.7266,0.0,0.0,0.0,-1275.8689,-15817.159,604.4231,11468.0735,-2018.7228,58.26364416,13.6788,-4237.4383,-1960.45915584,-6184.21865584
156,502.0994,1412.1128,-1102.6935,0.0,0.0,0.0,-1270.1105,-15858.8315,595.2619,11507.7561,-1997.7344,59.83997544,16.9267,-4214.4053,-1937.89442456,-6135.373024560001
157,540.1925,1396.936,-1115.4313,0.0,0.0,0.0,-1255.3625,-15821.9376,604.6842,11519.2654,-2053.4874,59.7379752,22.4852,-4131.6533,-1993.7494248,-6102.9175248
158,495.167,1422.5091,-1137.0772,0.0,0.0,0.0,-1255.7499,-15795.8977,599.9462,11515.1224,-2088.6123,60.83504928000001,22.6233,-4155.980099999999,-2027.7772507199998,-6161.134050719998
159,523.7199,1459.0912,-1104.7007,0.0,0.0,0.0,-1272.224,-15964.82,614.8605,11584.1281,-1979.9929,60.25991616,16.2046,-4159.945,-1919.7329838399999,-6063.47338384
160,489.6416,1415.5133,-1106.4158,0.0,0.0,0.0,-1259.8373,-15828.1324,611.0121,11572.9049,-2111.828,60.5292552,18.8874,-4105.313600000001,-2051.2987448,-6137.724944800001
161,524.0852,1439.6369,-1118.5668,0.0,0.0,0.0,-1266.6612,-15807.8877,606.0194,11473.4936,-2046.5052,58.027829759999996,26.207,-4149.8806,-1988.47737024,-6112.15097024
162,484.3398,1411.5739,-1069.6506,0.0,0.0,0.0,-1267.3271,-15897.8615,604.777,11526.9121,-2038.8353,58.85537616,11.7635,-4207.236400000002,-1979.9799238399999,-6175.452823840002
163,492.9099,1409.5973,-1112.8875,0.0,0.0,0.0,-1246.3418,-15818.8356,601.8639,11543.654,-2114.5059,60.69734208,15.4807,-4130.0398000000005,-2053.80855792,-6168.36765792
164,548.6924,1417.0769,-1094.2773,0.0,0.0,0.0,-1247.0559,-15808.8037,576.8579,11491.1991,-2087.9499,59.974295760000004,26.0772,-4116.3106000000025,-2027.9756042400002,-6118.209004240002
165,503.7133,1399.6254,-1126.0068,0.0,0.0,0.0,-1269.9319,-15712.9108,601.6293,11516.1544,-2127.2607,58.83169176,5.1394,-4087.7271,-2068.42900824,-6151.01670824
166,484.5077,1428.8562,-1113.7673,0.0,0.0,0.0,-1238.8373,-15891.5512,598.4035,11521.9668,-2029.0305,58.84424424,18.4351,-4210.4216,-1970.18625576,-6162.17275576
167,501.5035,1369.8766,-1112.1458,0.0,0.0,0.0,-1321.9436,-15827.6878,596.8495,11555.2765,-2042.4545,57.56841864,10.0951,-4238.271099999998,-1984.8860813600002,-6213.062081359998
168,483.0408,1434.2961,-1128.3247,0.0,0.0,0.0,-1259.5834,-15825.5442,618.9422,11572.9119,-2067.4827,58.792356719999994,-1.6589,-4104.261300000002,-2008.69034328,-6114.610543280003
169,509.458,1439.9376,-1103.4469,0.0,0.0,0.0,-1248.8404,-15730.8833,597.4822,11473.8324,-2076.524,60.30240552,-5.2589,-4062.4604,-2016.2215944799998,-6083.940894479999
170,535.6832,1436.4488,-1116.5893,0.0,0.0,0.0,-1258.242,-15840.495,601.2279,11505.8669,-2059.4575,59.75215056,18.6793,-4136.0995,-1999.70534944,-6117.125549440001
171,502.1944,1458.7674,-1095.5867,0.0,0.0,0.0,-1285.9301,-15773.4222,584.6848,11497.2166,-2074.9187,59.604017760000005,8.3577,-4112.075800000002,-2015.3146822400001,-6119.032782240003
172,499.6768,1443.5228,-1115.7079,0.0,0.0,0.0,-1249.265,-15740.4379,590.553,11464.205,-2105.4285,59.37100416,11.273,-4107.453200000002,-2046.05749584,-6142.237695840002
173,503.7624,1413.312,-1079.4622,0.0,0.0,0.0,-1252.2078,-15784.4996,596.0756,11486.651,-2092.4203,59.7047112,24.4884,-4116.3686,-2032.7155888000002,-6124.595788799999
174,504.7695,1439.5082,-1093.6717,0.0,0.0,0.0,-1268.9778,-15644.5105,579.5959,11476.2819,-2198.9773,59.14192463999999,19.1305,-4007.004500000001,-2139.83537536,-6127.709375360001
175,485.5314,1397.3107,-1091.4992,0.0,0.0,0.0,-1258.5963,-15882.1142,585.6837,11602.1537,-2093.4105,59.67945431999999,16.7364,-4161.530199999999,-2033.73104568,-6178.524845679999
176,487.5746,1402.2582,-1067.3078,0.0,0.0,0.0,-1252.1677,-15761.3017,596.7131,11534.7571,-2130.6221,61.20020376,8.337,-4059.4741999999987,-2069.42189624,-6120.559096239999
177,516.7457,1483.1302,-1090.0964,0.0,0.0,0.0,-1230.6152,-15828.536,564.8719,11496.2733,-2096.9671,60.99239592,19.743,-4088.226499999999,-2035.9747040799998,-6104.458204079999
178,505.4531,1353.5736,-1090.7103,0.0,0.0,0.0,-1263.1849,-15796.8307,599.4178,11561.1897,-2094.0375,60.02105184,22.8384,-4131.091700000001,-2034.01644816,-6142.269748160002
179,467.8567,1415.6224,-1097.3569,0.0,0.0,0.0,-1257.2093,-15773.7162,584.3097,11603.6277,-2172.4937,59.9496084,11.1378,-4056.8659000000025,-2112.5440916,-6158.272191600002
180,495.5449,1453.7866,-1084.8395,0.0,0.0,0.0,-1244.2551,-15888.4683,624.0505,11627.2886,-2089.6922,62.295889679999995,14.8968,-4016.8923000000013,-2027.3963103199999,-6029.39181032
181,512.1397,1379.7279,-1068.646,0.0,0.0,0.0,-1249.0311,-15845.8943,588.2127,11599.3752,-2096.8126,59.84484552000001,17.0642,-4084.115899999999,-2036.9677544800002,-6104.01945448
182,500.4449,1376.9509,-1097.4174,0.0,0.0,0.0,-1226.7418,-15718.2441,607.8902,11518.8939,-2170.2832,62.39490984,18.8559,-4038.2234000000008,-2107.88829016,-6127.255790160001
183,490.2339,1383.9585,-1077.8522,0.0,0.0,0.0,-1239.0313,-15766.1633,605.9608,11573.1147,-2152.9483,62.83568664,10.3747,-4029.7788999999993,-2090.11261336,-6109.516813359999
184,498.3681,1421.0413,-1046.4287,0.0,0.0,0.0,-1259.4966,-15951.6932,612.7306,11572.0832,-1983.0253,58.81687056,12.259,-4153.3953,-1924.20842944,-6065.34472944
185,509.4443,1384.2469,-1073.9302,0.0,0.0,0.0,-1269.4942,-15901.4088,608.2063,11558.7933,-2025.9178,59.20506935999999,19.3424,-4184.142400000001,-1966.71273064,-6131.51273064
186,519.4122,1417.3347,-1076.6589,0.0,0.0,0.0,-1277.5735,-15877.8032,606.1973,11587.1563,-2056.0374,59.08759992,3.4909,-4101.935100000001,-1996.9498000800002,-6095.394000080001
187,505.8564,1385.3908,-1108.1811,0.0,0.0,0.0,-1236.6495,-15915.625,616.3701,11507.7736,-1984.5948,58.90984128,12.533,-4245.064699999999,-1925.6849587200002,-6158.216658719998
188,497.5285,1402.3639,-1095.2482,0.0,0.0,0.0,-1265.514,-15861.2116,585.2111,11582.8337,-2063.5108,60.63123528,16.1853,-4154.036600000001,-2002.87956472,-6140.730864720002
189,495.4666,1481.3145,-1128.35,0.0,0.0,0.0,-1254.9828,-15897.1472,605.4518,11518.6973,-2028.0426,60.001406640000006,27.0083,-4179.549799999999,-1968.04119336,-6120.582693359998
190,539.692,1367.0386,-1099.347,0.0,0.0,0.0,-1251.9147,-15886.1307,589.1034,11529.1924,-2046.6046,60.350824079999995,14.0609,-4212.366,-1986.25377592,-6184.558875919999
191,510.5365,1420.5253,-1093.7891,0.0,0.0,0.0,-1248.3576,-15819.7889,606.6173,11558.099,-2097.2156,60.6898908,18.2292,-4066.1574999999993,-2036.5257092,-6084.454009199999
192,492.4497,1416.2202,-1097.3408,0.0,0.0,0.0,-1270.0858,-15816.4874,598.4265,11527.4585,-2093.7958,60.012169199999995,19.5667,-4149.3591,-2033.7836307999999,-6163.576030799999
193,489.8715,1378.021,-1088.4618,0.0,0.0,0.0,-1280.2741,-15866.2185,615.6025,11543.4944,-2007.9524,58.168462319999996,11.0357,-4207.965,-1949.78393768,-6146.71323768
194,461.9003,1483.83,-1106.7714,0.0,0.0,0.0,-1258.5948,-15883.8534,619.2705,11512.5034,-1974.6658,57.764388239999995,7.6129,-4171.715400000001,-1916.90141176,-6081.003911760001
195,501.4017,1435.4714,-1100.8619,0.0,0.0,0.0,-1267.2457,-15739.4623,590.9821,11520.7643,-2131.1401,56.83455504,8.5855,-4058.9503999999997,-2074.30554496,-6124.67044496
196,515.4286,1404.6617,-1119.0299,0.0,0.0,0.0,-1246.7191,-15789.5491,603.8202,11496.8273,-2051.7844,60.48442944,18.9552,-4134.560299999999,-1991.29997056,-6106.905070559999
197,502.8334,1442.6025,-1093.2021,0.0,0.0,0.0,-1259.5839,-15928.9357,585.4009,11529.8833,-1977.3302,58.47166584,16.6838,-4221.0016,-1918.85853416,-6123.17633416
198,506.0273,1416.2987,-1119.1438,0.0,0.0,0.0,-1235.5712,-15935.872,605.1659,11494.6069,-1944.2929,59.48350271999999,19.1102,-4268.488199999998,-1884.80939728,-6134.187397279999
199,522.7907,1407.8385,-1093.2196,0.0,0.0,0.0,-1276.7271,-15793.6196,595.2685,11429.7941,-2028.6834,58.898161439999996,9.882,-4207.8745,-1969.78523856,-6167.77773856
200,465.4919,1370.4491,-1114.5045,0.0,0.0,0.0,-1290.4208,-15798.3979,607.5384,11511.5284,-2062.2197,59.8938372,20.6438,-4248.315400000001,-2002.3258628,-6229.997462800001
201,491.4911,1442.7397,-1117.2141,0.0,0.0,0.0,-1245.8576,-15875.4151,588.5434,11489.101,-2001.6934,60.09423192,16.109,-4226.611599999998,-1941.59916808,-6152.101768079998
202,523.4316,1380.8906,-1127.5737,0.0,0.0,0.0,-1259.5897,-15776.1602,587.3939,11455.2421,-2027.8075,59.101442639999995,22.1508,-4216.365400000002,-1968.70605736,-6162.920657360002
203,460.719,1430.9816,-1119.4669,0.0,0.0,0.0,-1244.668,-15919.9982,622.0047,11527.5691,-1979.3175,58.42132056,7.6809,-4242.858699999999,-1920.8961794400002,-6156.073979439999
204,494.3578,1442.5663,-1096.0871,0.0,0.0,0.0,-1278.1422,-15912.2394,614.8955,11480.395,-1927.2079,58.18286592,22.7487,-4254.2541,-1869.02503408,-6100.53043408
205,504.0703,1382.3472,-1140.4233,0.0,0.0,0.0,-1258.0711,-15819.7704,595.8587,11501.0551,-2022.3058,58.19787648,18.95,-4234.933499999999,-1964.10792352,-6180.09142352
206,502.6303,1459.4801,-1125.8553,0.0,0.0,0.0,-1253.282,-16052.798,610.9287,11536.2622,-1881.9561,57.7581768,16.0123,-4322.634,-1824.1979232,-6130.8196232
207,509.6092,1402.0332,-1128.4568,0.0,0.0,0.0,-1239.3511,-15904.6289,612.8041,11506.7712,-1980.461,59.41089503999999,12.5524,-4241.2191,-1921.05010496,-6149.716804960001
208,497.3597,1362.4181,-1083.3784,0.0,0.0,0.0,-1272.9681,-15751.1804,594.5334,11442.3983,-2030.6134,58.09360608,11.2327,-4210.817399999998,-1972.51979392,-6172.104493919998
209,526.4758,1446.6357,-1103.2901,0.0,0.0,0.0,-1270.6706,-15849.9765,596.6912,11413.4224,-1968.3554,58.13595648,14.6548,-4240.7121000000025,-1910.21944352,-6136.276743520003
210,511.1316,1453.2763,-1095.8693,0.0,0.0,0.0,-1286.4062,-15672.6949,579.7301,11413.7519,-2115.3304,58.11611327999999,15.9256,-4097.0805,-2057.21428672,-6138.3691867200005
211,510.5175,1384.0566,-1094.7225,0.0,0.0,0.0,-1279.9786,-15798.9474,601.2448,11548.7286,-2091.5549,58.75708752,10.7537,-4129.100999999999,-2032.7978124800002,-6151.145112479999
212,478.0767,1390.7438,-1140.2451,0.0,0.0,0.0,-1266.0672,-15848.1885,621.9445,11580.6088,-2097.1209,60.02855423999999,1.0029,-4183.127,-2037.09234576,-6219.21644576
213,515.0836,1389.6322,-1119.2313,0.0,0.0,0.0,-1238.9135,-15915.5966,603.7685,11543.4081,-1972.3566,58.833244799999996,9.3351,-4221.849,-1913.5233552,-6126.0372552
214,506.8091,1459.6645,-1108.997,0.0,0.0,0.0,-1273.8116,-15829.7595,607.8286,11499.1796,-2034.9694,58.17897144,8.9899,-4139.086299999999,-1976.79042856,-6106.886828559999
215,490.7187,1380.4191,-1121.6957,0.0,0.0,0.0,-1284.8124,-15675.2626,596.6434,11461.4308,-2138.3403,58.8206304,18.1043,-4152.5587,-2079.5196696,-6213.9740696
216,495.4848,1462.671,-1142.7533,0.0,0.0,0.0,-1258.6092,-15893.9118,602.9222,11477.713,-1960.1092,60.19316064,1.0766,-4256.4833,-1899.91603936,-6155.322739359999
217,526.5612,1399.7095,-1129.2205,0.0,0.0,0.0,-1264.572,-15729.5593,594.4511,11497.8922,-2101.7136,59.82447528,4.9653,-4104.737800000001,-2041.88912472,-6141.661624720001
218,475.58,1423.3232,-1121.8153,0.0,0.0,0.0,-1269.2639,-15840.7098,602.26,11493.6399,-1997.0432,58.41900144,12.4305,-4236.9859,-1938.62419856,-6163.179598559999
219,497.3072,1397.2167,-1100.0248,0.0,0.0,0.0,-1253.6615,-15991.4638,615.4677,11501.9093,-1913.9469,57.71804976,10.8147,-4333.2492,-1856.22885024,-6178.66335024
220,547.6949,1445.6482,-1079.3187,0.0,0.0,0.0,-1287.5661,-15887.6113,604.7545,11485.8459,-1975.9438,58.59895608,15.6994,-4170.552599999999,-1917.34484392,-6072.198043919999
221,485.0442,1435.0379,-1116.6181,0.0,0.0,0.0,-1229.4985,-15940.7023,597.2299,11577.0216,-2056.3538,60.22452528,13.6252,-4192.4853,-1996.1292747199998,-6174.989374719999
222,506.6734,1455.3474,-1104.4331,0.0,0.0,0.0,-1245.9764,-15798.4281,583.6077,11520.7838,-2096.6548,60.015353759999996,15.0416,-4082.425299999999,-2036.6394462399999,-6104.02314624
223,505.8952,1441.2832,-1119.8045,0.0,0.0,0.0,-1245.6084,-15905.2978,602.8787,11513.8995,-1987.2781,58.91059872,15.4683,-4206.754100000002,-1928.36750128,-6119.653301280001
224,501.8599,1396.8565,-1078.7036,0.0,0.0,0.0,-1240.6755,-15871.0575,617.8636,11549.1118,-2067.2853,59.176692,-3.7953,-4124.7448,-2008.108608,-6136.648708
225,518.5026,1387.5199,-1098.5384,0.0,0.0,0.0,-1228.7257,-15901.4136,598.747,11517.8558,-2042.3385,59.59308096,7.4735,-4206.0524000000005,-1982.7454190400001,-6181.32431904
226,505.8295,1393.7231,-1091.1816,0.0,0.0,0.0,-1258.5534,-15954.1022,614.2696,11561.0581,-1969.6925,58.20297264,15.7477,-4228.956899999999,-1911.48952736,-6124.69872736
227,510.0704,1370.3418,-1097.1575,0.0,0.0,0.0,-1229.642,-15820.5554,609.3182,11514.6362,-2083.0066,58.060746,23.7355,-4142.988299999999,-2024.945854,-6144.198654
228,496.4729,1427.6057,-1078.3591,0.0,0.0,0.0,-1292.5428,-15853.0077,597.9173,11520.7428,-2007.6987,57.73899888,15.948,-4181.170900000001,-1949.9597011199999,-6115.182601120001
229,529.4199,1389.1895,-1116.3179,0.0,0.0,0.0,-1273.4146,-15891.889,610.3251,11539.6155,-2002.5597,57.73788576,4.1456,-4213.0715,-1944.82181424,-6153.74771424
230,501.3591,1389.0753,-1097.054,0.0,0.0,0.0,-1280.0085,-15801.745,595.0888,11556.1565,-2080.5535,59.9257188,16.9552,-4137.127800000002,-2020.6277812,-6140.8003812000015
231,523.2316,1385.2764,-1107.2751,0.0,0.0,0.0,-1291.7514,-15753.285,602.9254,11449.5102,-2095.3055,60.0978816,12.6709,-4191.367899999999,-2035.2076184,-6213.9046184
232,510.8966,1451.4869,-1156.3107,0.0,0.0,0.0,-1256.1478,-15856.8305,602.9041,11467.9983,-1974.5919,58.28085432,19.5094,-4236.003100000002,-1916.31104568,-6132.804745680001
233,477.1346,1407.415,-1107.8859,0.0,0.0,0.0,-1247.3239,-15860.6697,616.751,11522.8293,-2020.7303,60.51391992,24.1547,-4191.749600000001,-1960.21638008,-6127.811280080001
234,528.2014,1452.0531,-1104.0542,0.0,0.0,0.0,-1238.6227,-15911.0921,598.7214,11540.4205,-2031.9389,60.51522384,15.4768,-4134.372599999999,-1971.42367616,-6090.319476159999
235,504.9268,1370.4328,-1122.4219,0.0,0.0,0.0,-1242.9842,-15799.5711,591.3269,11510.6342,-2078.1431,59.94083664,13.5526,-4187.656499999999,-2018.2022633599997,-6192.306163359998
236,466.9983,1384.4784,-1102.0481,0.0,0.0,0.0,-1243.1955,-15915.0601,609.3389,11547.5251,-2004.6536,59.96497247999999,4.5251,-4251.963,-1944.6886275200002,-6192.126527519999
237,492.2202,1406.7142,-1082.9158,0.0,0.0,0.0,-1238.2685,-15799.0633,614.5002,11579.5912,-2154.6303,60.37766567999999,20.3323,-4027.2217999999993,-2094.2526343199997,-6101.142134319999
238,486.9499,1387.3111,-1113.4605,0.0,0.0,0.0,-1248.6199,-15714.4968,603.1186,11565.9016,-2171.4831,62.178299280000005,21.1837,-4033.296000000002,-2109.30480072,-6121.417100720002
239,511.0302,1449.636,-1096.892,0.0,0.0,0.0,-1224.2956,-15809.3203,586.8704,11473.3528,-2058.2845,61.88580864,15.6735,-4109.618499999999,-1996.3986913600002,-6090.343691359999
240,495.0237,1422.5995,-1123.4189,0.0,0.0,0.0,-1247.8247,-15746.7918,613.2898,11551.2766,-2149.4028,59.77341288,14.053,-4035.845800000001,-2089.62938712,-6111.422187120001
241,521.5466,1435.9641,-1091.7215,0.0,0.0,0.0,-1244.6113,-15788.5517,614.3122,11574.6333,-2160.92,59.74399728,21.8685,-3978.4283000000014,-2101.1760027200003,-6057.735802720002
242,504.9248,1390.7194,-1097.8401,0.0,0.0,0.0,-1255.209,-15768.0667,603.3828,11596.6702,-2107.8023,60.94404072,11.5087,-4025.418599999999,-2046.8582592799999,-6060.768159279998
243,491.4044,1397.9554,-1077.4618,0.0,0.0,0.0,-1247.5446,-15761.2729,598.212,11594.4497,-2172.6258,60.20832815999999,2.0508,-4004.257800000001,-2112.41747184,-6114.624471840001
244,494.8124,1422.4494,-1111.1803,0.0,0.0,0.0,-1271.2452,-15805.0835,620.1543,11594.2208,-2103.8703,59.72921567999999,22.8906,-4055.8721000000023,-2044.1410843200001,-6077.122584320003
245,490.7476,1407.2012,-1099.0373,0.0,0.0,0.0,-1255.8224,-15906.581,599.9414,11601.9209,-2047.4848,58.38370344,12.6891,-4161.629600000002,-1989.1010965599999,-6138.041596560002
246,509.0573,1434.2925,-1091.1635,0.0,0.0,0.0,-1248.6204,-16068.6288,590.9276,11535.2685,-1876.3852,58.92176952,9.1465,-4338.866800000002,-1817.46343048,-6147.183730480002
247,483.0904,1414.168,-1079.2846,0.0,0.0,0.0,-1275.673,-15849.9747,605.1703,11591.3732,-2118.9687,59.418952559999994,9.9621,-4111.130400000002,-2059.54974744,-6160.718047440001
248,501.6709,1384.143,-1092.114,0.0,0.0,0.0,-1249.9704,-15781.7759,598.6734,11540.0681,-2112.487,60.95312568,22.2978,-4099.304900000001,-2051.53387432,-6128.540974320001
249,535.642,1405.3412,-1101.0862,0.0,0.0,0.0,-1241.9975,-15894.6783,593.4395,11562.287,-2079.9328,60.88320144,19.7328,-4141.052299999999,-2019.04959856,-6140.36909856
250,478.5867,1400.2377,-1114.0582,0.0,0.0,0.0,-1251.536,-15851.6228,615.4265,11614.6383,-2138.546,59.74730063999999,9.8088,-4108.327799999999,-2078.79869936,-6177.31769936
251,509.1374,1410.8937,-1100.4692,0.0,0.0,0.0,-1232.0949,-15767.5129,605.6106,11560.5588,-2165.7664,62.931010320000006,10.002,-4013.8764999999985,-2102.83538968,-6106.709889679999
252,555.1977,1393.9917,-1080.4404,0.0,0.0,0.0,-1215.3167,-15792.2572,612.7645,11579.9371,-2170.6384,62.241543359999994,7.0449,-3946.123300000001,-2108.39685664,-6047.475256640001
253,498.8062,1411.7417,-1092.6626,0.0,0.0,0.0,-1241.2453,-15793.208,596.9461,11515.164,-2071.9444,60.91904448,3.0637,-4104.457900000001,-2011.02535552,-6112.419555520002
254,517.4585,1445.5772,-1117.992,0.0,0.0,0.0,-1258.0718,-15798.966,596.4515,11529.3079,-2120.4348,60.46850087999999,17.7392,-4086.234700000001,-2059.96629912,-6128.461799120001
255,502.9158,1419.2371,-1090.8829,0.0,0.0,0.0,-1263.9026,-15872.6344,584.8311,11536.984,-2039.7617,58.7610036,14.7095,-4183.4519,-1981.0006964,-6149.7430964000005
256,502.0695,1453.9221,-1092.5554,0.0,0.0,0.0,-1261.8576,-15868.1424,594.0365,11558.9546,-2051.2006,58.8995604,18.9189,-4113.572700000001,-1992.3010396000002,-6086.954839600001
257,490.2131,1372.6119,-1067.759,0.0,0.0,0.0,-1229.7108,-15961.8474,606.5789,11495.3809,-1951.6091,58.56580871999999,10.4299,-4294.5324,-1893.04329128,-6177.14579128
258,526.2415,1448.822,-1082.7132,0.0,0.0,0.0,-1277.0831,-15850.294,606.2811,11485.6345,-1996.5556,59.00974848,10.9613,-4143.111199999999,-1937.5458515199998,-6069.695751519999
259,529.8307,1432.0327,-1081.7457,0.0,0.0,0.0,-1228.6605,-16025.605,604.6482,11543.2338,-1887.3559,59.47539984,24.3738,-4226.265799999999,-1827.88050016,-6029.772500159999
260,560.4362,1448.4821,-1107.3878,0.0,0.0,0.0,-1285.3067,-15885.1899,606.681,11507.9908,-2016.7561,58.16919168,17.8297,-4154.2943,-1958.58690832,-6095.05150832
261,515.6954,1423.9128,-1068.1925,0.0,0.0,0.0,-1268.0423,-15808.2178,609.3638,11485.0682,-2031.7716,60.0804684,12.5398,-4110.412400000001,-1971.6911316,-6069.563731600001
262,505.6225,1403.3354,-1070.8057,0.0,0.0,0.0,-1276.9681,-15741.169,606.0664,11484.0477,-2110.2952,59.81863104,21.2674,-4089.8708000000006,-2050.47656896,-6119.079968960002
263,493.5567,1475.3219,-1066.5872,0.0,0.0,0.0,-1268.6519,-15720.8891,603.6409,11478.2756,-2107.0608,58.28759424,20.4294,-4005.3331,-2048.77320576,-6033.67690576
264,503.997,1386.2551,-1112.3681,0.0,0.0,0.0,-1271.5039,-15857.9456,608.3954,11530.037,-2014.3644,59.11485336,14.1751,-4213.133099999999,-1955.2495466399998,-6154.207546639999
265,513.8052,1456.4467,-1094.149,0.0,0.0,0.0,-1277.1468,-15837.7971,587.0365,11543.6097,-2042.3646,59.545193039999994,15.5202,-4108.194799999999,-1982.8194069600002,-6075.494006959999
266,475.3426,1408.3681,-1105.2311,0.0,0.0,0.0,-1287.7245,-15950.253,601.4511,11563.6095,-1965.1725,58.27072392,16.0378,-4294.437300000001,-1906.90177608,-6185.301276080001
267,518.6458,1426.981,-1128.0926,0.0,0.0,0.0,-1277.3209,-15911.4003,620.7637,11545.624,-1988.779,59.74952184,22.8048,-4204.799300000001,-1929.02947816,-6111.023978160001
268,505.2161,1462.4185,-1101.6905,0.0,0.0,0.0,-1267.0204,-15904.9747,583.1621,11527.495,-1962.0468,58.305132,19.359,-4195.393900000001,-1903.7416680000001,-6079.776568
269,523.2844,1368.7279,-1095.0818,0.0,0.0,0.0,-1268.2739,-15849.5069,584.0204,11531.3612,-2056.5132,58.699753199999996,18.5495,-4205.468700000001,-1997.8134467999998,-6184.732646800001
270,521.4003,1447.4651,-1118.0284,0.0,0.0,0.0,-1244.563,-15909.3616,602.5942,11539.0711,-2008.4846,59.89767912,12.4643,-4161.422300000002,-1948.58692088,-6097.544920880002
271,499.344,1419.1644,-1096.8144,0.0,0.0,0.0,-1288.4274,-15833.156,618.7226,11561.4923,-2045.4112,57.32431415999999,20.3074,-4119.674499999999,-1988.08688584,-6087.45398584
272,507.2537,1452.4939,-1090.6132,0.0,0.0,0.0,-1268.8266,-16010.089,595.8576,11535.8384,-1897.6765,58.38201936,7.1345,-4278.085200000001,-1839.29448064,-6110.24518064
273,528.9452,1429.6694,-1134.0762,0.0,0.0,0.0,-1265.862,-15932.1746,594.5221,11543.3009,-1964.4359,58.128295679999994,14.7571,-4235.6752,-1906.3076043199999,-6127.225704320001
274,502.8386,1453.3111,-1127.617,0.0,0.0,0.0,-1299.038,-15750.9331,597.1702,11543.4569,-2141.1793,57.781270799999994,18.5915,-4080.811300000001,-2083.3980291999997,-6145.6178292
275,507.5592,1427.1167,-1060.4557,0.0,0.0,0.0,-1284.1876,-15895.1434,590.2954,11505.8063,-2010.2017,57.27800016,19.5502,-4209.009099999999,-1952.9236998400002,-6142.382599839999
276,536.9777,1433.3746,-1119.7579,0.0,0.0,0.0,-1311.5431,-15950.4572,599.4735,11553.4378,-1927.7917,55.65018456,13.5478,-4258.494600000002,-1872.14151544,-6117.088315440002
277,505.1281,1427.4155,-1102.6639,0.0,0.0,0.0,-1269.4243,-15758.5186,589.4255,11531.0438,-2083.2556,57.96111816,7.5591,-4077.5939,-2025.29448184,-6095.32928184
278,520.1612,1381.8161,-1128.1391,0.0,0.0,0.0,-1296.2556,-15707.0286,599.5609,11537.2497,-2104.9489,58.13131176,15.4602,-4092.635399999999,-2046.8175882399998,-6123.992788239998
279,517.1667,1417.3057,-1131.9622,0.0,0.0,0.0,-1270.7407,-15919.2496,602.3766,11549.4118,-1982.2737,59.60025431999999,7.1019,-4235.691700000001,-1922.67344568,-6151.263245680001
280,505.7632,1439.0078,-1123.8996,0.0,0.0,0.0,-1295.5012,-15754.9024,610.3455,11529.8493,-2116.7088,59.10486624,8.6845,-4089.337400000002,-2057.60393376,-6138.256833760002
281,489.6063,1409.4532,-1125.3573,0.0,0.0,0.0,-1261.7977,-15816.8201,627.2157,11551.926,-2116.6216,59.94139248,18.3654,-4125.7739,-2056.68020752,-6164.088707520001
282,525.445,1387.1017,-1115.3793,0.0,0.0,0.0,-1278.5366,-15928.9554,588.8911,11558.3068,-1971.8855,57.32444304,3.2743,-4263.126699999999,-1914.56105696,-6174.413456959999
283,495.0326,1432.3063,-1084.975,0.0,0.0,0.0,-1286.7532,-15737.4265,591.5548,11530.6586,-2150.9225,59.66187192,16.8685,-4059.6023999999998,-2091.26062808,-6133.994528080001
284,529.883,1387.8849,-1095.257,0.0,0.0,0.0,-1252.451,-15898.8374,609.5736,11507.376,-2003.7345,61.0306092,21.0856,-4211.8279,-1942.7038908,-6133.4461908
285,494.3223,1362.0714,-1077.6082,0.0,0.0,0.0,-1307.9898,-15746.098,610.0958,11518.4299,-2081.7696,58.760915759999996,22.0496,-4146.776600000001,-2023.00868424,-6147.73568424
286,497.1575,1376.2338,-1094.1952,0.0,0.0,0.0,-1268.4599,-15791.6416,586.6462,11463.5789,-2046.9655,58.83433848,16.5252,-4230.680300000002,-1988.13116152,-6202.286261520002
287,503.8635,1429.4552,-1093.955,0.0,0.0,0.0,-1286.8689,-15896.1364,608.4838,11547.3344,-2020.7888,57.14869968,16.3389,-4187.823399999999,-1963.64010032,-6135.124600319999
288,505.1831,1380.9318,-1099.2805,0.0,0.0,0.0,-1293.8323,-15875.8866,601.8727,11623.246,-2079.9004,59.82579216,9.6642,-4157.765800000001,-2020.07460784,-6168.176207840002
289,502.5212,1412.0742,-1116.3655,0.0,0.0,0.0,-1259.4724,-15749.783,605.7851,11546.9977,-2119.7546,61.460840160000004,7.0701,-4058.242699999999,-2058.2937598400003,-6109.466359839999
290,499.7128,1377.7495,-1097.6516,0.0,0.0,0.0,-1266.8076,-15945.2366,602.4273,11565.7333,-1956.0536,58.12570872,3.5875,-4264.072900000003,-1897.92789128,-6158.413291280003
291,508.3353,1376.7794,-1104.3632,0.0,0.0,0.0,-1277.1935,-15779.3129,605.6374,11545.2107,-2082.2283,59.095987199999996,9.3939,-4124.9068000000025,-2023.1323128000001,-6138.645212800003
292,483.5688,1431.2691,-1090.2311,0.0,0.0,0.0,-1263.4069,-15863.9905,583.7085,11448.1512,-1992.1572,59.32813824,1.5342,-4270.930899999999,-1932.82906176,-6202.225761759999
293,538.7437,1428.1267,-1136.9525,0.0,0.0,0.0,-1265.2077,-15532.5386,582.7702,11422.2632,-2229.2515,59.280642,11.4071,-3962.795,-2169.9708579999997,-6121.358758
294,495.4446,1429.2365,-1112.636,0.0,0.0,0.0,-1276.2151,-15756.8033,613.5141,11542.4016,-2126.336,60.24389976,0.5607,-4065.0576,-2066.0921002399996,-6130.589000239999
295,503.1351,1432.014,-1093.7759,0.0,0.0,0.0,-1264.1725,-15821.7491,602.6284,11567.0198,-2046.6095,61.591407839999995,5.0984,-4074.900200000002,-1985.01809216,-6054.819892160002
296,536.4329,1398.422,-1100.9214,0.0,0.0,0.0,-1272.0924,-15927.8658,597.5369,11545.4795,-1946.3632,58.05372672,4.0072,-4223.008300000001,-1888.30947328,-6107.310573280001
297,528.0625,1393.8726,-1078.4176,0.0,0.0,0.0,-1246.9072,-15882.6516,608.8005,11599.883,-2046.0409,58.94749152,11.6285,-4077.3577999999998,-1987.0934084799999,-6052.82270848
298,528.6347,1407.4454,-1074.0411,0.0,0.0,0.0,-1252.3782,-15756.9265,604.3307,11543.5296,-2119.2572,58.6224072,9.0761,-3999.4053999999996,-2060.6347928,-6050.964092799999
299,483.0852,1423.5716,-1098.3422,0.0,0.0,0.0,-1258.7422,-15767.1345,595.5006,11529.7563,-2111.2159,59.488832880000004,15.5662,-4092.3052000000007,-2051.7270671200004,-6128.466067120001
300,486.9899,1431.0659,-1114.7368,0.0,0.0,0.0,-1275.8704,-15802.8142,611.9735,11603.835,-2115.9982,58.75865208,7.9664,-4059.557100000002,-2057.23954792,-6108.830247920002
301,505.6927,1435.1337,-1114.2027,0.0,0.0,0.0,-1266.4507,-15722.521,599.4129,11522.6014,-2115.2821,60.49629863999999,23.3461,-4040.333700000001,-2054.78580136,-6071.773401360002
302,487.9971,1378.5874,-1105.7063,0.0,0.0,0.0,-1270.08,-15885.4037,593.8326,11480.8729,-1966.9996,58.9021056,17.1235,-4319.9000000000015,-1908.0974944000002,-6210.873994400002
303,513.5514,1440.3536,-1109.4729,0.0,0.0,0.0,-1280.2292,-15732.9306,584.815,11495.6316,-2115.1318,59.809182480000004,16.0411,-4088.2810999999983,-2055.32261752,-6127.562617519998
304,484.2457,1410.4211,-1089.4006,0.0,0.0,0.0,-1263.3647,-15702.2159,594.1643,11509.4263,-2131.3014,61.30355975999999,7.7557,-4056.7237999999998,-2069.9978402399997,-6118.96594024
305,496.8284,1409.8617,-1096.9854,0.0,0.0,0.0,-1250.8063,-15761.6547,596.16,11538.7484,-2149.9589,62.06823144,16.2981,-4067.847899999999,-2087.89066856,-6139.440468559998
306,498.2482,1353.2547,-1102.6174,0.0,0.0,0.0,-1241.5706,-15856.6948,592.5149,11546.0436,-2046.1546,59.851568879999995,18.5461,-4210.821399999999,-1986.30303112,-6178.578331119999
307,542.3507,1421.1086,-1103.9419,0.0,0.0,0.0,-1266.2861,-15801.0153,579.5302,11471.7177,-2031.4654,60.03719568,7.3729,-4156.536100000001,-1971.42820432,-6120.591404320001
308,488.3359,1424.9631,-1105.6316,0.0,0.0,0.0,-1244.8136,-15800.1809,603.7731,11482.6608,-2046.5284,60.02076096,11.9287,-4150.893199999999,-1986.50763904,-6125.472139039998
309,506.2876,1376.2769,-1073.0749,0.0,0.0,0.0,-1265.4912,-15791.5404,596.2356,11500.282,-2061.6365,59.85357552,9.7304,-4151.0244,-2001.78292448,-6143.07692448
310,509.912,1429.6023,-1084.7903,0.0,0.0,0.0,-1251.2962,-15783.4399,596.6369,11555.8854,-2142.6288,59.85006696,14.3785,-4027.489800000001,-2082.77873304,-6095.890033040002
311,497.3389,1371.7875,-1089.3498,0.0,0.0,0.0,-1271.2271,-15868.6081,589.1364,11541.554,-1998.2633,58.0355424,12.6739,-4229.368200000001,-1940.2277576000001,-6156.922057600002
312,478.1909,1383.9422,-1099.1019,0.0,0.0,0.0,-1270.1859,-15863.9692,613.5497,11564.2493,-2068.9606,60.209897760000004,2.4681,-4193.3249,-2008.7507022399998,-6199.60750224
313,537.8582,1419.7702,-1120.6008,0.0,0.0,0.0,-1288.0372,-15708.0903,597.7661,11474.7022,-2084.0396,56.48660424,17.9421,-4086.631599999999,-2027.5529957600002,-6096.242495759999
314,476.5935,1399.2112,-1103.6637,0.0,0.0,0.0,-1294.4973,-15856.5396,613.4471,11541.8848,-2043.3577,58.257766079999996,10.169,-4223.564,-1985.09993392,-6198.494933920001
315,489.7032,1393.0531,-1121.9062,0.0,0.0,0.0,-1265.6611,-15891.9892,588.8931,11542.3107,-2034.8192,60.051554640000006,8.0102,-4265.596400000002,-1974.76764536,-6232.353845360002
316,508.0859,1421.3202,-1112.7326,0.0,0.0,0.0,-1277.6011,-15748.7246,614.7749,11448.5679,-2065.6091,59.38427303999999,12.787,-4146.3094,-2006.2248269600002,-6139.747226959999
317,521.2555,1386.1448,-1118.6513,0.0,0.0,0.0,-1268.1997,-15807.8593,593.2291,11487.9443,-2046.6895,58.52116151999999,6.2278,-4206.1366,-1988.1683384799999,-6188.077138480001
318,465.8261,1398.3776,-1099.649,0.0,0.0,0.0,-1272.7265,-15975.0397,597.848,11588.0662,-1971.3441,59.03124984,8.118,-4297.297299999998,-1912.31285016,-6201.492150159998
319,520.4914,1413.501,-1103.3315,0.0,0.0,0.0,-1259.0328,-15757.826,580.4655,11458.7197,-2084.7587,59.79551112,13.2445,-4147.012699999999,-2024.96318888,-6158.73138888
320,493.6512,1429.5568,-1099.2872,0.0,0.0,0.0,-1281.2544,-15856.0916,597.2656,11528.399,-2013.1047,58.72300272,29.5541,-4187.7606,-1954.38169728,-6112.588197279999
321,467.7992,1402.5676,-1093.4272,0.0,0.0,0.0,-1268.5745,-15645.676,607.5526,11503.556,-2165.0361,62.73963791999999,10.4916,-4026.202300000001,-2102.29646208,-6118.00716208
322,488.8644,1419.0811,-1113.6827,0.0,0.0,0.0,-1259.6332,-15893.6127,599.5727,11524.5002,-1982.7445,59.58375768,12.6746,-4234.910199999998,-1923.16074232,-6145.3963423199975
323,514.4582,1423.5285,-1097.8215,0.0,0.0,0.0,-1287.6377,-16009.6979,600.8752,11535.4899,-1890.8735,56.29134312,13.5435,-4320.805299999998,-1834.58215688,-6141.843956879998
324,476.433,1371.5218,-1102.5304,0.0,0.0,0.0,-1247.5341,-15911.2631,597.7456,11523.8332,-1947.6079,60.438024719999994,4.9683,-4291.794000000002,-1887.16987528,-6173.9955752800015
325,526.3202,1415.0611,-1143.6158,0.0,0.0,0.0,-1260.359,-15804.7421,601.2496,11515.8267,-2052.1272,57.91824936,18.1314,-4150.2593,-1994.20895064,-6126.336850639999
326,457.7472,1431.8088,-1062.304,0.0,0.0,0.0,-1277.017,-15686.3718,609.3691,11566.0787,-2185.2932,59.35900896,12.8159,-3960.6890000000003,-2125.93419104,-6073.807291040001
327,485.057,1387.0619,-1112.071,0.0,0.0,0.0,-1277.6359,-15733.5182,612.4964,11541.74,-2165.0329,60.048196559999994,6.3507,-4096.8698,-2104.98470344,-6195.50380344
328,552.1891,1395.4414,-1099.3629,0.0,0.0,0.0,-1259.9073,-15701.6862,602.6011,11496.2573,-2163.887,61.33885416,6.6335,-4014.4675000000007,-2102.54814584,-6110.382145840002
329,512.2205,1390.9838,-1078.0582,0.0,0.0,0.0,-1286.17,-15747.1802,598.6723,11529.723,-2115.6401,59.5050552,11.1681,-4079.8088000000007,-2056.1350448000003,-6124.775744800001
330,492.5863,1427.8768,-1097.621,0.0,0.0,0.0,-1277.6722,-15913.1686,617.3094,11537.6578,-1963.8065,59.80401648,8.6337,-4213.031499999999,-1904.00248352,-6108.400283519998
331,488.6577,1397.071,-1119.2155,0.0,0.0,0.0,-1245.0305,-15756.6714,597.2977,11498.2367,-2111.7709,60.30279,6.7226,-4139.6543,-2051.46811,-6184.39981
332,490.5779,1403.7925,-1126.1445,0.0,0.0,0.0,-1267.0663,-15944.54,591.9226,11524.8337,-1967.2821,58.97345256,12.9872,-4326.624100000003,-1908.30864744,-6221.945547440004
333,479.2616,1416.1646,-1083.1381,0.0,0.0,0.0,-1261.1645,-15729.5042,593.3268,11544.2264,-2165.191,59.65782048,10.6026,-4040.8273999999983,-2105.53317952,-6135.757979519998
334,514.8903,1411.1677,-1115.9559,0.0,0.0,0.0,-1243.956,-15842.476,607.7122,11581.4241,-2062.7547,60.742247039999995,12.8121,-4087.1936000000005,-2002.01245296,-6076.39395296
335,519.8933,1364.6918,-1088.8405,0.0,0.0,0.0,-1256.1574,-15694.8544,620.0378,11558.7483,-2186.3358,59.33249784,5.4922,-3976.481100000001,-2127.0033021599997,-6097.992202160001
336,515.968,1449.1639,-1099.7842,0.0,0.0,0.0,-1276.1724,-15733.7947,575.6438,11501.9954,-2119.9897,60.256596959999996,8.9812,-4066.9802,-2059.73310304,-6117.73210304
337,496.5267,1397.121,-1096.5224,0.0,0.0,0.0,-1258.387,-15881.6628,613.6507,11581.8048,-2068.1573,57.91368024,10.2669,-4147.469000000001,-2010.2436197599998,-6147.445719760001
338,522.7435,1406.381,-1083.92,0.0,0.0,0.0,-1270.591,-15938.9428,597.113,11573.1127,-1995.8726,59.36119992,6.873,-4194.103600000002,-1936.51140008,-6123.742000080002
339,510.6508,1382.1534,-1112.3835,0.0,0.0,0.0,-1264.4037,-15837.9746,601.9365,11534.0609,-2051.735,57.02354424,26.9743,-4185.9601999999995,-1994.71145576,-6153.69735576
340,524.6118,1401.0576,-1110.9318,0.0,0.0,0.0,-1272.4026,-15733.0921,593.8023,11541.3634,-2151.6373,58.4872884,10.1956,-4055.5913999999993,-2093.1500115999997,-6138.5458116
341,481.4197,1417.6788,-1110.9975,0.0,0.0,0.0,-1304.2226,-15839.2047,590.441,11580.2868,-2077.0762,56.79337392,10.0638,-4184.5985,-2020.28282608,-6194.81752608
342,495.9289,1383.3868,-1113.8293,0.0,0.0,0.0,-1261.7147,-15873.5513,633.9938,11540.7609,-2031.0978,57.08694456,12.2796,-4195.0249,-1974.0108554400001,-6156.75615544
343,481.9266,1383.8217,-1117.2063,0.0,0.0,0.0,-1264.3396,-15699.4571,613.8372,11519.092,-2153.2008,60.154190639999996,12.7471,-4082.325499999999,-2093.0466093600003,-6162.62500936
344,531.1977,1368.7135,-1107.3146,0.0,0.0,0.0,-1259.6314,-15764.4994,600.5653,11553.7732,-2122.601,58.064777279999994,14.747,-4077.1957,-2064.5362227200003,-6126.98492272
345,520.0614,1427.3776,-1132.1517,0.0,0.0,0.0,-1282.5888,-15677.145,597.241,11527.3755,-2176.9603,58.55678784,22.9724,-4019.83,-2118.40351216,-6115.261112160001
346,529.0288,1382.8758,-1093.6151,0.0,0.0,0.0,-1271.2518,-15797.144,621.9524,11502.9009,-2055.5987,59.119791119999995,4.608,-4125.252999999999,-1996.47890888,-6117.123908879999
347,485.4962,1428.5462,-1097.1425,0.0,0.0,0.0,-1269.5251,-15869.7206,583.1862,11492.7391,-1999.3489,57.6205668,15.1957,-4246.4205,-1941.7283332,-6172.9531332
348,492.9176,1393.9083,-1079.9583,0.0,0.0,0.0,-1265.5811,-15902.3894,597.9677,11521.3262,-1975.906,58.2285204,18.3152,-4241.809000000001,-1917.6774796,-6141.171279600001
349,500.7532,1428.4258,-1128.4328,0.0,0.0,0.0,-1250.1254,-15829.0332,578.3702,11461.0602,-1983.9856,57.507555599999996,9.9505,-4238.982,-1926.4780444,-6155.5095444
350,523.99,1390.2859,-1109.1155,0.0,0.0,0.0,-1281.2232,-15896.7339,598.3969,11551.6027,-2013.4537,57.94594776,20.0338,-4222.7971,-1955.50775224,-6158.271052239999
351,484.849,1392.4677,-1115.0138,0.0,0.0,0.0,-1254.4015,-15876.2766,604.8962,11457.4262,-1952.0054,59.210035919999996,17.0016,-4306.0527999999995,-1892.7953640800001,-6181.84656408
352,487.6136,1399.0125,-1096.9915,0.0,0.0,0.0,-1283.1419,-15874.6118,603.8805,11510.2153,-1963.5584,58.560716879999994,8.6748,-4254.023300000001,-1904.99768312,-6150.346183120001
353,518.5545,1455.6308,-1108.1656,0.0,0.0,0.0,-1260.9459,-15858.4076,591.7832,11507.7459,-2007.4829,59.33761632,4.7401,-4153.804700000001,-1948.14528368,-6097.2098836800005
354,470.6061,1480.9125,-1108.4102,0.0,0.0,0.0,-1252.7769,-15936.8376,592.5795,11477.756,-1917.8092,57.993760800000004,15.7018,-4276.170600000001,-1859.8154392,-6120.284239200001
355,481.7751,1393.0375,-1114.0951,0.0,0.0,0.0,-1288.7511,-16007.7615,625.6404,11597.9883,-1910.5686,55.75163112,12.2961,-4312.166399999998,-1854.81696888,-6154.6872688799995
356,524.9569,1407.8906,-1103.2986,0.0,0.0,0.0,-1267.4292,-15885.3327,604.4274,11488.7346,-1967.0501,60.16279535999999,10.4493,-4230.051000000001,-1906.88730464,-6126.489004640001
357,500.8563,1384.4452,-1109.9842,0.0,0.0,0.0,-1279.9356,-15934.2487,600.7699,11496.0123,-1929.915,57.41628984,17.2951,-4342.084799999999,-1872.49871016,-6197.288410159998
358,515.4774,1377.8679,-1070.2499,0.0,0.0,0.0,-1271.1843,-15818.0311,608.6181,11521.1568,-2047.0628,59.86437408,5.1594,-4136.3451000000005,-1987.1984259199999,-6118.384125920001
359,492.2808,1398.1914,-1093.5449,0.0,0.0,0.0,-1245.1563,-15783.5522,606.8695,11541.8641,-2093.2372,60.345570959999996,1.6368,-4083.0476,-2032.89162904,-6114.302429039999
360,513.1676,1374.6726,-1075.6686,0.0,0.0,0.0,-1277.7861,-15961.179,620.4263,11545.5921,-1949.8716,58.36548816,21.8485,-4260.775100000001,-1891.50611184,-6130.4327118400015
361,513.7618,1399.8088,-1126.6688,0.0,0.0,0.0,-1260.1674,-15956.2831,588.639,11537.4514,-1972.176,59.753280960000005,13.1794,-4303.4583,-1912.42271904,-6202.70161904
362,488.4212,1399.7027,-1093.9591,0.0,0.0,0.0,-1292.148,-15879.68,606.3726,11533.9484,-2010.9052,60.6890988,8.564,-4237.342200000001,-1950.2161012,-6178.994301200001
363,516.5057,1458.934,-1084.5268,0.0,0.0,0.0,-1258.7529,-15829.4801,588.1954,11514.0198,-2075.548,60.509413439999996,8.8683,-4095.1049000000003,-2015.0385865599999,-6101.27518656
364,476.044,1407.8603,-1130.7535,0.0,0.0,0.0,-1280.8256,-15844.7773,612.783,11586.7581,-2048.2432,60.390198,12.9114,-4172.911,-1987.8530019999998,-6147.852602
365,487.1436,1398.6201,-1113.9317,0.0,0.0,0.0,-1267.6164,-15861.6022,589.612,11486.7821,-1994.6204,59.90291712,8.6737,-4280.9925,-1934.71748288,-6207.03628288
366,515.0256,1404.8667,-1115.0947,0.0,0.0,0.0,-1249.201,-15911.1472,610.6548,11586.1676,-2003.7044,60.319298159999995,6.8672,-4158.728199999998,-1943.38510184,-6095.246101839999
367,482.3971,1396.4476,-1139.2421,0.0,0.0,0.0,-1226.7409,-15759.7184,595.2129,11527.0688,-2138.3192,59.4543348,15.3934,-4124.575000000001,-2078.8648651999997,-6188.046465200001
368,508.0194,1464.5347,-1124.7852,0.0,0.0,0.0,-1270.7873,-15824.8889,585.086,11500.9701,-2025.7207,60.57925848000001,14.2084,-4161.851200000001,-1965.1414415200002,-6112.78424152
369,485.725,1438.0063,-1112.8324,0.0,0.0,0.0,-1270.8074,-15936.9983,623.2141,11541.8283,-1971.2634,58.825139039999996,14.2403,-4231.864400000002,-1912.43826096,-6130.062360960002
370,484.2641,1441.4436,-1102.0332,0.0,0.0,0.0,-1273.5256,-15799.2241,612.1185,11501.7329,-2070.9858,56.73741552,14.9219,-4135.223799999998,-2014.24838448,-6134.5502844799985
371,506.3503,1427.2008,-1112.0996,0.0,0.0,0.0,-1284.2052,-15724.2946,584.5105,11522.1085,-2165.5132,58.589220239999996,3.9842,-4080.429299999998,-2106.92397976,-6183.3690797599975
372,549.8241,1473.3951,-1064.1773,0.0,0.0,0.0,-1274.5076,-15692.6217,610.3829,11493.7328,-2178.0933,59.43763728,5.0613,-3903.9717,-2118.65566272,-6017.56606272
373,504.0001,1415.1319,-1083.091,0.0,0.0,0.0,-1280.0426,-15775.39,595.9513,11530.0553,-2065.8774,59.32938239999999,-4.5074,-4093.3849999999984,-2006.5480175999999,-6104.440417599998
374,556.1266,1353.3767,-1088.7951,0.0,0.0,0.0,-1273.9827,-15915.6068,594.8962,11595.317,-2039.0165,57.401097119999996,7.3492,-4178.668100000001,-1981.61540288,-6152.934302880001
375,523.1929,1418.1281,-1102.7994,0.0,0.0,0.0,-1250.0131,-15835.2235,601.8713,11509.9851,-2025.683,57.35297808,5.0681,-4134.8586,-1968.33002192,-6098.120521919999
376,485.3399,1457.6102,-1102.9339,0.0,0.0,0.0,-1263.1261,-15738.8072,596.8947,11529.021,-2150.1203,59.71427784,9.6609,-4036.0013999999974,-2090.4060221600002,-6116.746522159998
377,527.1327,1412.0584,-1089.0176,0.0,0.0,0.0,-1242.0308,-15940.9454,609.7261,11522.3083,-1953.7049,58.669398,17.8546,-4200.7683,-1895.035502,-6077.949202
378,505.4627,1427.6874,-1107.2081,0.0,0.0,0.0,-1269.0738,-15831.249,598.8194,11558.2044,-2091.0,58.85353512,14.4054,-4117.356999999998,-2032.14646488,-6135.098064879999
379,474.8971,1377.0067,-1087.489,0.0,0.0,0.0,-1281.5669,-15878.8505,622.1978,11553.0874,-2044.5644,59.61894624,16.9809,-4220.7173999999995,-1984.94545376,-6188.68195376
380,502.1583,1398.4744,-1105.518,0.0,0.0,0.0,-1237.5643,-15847.8913,607.0848,11446.4928,-1972.0114,59.752323360000005,9.2958,-4236.763299999999,-1912.25907664,-6139.726576639999
381,496.4871,1428.8039,-1118.5558,0.0,0.0,0.0,-1252.749,-15823.8612,602.1205,11497.3384,-2048.7032,59.6742552,8.1476,-4170.416099999999,-1989.0289447999999,-6151.297444799999
382,511.8553,1438.0583,-1104.3825,0.0,0.0,0.0,-1293.5806,-15813.0548,606.9192,11467.2407,-2015.4551,58.108939199999995,23.0203,-4186.9443999999985,-1957.3461608,-6121.270260799998
383,495.3159,1373.0179,-1108.1853,0.0,0.0,0.0,-1247.4884,-15855.5406,615.8774,11600.4869,-2114.2594,59.87163672,24.7649,-4126.5162,-2054.38776328,-6156.139063279999
384,492.6241,1406.6319,-1117.3147,0.0,0.0,0.0,-1245.1651,-15906.8152,598.9594,11510.855,-1973.1169,59.25435696,11.5658,-4260.2246,-1913.86254304,-6162.521343039999
385,500.0851,1487.4672,-1106.2434,0.0,0.0,0.0,-1269.9601,-15837.5289,582.0265,11488.2499,-2005.7113,60.40388736,22.5393,-4155.903699999999,-1945.30741264,-6078.671812639998
386,523.7812,1440.5871,-1097.698,0.0,0.0,0.0,-1293.9906,-15715.9754,593.1514,11513.3279,-2114.1869,58.20543216,22.8769,-4036.816399999998,-2055.9814678400003,-6069.920967839998
387,508.7712,1371.6021,-1101.3336,0.0,0.0,0.0,-1268.844,-15826.2029,606.9241,11607.3942,-2101.1128,61.73111735999999,22.7915,-4101.688899999999,-2039.3816826399998,-6118.279082639999
388,473.0667,1378.2037,-1102.3832,0.0,0.0,0.0,-1276.9617,-15884.6694,599.4002,11500.4164,-1989.664,57.633039360000005,19.1899,-4312.927300000001,-1932.0309606399999,-6225.7683606400005
389,542.4985,1403.78,-1080.5084,0.0,0.0,0.0,-1238.5291,-15977.5128,596.0761,11519.3555,-1948.6326,58.67923464,13.967,-4234.840200000001,-1889.95336536,-6110.826565360001
390,501.0692,1403.0194,-1088.6392,0.0,0.0,0.0,-1279.557,-15879.1717,600.9982,11516.3979,-2002.0623,59.668378559999994,8.9252,-4225.8832,-1942.39392144,-6159.35192144
391,508.2542,1381.3966,-1079.3879,0.0,0.0,0.0,-1250.5272,-15895.5868,612.5937,11552.3971,-2042.635,59.08465728,1.4615,-4170.8603,-1983.55034272,-6152.94914272
392,509.0078,1452.958,-1105.7841,0.0,0.0,0.0,-1235.0453,-15887.8712,604.2616,11491.1982,-1995.7796,58.20197472,17.3186,-4171.275,-1937.5776252800001,-6091.53402528
393,491.0799,1391.0766,-1068.7808,0.0,0.0,0.0,-1250.2508,-15650.5755,604.0515,11520.4232,-2215.8953,60.90060815999999,25.256,-3962.9759000000013,-2154.99469184,-6092.714591840001
394,525.2465,1486.0873,-1068.7852,0.0,0.0,0.0,-1238.9117,-15865.089,616.9125,11495.0781,-2003.4395,59.56459056,13.1396,-4049.4614999999994,-1943.87490944,-5980.196809439999
395,507.1716,1403.367,-1122.0964,0.0,0.0,0.0,-1264.6224,-15880.9112,594.6985,11576.1338,-2046.6034,59.1128892,9.8138,-4186.259100000001,-1987.4905108,-6163.9358108000015
396,513.5512,1429.3166,-1089.0659,0.0,0.0,0.0,-1246.6154,-15799.8988,607.6841,11535.8145,-2096.031,60.476333759999996,1.5748,-4049.2137000000002,-2035.55466624,-6083.19356624
397,498.1993,1395.0898,-1093.7326,0.0,0.0,0.0,-1249.7326,-15840.4094,602.5353,11529.0929,-2043.088,58.981312079999995,16.5177,-4158.957300000002,-1984.10668792,-6126.546287920001
398,496.4919,1434.7273,-1083.1857,0.0,0.0,0.0,-1255.5999,-15898.6531,602.419,11514.1453,-2002.0207,58.55736744,10.368,-4189.655199999999,-1943.46333256,-6122.750532559999
399,483.0282,1453.4426,-1117.125,0.0,0.0,0.0,-1297.6853,-15823.0402,607.0889,11564.0654,-2106.6222,57.94147008,13.4963,-4130.225399999999,-2048.68072992,-6165.4098299199995
400,491.9315,1387.1682,-1071.5871,0.0,0.0,0.0,-1280.9895,-15865.0658,602.3013,11582.7161,-2067.0372,59.219604,19.0948,-4153.525300000001,-2007.8175960000003,-6142.248096000002

