#Residue         Para         Anti         3-10        Alpha           Pi         Turn         Bend
       1       0.0000       0.0000       0.0000       0.0000       0.0000       0.0000       0.0000
       2       0.0000       0.0000       0.0000       0.0000       0.0000       0.0000       0.0000
       3       0.0000       0.0000       0.0000       0.0000       0.0000       0.0000       0.1076
       4       0.0000       0.0000       0.0000       0.0000       0.0000       0.0000       0.0003
       5       0.0000       0.9842       0.0000       0.0000       0.0000       0.0000       0.0000
       6       0.0000       1.0000       0.0000       0.0000       0.0000       0.0000       0.0000
       7       0.0000       1.0000       0.0000       0.0000       0.0000       0.0000       0.0000
       8       0.0000       1.0000       0.0000       0.0000       0.0000       0.0000       0.0000
       9       0.0000       1.0000       0.0000       0.0000       0.0000       0.0000       0.0000
      10       0.0000       0.9999       0.0000       0.0000       0.0000       0.0000       0.0000
      11       0.0000       1.0000       0.0000       0.0000       0.0000       0.0000       0.0000
      12       0.0000       0.9965       0.0000       0.0000       0.0000       0.0000       0.0034
      13       0.0000       0.0000       0.0000       0.0000       0.0000       0.9895       0.0105
      14       0.0000       0.0000       0.0000       0.0000       0.0000       0.9895       0.0105
      15       0.0000       0.9893       0.0000       0.0000       0.0000       0.0000       0.0096
      16       0.0000       0.9729       0.0000       0.0000       0.0000       0.0000       0.0000
      17       0.0000       0.0000       0.0000       0.0000       0.0000       0.0000       0.0001
      18       0.0000       0.9973       0.0000       0.0000       0.0000       0.0000       0.0000
      19       0.0000       0.9994       0.0000       0.0000       0.0000       0.0000       0.0000
      20       0.0000       1.0000       0.0000       0.0000       0.0000       0.0000       0.0000
      21       0.0000       1.0000       0.0000       0.0000       0.0000       0.0000       0.0000
      22       0.0000       1.0000       0.0000       0.0000       0.0000       0.0000       0.0000
      23       0.0000       1.0000       0.0000       0.0000       0.0000       0.0000       0.0000
      24       0.0000       0.9999       0.0000       0.0000       0.0000       0.0000       0.0000
      25       0.0000       0.0000       0.0000       0.0000       0.0000       0.0000       0.0000
      26       0.0000       0.0000       0.0032       0.0000       0.0000       0.9968       0.0000
      27       0.0000       0.0000       0.0032       0.0000       0.0000       0.9968       0.0000
      28       0.0000       0.0000       0.0032       0.0000       0.0000       0.9963       0.0005
      29       0.0000       0.0000       0.0000       0.0000       0.0000       0.0000       0.4325
      30       0.0000       0.0000       0.0000       0.9839       0.0000       0.0135       0.0005
      31       0.0000       0.0000       0.0000       0.9865       0.0000       0.0135       0.0000
      32       0.0000       0.0000       0.0000       1.0000       0.0000       0.0000       0.0000
      33       0.0000       0.0000       0.0000       1.0000       0.0000       0.0000       0.0000
      34       0.0000       0.0000       0.0000       1.0000       0.0000       0.0000       0.0000
      35       0.0000       0.0000       0.0000       1.0000       0.0000       0.0000       0.0000
      36       0.0000       0.0000       0.0000       1.0000       0.0000       0.0000       0.0000
      37       0.0000       0.0000       0.0000       1.0000       0.0000       0.0000       0.0000
      38       0.0000       0.0000       0.0000       1.0000       0.0000       0.0000       0.0000
      39       0.0000       0.0000       0.0000       0.9985       0.0000       0.0015       0.0000
      40       0.0000       0.0000       0.0000       0.9977       0.0000       0.0023       0.0000
      41       0.0000       0.0000       0.0000       0.9414       0.0000       0.0547       0.0039
      42       0.0000       0.0000       0.0000       0.0000       0.0000       0.9315       0.0000
      43       0.0978       0.0000       0.0000       0.0000       0.0000       0.8967       0.0011
      44       0.0000       0.0000       0.0000       0.0000       0.0000       0.9945       0.0055
      45       0.0000       0.0000       0.0000       0.0000       0.0000       0.2020       0.7980
      46       0.0978       0.0000       0.0000       0.0000       0.0000       0.0000       0.0005
      47       0.0000       0.0000       0.0000       0.0000       0.0000       0.0000       0.4224
      48       0.0000       0.0000       0.0065       0.0000       0.0000       0.0000       0.9856
      49       0.0000       0.0000       0.0065       0.0000       0.0000       0.9849       0.0086
      50       0.0000       0.0000       0.0065       0.0000       0.0000       0.9849       0.0086
      51       0.0000       0.1843       0.0000       0.0000       0.0000       0.0000       0.0000
      52       0.0000       0.9986       0.0000       0.0000       0.0000       0.0000       0.0000
      53       0.0000       0.4540       0.0000       0.0000       0.0000       0.0000       0.0000
      54       0.0000       0.0000       0.0000       0.0000       0.0000       0.0000       0.0575
      55       0.0000       0.9956       0.0000       0.0000       0.0000       0.0000       0.0001
      56       0.0000       0.9982       0.0000       0.0000       0.0000       0.0000       0.0000
      57       0.0000       0.9962       0.0000       0.0000       0.0000       0.0000       0.0000
      58       0.0002       0.0000       0.0000       0.0000       0.0000       0.9996       0.0002
      59       0.0000       0.0000       0.0000       0.0000       0.0000       0.9998       0.0002
      60       0.0000       0.0000       0.0000       0.0000       0.0000       0.9976       0.0024
      61       0.0000       0.9999       0.0000       0.0000       0.0000       0.0000       0.0000
      62       0.0000       1.0000       0.0000       0.0000       0.0000       0.0000       0.0000
      63       0.0000       1.0000       0.0000       0.0000       0.0000       0.0000       0.0000
      64       0.0000       0.9925       0.0000       0.0000       0.0000       0.0000       0.0000
      65       0.0000       0.0000       0.0000       0.0000       0.0000       0.0000       0.0000
      66       0.0000       0.0703       0.0000       0.0000       0.0000       0.0000       0.0000
      67       0.0000       0.0000       0.0000       0.0000       0.0000       0.0001       0.1739
      68       0.0000       0.0000       0.0000       0.0000       0.0000       0.0001       0.9999
      69       0.0000       0.0000       0.0000       0.0000       0.0000       0.0001       0.9999
      70       0.0000       0.0000       0.0000       0.0000       0.0000       0.0000       0.9948
      71       0.0000       0.0000       0.0000       0.0000       0.0000       0.0000       1.0000
      72       0.0000       0.0000       0.0000       0.0000       0.0000       0.0000       1.0000
      73       0.0000       0.0000       0.0000       0.0000       0.0000       0.0000       0.9989
      74       0.0000       0.0000       0.0000       0.0000       0.0000       0.0000       0.0012
      75       0.0000       0.0000       0.0000       0.0000       0.0000       0.0000       0.0002
      76       0.0000       0.0000       0.0000       0.0000       0.0000       0.0000       0.0000
      77       0.0000       0.6014       0.0000       0.0000       0.0000       0.0000       0.0000
      78       0.0000       0.0000       0.0000       0.0000       0.0000       0.6344       0.3656
      79       0.0000       0.0000       0.0000       0.0000       0.0000       0.6344       0.3656
      80       0.0000       0.6014       0.0000       0.0000       0.0000       0.0174       0.3511
      81       0.0000       0.0000       0.0000       0.0000       0.0000       0.0219       0.9781
      82       0.0000       0.0000       0.0000       0.0000       0.0000       0.0001       0.1595
      83       0.0002       0.9131       0.0000       0.0000       0.0000       0.0000       0.0000
      84       0.0000       0.3692       0.0000       0.0000       0.0000       0.0000       0.0001
      85       0.0000       0.0002       0.0000       0.0000       0.0000       0.0000       0.0000
      86       0.0000       0.0000       0.0000       0.0000       0.0000       0.0000       0.0000
      87       0.0000       0.0000       0.0000       0.0000       0.0000       0.0000       0.0009
      88       0.0000       0.0000       0.0000       0.0000       0.0000       0.0346       0.0343
      89       0.0000       0.0000       0.0000       0.0000       0.0000       0.0346       0.0022
      90       0.0000       0.0086       0.0000       0.0000       0.0000       0.0000       0.8741
      91       0.0000       0.0000       0.0000       0.0000       0.0000       0.0000       0.0000
      92       0.0000       0.0000       0.0000       0.0000       0.0000       0.0003       0.0042
      93       0.0000       0.0639       0.0000       0.0000       0.0000       0.0003       0.0000
      94       0.0000       0.0147       0.0000       0.0000       0.0000       0.0000       0.9853
      95       0.0000       0.0416       0.0000       0.0000       0.0000       0.8430       0.1154
      96       0.0000       0.0000       0.0000       0.0000       0.0000       0.8773       0.1222
      97       0.0000       0.9834       0.0000       0.0000       0.0000       0.0000       0.0000
      98       0.0000       1.0000       0.0000       0.0000       0.0000       0.0000       0.0000
      99       0.0000       1.0000       0.0000       0.0000       0.0000       0.0000       0.0000
     100       0.0000       0.9993       0.0000       0.0000       0.0000       0.0000       0.0000
     101       0.0000       0.0005       0.0000       0.0000       0.0000       0.0000       0.0000
     102       0.0000       0.2218       0.0000       0.0000       0.0000       0.0000       0.0000
     103       0.0000       0.4264       0.0000       0.0000       0.0000       0.0000       0.0719
     104       0.0000       0.0831       0.0000       0.0000       0.0000       0.4365       0.4804
     105       0.0000       0.0000       0.0000       0.0000       0.0000       0.8471       0.1529
     106       0.0000       0.0000       0.0000       0.0000       0.0000       0.8396       0.1029
     107       0.0002       0.7411       0.0000       0.0000       0.0000       0.0007       0.0000
     108       0.0000       0.9138       0.0000       0.0000       0.0000       0.0032       0.0000
     109       0.0000       0.0000       0.0000       0.0000       0.0000       0.0032       0.3168
     110       0.0000       0.0000       0.0000       0.0000       0.0000       0.0013       0.9987
     111       0.0000       0.0003       0.0000       0.0000       0.0000       0.0000       0.0000
     112       0.0000       1.0000       0.0000       0.0000       0.0000       0.0000       0.0000
     113       0.0000       1.0000       0.0000       0.0000       0.0000       0.0000       0.0000
     114       0.0000       1.0000       0.0000       0.0000       0.0000       0.0000       0.0000
     115       0.0000       0.9953       0.0000       0.0000       0.0000       0.0000       0.0000
     116       0.0000       0.0416       0.0000       0.0000       0.0000       0.0000       0.9386
     117       0.0000       0.0147       0.0000       0.0000       0.0000       0.0000       0.9853
     118       0.0000       0.0639       0.0000       0.0000       0.0000       0.0000       0.0000
     119       0.0000       0.0000       0.0000       0.0000       0.0000       0.0000       0.0000
     120       0.0000       0.0000       0.9440       0.0000       0.0000       0.0550       0.0005
     121       0.0000       0.0000       0.9440       0.0000       0.0000       0.0558       0.0002
     122       0.0000       0.0000       0.9440       0.0000       0.0000       0.0229       0.0327
     123       0.0959       0.0000       0.0000       0.0000       0.0000       0.9033       0.0001
     124       0.0000       0.0000       0.0000       0.0000       0.0000       0.9992       0.0008
     125       0.0000       0.0000       0.0000       0.0000       0.0000       0.9815       0.0185
     126       0.0959       0.0002       0.0000       0.0000       0.0000       0.0000       0.8420
     127       0.0000       0.9209       0.0000       0.0000       0.0000       0.0000       0.0000
     128       0.0000       0.9942       0.0000       0.0000       0.0000       0.0000       0.0000
     129       0.0000       0.0000       0.0000       0.0000       0.0000       0.0000       0.0000
     130       0.0000       1.0000       0.0000       0.0000       0.0000       0.0000       0.0000
     131       0.0000       1.0000       0.0000       0.0000       0.0000       0.0000       0.0000
     132       0.0000       0.9983       0.0000       0.0000       0.0000       0.0000       0.0000
     133       0.0000       0.0000       0.0000       0.0000       0.0000       0.0000       0.6807
     134       0.0000       0.9314       0.0000       0.0000       0.0000       0.0002       0.0684
     135       0.0000       0.0000       0.0000       0.0000       0.0000       0.0002       0.0000
     136       0.0000       0.0000       0.0128       0.9158       0.0000       0.0676       0.0011
     137       0.0000       0.0000       0.0128       0.9836       0.0000       0.0036       0.0000
     138       0.0000       0.0000       0.0128       0.9852       0.0000       0.0020       0.0000
     139       0.0000       0.0000       0.0002       0.9993       0.0000       0.0005       0.0000
     140       0.0000       0.0000       0.0054       0.9856       0.0000       0.0090       0.0000
     141       0.0000       0.0000       0.0143       0.9751       0.0000       0.0106       0.0000
     142       0.0000       0.0000       0.0423       0.9400       0.0000       0.0165       0.0012
     143       0.0000       0.0000       0.1758       0.4954       0.0000       0.3221       0.0067
     144       0.0000       0.0000       0.1748       0.2338       0.0000       0.5390       0.0473
     145       0.0000       0.0000       0.1634       0.0396       0.0000       0.2102       0.2783
     146       0.0000       0.1072       0.0000       0.0000       0.0000       0.0000       0.0214
     147       0.0000       0.2946       0.0000       0.0000       0.0000       0.0000       0.0002
     148       0.0000       0.2376       0.0004       0.0000       0.0000       0.3884       0.3655
     149       0.0000       0.0000       0.0004       0.0000       0.0000       0.6269       0.3727
     150       0.0000       0.0007       0.0004       0.0000       0.0000       0.2903       0.5230
     151       0.0000       0.4340       0.0000       0.0000       0.0000       0.0000       0.2158
     152       0.0000       0.3523       0.0000       0.0000       0.0000       0.0000       0.0002
     153       0.0000       0.0000       0.0000       0.0000       0.0000       0.0013       0.9344
     154       0.0000       0.0000       0.0000       0.0000       0.0000       0.0013       0.9914
     155       0.0000       0.0000       0.0000       0.0000       0.0000       0.0001       0.0000
     156       0.0000       0.8901       0.0000       0.0000       0.0000       0.0000       0.0000
     157       0.0000       1.0000       0.0000       0.0000       0.0000       0.0000       0.0000
     158       0.0000       0.9878       0.0000       0.0000       0.0000       0.0000       0.0000
     159       0.0000       0.0000       0.0000       0.0000       0.0000       0.0000       0.0889
     160       0.0000       0.9800       0.0000       0.0000       0.0000       0.0000       0.0069
     161       0.0000       0.9997       0.0000       0.0000       0.0000       0.0000       0.0000
     162       0.0000       0.9997       0.0000       0.0000       0.0000       0.0000       0.0000
     163       0.0000       0.9921       0.0000       0.0000       0.0000       0.0000       0.0000
     164       0.0000       0.0814       0.0000       0.0000       0.0000       0.0000       0.0000
     165       0.0000       0.4400       0.0000       0.0000       0.0000       0.0000       0.0000
