0.000000000000000000e+00	9.213186366531719296e-01	6.788872957723273771e+01
1.000000000000000000e+00	7.314026265417905570e-01	6.618020005550945939e+01
2.000000000000000000e+00	6.935162363362328275e-01	6.583936509325556585e+01
3.000000000000000000e+00	9.083867434561505583e-01	6.777239119540845991e+01
4.000000000000000000e+00	1.010565063524427654e+00	6.869161162455688441e+01
5.000000000000000000e+00	9.185895873360343522e-01	6.786417840157443493e+01
6.000000000000000000e+00	6.803642639224646294e-01	6.572104682654052965e+01
7.000000000000000000e+00	7.627052279599804141e-01	6.646180569053910858e+01
8.000000000000000000e+00	7.228063768774914966e-01	6.610286615238592844e+01
9.000000000000000000e+00	7.747462131210981484e-01	6.657012925213003030e+01
1.000000000000000000e+01	6.857844835327322475e-01	6.576980840916294824e+01
1.100000000000000000e+01	1.068383813155312723e+00	6.921176282505631150e+01
1.200000000000000000e+01	6.541067926899759577e-01	6.548482838060647282e+01
1.300000000000000000e+01	2.474359968294756129e+00	8.186025815984105236e+01
1.400000000000000000e+01	1.098274758671532902e+00	6.948066886840005907e+01
1.500000000000000000e+01	1.709238718342327656e+00	7.497704572043225824e+01
1.600000000000000000e+01	8.406449906448095755e-01	6.716297030212210473e+01
1.700000000000000000e+01	8.651562259294651724e-01	6.738347919483304338e+01
1.800000000000000000e+01	8.143416123218777392e-01	6.692633886510196817e+01
1.900000000000000000e+01	9.033573011363473793e-01	6.772714513807949288e+01
2.000000000000000000e+01	1.004976607879395356e+00	6.864133655061878869e+01
2.100000000000000000e+01	8.724371917631086326e-01	6.744898049230734216e+01
2.200000000000000000e+01	9.339525675806941152e-01	6.800238741973072365e+01
2.300000000000000000e+01	5.857025607764001496e-01	6.486944766801352102e+01
2.400000000000000000e+01	7.843479778348343423e-01	6.665650900739362328e+01
2.500000000000000000e+01	8.181991997358415425e-01	6.696104263744597063e+01
2.600000000000000000e+01	7.426130987941916839e-01	6.628105212577175109e+01
2.700000000000000000e+01	7.081725130518531364e-01	6.597121643866080376e+01
2.800000000000000000e+01	1.082436095835689560e+00	6.933818049670465200e+01
2.900000000000000000e+01	6.767020833862368301e-01	6.568810098086719051e+01
3.000000000000000000e+01	9.773566696065980608e-01	6.839286102767802333e+01
3.100000000000000000e+01	6.658224423605487718e-01	6.559022514687490002e+01
3.200000000000000000e+01	7.436160288159430198e-01	6.629007472238895105e+01
3.300000000000000000e+01	7.856442570910677770e-01	6.666817064337878662e+01
3.400000000000000000e+01	7.437563989392294017e-01	6.629133752534833945e+01
3.500000000000000000e+01	6.894701394412650064e-01	6.580296544485966592e+01
3.600000000000000000e+01	1.183810035237225389e+00	7.025016452637825637e+01
3.700000000000000000e+01	1.644406028448541557e+00	7.439379544789704823e+01
3.800000000000000000e+01	1.798580303395899360e+00	7.578078383335943613e+01
3.900000000000000000e+01	1.006730076523634221e+00	6.865711117089614390e+01
4.000000000000000000e+01	1.217854702067855177e+00	7.055643843295018769e+01
4.100000000000000000e+01	7.494000141300368734e-01	6.634210882765763984e+01
4.200000000000000000e+01	1.153089319250892197e+00	6.997379367085984825e+01
4.300000000000000000e+01	9.125434285500300113e-01	6.780978572150046091e+01
4.400000000000000000e+01	9.591338815008156882e-01	6.822892449895367406e+01
4.500000000000000000e+01	7.134206010963117794e-01	6.601842948484528506e+01
4.600000000000000000e+01	1.072212614436616862e+00	6.924620763051575523e+01
4.700000000000000000e+01	1.041647106132413958e+00	6.897123306015919297e+01
4.800000000000000000e+01	8.480169084248394551e-01	6.722928982490225280e+01
4.900000000000000000e+01	9.025128039174907801e-01	6.771954784057632537e+01
5.000000000000000000e+01	9.012193122647355059e-01	6.770791128253395641e+01
5.100000000000000000e+01	1.242488091129032801e+00	7.077804625003960837e+01
5.200000000000000000e+01	7.567217229130429601e-01	6.640797665837864372e+01
5.300000000000000000e+01	8.356886931837771426e-01	6.711838227331057283e+01
5.400000000000000000e+01	1.023162943231160416e+00	6.880494514171243736e+01
5.500000000000000000e+01	6.921764161707134599e-01	6.582731175291185366e+01
5.600000000000000000e+01	8.488356089011913630e-01	6.723665504878451316e+01
5.700000000000000000e+01	1.359930690840539080e+00	7.183458776329781870e+01
5.800000000000000000e+01	1.245395535592283887e+00	7.080420231079153837e+01
5.900000000000000000e+01	1.594261523059041341e+00	7.394268357081027432e+01
6.000000000000000000e+01	1.061172215018062470e+00	6.914688557584982220e+01
6.100000000000000000e+01	9.581374328856725464e-01	6.821996021060930104e+01
6.200000000000000000e+01	6.659292162874446142e-01	6.559118571047427793e+01
6.300000000000000000e+01	1.134215054689315272e+00	6.980399630524881616e+01
6.400000000000000000e+01	9.990209556959293025e-01	6.858775808943165941e+01
6.500000000000000000e+01	1.785227130551007457e+00	7.566065551979181691e+01
6.600000000000000000e+01	1.150011734060160551e+00	6.994610698372430591e+01
6.700000000000000000e+01	6.982154905965141101e-01	6.588164070039928788e+01
6.800000000000000000e+01	6.696633746700093592e-01	6.562477908594409826e+01
6.900000000000000000e+01	9.155549446912216727e-01	6.783687803577851128e+01
7.000000000000000000e+01	6.892610338970051043e-01	6.580108428173227253e+01
7.100000000000000000e+01	6.896865343048951269e-01	6.580491218443494006e+01
7.200000000000000000e+01	7.952550449067756766e-01	6.675463157261020797e+01
7.300000000000000000e+01	1.261898461883385059e+00	7.095266655425702140e+01
7.400000000000000000e+01	1.674376069930535005e+00	7.466341305732990463e+01
7.500000000000000000e+01	9.745198057425613625e-01	6.836733992675570448e+01
7.600000000000000000e+01	1.200284676958350394e+00	7.039837431513619492e+01
7.700000000000000000e+01	1.296868369652635300e+00	7.126726414800734233e+01
7.800000000000000000e+01	1.344579638968293134e+00	7.169648605561211241e+01
7.900000000000000000e+01	7.870641539202408721e-01	6.668094437240257832e+01
8.000000000000000000e+01	1.015257072822793871e+00	6.873382205430294789e+01
8.100000000000000000e+01	8.681803207710367953e-01	6.741068467008646792e+01
8.200000000000000000e+01	6.145331077164775113e-01	6.512881411397910369e+01
8.300000000000000000e+01	1.014106428734460552e+00	6.872347058686868593e+01
8.400000000000000000e+01	7.359911898384075002e-01	6.622147986046095980e+01
8.500000000000000000e+01	8.072630075022979579e-01	6.686265805535995810e+01
8.600000000000000000e+01	6.798228490923701184e-01	6.571617613017231463e+01
8.700000000000000000e+01	7.917493496854287605e-01	6.672309350598632705e+01
8.800000000000000000e+01	9.483541227678378149e-01	6.813194722978323625e+01
8.900000000000000000e+01	7.420020607195298989e-01	6.627555508216366320e+01
9.000000000000000000e+01	9.907663573660203671e-01	6.851349776283598203e+01
9.100000000000000000e+01	1.135387906779173450e+00	6.981454756113799931e+01
9.200000000000000000e+01	9.150368832358869442e-01	6.783221743191479902e+01
9.300000000000000000e+01	7.989233421293270299e-01	6.678763244544609279e+01
9.400000000000000000e+01	7.215229255071147207e-01	6.609131991910787463e+01
9.500000000000000000e+01	7.015354508139673984e-01	6.591150785082615471e+01
9.600000000000000000e+01	9.116200493208257427e-01	6.780147878270200579e+01
9.700000000000000000e+01	7.905293627718552596e-01	6.671211821403103670e+01
9.800000000000000000e+01	6.691301104733498040e-01	6.561998171460959384e+01
9.900000000000000000e+01	6.409961700215409675e-01	6.536688210601877813e+01
1.000000000000000000e+02	1.118209060263617216e+00	6.966000257883888480e+01
1.010000000000000000e+02	8.483095662229174216e-01	6.723192264394413087e+01
1.020000000000000000e+02	8.570892861455343681e-01	6.731090708907572662e+01
1.030000000000000000e+02	9.541660692715547842e-01	6.818423288055303999e+01
1.040000000000000000e+02	1.124241828736412430e+00	6.971427479647576320e+01
1.050000000000000000e+02	8.785637358269384745e-01	6.750409633742779647e+01
1.060000000000000000e+02	9.725051335238688033e-01	6.834921545710086832e+01
1.070000000000000000e+02	6.795525423958018729e-01	6.571374438694678588e+01
1.080000000000000000e+02	7.690230472269912187e-01	6.651864229280486995e+01
1.090000000000000000e+02	1.028704016818178912e+00	6.885479395540598091e+01
1.100000000000000000e+02	6.800276585499940296e-01	6.571801864468424981e+01
1.110000000000000000e+02	1.350120307797013863e+00	7.174633122800389629e+01
1.120000000000000000e+02	8.030742435563313908e-01	6.682497494029759366e+01
1.130000000000000000e+02	9.871034084389889163e-01	6.848054500453653759e+01
1.140000000000000000e+02	1.092949110303112148e+00	6.943275807112485154e+01
1.150000000000000000e+02	7.632910774299305201e-01	6.646707613147829363e+01
1.160000000000000000e+02	9.641011281632011487e-01	6.827361102938041881e+01
1.170000000000000000e+02	1.072985531340276744e+00	6.925316097450695452e+01
1.180000000000000000e+02	1.058228588773993728e+00	6.912040401520646071e+01
1.190000000000000000e+02	9.055951318735522282e-01	6.774727719475491483e+01
1.200000000000000000e+02	6.972134184898370890e-01	6.587262582178979642e+01
1.210000000000000000e+02	8.816200692990684429e-01	6.753159183905665941e+01
1.220000000000000000e+02	7.658541469480379948e-01	6.649013411345330837e+01
1.230000000000000000e+02	7.667094058979573301e-01	6.649782822604443311e+01
1.240000000000000000e+02	2.295997922066359997e+00	8.025567084064944368e+01
1.250000000000000000e+02	7.108663711783838046e-01	6.599545102601240387e+01
1.260000000000000000e+02	2.135754293823006300e+00	7.881408111179374032e+01
1.270000000000000000e+02	9.753585522924768103e-01	6.837488548987559511e+01
1.280000000000000000e+02	7.268650311748316994e-01	6.613937877015527533e+01
1.290000000000000000e+02	8.896806866946100900e-01	6.760410706710679563e+01
1.300000000000000000e+02	6.340408795619540960e-01	6.530431066153974484e+01
1.310000000000000000e+02	6.896527411794795004e-01	6.580460817345465330e+01
1.320000000000000000e+02	9.271670594250805975e-01	6.794134337717233052e+01
1.330000000000000000e+02	8.449979616080771638e-01	6.720213066250238398e+01
1.340000000000000000e+02	7.560731553948586425e-01	6.640214199098542736e+01
1.350000000000000000e+02	7.332112245959889751e-01	6.619647063304905998e+01
1.360000000000000000e+02	6.812888569210537870e-01	6.572936468469657711e+01
1.370000000000000000e+02	1.001542337153792372e+00	6.861044103571805408e+01
1.380000000000000000e+02	1.027539192573271531e+00	6.884431491991614394e+01
1.390000000000000000e+02	1.198565214654462752e+00	7.038290562397129690e+01
1.400000000000000000e+02	8.233594455558437275e-01	6.700746543412147105e+01
1.410000000000000000e+02	8.493299767225250818e-01	6.724110249909080039e+01
1.420000000000000000e+02	1.016752311200534553e+00	6.874727357378719717e+01
1.430000000000000000e+02	6.398594495273624005e-01	6.535665589854362167e+01
1.440000000000000000e+02	9.010267382912250378e-01	6.770617884134237840e+01
1.450000000000000000e+02	9.214032181604525640e-01	6.788949049255576540e+01
1.460000000000000000e+02	8.080889386907105232e-01	6.687008832844482242e+01
1.470000000000000000e+02	8.201555431416600594e-01	6.697864236725025933e+01
1.480000000000000000e+02	9.491532457431111069e-01	6.813913632981720525e+01
1.490000000000000000e+02	1.077832809624154287e+00	6.929676824091464482e+01
1.500000000000000000e+02	7.088913754713719317e-01	6.597768349567766677e+01
1.510000000000000000e+02	1.202188458583943964e+00	7.041550118668500602e+01
1.520000000000000000e+02	1.100398924468378059e+00	6.949977836828276168e+01
1.530000000000000000e+02	7.813902419954934508e-01	6.662990051348091924e+01
1.540000000000000000e+02	9.911364002223487235e-01	6.851682675623663954e+01
1.550000000000000000e+02	8.391415100836139285e-01	6.714944463399842789e+01
1.560000000000000000e+02	6.919864405149913633e-01	6.582560268680406068e+01
1.570000000000000000e+02	8.659931390829602726e-01	6.739100826428339985e+01
1.580000000000000000e+02	1.973715004420776076e+00	7.735633718878057152e+01
1.590000000000000000e+02	7.258733721096219949e-01	6.613045756973934886e+01
1.600000000000000000e+02	1.018803410367593365e+00	6.876572574891896750e+01
1.610000000000000000e+02	6.979071368563847244e-01	6.587886667693578602e+01
1.620000000000000000e+02	7.155302243271663976e-01	6.603740815635126182e+01
1.630000000000000000e+02	7.428688196844241975e-01	6.628335265162013457e+01
1.640000000000000000e+02	1.039541451447618892e+00	6.895229009063588421e+01
1.650000000000000000e+02	1.039527219427818894e+00	6.895216205600642922e+01
1.660000000000000000e+02	7.694448176718867716e-01	6.652243663987478328e+01
1.670000000000000000e+02	9.724833090372907440e-01	6.834901911883747516e+01
1.680000000000000000e+02	9.073413317876430906e-01	6.776298642380993442e+01
1.690000000000000000e+02	9.891401933113097567e-01	6.849886840487397421e+01
1.700000000000000000e+02	8.495324372462078610e-01	6.724292388203525661e+01
1.710000000000000000e+02	9.916634745696155662e-01	6.852156844221624965e+01
1.720000000000000000e+02	9.117998048116288112e-01	6.780309590577945755e+01
1.730000000000000000e+02	1.132897171293588690e+00	6.979214031329496493e+01
1.740000000000000000e+02	7.877799553357042184e-01	6.668738389190014004e+01
1.750000000000000000e+02	1.144111765657867208e+00	6.989302946705448960e+01
1.760000000000000000e+02	8.746695814497446042e-01	6.746906359999989888e+01
1.770000000000000000e+02	7.015254890478651584e-01	6.591141823241291320e+01
1.780000000000000000e+02	8.014526640019923320e-01	6.681038682558947528e+01
1.790000000000000000e+02	6.961291917015343111e-01	6.586287186015711370e+01
1.800000000000000000e+02	1.002835019296109298e+00	6.862207031121229761e+01
1.810000000000000000e+02	9.327473866351644327e-01	6.799154532577956900e+01
1.820000000000000000e+02	1.000187849924423444e+00	6.859825574698533046e+01
1.830000000000000000e+02	7.459128956667346877e-01	6.631073788196009389e+01
1.840000000000000000e+02	1.309518907286865819e+00	7.138107138838206822e+01
1.850000000000000000e+02	1.590835673434358277e+00	7.391186381413298534e+01
1.860000000000000000e+02	7.442336370099555953e-01	6.629563087235077035e+01
1.870000000000000000e+02	7.346847506662594895e-01	6.620972682345980331e+01
1.880000000000000000e+02	7.279156060187916832e-01	6.614882999090613680e+01
1.890000000000000000e+02	1.531083616485395593e+00	7.337432012194440745e+01
1.900000000000000000e+02	1.051434234461851691e+00	6.905928039052344047e+01
1.910000000000000000e+02	1.141306214342094671e+00	6.986779006125138380e+01
1.920000000000000000e+02	1.647802621882204610e+00	7.442435200893316960e+01
1.930000000000000000e+02	2.296304076650857784e+00	8.025842507998670783e+01
1.940000000000000000e+02	1.894121069333998042e+00	7.664029124949334459e+01
1.950000000000000000e+02	8.248853408922611763e-01	6.702119275088533357e+01
1.960000000000000000e+02	8.589112394205903334e-01	6.732729781335331154e+01
1.970000000000000000e+02	9.949171743569160675e-01	6.855083949808019383e+01
1.980000000000000000e+02	6.351557379204033627e-01	6.531434019205080688e+01
1.990000000000000000e+02	8.152132482040346240e-01	6.693418030846414979e+01
2.000000000000000000e+02	1.251127815708972246e+00	7.085577126382716528e+01
2.010000000000000000e+02	6.412629933621005751e-01	6.536928251214654040e+01
2.020000000000000000e+02	1.000848955478314650e+00	6.860420320952488282e+01
2.030000000000000000e+02	1.183308014253756646e+00	7.024564822640819273e+01
2.040000000000000000e+02	8.256515644523365616e-01	6.702808587996835854e+01
2.050000000000000000e+02	9.914195485628032323e-01	6.851937402593975435e+01
2.060000000000000000e+02	1.042279765231292288e+00	6.897692461163495636e+01
2.070000000000000000e+02	6.874805521229188088e-01	6.578506664492464040e+01
2.080000000000000000e+02	7.363550905701066185e-01	6.622475359785002524e+01
2.090000000000000000e+02	9.363565485893168283e-01	6.802401420369952234e+01
2.100000000000000000e+02	8.349868248528933279e-01	6.711206809915024962e+01
2.110000000000000000e+02	8.591454052283522547e-01	6.732940442456161634e+01
2.120000000000000000e+02	1.126811144976126444e+00	6.973738897544161830e+01
2.130000000000000000e+02	7.496249260076743859e-01	6.634413218831323888e+01
2.140000000000000000e+02	1.067152134146918119e+00	6.920068234823976638e+01
2.150000000000000000e+02	8.529484430250858784e-01	6.727365508113831538e+01
2.160000000000000000e+02	8.833110157900649906e-01	6.754680399519781986e+01
2.170000000000000000e+02	9.221945096903700900e-01	6.789660913904776862e+01
2.180000000000000000e+02	8.244596401679548103e-01	6.701736304608861872e+01
2.190000000000000000e+02	7.056823705188720597e-01	6.594881452516020204e+01
2.200000000000000000e+02	9.629219635408450273e-01	6.826300298444999726e+01
2.210000000000000000e+02	7.545808011452013186e-01	6.638871641780224309e+01
2.220000000000000000e+02	7.104310476673568742e-01	6.599153475234146526e+01
2.230000000000000000e+02	9.849760263862226140e-01	6.846140657045188505e+01
2.240000000000000000e+02	1.241191357996370037e+00	7.076638053087432922e+01
2.250000000000000000e+02	9.190073838193864031e-01	6.786793699794270651e+01
2.260000000000000000e+02	8.078361941471592367e-01	6.686781457851790833e+01
2.270000000000000000e+02	8.406304185374355864e-01	6.716283920798407792e+01
2.280000000000000000e+02	1.185753970134438395e+00	7.026765262629278652e+01
2.290000000000000000e+02	1.255699787123667255e+00	7.089690180426923405e+01
2.300000000000000000e+02	7.441009505381392941e-01	6.629443719334446428e+01
2.310000000000000000e+02	7.758132916392319611e-01	6.657972894385248708e+01
2.320000000000000000e+02	1.010943787813873840e+00	6.869501871819124972e+01
2.330000000000000000e+02	1.349000152246429884e+00	7.173625404269459693e+01
2.340000000000000000e+02	1.217244812031345491e+00	7.055095171736590487e+01
2.350000000000000000e+02	8.065045909210271091e-01	6.685583515971201507e+01
2.360000000000000000e+02	1.056741989140062676e+00	6.910703021191275752e+01
2.370000000000000000e+02	8.330924875460270496e-01	6.709502619093521503e+01
2.380000000000000000e+02	1.222142502673370990e+00	7.059501250531769756e+01
2.390000000000000000e+02	1.095518848081947771e+00	6.945587604235672075e+01
2.400000000000000000e+02	7.806623717972323018e-01	6.662335242034764349e+01
2.410000000000000000e+02	8.614663701890086234e-01	6.735028437645109989e+01
2.420000000000000000e+02	9.855310260266139100e-01	6.846639947899919321e+01
2.430000000000000000e+02	9.578752297128478865e-01	6.821760136860751800e+01
2.440000000000000000e+02	1.215827765315569797e+00	7.053820362863898197e+01
2.450000000000000000e+02	7.406045700433039336e-01	6.626298292421202518e+01
2.460000000000000000e+02	1.139276273450631871e+00	6.984952823099082764e+01
2.470000000000000000e+02	1.156203603772867572e+00	7.000181051389336062e+01
2.480000000000000000e+02	1.163962696503231475e+00	7.007161315445978289e+01
2.490000000000000000e+02	7.528617882052479615e-01	6.637325176922199432e+01
2.500000000000000000e+02	7.777989281220438755e-01	6.659759220113292599e+01
2.510000000000000000e+02	1.166679500131083014e+00	7.009605416498958164e+01
2.520000000000000000e+02	7.196937918067149997e-01	6.607486459801893375e+01
2.530000000000000000e+02	1.191037993794144212e+00	7.031518895780479284e+01
2.540000000000000000e+02	6.882976927325427097e-01	6.579241783587544035e+01
2.550000000000000000e+02	7.016427656176246197e-01	6.591247328028130426e+01
2.560000000000000000e+02	6.902904031267056428e-01	6.581034473174206312e+01
2.570000000000000000e+02	8.763860827666103415e-01	6.748450565342247387e+01
2.580000000000000000e+02	9.004987095785235152e-01	6.770142856966471356e+01
2.590000000000000000e+02	9.195722497437542886e-01	6.787301866592336808e+01
2.600000000000000000e+02	9.788747619594226901e-01	6.840651814694869870e+01
2.610000000000000000e+02	8.253296340409284060e-01	6.702518971754629717e+01
2.620000000000000000e+02	8.412624283400467196e-01	6.716852491823645721e+01
2.630000000000000000e+02	9.603489976144148343e-01	6.823985597203585485e+01
2.640000000000000000e+02	8.377134285433797123e-01	6.713659727337049787e+01
2.650000000000000000e+02	9.471148385803048741e-01	6.812079833496935066e+01
2.660000000000000000e+02	8.851809071017298081e-01	6.756362598143542186e+01
2.670000000000000000e+02	7.603038381716662464e-01	6.644020221780348834e+01
2.680000000000000000e+02	9.672617058473047535e-01	6.830204433669254627e+01
2.690000000000000000e+02	6.618660328329735165e-01	6.555463234733196032e+01
2.700000000000000000e+02	1.218337009488152711e+00	7.056077738502506236e+01
2.710000000000000000e+02	8.786934112910260719e-01	6.750526292869361100e+01
2.720000000000000000e+02	1.374836137347323683e+00	7.196868069930870604e+01
2.730000000000000000e+02	1.291620590651993083e+00	7.122005388205442955e+01
2.740000000000000000e+02	7.000132587399588990e-01	6.589781384949023391e+01
2.750000000000000000e+02	9.791827215354931280e-01	6.840928862441874969e+01
2.760000000000000000e+02	9.044392152946103547e-01	6.773687829474320665e+01
2.770000000000000000e+02	9.520803248241922478e-01	6.816546902825328402e+01
2.780000000000000000e+02	1.273318892363949795e+00	7.105540745859356377e+01
2.790000000000000000e+02	8.785588007055720183e-01	6.750405193990414432e+01
2.800000000000000000e+02	6.815755017461728738e-01	6.573194340960596094e+01
2.810000000000000000e+02	9.574191046763229629e-01	6.821349795947396899e+01
2.820000000000000000e+02	8.147143651713701917e-01	6.692969223824461267e+01
2.830000000000000000e+02	7.798395885676235872e-01	6.661595046704763945e+01
2.840000000000000000e+02	7.681775539732305091e-01	6.651103603473521275e+01
2.850000000000000000e+02	8.833442703824984088e-01	6.754710316140752013e+01
2.860000000000000000e+02	7.570609659125135948e-01	6.641102856895371076e+01
2.870000000000000000e+02	1.036307347020244185e+00	6.892319531928266940e+01
2.880000000000000000e+02	8.348208188817775044e-01	6.711057467001667476e+01
2.890000000000000000e+02	7.068249967528511535e-01	6.595909386207289060e+01
2.900000000000000000e+02	8.900660172956997851e-01	6.760757359268933442e+01
2.910000000000000000e+02	7.119211178751563285e-01	6.600493977774176813e+01
2.920000000000000000e+02	1.279532338062806529e+00	7.111130509145714029e+01
2.930000000000000000e+02	9.631780105783573909e-01	6.826530644439675655e+01
2.940000000000000000e+02	1.157744566079448312e+00	7.001567337669840185e+01
2.950000000000000000e+02	8.360270739555295538e-01	6.712142642708036533e+01
2.960000000000000000e+02	1.094641822793113395e+00	6.944798611461239091e+01
2.970000000000000000e+02	8.887188990161951629e-01	6.759545459677931944e+01
2.980000000000000000e+02	6.170097197066215511e-01	6.515109430350358366e+01
2.990000000000000000e+02	1.213239965321255776e+00	7.051492316542785943e+01
3.000000000000000000e+02	7.298398930310752153e-01	6.616614133378253371e+01
3.010000000000000000e+02	8.323563877736541716e-01	6.708840406259915312e+01
3.020000000000000000e+02	1.350922050260775054e+00	7.175354389357828211e+01
3.030000000000000000e+02	6.932403256723569385e-01	6.583688293540950554e+01
3.040000000000000000e+02	1.132948894806330875e+00	6.979260563029713182e+01
3.050000000000000000e+02	1.249166448485299119e+00	7.083812633856456387e+01
3.060000000000000000e+02	9.556831355485297941e-01	6.819788076900174190e+01
3.070000000000000000e+02	9.790530241102035625e-01	6.840812183558472270e+01
3.080000000000000000e+02	1.061224109218202871e+00	6.914735242839634566e+01
3.090000000000000000e+02	7.022580195956866778e-01	6.591800825115743123e+01
3.100000000000000000e+02	6.338076743709091243e-01	6.530221269226750280e+01
3.110000000000000000e+02	1.047986058644961860e+00	6.902825978211980384e+01
3.120000000000000000e+02	1.020231641948327717e+00	6.877857445934685643e+01
3.130000000000000000e+02	1.100058887130088259e+00	6.949671931164705541e+01
3.140000000000000000e+02	8.437438476282317357e-01	6.719084835535558398e+01
3.150000000000000000e+02	7.175816072516220112e-01	6.605586288423194219e+01
3.160000000000000000e+02	8.216380521172854667e-01	6.699197937001054015e+01
3.170000000000000000e+02	8.065339491167642372e-01	6.685609927301183575e+01
3.180000000000000000e+02	7.268979627758304085e-01	6.613967503065732956e+01
3.190000000000000000e+02	1.163302899787020728e+00	7.006567746653479389e+01
3.200000000000000000e+02	6.047342372291987234e-01	6.504066114837478096e+01
3.210000000000000000e+02	7.017678356854787358e-01	6.591359844030908732e+01
3.220000000000000000e+02	8.382168769167315237e-01	6.714112641447887597e+01
3.230000000000000000e+02	7.153287580852633054e-01	6.603559571820179031e+01
3.240000000000000000e+02	7.582208777696198831e-01	6.642146341143646282e+01
3.250000000000000000e+02	9.521145883190721415e-01	6.816577727078893645e+01
3.260000000000000000e+02	1.034153307916984010e+00	6.890381707204217321e+01
3.270000000000000000e+02	9.039272739244239574e-01	6.773227274861866931e+01
3.280000000000000000e+02	7.390290339966314459e-01	6.624880902783171166e+01
3.290000000000000000e+02	7.808761427137991262e-01	6.662527555427207915e+01
3.300000000000000000e+02	7.771515254215520807e-01	6.659176801271624413e+01
3.310000000000000000e+02	8.123624575472150333e-01	6.690853391880709466e+01
3.320000000000000000e+02	8.756943862392151390e-01	6.747828298722158991e+01
3.330000000000000000e+02	6.803425270934758684e-01	6.572085127686563055e+01
3.340000000000000000e+02	1.139598632577051740e+00	6.985242825023492230e+01
3.350000000000000000e+02	7.593784194610246896e-01	6.643187693134575511e+01
3.360000000000000000e+02	1.145621896830933073e+00	6.990661496566170285e+01
3.370000000000000000e+02	7.726668755173778935e-01	6.655142303731696529e+01
3.380000000000000000e+02	1.083558376274460722e+00	6.934827679801263400e+01
3.390000000000000000e+02	1.007019361519215561e+00	6.865971364740590843e+01
3.400000000000000000e+02	1.140073942444143063e+00	6.985670425065961808e+01
3.410000000000000000e+02	9.305280589584472573e-01	6.797157972702976281e+01
3.420000000000000000e+02	7.421907628859303330e-01	6.627725269165912891e+01
3.430000000000000000e+02	7.832910317783842169e-01	6.664700046970239100e+01
3.440000000000000000e+02	8.681700488907099222e-01	6.741059226181204167e+01
3.450000000000000000e+02	6.040932153538819405e-01	6.503489436337646623e+01
3.460000000000000000e+02	7.652422745524569692e-01	6.648462956409612445e+01
3.470000000000000000e+02	8.411922384552508181e-01	6.716789347336653293e+01
3.480000000000000000e+02	6.718364849515078285e-01	6.564432890203239879e+01
3.490000000000000000e+02	7.457837557285962315e-01	6.630957610841285543e+01
3.500000000000000000e+02	8.739486116661816517e-01	6.746257758463571008e+01
3.510000000000000000e+02	6.620906312784826664e-01	6.555665288827771064e+01
3.520000000000000000e+02	9.357303153932194917e-01	6.801838046117097747e+01
3.530000000000000000e+02	6.623178819700477060e-01	6.555869728945876318e+01
3.540000000000000000e+02	7.629877158920365110e-01	6.646434701905147335e+01
3.550000000000000000e+02	7.191799459496113212e-01	6.607024191867789398e+01
3.560000000000000000e+02	8.707246762428566544e-01	6.743357429605751463e+01
3.570000000000000000e+02	7.376579382401401430e-01	6.623647432484537489e+01
3.580000000000000000e+02	1.212146657404672867e+00	7.050508750780889500e+01
3.590000000000000000e+02	9.923323701368840233e-01	6.852758598556584957e+01
3.600000000000000000e+02	7.267491894521480589e-01	6.613833663051188694e+01
3.610000000000000000e+02	7.857485402189350321e-01	6.666910879915866417e+01
3.620000000000000000e+02	7.057667351942259470e-01	6.594957348981171208e+01
3.630000000000000000e+02	7.494053153404398593e-01	6.634215651860516516e+01
3.640000000000000000e+02	6.491650233150858540e-01	6.544037104990751175e+01
3.650000000000000000e+02	6.454184658466972646e-01	6.540666612931751445e+01
3.660000000000000000e+02	1.055831733439447362e+00	6.909884133549361707e+01
3.670000000000000000e+02	7.409425739978743319e-01	6.626602368804495313e+01
3.680000000000000000e+02	1.051845117023114451e+00	6.906297678760691383e+01
3.690000000000000000e+02	7.374041135827180682e-01	6.623419085795759997e+01
3.700000000000000000e+02	1.161161526198857707e+00	7.004641316127548123e+01
3.710000000000000000e+02	1.270408152960937676e+00	7.102922175578119379e+01
3.720000000000000000e+02	1.043278470017754644e+00	6.898590919703224245e+01
3.730000000000000000e+02	7.902761043324045831e-01	6.670983984097458119e+01
3.740000000000000000e+02	8.882333011419940583e-01	6.759108604299981948e+01
3.750000000000000000e+02	9.081870967295700980e-01	6.777059512605084990e+01
3.760000000000000000e+02	9.158761528963150766e-01	6.783976770106107779e+01
3.770000000000000000e+02	1.072537893919622842e+00	6.924913392198112660e+01
3.780000000000000000e+02	1.153435622988099984e+00	6.997690910150814148e+01
3.790000000000000000e+02	1.162951631986729462e+00	7.006251737799630064e+01
3.800000000000000000e+02	6.091356999691578400e-01	6.508025775229234000e+01
3.810000000000000000e+02	9.343397707384417661e-01	6.800587079127758727e+01
3.820000000000000000e+02	8.016897351649272530e-01	6.681251957406280439e+01
3.830000000000000000e+02	8.617027354788679983e-01	6.735241077472261395e+01
3.840000000000000000e+02	1.335921320642105226e+00	7.161859376806829403e+01
3.850000000000000000e+02	7.329618441927594485e-01	6.619422714772727545e+01
3.860000000000000000e+02	7.642317708378444374e-01	6.647553883273958775e+01
3.870000000000000000e+02	8.510278059415354868e-01	6.725637657388746504e+01
3.880000000000000000e+02	7.065092292229464555e-01	6.595625314239617865e+01
3.890000000000000000e+02	8.294011231797344674e-01	6.706181780059704067e+01
3.900000000000000000e+02	8.247235117981110974e-01	6.701973689792872335e+01
3.910000000000000000e+02	8.863086092416633255e-01	6.757377105765441172e+01
3.920000000000000000e+02	6.299208336885846471e-01	6.526724575057527034e+01
3.930000000000000000e+02	8.594871198830698056e-01	6.733247857073418174e+01
3.940000000000000000e+02	8.859729870976831290e-01	6.757075172115509076e+01
3.950000000000000000e+02	8.458792228028457760e-01	6.721005869746230132e+01
3.960000000000000000e+02	8.456785779040362216e-01	6.720825364831031834e+01
3.970000000000000000e+02	9.523371758599841197e-01	6.816777972115946227e+01
3.980000000000000000e+02	7.695686819813003510e-01	6.652355095261331996e+01
3.990000000000000000e+02	1.185143166915929580e+00	7.026215769550641710e+01
4.000000000000000000e+02	6.931038548022574464e-01	6.583565521105765583e+01
4.010000000000000000e+02	6.660084617787290773e-01	6.559189862173037966e+01
4.020000000000000000e+02	8.574283247178574596e-01	6.731395716057564016e+01
4.030000000000000000e+02	1.143680301712185488e+00	6.988914791494983092e+01
4.040000000000000000e+02	7.928751517666957627e-01	6.673322148882638771e+01
4.050000000000000000e+02	1.148421305553725125e+00	6.993179911123982606e+01
4.060000000000000000e+02	1.430263516836907334e+00	7.246731856619614121e+01
4.070000000000000000e+02	6.416584382070125159e-01	6.537284002786809367e+01
4.080000000000000000e+02	1.255908226169720976e+00	7.089877697142050295e+01
4.090000000000000000e+02	8.250258000515476864e-01	6.702245635483372155e+01
4.100000000000000000e+02	7.237261774356781308e-01	6.611114089661018056e+01
4.110000000000000000e+02	5.969395541231418134e-01	6.497053832833782394e+01
4.120000000000000000e+02	1.136313582785870580e+00	6.982287516229213509e+01
4.130000000000000000e+02	9.182870632414054102e-01	6.786145682298608506e+01
4.140000000000000000e+02	8.615099980767304544e-01	6.735067686328829950e+01
4.150000000000000000e+02	8.712726146897045165e-01	6.743850368043105448e+01
4.160000000000000000e+02	7.972720104081161274e-01	6.677277667318028875e+01
4.170000000000000000e+02	9.272391509996744663e-01	6.794199193009521309e+01
4.180000000000000000e+02	6.696629919299759148e-01	6.562477564272387554e+01
4.190000000000000000e+02	7.533303980051997417e-01	6.637746749425178905e+01
4.200000000000000000e+02	8.991291937557681635e-01	6.768910808013740166e+01
4.210000000000000000e+02	7.519386802929610703e-01	6.636494727125494819e+01
4.220000000000000000e+02	9.064003127325638287e-01	6.775452079294940688e+01
4.230000000000000000e+02	6.779966311435658977e-01	6.569974703987706732e+01
4.240000000000000000e+02	8.193678259496797178e-01	6.697155587635106144e+01
4.250000000000000000e+02	1.228624525993382566e+00	7.065332632623380960e+01
4.260000000000000000e+02	7.711024997320694574e-01	6.653734954129784285e+01
4.270000000000000000e+02	1.081765191500207779e+00	6.933214488199922698e+01
4.280000000000000000e+02	7.091403111821150684e-01	6.597992298044026427e+01
4.290000000000000000e+02	9.944712249224019196e-01	6.854682763107848587e+01
4.300000000000000000e+02	1.372927528644493966e+00	7.195151040222690142e+01
4.310000000000000000e+02	9.619478825694296464e-01	6.825423992073970680e+01
4.320000000000000000e+02	6.611102760976205195e-01	6.554783338028944684e+01
4.330000000000000000e+02	7.083717324785065994e-01	6.597300866392680518e+01
4.340000000000000000e+02	8.783636329530687403e-01	6.750229616446085856e+01
4.350000000000000000e+02	7.434573578399501503e-01	6.628864728061316214e+01
4.360000000000000000e+02	7.031344845407621058e-01	6.592589313791626182e+01
4.370000000000000000e+02	8.210635010390578969e-01	6.698681057208605694e+01
4.380000000000000000e+02	8.804411659315677374e-01	6.752098614443694657e+01
4.390000000000000000e+02	1.544983104749272806e+00	7.349936321874153577e+01
4.400000000000000000e+02	6.749939773378004215e-01	6.567273445327282388e+01
4.410000000000000000e+02	1.154898486021701309e+00	6.999006936470911455e+01
4.420000000000000000e+02	6.438079851537030773e-01	6.539217786260144294e+01
4.430000000000000000e+02	6.662794696135634354e-01	6.559433667256222122e+01
4.440000000000000000e+02	8.849153695357692140e-01	6.756123714244125722e+01
4.450000000000000000e+02	6.842819650325568936e-01	6.575629139596864547e+01
4.460000000000000000e+02	7.330399622873993160e-01	6.619492991665546811e+01
4.470000000000000000e+02	1.119004177131577071e+00	6.966715563898023333e+01
4.480000000000000000e+02	1.075340459517005298e+00	6.927434646755264680e+01
4.490000000000000000e+02	1.085650290033447041e+00	6.936709615090462933e+01
4.500000000000000000e+02	9.051459670661339274e-01	6.774323640149508208e+01
4.510000000000000000e+02	7.482533320361604012e-01	6.633179300326625594e+01
4.520000000000000000e+02	7.033831388531525119e-01	6.592813009115245393e+01
4.530000000000000000e+02	8.619922793785024240e-01	6.735501558039472059e+01
4.540000000000000000e+02	7.628593121255717868e-01	6.646319186827940939e+01
4.550000000000000000e+02	1.161656770064840805e+00	7.005086849268744231e+01
4.560000000000000000e+02	1.251636732742787972e+00	7.086034960230358593e+01
4.570000000000000000e+02	1.113764830615307178e+00	6.962002123365897432e+01
4.580000000000000000e+02	9.097173318059975644e-01	6.778436148414630225e+01
4.590000000000000000e+02	6.068436887261977608e-01	6.505963827492220730e+01
4.600000000000000000e+02	7.881591704282893129e-01	6.669079540091607328e+01
4.610000000000000000e+02	7.775437900130424129e-01	6.659529691812288377e+01
4.620000000000000000e+02	7.754563830679674918e-01	6.657651810959895045e+01
4.630000000000000000e+02	9.186038160078735526e-01	6.786430640608485021e+01
4.640000000000000000e+02	6.704891358110607325e-01	6.563220782924251751e+01
4.650000000000000000e+02	1.189206954724911780e+00	7.029871649556541513e+01
4.660000000000000000e+02	7.588583398850787809e-01	6.642719817198982923e+01
4.670000000000000000e+02	1.569374362854581317e+00	7.371879276825899296e+01
4.680000000000000000e+02	9.258667184958553342e-01	6.792964520141251228e+01
4.690000000000000000e+02	9.218691381195054380e-01	6.789368201913814005e+01
4.700000000000000000e+02	6.593140105838892762e-01	6.553167374921220301e+01
4.710000000000000000e+02	7.605450169373879632e-01	6.644237191924680985e+01
4.720000000000000000e+02	8.318481251639202601e-01	6.708383161147715157e+01
4.730000000000000000e+02	7.064878809346040178e-01	6.595606108812519608e+01
4.740000000000000000e+02	1.111563144349227539e+00	6.960021434122813844e+01
4.750000000000000000e+02	7.882084837034799563e-01	6.669123903484891969e+01
4.760000000000000000e+02	8.642953222222133913e-01	6.737573430066461810e+01
4.770000000000000000e+02	6.945597488114154672e-01	6.584875277925996784e+01
4.780000000000000000e+02	6.904648765835434965e-01	6.581191433638777255e+01
4.790000000000000000e+02	1.329191816296846795e+00	7.155805354908572724e+01
4.800000000000000000e+02	6.476016811369570414e-01	6.542630685246400901e+01
4.810000000000000000e+02	9.597294447921194127e-01	6.823428232773625268e+01
4.820000000000000000e+02	1.013982383959044276e+00	6.872235465061513082e+01
4.830000000000000000e+02	9.458716641909286071e-01	6.810961444297596756e+01
4.840000000000000000e+02	7.453370420443377053e-01	6.630555736603898254e+01
4.850000000000000000e+02	7.419407537598501357e-01	6.627500355019729739e+01
4.860000000000000000e+02	7.233020113620760583e-01	6.610732499789558858e+01
4.870000000000000000e+02	7.670880580365366797e-01	6.650123467059246707e+01
4.880000000000000000e+02	1.228528774550865954e+00	7.065246492352115126e+01
4.890000000000000000e+02	7.136037071847911584e-01	6.602007675069502568e+01
4.900000000000000000e+02	9.111343713409801870e-01	6.779710950827310967e+01
4.910000000000000000e+02	7.236531070264518029e-01	6.611048353785851361e+01
4.920000000000000000e+02	9.330789954418203802e-01	6.799452855734337220e+01
4.930000000000000000e+02	8.222709029654633461e-01	6.699767264650853349e+01
4.940000000000000000e+02	1.049270524866499965e+00	6.903981514523988494e+01
4.950000000000000000e+02	9.797000641450096525e-01	6.841394276137479835e+01
4.960000000000000000e+02	7.820061971886356211e-01	6.663544179265441869e+01
4.970000000000000000e+02	6.575304705541518135e-01	6.551562859961056517e+01
4.980000000000000000e+02	1.000368597762214984e+00	6.859988179745192838e+01
4.990000000000000000e+02	8.763450868283233497e-01	6.748413684422733638e+01
5.000000000000000000e+02	1.140796875339628702e+00	6.986320792664479029e+01
5.010000000000000000e+02	7.136196492921471624e-01	6.602022016967818274e+01
5.020000000000000000e+02	6.365809487902697184e-01	6.532716172744646599e+01
5.030000000000000000e+02	7.202253570328858157e-01	6.607964668501151095e+01
5.040000000000000000e+02	6.687037249157852248e-01	6.561614584889028379e+01
5.050000000000000000e+02	1.080957330654251258e+00	6.932487717400583449e+01
5.060000000000000000e+02	7.703326617274733890e-01	6.653042389581368354e+01
5.070000000000000000e+02	8.767161478938035879e-01	6.748747499767928559e+01
5.080000000000000000e+02	9.607289513765200351e-01	6.824327412629817502e+01
5.090000000000000000e+02	1.115329685128521486e+00	6.963409903642799748e+01
5.100000000000000000e+02	8.517871723629764080e-01	6.726320801452311571e+01
5.110000000000000000e+02	9.709605286294287207e-01	6.833531982471052402e+01
5.120000000000000000e+02	1.283031612984041114e+00	7.114278539953674851e+01
5.130000000000000000e+02	1.031823934573840473e+00	6.888286147634731549e+01
5.140000000000000000e+02	1.130940424327523175e+00	6.977453695296686931e+01
5.150000000000000000e+02	9.554521099698494169e-01	6.819580240803986726e+01
5.160000000000000000e+02	6.752473101646854214e-01	6.567501349553630519e+01
5.170000000000000000e+02	9.713904050562126580e-01	6.833918709511821987e+01
5.180000000000000000e+02	1.081597203170045596e+00	6.933063361909296418e+01
5.190000000000000000e+02	7.264741935135582418e-01	6.613586270175169091e+01
5.200000000000000000e+02	7.795916563009386291e-01	6.661372000950606775e+01
5.210000000000000000e+02	1.339885408260953925e+00	7.165425564154345750e+01
5.220000000000000000e+02	1.049502253051310063e+00	6.904189982701332440e+01
5.230000000000000000e+02	9.880759933888425550e-01	6.848929460968163596e+01
5.240000000000000000e+02	7.500166063510897985e-01	6.634765583768546549e+01
5.250000000000000000e+02	7.459560582827338138e-01	6.631112618310240236e+01
5.260000000000000000e+02	1.210825512677367044e+00	7.049320217614176443e+01
5.270000000000000000e+02	6.636399056806591146e-01	6.557059052866841853e+01
5.280000000000000000e+02	1.035395218999175970e+00	6.891498959902416743e+01
5.290000000000000000e+02	7.224342037131807892e-01	6.609951799422883312e+01
5.300000000000000000e+02	9.031619698350822345e-01	6.772538789131270676e+01
5.310000000000000000e+02	1.118603358633735612e+00	6.966354978060097380e+01
5.320000000000000000e+02	8.278618917586701986e-01	6.704797050924909740e+01
5.330000000000000000e+02	7.295156605316857057e-01	6.616322446123037082e+01
5.340000000000000000e+02	6.990634318011917925e-01	6.588926898081666650e+01
5.350000000000000000e+02	1.021910033702922105e+00	6.879367367009828627e+01
5.360000000000000000e+02	6.983778628825514367e-01	6.588310144003909841e+01
5.370000000000000000e+02	6.495352911514600258e-01	6.544370206728208927e+01
5.380000000000000000e+02	1.125378120186095066e+00	6.972449714416475786e+01
5.390000000000000000e+02	6.059541700181685364e-01	6.505163595341228699e+01
5.400000000000000000e+02	6.706232991210802075e-01	6.563341479423597491e+01
5.410000000000000000e+02	8.754280378841519106e-01	6.747588685417613874e+01
5.420000000000000000e+02	1.162320595699564807e+00	7.005684042572003989e+01
5.430000000000000000e+02	1.116900315571528468e+00	6.964822880083291068e+01
5.440000000000000000e+02	9.877083087725748722e-01	6.848598683156852474e+01
5.450000000000000000e+02	1.318385126363793125e+00	7.146083400044470579e+01
5.460000000000000000e+02	9.422457897297205065e-01	6.807699521537423948e+01
5.470000000000000000e+02	7.930108139798131006e-01	6.673444193830802362e+01
5.480000000000000000e+02	8.991226660790674341e-01	6.768904935560783542e+01
5.490000000000000000e+02	9.317162518878419064e-01	6.798226899275402957e+01
5.500000000000000000e+02	1.000273495784791189e+00	6.859902623748145345e+01
5.510000000000000000e+02	5.499939943868253911e-01	6.454820492592335768e+01
5.520000000000000000e+02	1.033622787546855992e+00	6.889904438482265903e+01
5.530000000000000000e+02	8.373469687485728397e-01	6.713330051404207666e+01
5.540000000000000000e+02	1.326282659295151989e+00	7.153188208193132880e+01
5.550000000000000000e+02	9.974312108624732165e-01	6.857345636743163197e+01
5.560000000000000000e+02	8.331909480400518930e-01	6.709591196491849985e+01
5.570000000000000000e+02	9.881255575470933028e-01	6.848974050061806906e+01
5.580000000000000000e+02	1.004663652941685026e+00	6.863852113368930929e+01
5.590000000000000000e+02	7.155673071803707597e-01	6.603774176250385608e+01
5.600000000000000000e+02	8.176970695086223095e-01	6.695652535469318423e+01
5.610000000000000000e+02	8.223931619438689111e-01	6.699877251730814010e+01
5.620000000000000000e+02	7.302389330264087430e-01	6.616973119233092859e+01
5.630000000000000000e+02	9.909139925522734149e-01	6.851482592402687999e+01
5.640000000000000000e+02	9.421650455185587303e-01	6.807626882127824786e+01
5.650000000000000000e+02	7.539546605398590451e-01	6.638308350824210891e+01
5.660000000000000000e+02	7.585081720300770325e-01	6.642404797882035439e+01
5.670000000000000000e+02	6.592450235839650841e-01	6.553105312578020403e+01
5.680000000000000000e+02	7.327419727756467882e-01	6.619224913225137641e+01
5.690000000000000000e+02	7.958872639812571981e-01	6.676031916552202006e+01
5.700000000000000000e+02	7.261315915634600771e-01	6.613278057325921111e+01
5.710000000000000000e+02	9.280311365014103364e-01	6.794911681972247663e+01
5.720000000000000000e+02	7.246865488667677546e-01	6.611978062604043771e+01
5.730000000000000000e+02	1.469898500421483289e+00	7.282388428968386052e+01
5.740000000000000000e+02	8.081800627398627590e-01	6.687090810202802516e+01
5.750000000000000000e+02	7.086595794904040346e-01	6.597559820399389707e+01
5.760000000000000000e+02	8.804518201382931508e-01	6.752108199221044060e+01
5.770000000000000000e+02	1.085868611402033723e+00	6.936906022177592490e+01
5.780000000000000000e+02	1.645152268954899633e+00	7.440050880468392336e+01
5.790000000000000000e+02	9.600319467719554689e-01	6.823700370737469711e+01
5.800000000000000000e+02	1.321114359659091297e+00	7.148538683121422821e+01
5.810000000000000000e+02	7.227914421364058928e-01	6.610273179590893733e+01
5.820000000000000000e+02	1.057721535131261215e+00	6.911584244023867996e+01
5.830000000000000000e+02	6.724563215813437189e-01	6.564990509953200615e+01
5.840000000000000000e+02	8.400607878854020605e-01	6.715771467538196760e+01
5.850000000000000000e+02	7.711943211025820144e-01	6.653817558814957067e+01
5.860000000000000000e+02	1.731901065143027774e+00	7.518092157333070702e+01
5.870000000000000000e+02	7.966831011871933210e-01	6.676747870599483292e+01
5.880000000000000000e+02	9.347292438916755541e-01	6.800937458424284898e+01
5.890000000000000000e+02	1.418885308310011473e+00	7.236495750058023191e+01
5.900000000000000000e+02	8.841733981607045045e-01	6.755456219177317223e+01
5.910000000000000000e+02	9.999316849727861722e-01	6.859595122625511010e+01
5.920000000000000000e+02	8.831789913518279800e-01	6.754561627200278906e+01
5.930000000000000000e+02	1.074625121798814975e+00	6.926791111958584679e+01
5.940000000000000000e+02	7.520525702629785592e-01	6.636597185246792208e+01
5.950000000000000000e+02	1.019995911484165241e+00	6.877645377211804600e+01
5.960000000000000000e+02	7.247435706535573230e-01	6.612029360757397001e+01
5.970000000000000000e+02	7.597217567374061620e-01	6.643496567500808681e+01
5.980000000000000000e+02	6.307683683343017211e-01	6.527487037349169441e+01
5.990000000000000000e+02	9.844212037248925018e-01	6.845641525405024197e+01
6.000000000000000000e+02	9.674566959845654068e-01	6.830379851426694415e+01
6.010000000000000000e+02	1.047010562606608630e+00	6.901948398813132712e+01
6.020000000000000000e+02	1.347502926195800033e+00	7.172278464163306921e+01
6.030000000000000000e+02	9.348243766073807137e-01	6.801023042074220371e+01
6.040000000000000000e+02	6.740156326277398913e-01	6.566393303195727071e+01
6.050000000000000000e+02	8.921785968296318536e-01	6.762657885979974992e+01
6.060000000000000000e+02	7.960119706295893938e-01	6.676144105614149282e+01
6.070000000000000000e+02	9.378005911890120450e-01	6.803700515380825209e+01
6.080000000000000000e+02	8.862213919730337341e-01	6.757298643039644048e+01
6.090000000000000000e+02	1.151393808682129594e+00	6.995854045519136832e+01
6.100000000000000000e+02	6.980953332776924647e-01	6.588055973662832798e+01
6.110000000000000000e+02	7.514259572586459157e-01	6.636033469309431609e+01
6.120000000000000000e+02	1.166498969289698318e+00	7.009443006667419240e+01
6.130000000000000000e+02	8.083000953970844726e-01	6.687198794431364490e+01
6.140000000000000000e+02	1.338640933350172313e+00	7.164306004975071573e+01
6.150000000000000000e+02	1.723658043003648777e+00	7.510676538889376275e+01
6.160000000000000000e+02	9.825105059135105234e-01	6.843922616285185256e+01
6.170000000000000000e+02	9.130128070001993779e-01	6.781400836149013855e+01
6.180000000000000000e+02	1.409964871113205342e+00	7.228470712943730803e+01
6.190000000000000000e+02	9.288470046611472242e-01	6.795645656341194751e+01
6.200000000000000000e+02	8.165170717492598040e-01	6.694590981466443225e+01
6.210000000000000000e+02	7.214206058986176728e-01	6.609039942761447151e+01
6.220000000000000000e+02	7.888528603828548480e-01	6.669703600046111092e+01
6.230000000000000000e+02	7.014471933007475624e-01	6.591071386528085441e+01
6.240000000000000000e+02	8.000310835966857326e-01	6.679759795071502992e+01
6.250000000000000000e+02	7.106819647419504449e-01	6.599379206192371328e+01
6.260000000000000000e+02	6.911387712232426317e-01	6.581797685257996022e+01
6.270000000000000000e+02	7.965575756225016235e-01	6.676634944820933981e+01
6.280000000000000000e+02	8.387449230032839598e-01	6.714587684245583432e+01
6.290000000000000000e+02	9.398706408585697503e-01	6.805562781216021051e+01
6.300000000000000000e+02	7.912004097599311114e-01	6.671815511207306315e+01
6.310000000000000000e+02	1.317715767487190881e+00	7.145481228905433113e+01
6.320000000000000000e+02	9.860112443324589027e-01	6.847071963690439134e+01
6.330000000000000000e+02	1.118130365736377696e+00	6.965929462418615969e+01
6.340000000000000000e+02	8.087958677916233796e-01	6.687644803049398945e+01
6.350000000000000000e+02	1.191550407546454027e+00	7.031979875359107268e+01
6.360000000000000000e+02	1.066605535516823133e+00	6.919576501717587291e+01
6.370000000000000000e+02	8.704214669710229613e-01	6.743084655345232648e+01
6.380000000000000000e+02	1.177273182090211145e+00	7.019135744331931903e+01
6.390000000000000000e+02	7.640360342561252072e-01	6.647377793997361550e+01
6.400000000000000000e+02	6.618501299994659082e-01	6.555448928166566702e+01
6.410000000000000000e+02	8.674147118894874886e-01	6.740379707079743810e+01
6.420000000000000000e+02	1.200223274432849152e+00	7.039782192343700729e+01
6.430000000000000000e+02	9.389289667806549611e-01	6.804715628855872467e+01
6.440000000000000000e+02	1.636372248325602241e+00	7.432152165432363233e+01
6.450000000000000000e+02	8.478142403675117400e-01	6.722746657493586042e+01
6.460000000000000000e+02	1.723560629997118010e+00	7.510588903835670749e+01
6.470000000000000000e+02	7.746162157420304339e-01	6.656895976484059929e+01
6.480000000000000000e+02	8.951697262627849039e-01	6.765348777041154449e+01
6.490000000000000000e+02	7.310974769138995910e-01	6.617745485700044128e+01
6.500000000000000000e+02	9.704122196168246672e-01	6.833038710663944926e+01
6.510000000000000000e+02	1.577403738512664688e+00	7.379102693822072467e+01
6.520000000000000000e+02	9.503050268737975870e-01	6.814949802635446474e+01
6.530000000000000000e+02	7.547397280705601119e-01	6.639014616215929721e+01
6.540000000000000000e+02	7.277165872481023978e-01	6.614703957078884855e+01
6.550000000000000000e+02	7.110489653228995177e-01	6.599709368629268624e+01
6.560000000000000000e+02	1.108616891730102028e+00	6.957370915309113002e+01
6.570000000000000000e+02	6.693657386704092715e-01	6.562210148181927138e+01
6.580000000000000000e+02	1.028375676951940987e+00	6.885184013200637310e+01
6.590000000000000000e+02	8.036209611960235533e-01	6.682989334200007647e+01
6.600000000000000000e+02	7.746338585978065350e-01	6.656911848416038424e+01
6.610000000000000000e+02	1.488949892473517611e+00	7.299527513625723429e+01
6.620000000000000000e+02	8.641685294612146961e-01	6.737459364288027075e+01
6.630000000000000000e+02	1.146704463269655472e+00	6.991635399039532217e+01
6.640000000000000000e+02	1.314706534739025434e+00	7.142774051672211044e+01
6.650000000000000000e+02	6.269218191181704647e-01	6.524026590339637721e+01
6.660000000000000000e+02	7.294510272662694250e-01	6.616264300502778894e+01
6.670000000000000000e+02	8.643686536139352228e-01	6.737639400727678662e+01
6.680000000000000000e+02	7.076669907659002279e-01	6.596666864014223108e+01
6.690000000000000000e+02	6.945088900939662135e-01	6.584829524216161190e+01
6.700000000000000000e+02	7.167433430822907070e-01	6.604832166072232269e+01
6.710000000000000000e+02	1.873815475219144711e+00	7.645761730335783568e+01
6.720000000000000000e+02	6.404133468990056421e-01	6.536163889081953471e+01
6.730000000000000000e+02	8.291414307216034008e-01	6.705948154558080887e+01
6.740000000000000000e+02	9.866417392310008472e-01	6.847639171872005193e+01
6.750000000000000000e+02	1.138713781584118845e+00	6.984446792059833342e+01
6.760000000000000000e+02	1.360495957122420441e+00	7.183967303298973661e+01
6.770000000000000000e+02	9.352651455560877514e-01	6.801419568286351591e+01
6.780000000000000000e+02	1.007952222770852613e+00	6.866810588872962740e+01
6.790000000000000000e+02	8.649330946414386379e-01	6.738147185278435813e+01
6.800000000000000000e+02	6.816920204837025876e-01	6.573299163983566018e+01
6.810000000000000000e+02	9.438349036416530113e-01	6.809129126145442967e+01
6.820000000000000000e+02	9.650447025244666133e-01	6.828209964838214319e+01
6.830000000000000000e+02	6.096684168119430591e-01	6.508505019950142412e+01
6.840000000000000000e+02	7.685561053058433956e-01	6.651444157240882760e+01
6.850000000000000000e+02	8.804104759282282977e-01	6.752071004987969616e+01
6.860000000000000000e+02	7.694826427376866285e-01	6.652277692314811475e+01
6.870000000000000000e+02	7.993568361000316091e-01	6.679153226013788469e+01
6.880000000000000000e+02	1.040592572611859001e+00	6.896174622621370531e+01
6.890000000000000000e+02	7.837916189345970341e-01	6.665150387062199400e+01
6.900000000000000000e+02	9.454162211837267016e-01	6.810551716954014978e+01
6.910000000000000000e+02	9.654092187841375461e-01	6.828537892320700564e+01
6.920000000000000000e+02	7.047643163509013098e-01	6.594055549187700649e+01
6.930000000000000000e+02	1.289497220301556224e+00	7.120095153819649170e+01
6.940000000000000000e+02	9.566684789118207188e-01	6.820674515186355791e+01
6.950000000000000000e+02	1.054593243412584203e+00	6.908769958513768472e+01
6.960000000000000000e+02	1.137380615727013433e+00	6.983247444399316350e+01
6.970000000000000000e+02	7.667998557024063855e-01	6.649864193396219036e+01
6.980000000000000000e+02	9.354364562698072039e-01	6.801573683472113885e+01
6.990000000000000000e+02	9.914492815504831746e-01	6.851964151095690170e+01
7.000000000000000000e+02	9.652870959190985589e-01	6.828428027691555258e+01
7.010000000000000000e+02	7.861970065260148743e-01	6.667314330854360094e+01
7.020000000000000000e+02	7.019053751357303694e-01	6.591483577786171111e+01
7.030000000000000000e+02	6.429835544158422067e-01	6.538476108792600883e+01
7.040000000000000000e+02	7.086150401079311933e-01	6.597519751713348057e+01
7.050000000000000000e+02	1.052330130235973549e+00	6.906734008163414273e+01
7.060000000000000000e+02	7.933711020632701061e-01	6.673768317545570028e+01
7.070000000000000000e+02	7.963133230901600079e-01	6.676415209443166532e+01
7.080000000000000000e+02	8.680176289578098725e-01	6.740922105590419733e+01
7.090000000000000000e+02	1.039732837645248820e+00	6.895401184631361957e+01
7.100000000000000000e+02	7.455993476963560518e-01	6.630791712996791887e+01
7.110000000000000000e+02	1.073570841822426569e+00	6.925842656658389274e+01
7.120000000000000000e+02	1.099754697394519809e+00	6.949398274855730051e+01
7.130000000000000000e+02	8.191008638446638512e-01	6.696915422186529554e+01
7.140000000000000000e+02	9.711968443108507376e-01	6.833744577669276055e+01
7.150000000000000000e+02	1.258333738443071725e+00	7.092059745575930663e+01
7.160000000000000000e+02	1.163414212130771563e+00	7.006667885880980862e+01
7.170000000000000000e+02	1.093609089151053038e+00	6.943869539755013420e+01
7.180000000000000000e+02	8.748192931696247010e-01	6.747041044218036632e+01
7.190000000000000000e+02	9.910026492371617479e-01	6.851562350061529116e+01
7.200000000000000000e+02	1.084897090783218054e+00	6.936032019160556672e+01
7.210000000000000000e+02	1.099765202197316771e+00	6.949407725225759691e+01
7.220000000000000000e+02	9.494066941985670471e-01	6.814141641230276036e+01
7.230000000000000000e+02	1.162905880227697919e+00	7.006210578430848557e+01
7.240000000000000000e+02	1.008094199870436469e+00	6.866938314842936109e+01
7.250000000000000000e+02	9.281347175894261170e-01	6.795004865978515340e+01
7.260000000000000000e+02	1.019654172377646217e+00	6.877337940597126931e+01
7.270000000000000000e+02	1.321614600530898409e+00	7.148988711687709952e+01
7.280000000000000000e+02	1.622041687040176816e+00	7.419260052226817947e+01
7.290000000000000000e+02	6.571169277243407159e-01	6.551190827011957651e+01
7.300000000000000000e+02	9.006027198396482358e-01	6.770236427067058571e+01
7.310000000000000000e+02	1.798588934923123217e+00	7.578086148462784877e+01
7.320000000000000000e+02	1.468721936330424915e+00	7.281329963975049679e+01
7.330000000000000000e+02	1.155565675729369302e+00	6.999607156174070610e+01
7.340000000000000000e+02	9.868967367256069601e-01	6.847868573672961645e+01
7.350000000000000000e+02	1.573830471730511382e+00	7.375888098179123631e+01
7.360000000000000000e+02	9.013706158017824599e-01	6.770927244507963394e+01
7.370000000000000000e+02	9.065282868948043582e-01	6.775567207889984900e+01
7.380000000000000000e+02	7.658487831604957607e-01	6.649008585954696571e+01
7.390000000000000000e+02	8.722407172056478863e-01	6.744721296053636195e+01
7.400000000000000000e+02	8.646611933034713537e-01	6.737902576378617425e+01
7.410000000000000000e+02	7.833617749088320759e-01	6.664763689170155203e+01
7.420000000000000000e+02	1.506305276886804601e+00	7.315140829540251843e+01
7.430000000000000000e+02	6.405145218161861775e-01	6.536254908439805433e+01
7.440000000000000000e+02	1.084725798377466521e+00	6.935877920445075517e+01
7.450000000000000000e+02	1.138985382500103061e+00	6.984691130692903016e+01
7.460000000000000000e+02	7.174359951765769683e-01	6.605455292342986695e+01
7.470000000000000000e+02	8.154395265933090942e-01	6.693621596258292072e+01
7.480000000000000000e+02	6.376725416943065383e-01	6.533698195640535289e+01
7.490000000000000000e+02	6.736022044058698199e-01	6.566021373350652368e+01
7.500000000000000000e+02	1.153395890444547378e+00	6.997655165811201528e+01
7.510000000000000000e+02	9.067788534795365729e-01	6.775792623539209103e+01
7.520000000000000000e+02	7.984015533418560295e-01	6.678293830961744959e+01
7.530000000000000000e+02	7.367556947016680180e-01	6.622835752773933393e+01
7.540000000000000000e+02	1.286625107454138606e+00	7.117511332904996380e+01
7.550000000000000000e+02	8.067214726118169255e-01	6.685778627890000791e+01
7.560000000000000000e+02	8.472243416685417694e-01	6.722215970617094172e+01
7.570000000000000000e+02	9.361488479084671965e-01	6.802214567905693343e+01
7.580000000000000000e+02	1.306120624039087241e+00	7.135049962537692636e+01
7.590000000000000000e+02	1.020750584512644776e+00	6.878324298987620011e+01
7.600000000000000000e+02	7.029114108378625714e-01	6.592388631391706610e+01
7.610000000000000000e+02	7.795798084101818182e-01	6.661361342306759070e+01
7.620000000000000000e+02	8.355663714079910598e-01	6.711728183757081467e+01
7.630000000000000000e+02	9.514411886282911901e-01	6.815971920727474753e+01
7.640000000000000000e+02	7.173420197949069710e-01	6.605370749858229829e+01
7.650000000000000000e+02	6.685854911384965238e-01	6.561508218975566820e+01
7.660000000000000000e+02	1.106469569556104648e+00	6.955439133294119358e+01
7.670000000000000000e+02	1.113402279118999472e+00	6.961675963431184755e+01
7.680000000000000000e+02	9.512614360266044011e-01	6.815810211018846587e+01
7.690000000000000000e+02	1.138724453809501158e+00	6.984456393047194922e+01
7.700000000000000000e+02	7.492888719804485786e-01	6.634110896648969913e+01
7.710000000000000000e+02	6.721490375108633009e-01	6.564714069907064697e+01
7.720000000000000000e+02	1.159730075595627019e+00	7.003353549175686510e+01
7.730000000000000000e+02	1.037062079075145027e+00	6.892998506805652426e+01
7.740000000000000000e+02	7.508326998575931555e-01	6.635499760864796315e+01
7.750000000000000000e+02	8.774422089152793536e-01	6.749400681502864074e+01
7.760000000000000000e+02	7.731658164676964429e-01	6.655591162857746212e+01
7.770000000000000000e+02	1.083604951145604511e+00	6.934869579661244643e+01
7.780000000000000000e+02	1.298004397389458831e+00	7.127748412327284200e+01
7.790000000000000000e+02	1.307558686891740152e+00	7.136343678026139514e+01
7.800000000000000000e+02	7.830518679840321461e-01	6.664484889541995472e+01
7.810000000000000000e+02	6.186438799076952044e-01	6.516579559669693822e+01
7.820000000000000000e+02	9.623885950835756597e-01	6.825820467516228973e+01
7.830000000000000000e+02	1.055873851631652149e+00	6.909922024075147817e+01
7.840000000000000000e+02	1.120079690744178125e+00	6.967683121481539388e+01
7.850000000000000000e+02	7.056370739270905190e-01	6.594840702626504481e+01
7.860000000000000000e+02	9.214755294353105253e-01	6.789014102195439193e+01
7.870000000000000000e+02	7.514477904380016948e-01	6.636053110956000012e+01
7.880000000000000000e+02	9.593860417115667172e-01	6.823119299208397592e+01
7.890000000000000000e+02	7.344124150003975560e-01	6.620727682714475293e+01
7.900000000000000000e+02	8.619092783521463685e-01	6.735426888345337204e+01
7.910000000000000000e+02	8.242965329996723156e-01	6.701589569527364176e+01
7.920000000000000000e+02	1.080163277989945492e+00	6.931773368769326282e+01
7.930000000000000000e+02	7.947907380278758094e-01	6.675045455767990177e+01
7.940000000000000000e+02	9.402807213216115567e-01	6.805931699337762097e+01
7.950000000000000000e+02	9.342427225747140795e-01	6.800499772295302137e+01
7.960000000000000000e+02	9.851480012033460021e-01	6.846295369674142250e+01
7.970000000000000000e+02	9.229795038873491730e-01	6.790367113323736703e+01
7.980000000000000000e+02	5.600000321876558163e-01	6.463822161787140885e+01
7.990000000000000000e+02	8.094835665838897576e-01	6.688263473212042243e+01
