POISSON BOLTZMANN:
Frame #,BOND,ANGLE,DIHED,UB,IMP,CMAP,VDWAALS,EEL,1-4 VDW,1-4 EEL,EPB,ENPOLAR,EDISPER,G gas,G solv,TOTAL
0,502.4617,1382.323,-1103.9731,0.0,0.0,0.0,-1279.2727,-16124.6603,601.5934,11816.5834,-1964.2881,1229.5279,-735.0724,-4204.944600000001,-1469.8326,-5674.7772
1,511.5248,1412.3266,-1109.3099,0.0,0.0,0.0,-1283.8729,-16128.4004,590.3952,11797.2544,-1963.3583,1228.3655,-732.8005,-4210.082200000001,-1467.7933,-5677.875500000001
2,548.5007,1400.0884,-1110.8994,0.0,0.0,0.0,-1288.9232,-16108.0736,587.854,11736.4554,-1916.8409,1220.8244,-727.7142,-4234.997699999998,-1423.7307,-5658.728399999998
3,498.9917,1401.9506,-1082.5728,0.0,0.0,0.0,-1298.1131,-16176.1019,610.3663,11833.5381,-1925.8686,1228.7577,-728.9565,-4211.9411,-1426.0674,-5638.0085
4,541.8453,1510.6386,-1078.6779,0.0,0.0,0.0,-1265.9931,-16129.9512,609.7918,11771.5782,-1989.0903,1227.463,-732.3706,-4040.7682999999997,-1493.9979,-5534.7662
5,496.9134,1437.0498,-1117.2183,0.0,0.0,0.0,-1269.2959,-16199.7225,607.6326,11871.3675,-1939.1357,1234.9758,-733.7614,-4173.273399999998,-1437.9213,-5611.194699999998
6,521.7774,1403.4277,-1089.6188,0.0,0.0,0.0,-1275.7559,-16125.6636,598.513,11860.0927,-1998.7927,1235.4672,-735.1177,-4107.227500000001,-1498.4432,-5605.670700000001
7,497.3765,1415.2543,-1101.57,0.0,0.0,0.0,-1293.0333,-16057.724,619.046,11819.5534,-2003.2383,1235.6231,-738.385,-4101.097099999997,-1506.0002,-5607.097299999998
8,524.5861,1402.1504,-1115.9689,0.0,0.0,0.0,-1309.3049,-16275.5778,596.8104,11833.1295,-1820.0396,1226.7307,-730.2665,-4344.1752,-1323.5754,-5667.750599999999
9,517.3779,1410.6608,-1089.9837,0.0,0.0,0.0,-1306.4452,-16131.0038,622.4736,11813.737,-1935.4935,1225.9699,-731.5692,-4163.183400000002,-1441.0928,-5604.276200000002
10,499.4377,1458.4048,-1064.2088,0.0,0.0,0.0,-1286.7457,-16328.9594,616.1377,11843.6237,-1849.8835,1219.4116,-728.4509,-4262.310000000001,-1358.9228,-5621.232800000002
11,480.0657,1430.6021,-1074.2896,0.0,0.0,0.0,-1270.3526,-16276.7592,622.2933,11807.6397,-1855.6159,1222.5774,-727.2545,-4280.8006000000005,-1360.2930000000001,-5641.0936
12,519.9479,1393.7469,-1112.8823,0.0,0.0,0.0,-1285.3358,-16352.0762,610.7705,11861.2129,-1843.5683,1216.657,-725.3216,-4364.616099999999,-1352.2329,-5716.848999999999
13,529.6996,1406.4073,-1072.7286,0.0,0.0,0.0,-1259.3328,-16242.3684,606.9496,11853.5488,-1929.3673,1227.5859,-735.6027,-4177.824499999999,-1437.3840999999998,-5615.208599999999
14,510.2307,1431.5374,-1076.8112,0.0,0.0,0.0,-1286.8411,-16141.4918,604.4767,11851.9121,-1985.727,1234.5316,-743.9893,-4106.987200000001,-1495.1847,-5602.171900000001
15,527.2442,1433.154,-1096.6791,0.0,0.0,0.0,-1299.0799,-16044.519,601.3481,11836.8712,-2048.7985,1233.804,-735.5318,-4041.6605,-1550.5262999999998,-5592.1867999999995
16,515.9538,1442.3766,-1087.6628,0.0,0.0,0.0,-1282.4772,-16231.9249,615.0183,11860.6411,-1948.6213,1228.4931,-742.3926,-4168.075099999998,-1462.5208000000002,-5630.595899999998
17,486.4885,1434.3907,-1106.2954,0.0,0.0,0.0,-1273.154,-16259.717,611.7665,11851.4019,-1901.3276,1228.2427,-740.6422,-4255.118799999998,-1413.7271,-5668.845899999999
18,482.8528,1417.3645,-1075.4121,0.0,0.0,0.0,-1249.267,-16355.084,614.1403,11908.1694,-1875.7103,1223.872,-726.715,-4257.2361,-1378.5533,-5635.7894
19,520.4431,1440.6447,-1113.3513,0.0,0.0,0.0,-1285.3907,-16134.6746,596.8793,11781.3243,-1965.9166,1235.5475,-740.5203,-4194.125199999999,-1470.8894,-5665.0145999999995
20,500.7626,1443.713,-1092.5351,0.0,0.0,0.0,-1283.7395,-16311.6697,604.3768,11799.5864,-1819.9822,1224.1461,-731.3936,-4339.505500000001,-1327.2296999999999,-5666.735200000002
21,495.4846,1436.3127,-1131.2446,0.0,0.0,0.0,-1313.991,-16177.5837,601.8152,11811.0773,-1903.5319,1221.6324,-726.1963,-4278.129499999999,-1408.0958,-5686.225299999998
22,527.3905,1420.8072,-1078.021,0.0,0.0,0.0,-1316.5238,-16007.2567,596.6881,11760.8994,-1988.1988,1233.3646,-740.4163,-4096.016300000001,-1495.2504999999996,-5591.266800000001
23,468.9498,1403.9944,-1084.6092,0.0,0.0,0.0,-1264.6824,-16215.432,620.715,11846.3654,-1929.7578,1220.2243,-725.2828,-4224.698999999999,-1434.8163,-5659.515299999999
24,509.0676,1401.808,-1088.9284,0.0,0.0,0.0,-1259.4794,-16134.6034,611.2661,11792.0085,-1937.8606,1225.2659,-733.2696,-4168.861000000001,-1445.8642999999997,-5614.7253
25,517.7317,1428.2908,-1107.3069,0.0,0.0,0.0,-1321.0376,-16130.377,606.6168,11819.6674,-1944.6577,1232.1455,-739.5515,-4186.4148000000005,-1452.0637,-5638.478499999999
26,482.1599,1408.7781,-1096.1485,0.0,0.0,0.0,-1281.4605,-16075.0649,617.3901,11790.343,-1929.211,1238.2833,-741.9905,-4154.002799999998,-1432.9182,-5586.9209999999985
27,505.6603,1457.0571,-1091.3942,0.0,0.0,0.0,-1280.4492,-16185.5109,608.8286,11850.6946,-1959.969,1228.6726,-736.771,-4135.113699999996,-1468.0674,-5603.181099999996
28,513.6775,1410.0161,-1077.0611,0.0,0.0,0.0,-1275.1607,-16151.1885,593.9552,11825.5286,-1945.8781,1229.5562,-732.9225,-4160.232900000001,-1449.2444,-5609.4773000000005
29,496.4029,1445.1213,-1094.1715,0.0,0.0,0.0,-1265.5662,-16231.1732,607.407,11784.2149,-1869.9778,1230.0287,-736.3957,-4257.764799999999,-1376.3447999999999,-5634.109599999999
30,537.8609,1440.3623,-1072.1333,0.0,0.0,0.0,-1291.4961,-16211.6094,609.7128,11742.3783,-1861.6897,1223.6263,-734.3921,-4244.924499999999,-1372.4555,-5617.379999999999
31,503.2227,1408.6719,-1093.542,0.0,0.0,0.0,-1285.2302,-16183.0502,621.6515,11824.4283,-1916.651,1236.2421,-747.1248,-4203.847999999998,-1427.5337000000002,-5631.381699999998
32,502.0323,1450.7116,-1110.2458,0.0,0.0,0.0,-1286.9671,-16308.7523,622.7229,11850.921,-1820.9459,1223.1869,-725.4654,-4279.5774,-1323.2244,-5602.8018
33,474.07,1425.3527,-1104.6731,0.0,0.0,0.0,-1295.7345,-16019.3799,595.948,11750.1819,-1994.3035,1226.6881,-726.1806,-4174.2348999999995,-1493.7959999999998,-5668.030899999999
34,555.8202,1432.7769,-1115.8435,0.0,0.0,0.0,-1277.7092,-16236.5143,614.3638,11811.9018,-1857.6923,1223.8768,-724.5614,-4215.204300000001,-1358.3769,-5573.5812000000005
35,523.1091,1450.383,-1100.3684,0.0,0.0,0.0,-1299.5776,-16210.2505,598.3859,11826.2788,-1924.2904,1218.8399,-721.9138,-4212.039699999999,-1427.3643000000002,-5639.4039999999995
36,518.1548,1442.8604,-1107.0052,0.0,0.0,0.0,-1300.5676,-16213.0185,631.9263,11868.3634,-1941.5955,1215.4663,-720.2225,-4159.286399999999,-1446.3516999999997,-5605.638099999998
37,498.772,1424.2679,-1102.6513,0.0,0.0,0.0,-1248.612,-16209.7233,623.3367,11802.1561,-1907.0177,1225.9888,-737.6882,-4212.4539,-1418.7171,-5631.171
38,513.3842,1415.7916,-1098.6876,0.0,0.0,0.0,-1274.166,-16207.1618,599.3347,11796.9276,-1905.5796,1229.4144,-732.2543,-4254.577299999999,-1408.4195,-5662.996799999999
39,524.7884,1417.6729,-1071.1831,0.0,0.0,0.0,-1305.3209,-16238.739,616.0048,11830.7952,-1896.8866,1225.7809,-734.6735,-4225.981699999998,-1405.7792,-5631.760899999998
40,518.5725,1453.9399,-1084.2798,0.0,0.0,0.0,-1288.4501,-16199.8303,618.2645,11852.3912,-1952.5661,1230.1846,-738.6696,-4129.392100000001,-1461.0511,-5590.443200000001
41,532.0862,1411.3476,-1093.1718,0.0,0.0,0.0,-1271.249,-16119.0625,592.9838,11764.8882,-1939.8031,1231.2856,-731.5975,-4182.177500000002,-1440.1150000000002,-5622.292500000001
42,496.3189,1426.3049,-1078.6349,0.0,0.0,0.0,-1283.5319,-15997.7073,610.0627,11806.157,-2072.9063,1229.2349,-741.482,-4021.0306,-1585.1534000000001,-5606.184000000001
43,546.134,1451.3322,-1122.6836,0.0,0.0,0.0,-1293.6031,-16076.2202,610.7625,11872.1441,-2081.8694,1236.7099,-737.4583,-4012.134100000001,-1582.6178,-5594.751900000001
44,487.9196,1390.5261,-1066.4155,0.0,0.0,0.0,-1297.8185,-16110.1625,618.9559,11836.7598,-2008.0999,1230.8981,-735.3783,-4140.235099999998,-1512.5800999999997,-5652.815199999998
45,503.1917,1463.7622,-1099.9206,0.0,0.0,0.0,-1276.8752,-16080.8636,596.9879,11761.7766,-2005.1786,1223.9996,-724.75,-4131.941000000001,-1505.9289999999999,-5637.870000000001
46,508.6565,1428.0855,-1080.6443,0.0,0.0,0.0,-1276.6684,-16256.2623,613.6217,11835.6617,-1896.7528,1226.5936,-729.9933,-4227.5495999999985,-1400.1525000000001,-5627.702099999999
47,522.4609,1383.9339,-1094.3837,0.0,0.0,0.0,-1311.6801,-16211.2872,612.4441,11832.8562,-1927.4491,1219.3077,-722.8559,-4265.6559,-1430.9973,-5696.653199999999
48,513.9575,1402.5223,-1079.6895,0.0,0.0,0.0,-1284.4703,-16236.2532,610.1403,11813.7097,-1859.7424,1229.6035,-728.4488,-4260.083200000001,-1358.5877,-5618.670900000001
49,526.5331,1363.8759,-1117.5599,0.0,0.0,0.0,-1274.939,-16347.3955,615.8431,11775.5938,-1754.4585,1214.7622,-721.704,-4458.048500000001,-1261.4003,-5719.4488
50,503.0848,1424.032,-1058.7913,0.0,0.0,0.0,-1310.5785,-16221.8741,606.0753,11817.8079,-1827.1514,1219.1376,-725.4418,-4240.243900000001,-1333.4555999999998,-5573.699500000001
51,503.3488,1407.0081,-1107.966,0.0,0.0,0.0,-1308.9849,-16301.5152,623.7347,11878.6031,-1886.0021,1217.8382,-722.2554,-4305.771399999998,-1390.4193,-5696.190699999997
52,516.1191,1389.8118,-1080.5868,0.0,0.0,0.0,-1282.168,-16149.5773,609.3701,11836.8882,-1942.8799,1227.2977,-733.1619,-4160.142900000001,-1448.7441,-5608.887000000001
53,493.7423,1421.4603,-1059.9727,0.0,0.0,0.0,-1300.9717,-16111.2797,626.2369,11837.5375,-2023.5047,1232.8684,-739.8733,-4093.2470999999987,-1530.5095999999999,-5623.756699999998
54,509.9847,1407.8868,-1081.1018,0.0,0.0,0.0,-1271.5321,-16143.5792,620.8039,11847.5372,-1997.585,1236.6532,-744.8655,-4110.000499999998,-1505.7973000000002,-5615.7977999999985
55,521.1204,1416.0298,-1076.2249,0.0,0.0,0.0,-1275.5716,-16170.1487,587.444,11874.4471,-1976.5863,1243.9675,-743.6938,-4122.903899999999,-1476.3126,-5599.2164999999995
56,488.3935,1403.5174,-1099.6697,0.0,0.0,0.0,-1270.0338,-16292.8141,629.3406,11898.9656,-1911.4106,1224.4012,-729.6992,-4242.300500000001,-1416.7086,-5659.009100000001
57,507.0857,1464.9335,-1092.1986,0.0,0.0,0.0,-1277.0951,-16303.8058,606.6012,11814.5531,-1833.5698,1219.6951,-726.6984,-4279.926000000003,-1340.5731,-5620.499100000004
58,544.0014,1397.8129,-1086.4614,0.0,0.0,0.0,-1293.2548,-16173.7252,603.8436,11834.5109,-1937.7641,1240.5371,-752.0899,-4173.272600000002,-1449.3169,-5622.589500000003
59,532.2524,1436.6535,-1100.644,0.0,0.0,0.0,-1281.2139,-16128.2857,608.4349,11750.5641,-1950.449,1232.0132,-739.1933,-4182.238700000002,-1457.6291,-5639.867800000002
60,504.1851,1460.3265,-1093.2997,0.0,0.0,0.0,-1275.9459,-16206.1682,607.2043,11833.9231,-1932.5001,1226.0125,-732.0297,-4169.774800000001,-1438.5173,-5608.2921000000015
61,486.7174,1414.5215,-1081.7633,0.0,0.0,0.0,-1262.7874,-16165.7251,600.1078,11761.5812,-1916.39,1234.9002,-739.7407,-4247.347899999999,-1421.2305000000001,-5668.578399999999
62,507.2879,1420.3761,-1121.2878,0.0,0.0,0.0,-1267.2568,-16144.9989,599.216,11810.7825,-1984.2953,1227.4347,-740.2887,-4195.880999999999,-1497.1493,-5693.030299999999
63,537.7006,1430.8368,-1073.096,0.0,0.0,0.0,-1277.1297,-16286.9239,606.7852,11868.2494,-1920.2393,1226.8677,-738.7918,-4193.577599999999,-1432.1634,-5625.740999999999
64,504.5756,1473.9241,-1106.1627,0.0,0.0,0.0,-1290.4355,-16138.5264,610.8991,11806.8225,-1967.9747,1226.1873,-729.6471,-4138.903300000002,-1471.4344999999998,-5610.337800000001
65,482.1876,1401.2473,-1103.706,0.0,0.0,0.0,-1281.386,-16239.8852,607.8154,11824.9859,-1904.5546,1230.3642,-744.0564,-4308.741000000002,-1418.2468,-5726.987800000002
66,481.5252,1440.6023,-1111.2325,0.0,0.0,0.0,-1293.1585,-16194.2833,631.5518,11890.601,-1994.9563,1232.7409,-742.846,-4154.394,-1505.0614,-5659.455400000001
67,515.7491,1458.3852,-1062.7886,0.0,0.0,0.0,-1280.7977,-16293.5898,623.5886,11823.1505,-1877.2949,1225.3746,-731.5515,-4216.3027,-1383.4718,-5599.7744999999995
68,512.2821,1377.9205,-1103.2169,0.0,0.0,0.0,-1268.3048,-16285.4449,630.1281,11833.0061,-1859.0024,1229.079,-736.0597,-4303.629799999999,-1365.9831000000001,-5669.612899999999
69,504.9473,1445.3658,-1088.0151,0.0,0.0,0.0,-1294.1313,-16208.3105,604.9634,11797.9853,-1894.2543,1229.8964,-734.0248,-4237.195099999997,-1398.3827,-5635.577799999998
70,491.8018,1426.5335,-1094.2099,0.0,0.0,0.0,-1303.1455,-16118.9581,617.7966,11755.6055,-1922.777,1226.5322,-729.9971,-4224.576100000002,-1426.2419,-5650.818000000003
71,527.2113,1422.1399,-1097.0955,0.0,0.0,0.0,-1270.9923,-16161.8182,602.5822,11755.3422,-1914.0287,1233.0196,-740.7465,-4222.630399999998,-1421.7556,-5644.385999999998
72,525.2831,1462.9278,-1104.5777,0.0,0.0,0.0,-1255.6117,-16235.737,609.9513,11843.5109,-1919.6372,1235.023,-741.336,-4154.2532999999985,-1425.9502,-5580.203499999999
73,506.0013,1404.4152,-1108.074,0.0,0.0,0.0,-1262.9251,-16220.6048,599.205,11776.5809,-1854.3843,1221.3631,-733.8548,-4305.401499999998,-1366.8759999999997,-5672.277499999997
74,518.9634,1457.7036,-1097.0514,0.0,0.0,0.0,-1285.826,-16212.2985,609.3857,11838.545,-1943.593,1223.5129,-735.8888,-4170.5782,-1455.9689,-5626.5471
75,503.1438,1399.4292,-1075.1349,0.0,0.0,0.0,-1286.4851,-16205.5738,624.001,11881.0396,-1964.3033,1216.5199,-725.9998,-4159.5802,-1473.7832,-5633.3634
76,524.8249,1448.0018,-1075.5915,0.0,0.0,0.0,-1289.3795,-16016.5129,594.6777,11823.7733,-2087.313,1232.6794,-734.8317,-3990.2062000000005,-1589.4653,-5579.6715
77,502.77,1455.7269,-1107.6005,0.0,0.0,0.0,-1305.7688,-16137.8145,590.2303,11866.2609,-1995.0118,1230.3358,-724.4825,-4136.195700000002,-1489.1585,-5625.3542000000025
78,513.2682,1437.1348,-1077.8543,0.0,0.0,0.0,-1284.6824,-16156.7885,598.3329,11830.0197,-1979.2122,1220.6968,-722.3209,-4140.569600000001,-1480.8363,-5621.405900000001
79,480.3492,1438.0805,-1072.0602,0.0,0.0,0.0,-1292.013,-16386.9365,634.8089,11908.0554,-1817.3233,1212.91,-726.3175,-4289.715699999999,-1330.7307999999998,-5620.446499999999
80,541.0365,1393.521,-1096.5763,0.0,0.0,0.0,-1308.1045,-16181.9527,595.2741,11833.3841,-1953.3575,1228.9042,-732.2362,-4223.417800000001,-1456.6895000000002,-5680.1073000000015
81,505.8155,1434.7408,-1089.2121,0.0,0.0,0.0,-1325.786,-16243.3653,594.4657,11838.7728,-1875.55,1224.6706,-723.0902,-4284.568599999997,-1373.9696,-5658.538199999996
82,516.1931,1480.2531,-1094.191,0.0,0.0,0.0,-1278.4347,-16216.8433,591.1468,11800.2611,-1885.2562,1221.1835,-723.4936,-4201.614899999999,-1387.5663,-5589.181199999998
83,496.3268,1450.9547,-1107.046,0.0,0.0,0.0,-1295.2846,-16129.0953,612.1837,11835.2246,-1996.5566,1219.3738,-721.7363,-4136.736100000002,-1498.9190999999998,-5635.655200000001
84,503.1934,1439.3684,-1131.3726,0.0,0.0,0.0,-1289.1887,-16100.9344,589.4748,11778.2213,-1964.6522,1217.3137,-723.2304,-4211.237800000001,-1470.5689000000002,-5681.806700000002
85,490.341,1409.2114,-1054.5519,0.0,0.0,0.0,-1261.5729,-16105.4053,618.3848,11810.7048,-2016.2193,1226.8913,-733.9867,-4092.8881,-1523.3147,-5616.2028
86,507.9323,1394.4279,-1069.3088,0.0,0.0,0.0,-1306.5115,-16059.4705,605.7248,11805.4883,-2015.5652,1224.0799,-728.985,-4121.717499999999,-1520.4703,-5642.187799999999
87,489.8223,1404.5914,-1063.4925,0.0,0.0,0.0,-1285.9885,-16130.0044,620.0742,11783.7279,-1932.3973,1222.3411,-719.1538,-4181.269600000001,-1429.21,-5610.479600000002
88,549.7975,1434.4605,-1113.0288,0.0,0.0,0.0,-1283.108,-16222.7184,590.3786,11849.4553,-1907.6198,1230.0382,-728.2941,-4194.7633000000005,-1405.8757,-5600.639000000001
89,480.0145,1414.3071,-1103.2401,0.0,0.0,0.0,-1294.2143,-16190.0859,596.0638,11798.6073,-1916.9892,1225.8943,-733.376,-4298.547600000002,-1424.4709,-5723.018500000002
90,544.1251,1442.159,-1110.7934,0.0,0.0,0.0,-1303.9048,-16087.8017,600.1043,11773.3345,-1958.7183,1228.3088,-729.1874,-4142.776999999998,-1459.5969,-5602.373899999999
91,544.1868,1392.7706,-1103.1297,0.0,0.0,0.0,-1299.5696,-16173.9443,618.9961,11792.8269,-1882.2269,1215.4143,-719.1559,-4227.8632,-1385.9685,-5613.831699999999
92,508.5165,1375.9077,-1104.1629,0.0,0.0,0.0,-1278.5042,-16065.9721,598.24,11783.405,-1970.2201,1221.7411,-729.3245,-4182.57,-1477.8035,-5660.3735
93,552.27,1401.6783,-1093.4841,0.0,0.0,0.0,-1279.2168,-16108.4131,592.3116,11705.7211,-1916.7065,1235.2073,-740.4903,-4229.132999999996,-1421.9895000000001,-5651.122499999997
94,517.2489,1377.4176,-1080.0434,0.0,0.0,0.0,-1279.8662,-16261.6807,611.2735,11774.7958,-1808.3857,1217.7154,-724.1585,-4340.854500000001,-1314.8288,-5655.683300000001
95,544.5139,1393.093,-1104.8415,0.0,0.0,0.0,-1268.7663,-16120.6841,607.2879,11788.7435,-1960.0194,1232.8495,-736.2924,-4160.6536000000015,-1463.4623,-5624.115900000002
96,533.0969,1398.198,-1084.3277,0.0,0.0,0.0,-1280.9985,-16158.2051,600.7528,11807.4929,-1937.8188,1235.1364,-738.0124,-4183.9906999999985,-1440.6947999999998,-5624.685499999998
97,494.7863,1467.1601,-1114.4735,0.0,0.0,0.0,-1253.6679,-16211.1505,591.4416,11804.8747,-1888.5446,1232.4715,-737.0013,-4221.029199999999,-1393.0744,-5614.103599999999
98,496.9416,1419.508,-1082.8797,0.0,0.0,0.0,-1260.053,-16269.6146,612.1354,11811.6065,-1860.9605,1225.6723,-736.4002,-4272.355800000003,-1371.6884,-5644.044200000003
99,522.0583,1453.4727,-1091.9999,0.0,0.0,0.0,-1283.5683,-16050.9226,614.3767,11799.8887,-2049.2565,1225.9132,-737.9242,-4036.6944000000003,-1561.2675,-5597.9619
100,474.5554,1381.6799,-1088.7282,0.0,0.0,0.0,-1257.6664,-16286.2786,628.2701,11909.7598,-1945.8675,1220.3614,-732.0002,-4238.408000000001,-1457.5063,-5695.914300000002
101,507.7743,1374.4217,-1105.5989,0.0,0.0,0.0,-1286.7286,-16257.9824,619.2555,11929.4783,-1922.0062,1232.8354,-732.307,-4219.3801,-1421.4778000000001,-5640.8579
102,495.9896,1373.2543,-1080.382,0.0,0.0,0.0,-1276.5088,-16243.7266,588.8737,11812.5765,-1871.0348,1224.4438,-723.5127,-4329.923300000002,-1370.1037,-5700.027000000002
103,522.4058,1439.2858,-1095.6742,0.0,0.0,0.0,-1284.6986,-16154.8736,617.3252,11773.3359,-1929.3675,1224.9824,-724.3222,-4182.893700000002,-1428.7073,-5611.601000000002
104,524.8133,1377.4229,-1100.701,0.0,0.0,0.0,-1296.4142,-16205.4751,605.8876,11794.124,-1852.6231,1225.9794,-729.1164,-4300.342500000001,-1355.7601,-5656.1026
105,499.6231,1421.3418,-1111.6106,0.0,0.0,0.0,-1310.5273,-16070.9683,592.7684,11751.4081,-1956.0444,1220.9425,-722.5188,-4227.964799999998,-1457.6207,-5685.585499999997
106,507.8584,1385.2408,-1088.2835,0.0,0.0,0.0,-1253.0258,-16251.7072,624.5514,11863.4783,-1900.5851,1227.6426,-733.6216,-4211.8876,-1406.5641,-5618.4517
107,510.4104,1425.5384,-1081.2739,0.0,0.0,0.0,-1227.8813,-16207.9746,609.7643,11792.9348,-1902.7276,1234.3852,-739.2265,-4178.481899999999,-1407.5689,-5586.050799999999
108,559.0963,1452.8614,-1119.3144,0.0,0.0,0.0,-1291.3667,-16369.6961,600.1231,11801.7505,-1770.5284,1218.5375,-722.9551,-4366.545899999999,-1274.946,-5641.4919
109,501.1072,1444.9702,-1065.3683,0.0,0.0,0.0,-1267.3244,-16262.9181,607.499,11815.8303,-1890.1004,1224.1886,-725.9648,-4226.204100000001,-1391.8766,-5618.0807
110,513.8427,1459.3987,-1100.2305,0.0,0.0,0.0,-1285.6317,-16382.0384,616.6897,11843.2111,-1778.3824,1217.3279,-719.9561,-4334.758399999997,-1281.0106,-5615.7689999999975
111,534.1689,1379.8527,-1102.1556,0.0,0.0,0.0,-1268.0369,-16271.9385,621.9597,11846.9182,-1834.7738,1227.6946,-724.3962,-4259.231500000002,-1331.4753999999998,-5590.706900000002
112,510.7951,1469.1922,-1079.6532,0.0,0.0,0.0,-1276.1576,-16177.5818,603.5525,11812.755,-1931.235,1221.415,-721.5853,-4137.0978,-1431.4053,-5568.503099999999
113,530.7438,1386.2827,-1093.5729,0.0,0.0,0.0,-1296.6591,-16112.7517,588.585,11725.6647,-1919.5993,1224.8359,-726.913,-4271.707500000002,-1421.6764,-5693.3839000000025
114,494.623,1392.5366,-1087.7363,0.0,0.0,0.0,-1277.1717,-16069.0283,616.1341,11776.4629,-1990.9502,1225.0675,-731.1331,-4154.179699999999,-1497.0158,-5651.195499999999
115,488.435,1404.4058,-1103.542,0.0,0.0,0.0,-1277.2891,-16201.8185,623.4776,11849.7086,-1946.5463,1223.546,-731.7297,-4216.622599999999,-1454.73,-5671.352599999998
116,514.3938,1457.2367,-1058.3688,0.0,0.0,0.0,-1289.8275,-16248.939,592.3465,11818.7834,-1879.9249,1229.405,-741.3256,-4214.374899999999,-1391.8455,-5606.220399999999
117,546.0462,1394.1044,-1057.8069,0.0,0.0,0.0,-1277.0539,-16053.9611,602.2476,11793.7345,-2008.8147,1238.425,-737.9235,-4052.6892000000007,-1508.3132,-5561.0024
118,503.6397,1436.2222,-1086.8868,0.0,0.0,0.0,-1254.2424,-16224.4234,596.8099,11790.2926,-1909.9592,1232.1739,-740.7268,-4238.588199999998,-1418.5121,-5657.100299999999
119,520.608,1425.0994,-1095.9658,0.0,0.0,0.0,-1274.7018,-16247.1222,594.4126,11803.0758,-1858.7643,1235.6751,-738.3259,-4274.593999999999,-1361.4151000000002,-5636.009099999999
120,522.1923,1416.8403,-1084.5845,0.0,0.0,0.0,-1284.0271,-16058.398,607.6759,11755.6358,-2005.4743,1233.5347,-736.9337,-4124.665299999999,-1508.8733000000002,-5633.538599999998
121,504.8085,1410.5507,-1096.3588,0.0,0.0,0.0,-1283.7141,-16202.1965,630.344,11812.3484,-1895.24,1226.4944,-733.6112,-4224.217799999997,-1402.3568,-5626.574599999997
122,537.0283,1441.8856,-1094.7237,0.0,0.0,0.0,-1288.7781,-16176.7506,585.9697,11815.3167,-1925.1896,1232.8306,-739.5381,-4180.052099999999,-1431.8971,-5611.949199999998
123,494.5895,1420.0929,-1093.346,0.0,0.0,0.0,-1277.347,-16187.7413,617.4529,11867.7962,-1962.062,1228.2474,-735.2508,-4158.502799999998,-1469.0654,-5627.568199999998
124,515.4063,1425.9864,-1098.8455,0.0,0.0,0.0,-1315.7634,-16248.4214,595.764,11841.7031,-1882.7699,1228.2332,-734.1934,-4284.170499999998,-1388.7301000000002,-5672.900599999999
125,500.2616,1417.2601,-1077.4305,0.0,0.0,0.0,-1292.2804,-16133.4461,615.7419,11840.6949,-1963.7694,1233.2984,-740.7779,-4129.198499999997,-1471.2489,-5600.447399999997
126,518.1752,1437.5088,-1090.4203,0.0,0.0,0.0,-1285.3369,-16274.5078,606.4694,11817.4372,-1861.4323,1232.7739,-739.3167,-4270.674399999998,-1367.9751,-5638.649499999999
127,523.7231,1423.1383,-1069.2205,0.0,0.0,0.0,-1302.9481,-16226.8236,609.7733,11834.1503,-1906.7345,1225.0013,-731.1388,-4208.207199999999,-1412.872,-5621.079199999999
128,456.1077,1398.4294,-1109.5343,0.0,0.0,0.0,-1278.3992,-16214.2381,609.0029,11848.4688,-1921.639,1226.8252,-729.9228,-4290.1628,-1424.7366,-5714.8994
129,485.9281,1405.707,-1100.0247,0.0,0.0,0.0,-1290.7122,-16314.7531,613.5956,11842.6183,-1822.0726,1224.0138,-732.3013,-4357.640999999998,-1330.3600999999999,-5688.001099999998
130,510.7298,1413.1666,-1097.2845,0.0,0.0,0.0,-1282.789,-16228.07,602.1153,11773.4841,-1865.5052,1227.2268,-731.7948,-4308.647700000001,-1370.0732000000003,-5678.7209
131,516.1564,1394.6858,-1112.8485,0.0,0.0,0.0,-1308.4778,-16193.3752,613.2076,11805.8572,-1910.3398,1222.516,-726.8609,-4284.7945,-1414.6846999999998,-5699.4792
132,570.2221,1448.6602,-1092.7748,0.0,0.0,0.0,-1296.0826,-16183.167,591.705,11787.8852,-1910.8576,1229.7688,-729.1032,-4173.5519,-1410.192,-5583.743900000001
133,544.219,1425.4558,-1064.5751,0.0,0.0,0.0,-1330.5873,-16165.6366,591.7817,11776.151,-1871.8551,1234.2859,-727.846,-4223.191499999999,-1365.4152,-5588.606699999998
134,480.8497,1378.7245,-1067.0589,0.0,0.0,0.0,-1295.1958,-16091.5189,594.8227,11783.6819,-1976.2391,1228.8144,-729.0027,-4215.6947999999975,-1476.4274,-5692.122199999997
135,494.0373,1475.014,-1105.3487,0.0,0.0,0.0,-1272.263,-16164.2641,606.1136,11752.8293,-1905.1492,1218.7974,-728.3343,-4213.881599999999,-1414.6861000000001,-5628.5677
136,514.4725,1402.935,-1100.9042,0.0,0.0,0.0,-1295.7204,-16147.1355,602.1045,11785.1095,-1907.4401,1223.8768,-726.5411,-4239.138600000002,-1410.1044000000002,-5649.243000000002
137,527.4799,1410.6476,-1071.8415,0.0,0.0,0.0,-1297.8243,-16180.5366,590.3223,11795.7795,-1901.4154,1227.0047,-730.2537,-4225.973099999999,-1404.6644000000001,-5630.6375
138,496.0593,1382.36,-1077.1715,0.0,0.0,0.0,-1283.3744,-16218.091,609.949,11721.2551,-1833.9165,1213.6991,-724.0588,-4369.013499999999,-1344.2762,-5713.289699999999
139,484.8039,1409.3476,-1064.3089,0.0,0.0,0.0,-1294.3813,-16304.8647,608.367,11820.966,-1810.7103,1226.107,-737.3623,-4340.070399999999,-1321.9656,-5662.035999999998
140,527.9581,1413.1065,-1071.8067,0.0,0.0,0.0,-1294.2399,-16234.1865,608.0887,11817.1066,-1870.1568,1220.8433,-729.559,-4233.9732,-1378.8725,-5612.845700000001
141,496.2597,1431.2083,-1093.9784,0.0,0.0,0.0,-1281.6639,-16349.6956,606.8703,11823.7619,-1767.2753,1219.1896,-728.24,-4367.237699999998,-1276.3257,-5643.563399999998
142,501.7779,1404.1989,-1097.3726,0.0,0.0,0.0,-1286.6362,-16201.9345,631.0227,11858.004,-1925.3419,1225.3746,-736.3756,-4190.939799999998,-1436.3428999999996,-5627.282699999998
143,502.0057,1433.6953,-1115.8492,0.0,0.0,0.0,-1289.8463,-16174.1543,602.273,11767.7682,-1886.4646,1226.7401,-735.7752,-4274.107599999999,-1395.4997,-5669.6073
144,516.9801,1397.0386,-1082.2047,0.0,0.0,0.0,-1270.7316,-16333.2501,610.2502,11767.1359,-1782.3374,1226.4141,-735.3731,-4394.781599999998,-1291.2964,-5686.077999999999
145,528.757,1421.6746,-1096.0963,0.0,0.0,0.0,-1314.7162,-16186.9682,606.758,11801.9635,-1901.7429,1227.2079,-732.5022,-4238.6276,-1407.0371999999998,-5645.6648
146,503.01,1432.5067,-1104.32,0.0,0.0,0.0,-1255.4735,-16275.4936,620.1326,11777.7798,-1797.0094,1225.4974,-726.266,-4301.858,-1297.7779999999998,-5599.6359999999995
147,508.7679,1443.844,-1100.9637,0.0,0.0,0.0,-1259.0099,-16187.164,609.1928,11788.6539,-1887.3975,1232.5424,-735.2041,-4196.679000000002,-1390.0592000000001,-5586.738200000002
148,508.0998,1437.6841,-1118.2965,0.0,0.0,0.0,-1293.7256,-16204.2177,613.5008,11797.9279,-1874.1729,1227.8505,-731.8722,-4259.0272,-1378.1946,-5637.221799999999
149,521.5614,1412.8192,-1140.2054,0.0,0.0,0.0,-1257.5806,-16287.6542,630.4499,11783.408,-1791.1575,1217.9894,-724.5905,-4337.201700000001,-1297.7586000000001,-5634.9603000000025
150,514.5461,1431.7792,-1094.848,0.0,0.0,0.0,-1290.5855,-16193.5241,602.7644,11770.9677,-1876.6297,1228.8947,-737.0973,-4258.900200000002,-1384.8323,-5643.732500000002
151,513.0785,1375.8191,-1091.7217,0.0,0.0,0.0,-1302.606,-16281.1982,601.4761,11809.8978,-1833.8656,1223.9996,-736.8699,-4375.2544,-1346.7359000000001,-5721.9902999999995
152,530.0105,1426.0881,-1118.549,0.0,0.0,0.0,-1274.7566,-16198.0461,603.014,11727.7749,-1860.5075,1231.1816,-743.89,-4304.4641999999985,-1373.2159000000001,-5677.680099999999
153,511.5635,1397.6977,-1110.6937,0.0,0.0,0.0,-1289.9749,-16092.5072,610.0489,11816.644,-1995.2056,1235.2451,-733.2231,-4157.2217,-1493.1835999999998,-5650.4053
154,516.3118,1444.2369,-1088.945,0.0,0.0,0.0,-1296.8517,-16148.1153,592.0025,11802.1601,-1929.527,1228.5498,-725.3506,-4179.200700000001,-1426.3278,-5605.528500000001
155,527.4561,1415.8902,-1075.6565,0.0,0.0,0.0,-1300.643,-16130.1926,602.8774,11806.9342,-1944.8879,1229.7121,-738.1355,-4153.334199999999,-1453.3112999999998,-5606.6455
156,491.3296,1417.9684,-1112.5326,0.0,0.0,0.0,-1292.7199,-16246.7255,620.4134,11877.826,-1899.6594,1223.168,-734.2721,-4244.440600000002,-1410.7635,-5655.204100000003
157,513.8908,1407.1869,-1102.1538,0.0,0.0,0.0,-1303.5357,-16167.143,598.278,11731.3714,-1877.1739,1216.6381,-719.5303,-4322.105399999999,-1380.0661,-5702.171499999999
158,509.6358,1466.5447,-1101.934,0.0,0.0,0.0,-1307.0425,-16228.2739,617.1195,11855.1007,-1923.3039,1218.3863,-723.3072,-4188.849699999997,-1428.2248000000002,-5617.074499999997
159,516.3546,1452.6889,-1112.0689,0.0,0.0,0.0,-1272.643,-16042.3867,616.5607,11767.1925,-2007.6175,1224.7462,-723.1177,-4074.3018999999986,-1505.989,-5580.290899999999
160,519.2159,1426.462,-1090.6514,0.0,0.0,0.0,-1281.5128,-16193.2739,611.3417,11807.9186,-1921.9294,1231.4273,-741.1789,-4200.499899999999,-1431.681,-5632.1808999999985
161,506.584,1411.9214,-1092.624,0.0,0.0,0.0,-1289.6644,-16364.1796,615.2613,11824.008,-1751.7453,1217.7295,-729.2547,-4388.693299999999,-1263.2705,-5651.9637999999995
162,493.4565,1354.3124,-1088.7382,0.0,0.0,0.0,-1263.4373,-16045.5581,594.9975,11762.0014,-2018.7902,1234.4891,-742.9493,-4192.965800000002,-1527.2504,-5720.216200000002
163,517.9018,1430.7152,-1108.6132,0.0,0.0,0.0,-1295.4604,-16161.8265,615.2624,11790.9597,-1892.9214,1223.4893,-726.9113,-4211.0610000000015,-1396.3434,-5607.404400000001
164,504.461,1409.4422,-1113.6127,0.0,0.0,0.0,-1300.5803,-16316.382,601.204,11837.8552,-1839.0045,1213.1605,-714.0581,-4377.6126,-1339.9021,-5717.514700000001
165,510.3818,1442.4384,-1079.2348,0.0,0.0,0.0,-1275.9837,-16272.1445,589.8804,11862.4551,-1896.4329,1225.7526,-730.7711,-4222.2073,-1401.4514,-5623.6587
166,515.0426,1471.2748,-1110.1817,0.0,0.0,0.0,-1252.3333,-16143.441,607.7885,11762.0015,-1954.4582,1236.5681,-755.2332,-4149.848600000001,-1473.1233000000002,-5622.971900000001
167,496.5982,1457.657,-1101.0388,0.0,0.0,0.0,-1285.7025,-16185.5036,608.9676,11845.3278,-1950.4734,1230.0665,-733.4914,-4163.694299999999,-1453.8983000000003,-5617.592599999999
168,516.5594,1403.0807,-1068.2341,0.0,0.0,0.0,-1291.9645,-16157.0389,594.2533,11815.3208,-1935.0626,1227.6473,-736.1223,-4188.023299999999,-1443.5375999999999,-5631.5608999999995
169,538.3088,1386.4879,-1095.6987,0.0,0.0,0.0,-1273.1541,-16278.5545,610.1188,11858.4288,-1877.3187,1230.2083,-732.3756,-4254.063,-1379.4859999999999,-5633.549
170,505.8265,1472.8628,-1100.403,0.0,0.0,0.0,-1287.0424,-16183.4179,614.9683,11801.2382,-1928.408,1230.7516,-740.4156,-4175.967499999999,-1438.072,-5614.039499999999
171,461.9858,1373.8783,-1088.0594,0.0,0.0,0.0,-1274.1932,-16260.7521,610.7303,11835.0655,-1903.3806,1228.7624,-737.2379,-4341.344799999999,-1411.8561,-5753.2009
172,512.1989,1410.9344,-1095.2528,0.0,0.0,0.0,-1290.775,-16343.2537,617.5173,11858.3924,-1787.4454,1223.2625,-721.9074,-4330.2384999999995,-1286.0903,-5616.3288
173,506.674,1436.7519,-1094.1405,0.0,0.0,0.0,-1291.6498,-16272.3376,590.8573,11829.4928,-1869.309,1225.3132,-725.5385,-4294.3519000000015,-1369.5342999999998,-5663.886200000002
174,506.2058,1384.5764,-1069.148,0.0,0.0,0.0,-1272.2567,-16154.6862,611.1274,11764.8673,-1906.6567,1221.656,-728.1243,-4229.314000000002,-1413.125,-5642.439000000002
175,498.5879,1423.5545,-1106.6058,0.0,0.0,0.0,-1274.2053,-16367.3127,602.9354,11842.8785,-1789.8407,1229.8775,-729.5099,-4380.1675,-1289.4731,-5669.6406
176,498.2864,1420.3874,-1106.2836,0.0,0.0,0.0,-1304.0625,-16123.3668,623.6997,11782.6734,-1965.1611,1223.4373,-724.4788,-4208.665999999999,-1466.2026,-5674.868599999999
177,531.2483,1427.6502,-1085.0166,0.0,0.0,0.0,-1296.9339,-16153.1977,621.6297,11818.8216,-1924.3997,1225.11,-731.7467,-4135.7984000000015,-1431.0364,-5566.834800000001
178,512.6698,1426.8159,-1104.4434,0.0,0.0,0.0,-1301.7664,-16060.6577,603.7891,11775.4058,-1950.0161,1227.8836,-726.4771,-4148.186899999999,-1448.6096000000002,-5596.796499999999
179,509.3563,1452.3307,-1097.2208,0.0,0.0,0.0,-1288.068,-16205.7303,618.7468,11808.7973,-1896.7196,1230.9123,-733.8458,-4201.787999999999,-1399.6531,-5601.441099999999
180,521.194,1414.4154,-1107.5721,0.0,0.0,0.0,-1274.5878,-16121.5645,613.7407,11730.6148,-1888.8735,1221.7363,-725.4962,-4223.759500000002,-1392.6334,-5616.392900000001
181,519.4548,1415.7366,-1099.8732,0.0,0.0,0.0,-1293.8776,-16278.9823,616.2815,11826.9425,-1848.7247,1228.7955,-731.3087,-4294.317700000001,-1351.2379,-5645.5556000000015
182,526.6472,1451.9801,-1091.2427,0.0,0.0,0.0,-1234.1619,-16113.7619,610.9265,11736.8508,-1934.2851,1236.313,-747.8202,-4112.7618999999995,-1445.7923,-5558.5542
183,532.7027,1363.3086,-1101.195,0.0,0.0,0.0,-1285.2534,-16180.2399,598.663,11820.6904,-1921.9667,1231.5785,-732.9588,-4251.3236,-1423.3469999999998,-5674.6705999999995
184,522.6839,1379.3448,-1101.5859,0.0,0.0,0.0,-1278.2417,-16263.0664,607.301,11881.841,-1920.1529,1218.1689,-723.2556,-4251.7233000000015,-1425.2396,-5676.962900000002
185,501.0534,1433.3058,-1105.4686,0.0,0.0,0.0,-1254.6652,-16374.5762,606.9431,11906.1493,-1870.0328,1231.1674,-738.4703,-4287.258400000001,-1377.3356999999999,-5664.5941
186,518.2011,1433.8856,-1080.2619,0.0,0.0,0.0,-1280.2369,-16203.4006,624.864,11856.8798,-1938.603,1236.828,-735.9444,-4130.068900000002,-1437.7194,-5567.788300000002
187,495.6618,1437.9669,-1100.4364,0.0,0.0,0.0,-1246.7914,-16326.9346,634.7003,11881.5854,-1847.6462,1237.2627,-739.1887,-4224.248,-1349.5722,-5573.820199999999
188,512.9271,1378.5097,-1063.1772,0.0,0.0,0.0,-1250.1425,-16344.2202,604.1942,11866.8562,-1864.0768,1229.4523,-731.7391,-4295.0527,-1366.3636000000001,-5661.4163
189,485.1036,1391.4152,-1089.415,0.0,0.0,0.0,-1269.493,-16177.075,614.7561,11812.0806,-1930.0626,1231.3045,-741.8775,-4232.627500000002,-1440.6356,-5673.263100000002
190,491.7161,1378.4831,-1092.6861,0.0,0.0,0.0,-1290.5732,-16300.2721,606.3111,11847.9267,-1815.5095,1210.7365,-718.9733,-4359.0944,-1323.7462999999998,-5682.8407
191,496.3001,1425.9511,-1089.805,0.0,0.0,0.0,-1306.0221,-16157.0043,615.8215,11818.072,-1899.1947,1214.5118,-724.1235,-4196.6867,-1408.8064,-5605.4931
192,499.4176,1449.0089,-1091.7993,0.0,0.0,0.0,-1294.6965,-16227.6948,617.4701,11829.9784,-1889.8844,1223.8059,-728.0968,-4218.3156,-1394.1752999999999,-5612.4909
193,522.193,1430.6684,-1106.5292,0.0,0.0,0.0,-1291.11,-16087.912,612.4202,11761.4792,-1960.2839,1233.1897,-732.754,-4158.7904,-1459.8482,-5618.6386
194,510.6458,1456.8954,-1111.6488,0.0,0.0,0.0,-1277.0581,-16109.2303,609.0678,11796.6893,-1954.7128,1235.968,-745.8515,-4124.6389,-1464.5963,-5589.2352
195,500.5821,1446.8243,-1104.8028,0.0,0.0,0.0,-1271.783,-16088.8824,610.6265,11768.9957,-1969.0373,1230.4729,-733.3737,-4138.4396,-1471.9380999999998,-5610.3777
196,493.1651,1411.9105,-1122.8226,0.0,0.0,0.0,-1247.2973,-16273.7883,618.705,11826.903,-1869.3325,1230.6666,-737.659,-4293.224600000001,-1376.3249,-5669.549500000001
197,519.0538,1422.8803,-1102.3074,0.0,0.0,0.0,-1275.3245,-16145.9155,596.807,11795.7543,-1934.9549,1248.168,-749.5289,-4189.051999999996,-1436.3158,-5625.367799999996
198,539.1069,1438.7125,-1099.2536,0.0,0.0,0.0,-1300.741,-16097.0079,614.6446,11830.0802,-1982.8855,1241.3262,-746.8296,-4074.458300000002,-1488.3889000000001,-5562.847200000003
199,484.2596,1435.0901,-1121.1781,0.0,0.0,0.0,-1255.3268,-16296.8307,619.485,11780.4508,-1773.8546,1227.0661,-733.443,-4354.050099999999,-1280.2314999999999,-5634.281599999998
200,516.7256,1431.6789,-1105.7967,0.0,0.0,0.0,-1270.7612,-16029.9376,601.6823,11845.6872,-2070.516,1241.123,-742.8913,-4010.7214999999997,-1572.2843,-5583.0058
201,514.4784,1424.1182,-1105.5247,0.0,0.0,0.0,-1286.8835,-16165.3846,621.678,11810.4968,-1923.2541,1226.3857,-728.4358,-4187.021399999998,-1425.3042,-5612.325599999998
202,492.4382,1423.4434,-1085.7453,0.0,0.0,0.0,-1275.446,-16344.9662,618.4751,11886.1555,-1872.9113,1221.9678,-727.3209,-4285.6453,-1378.2644,-5663.909699999999
203,486.9163,1426.2855,-1095.6076,0.0,0.0,0.0,-1291.1093,-16230.0942,597.6571,11793.591,-1848.2593,1222.9081,-723.9645,-4312.361199999999,-1349.3156999999999,-5661.676899999999
204,523.2116,1421.4584,-1099.4149,0.0,0.0,0.0,-1322.5244,-16182.1126,615.5709,11844.0269,-1922.8515,1219.4305,-724.0878,-4199.784099999999,-1427.5088,-5627.2928999999995
205,537.4866,1441.3693,-1100.8944,0.0,0.0,0.0,-1272.6418,-16153.8626,594.3112,11767.0179,-1913.9303,1236.1901,-737.4834,-4187.2137999999995,-1415.2235999999998,-5602.4374
206,507.3215,1436.3967,-1087.1864,0.0,0.0,0.0,-1288.6412,-16148.3554,594.8867,11792.1883,-1951.1521,1230.4492,-736.6709,-4193.389800000003,-1457.3737999999998,-5650.763600000003
207,521.0725,1405.4468,-1077.4748,0.0,0.0,0.0,-1288.1872,-16141.4491,611.7162,11822.7742,-1959.6631,1222.3364,-734.6536,-4146.101399999998,-1471.9803000000002,-5618.081699999997
208,507.634,1393.4241,-1086.3016,0.0,0.0,0.0,-1273.3548,-16218.1343,611.8913,11848.6926,-1910.9961,1232.8968,-734.7456,-4216.1487,-1412.8449,-5628.9936
209,510.0725,1377.6982,-1092.5729,0.0,0.0,0.0,-1256.0102,-16328.4284,623.1003,11876.593,-1830.6669,1221.9064,-732.755,-4289.547499999999,-1341.5155,-5631.062999999999
210,505.7836,1380.3162,-1066.4407,0.0,0.0,0.0,-1269.1697,-16191.1323,612.4208,11813.2943,-1950.6145,1224.0658,-737.0364,-4214.9277999999995,-1463.5850999999998,-5678.512899999999
211,518.5391,1463.13,-1090.5427,0.0,0.0,0.0,-1290.7069,-16179.8685,602.1939,11784.72,-1915.7575,1226.7921,-735.8277,-4192.535100000001,-1424.7931,-5617.328200000001
212,540.5658,1437.8394,-1054.6569,0.0,0.0,0.0,-1284.2363,-16076.4675,587.1483,11789.0815,-2047.5115,1231.2289,-739.177,-4060.725699999999,-1555.4596000000001,-5616.185299999999
213,491.1982,1455.2072,-1115.4263,0.0,0.0,0.0,-1298.496,-16191.0374,609.4551,11901.3198,-2021.054,1225.195,-733.7934,-4147.779400000001,-1529.6524000000002,-5677.431800000002
214,514.0179,1385.7582,-1079.4814,0.0,0.0,0.0,-1300.2963,-16085.0352,592.794,11830.0358,-2020.487,1236.2799,-741.1282,-4142.207000000002,-1525.3353000000002,-5667.542300000002
215,518.171,1408.7358,-1123.1682,0.0,0.0,0.0,-1270.9067,-16212.332,606.0049,11839.2888,-1931.8321,1236.8705,-745.5501,-4234.206400000001,-1440.5117,-5674.718100000001
216,507.9746,1438.5558,-1112.0576,0.0,0.0,0.0,-1284.5477,-16161.9427,600.8981,11809.1127,-1982.2231,1226.6598,-737.1747,-4202.006799999999,-1492.738,-5694.744799999999
217,539.683,1386.8702,-1091.1481,0.0,0.0,0.0,-1284.8106,-16247.2015,587.559,11759.8467,-1846.4744,1230.7044,-745.1103,-4349.201300000001,-1360.8803,-5710.081600000001
218,489.9867,1415.0864,-1093.0828,0.0,0.0,0.0,-1286.7351,-16221.6199,617.398,11830.1687,-1922.1545,1222.705,-747.522,-4248.797999999999,-1446.9715,-5695.769499999999
219,536.5919,1414.0363,-1074.8562,0.0,0.0,0.0,-1275.6768,-16318.2151,602.7712,11887.9907,-1891.2567,1219.0147,-734.9719,-4227.357999999998,-1407.2139,-5634.571899999999
220,517.862,1434.4069,-1084.9692,0.0,0.0,0.0,-1296.6294,-16122.5068,600.0419,11754.4348,-1953.6324,1224.9966,-741.0866,-4197.3597999999965,-1469.7224,-5667.082199999996
221,513.1131,1402.7238,-1096.0145,0.0,0.0,0.0,-1269.4321,-16137.939,612.4599,11778.5633,-1957.6708,1235.5853,-743.3526,-4196.5255,-1465.4381000000003,-5661.9636
222,487.1679,1409.2251,-1088.7113,0.0,0.0,0.0,-1249.383,-16268.7838,612.0612,11807.6075,-1887.6973,1237.0784,-747.8832,-4290.816399999998,-1398.5021,-5689.318499999998
223,524.4423,1402.7397,-1090.516,0.0,0.0,0.0,-1275.0994,-16224.9594,607.2782,11828.3771,-1918.8826,1229.6129,-740.6747,-4227.737500000001,-1429.9443999999999,-5657.681900000001
224,513.4552,1432.8176,-1099.7134,0.0,0.0,0.0,-1269.1051,-16094.8585,602.6039,11760.5697,-1980.4181,1238.9542,-750.2103,-4154.230600000001,-1491.6742000000002,-5645.9048
225,511.964,1423.4769,-1082.7377,0.0,0.0,0.0,-1279.0505,-16153.8081,599.4058,11777.1374,-1972.9691,1238.1557,-747.901,-4203.6122,-1482.7143999999998,-5686.326599999999
226,530.9655,1458.2459,-1095.1779,0.0,0.0,0.0,-1280.5709,-16209.7208,607.7258,11797.1251,-1933.3567,1235.1459,-745.8304,-4191.407300000001,-1444.0412000000001,-5635.448500000001
227,496.3809,1371.5756,-1085.803,0.0,0.0,0.0,-1275.7826,-16046.8689,624.2865,11821.5694,-2053.7818,1243.9911,-754.0678,-4094.642099999999,-1563.8585000000003,-5658.500599999999
228,515.1064,1451.6766,-1086.9361,0.0,0.0,0.0,-1273.4342,-16156.4923,596.0748,11750.3147,-1933.5781,1233.1992,-735.3135,-4203.6901,-1435.6924,-5639.3825
229,512.7801,1346.9513,-1066.8064,0.0,0.0,0.0,-1284.1194,-16180.9432,604.4585,11853.982,-1951.413,1235.075,-738.2864,-4213.697099999998,-1454.6244,-5668.321499999998
230,528.2559,1364.7167,-1080.8136,0.0,0.0,0.0,-1274.3017,-16244.4411,614.6143,11865.0833,-1939.7877,1227.9025,-743.5878,-4226.886200000001,-1455.4730000000002,-5682.359200000001
231,546.5945,1373.9039,-1092.4418,0.0,0.0,0.0,-1264.585,-16244.8607,615.8207,11863.1911,-1953.8644,1229.7877,-735.2757,-4202.3773,-1459.3523999999998,-5661.729700000001
232,506.2355,1381.3795,-1095.9343,0.0,0.0,0.0,-1288.2139,-16115.7719,608.6009,11808.7021,-1992.0763,1237.9573,-744.8491,-4195.002099999998,-1498.9681,-5693.970199999998
233,543.262,1401.823,-1067.0339,0.0,0.0,0.0,-1300.7885,-16189.0236,607.3342,11792.9015,-1904.8981,1237.3714,-743.8779,-4211.525299999999,-1411.4046,-5622.929899999999
234,524.8951,1406.1306,-1066.6534,0.0,0.0,0.0,-1275.5166,-16113.0496,602.7611,11809.2844,-1977.9931,1239.5118,-748.1032,-4112.148399999998,-1486.5845,-5598.732899999997
235,491.6301,1420.7745,-1087.4139,0.0,0.0,0.0,-1282.4479,-16189.3126,602.5838,11746.098,-1926.3478,1224.3115,-736.9512,-4298.087999999998,-1438.9875,-5737.075499999997
236,538.1951,1423.5191,-1088.3187,0.0,0.0,0.0,-1260.0429,-16196.4326,595.9706,11829.685,-1952.066,1225.2659,-732.2761,-4157.424400000002,-1459.0762,-5616.500600000001
237,506.2889,1450.676,-1074.0357,0.0,0.0,0.0,-1288.9946,-16104.4426,598.7512,11830.3119,-2011.614,1241.2411,-751.8308,-4081.4449000000004,-1522.2037,-5603.6485999999995
238,535.8747,1359.3975,-1090.3264,0.0,0.0,0.0,-1258.9549,-16055.4193,599.9544,11839.8552,-2077.1745,1238.6849,-750.826,-4069.6188,-1589.3156000000001,-5658.9344
239,483.8698,1477.3157,-1085.528,0.0,0.0,0.0,-1281.9949,-16127.7216,585.7422,11841.6084,-2006.1285,1233.4071,-743.5316,-4106.708400000001,-1516.2530000000002,-5622.961400000002
240,514.2624,1423.4191,-1098.0226,0.0,0.0,0.0,-1294.7373,-16048.2595,607.1384,11860.2711,-2076.221,1235.1695,-745.868,-4035.928399999999,-1586.9195,-5622.847899999999
241,529.6928,1388.4504,-1095.8597,0.0,0.0,0.0,-1305.6615,-16133.7177,616.2192,11840.8255,-1977.9539,1234.9711,-747.3433,-4160.050999999998,-1490.3261,-5650.377099999998
242,514.9615,1404.8717,-1082.907,0.0,0.0,0.0,-1290.9164,-16149.4085,620.8947,11885.042,-2007.4804,1233.2937,-753.1264,-4097.461999999998,-1527.3130999999998,-5624.775099999998
243,514.4702,1432.9884,-1102.1391,0.0,0.0,0.0,-1288.0304,-16037.2509,588.6858,11842.1101,-2078.7088,1236.5398,-752.4659,-4049.165900000002,-1594.6349,-5643.800800000002
244,512.1832,1404.0599,-1061.9966,0.0,0.0,0.0,-1277.9104,-16338.9177,611.5908,11865.1332,-1851.315,1228.0489,-740.857,-4285.857600000001,-1364.1231,-5649.980700000002
245,526.6415,1378.151,-1069.9977,0.0,0.0,0.0,-1286.3335,-16178.3486,628.8431,11813.7354,-1948.908,1222.6813,-732.8771,-4187.308799999999,-1459.1037999999999,-5646.412599999998
246,542.8138,1388.1436,-1096.4823,0.0,0.0,0.0,-1278.1152,-16088.3086,596.0003,11793.9734,-2000.2277,1235.6137,-739.2386,-4141.975,-1503.8525999999997,-5645.8276
247,482.0686,1450.2228,-1106.3384,0.0,0.0,0.0,-1281.3326,-16074.4672,629.6164,11797.1499,-1997.6341,1229.0554,-735.9638,-4103.080499999998,-1504.5425,-5607.622999999998
248,460.4428,1441.7503,-1093.6132,0.0,0.0,0.0,-1283.4869,-16309.8563,609.0053,11893.3243,-1853.1642,1225.4785,-734.0638,-4282.433699999998,-1361.7495,-5644.183199999998
249,518.7751,1422.5734,-1083.9681,0.0,0.0,0.0,-1283.9067,-16232.6117,615.2591,11893.2672,-1975.255,1228.1954,-736.9675,-4150.6116999999995,-1484.0271,-5634.6388
250,488.4541,1484.2766,-1093.4388,0.0,0.0,0.0,-1310.5402,-16293.0522,598.5918,11880.7875,-1883.8734,1226.811,-731.0014,-4244.921200000001,-1388.0638,-5632.9850000000015
251,547.7611,1451.1353,-1072.4076,0.0,0.0,0.0,-1310.7977,-16154.6038,610.009,11856.0345,-1991.8811,1235.4105,-739.2306,-4072.869200000001,-1495.7012,-5568.570400000001
252,506.3859,1407.3343,-1090.5811,0.0,0.0,0.0,-1280.4449,-16112.9547,619.7999,11794.5847,-1963.2739,1226.0361,-733.2494,-4155.875900000001,-1470.4872,-5626.3631000000005
253,549.347,1422.9765,-1101.4023,0.0,0.0,0.0,-1286.6155,-16063.9504,601.6222,11809.4574,-2036.9677,1243.3721,-739.3069,-4068.5651000000016,-1532.9025,-5601.467600000002
254,513.7911,1412.3092,-1068.8214,0.0,0.0,0.0,-1294.2509,-16106.0476,613.9373,11885.294,-2054.2262,1235.5097,-737.4803,-4043.7883,-1556.1968000000002,-5599.985100000001
255,503.2242,1420.1809,-1091.1385,0.0,0.0,0.0,-1270.1184,-16139.3188,595.3704,11889.6038,-2049.1912,1234.886,-743.4648,-4092.196399999997,-1557.7700000000002,-5649.9663999999975
256,540.2742,1390.3148,-1092.8053,0.0,0.0,0.0,-1280.3904,-16242.5891,611.6268,11890.6401,-1929.657,1226.0266,-736.665,-4182.928899999997,-1440.2954,-5623.224299999997
257,509.4216,1416.4035,-1093.13,0.0,0.0,0.0,-1285.4111,-16288.6619,606.8344,11840.2851,-1844.639,1223.8295,-734.4066,-4294.258400000001,-1355.2160999999999,-5649.474500000001
258,527.8595,1419.7645,-1071.7029,0.0,0.0,0.0,-1283.6249,-16040.9113,601.6741,11807.5332,-2032.3638,1239.7953,-748.4996,-4039.407799999999,-1541.0681,-5580.4758999999995
259,510.9642,1402.2314,-1103.3965,0.0,0.0,0.0,-1276.8428,-16168.6983,625.0344,11830.6858,-1966.6114,1229.0979,-738.3451,-4180.021799999999,-1475.8586,-5655.880399999998
260,496.5026,1376.4882,-1088.0798,0.0,0.0,0.0,-1238.3309,-16158.7768,615.967,11881.2611,-2009.1323,1238.5384,-745.2632,-4114.9686,-1515.8571000000002,-5630.8257
261,548.0486,1380.9753,-1069.3683,0.0,0.0,0.0,-1282.9545,-16195.9849,601.6892,11834.6339,-1939.1162,1229.5373,-747.5197,-4182.9607,-1457.0985999999998,-5640.0593
262,513.4777,1411.9404,-1084.1818,0.0,0.0,0.0,-1236.8328,-16276.7534,612.8799,11845.0057,-1889.1805,1235.0703,-745.96,-4214.4643000000015,-1400.0701999999999,-5614.534500000002
263,512.2301,1362.3877,-1074.3954,0.0,0.0,0.0,-1284.6105,-16165.6415,600.8157,11805.7741,-1949.6044,1235.7459,-745.2385,-4243.439800000002,-1459.0970000000002,-5702.536800000003
264,497.9088,1412.2208,-1086.572,0.0,0.0,0.0,-1249.5539,-16271.3019,602.2204,11871.2788,-1890.8433,1234.8907,-742.66,-4223.799000000001,-1398.6126,-5622.411600000001
265,491.6163,1400.3559,-1090.3843,0.0,0.0,0.0,-1303.6241,-16249.0438,614.613,11849.2213,-1901.5731,1226.7543,-735.8969,-4287.2456999999995,-1410.7157,-5697.961399999998
266,541.484,1416.422,-1092.5461,0.0,0.0,0.0,-1263.8727,-16295.5574,602.2355,11780.0116,-1825.6021,1226.8204,-742.2925,-4311.823099999998,-1341.0742,-5652.897299999997
267,487.3579,1442.9608,-1071.5728,0.0,0.0,0.0,-1269.6694,-16238.4935,602.1807,11837.6455,-1945.8006,1234.3426,-747.2441,-4209.5908,-1458.7021,-5668.2929
268,544.6966,1420.845,-1060.5788,0.0,0.0,0.0,-1268.7793,-16159.981,603.5331,11824.8027,-1973.3677,1246.9631,-755.7688,-4095.4617,-1482.1734000000001,-5577.6350999999995
269,492.4252,1397.1343,-1079.1439,0.0,0.0,0.0,-1277.0135,-16132.3384,615.2376,11803.8891,-1943.2905,1232.4904,-733.7178,-4179.8096000000005,-1444.5179000000003,-5624.327500000001
270,505.8415,1426.4036,-1082.519,0.0,0.0,0.0,-1284.3929,-16174.033,609.2718,11809.0915,-1980.0722,1229.6224,-741.6693,-4190.336499999998,-1492.1191000000001,-5682.4555999999975
271,538.9569,1425.4573,-1097.6778,0.0,0.0,0.0,-1298.9913,-16098.0966,602.4149,11841.7264,-2011.2332,1231.9943,-728.3609,-4086.2102000000014,-1507.5998,-5593.81
272,507.6057,1366.651,-1069.224,0.0,0.0,0.0,-1307.8589,-16188.9113,617.6304,11837.9501,-1924.4192,1226.7732,-733.7532,-4236.156999999999,-1431.3991999999998,-5667.5562
273,513.5629,1476.0982,-1085.7067,0.0,0.0,0.0,-1276.5341,-16180.3379,588.9841,11765.7862,-1898.6452,1229.4995,-739.2593,-4198.1473000000005,-1408.4050000000002,-5606.5523
274,485.0308,1379.9365,-1099.6623,0.0,0.0,0.0,-1285.6355,-16149.7111,613.1198,11807.3314,-1943.2785,1229.6176,-740.0852,-4249.590400000001,-1453.7460999999998,-5703.336500000001
275,517.7856,1370.4994,-1078.1568,0.0,0.0,0.0,-1289.099,-16159.333,606.6435,11806.5746,-1951.3236,1232.4904,-745.8575,-4225.085700000001,-1464.6907,-5689.776400000002
276,500.8104,1407.5984,-1100.4023,0.0,0.0,0.0,-1288.0392,-16104.7758,606.3956,11791.4564,-1962.3424,1236.1948,-742.8967,-4186.9565,-1469.0443,-5656.0008
277,515.3278,1414.9149,-1107.2992,0.0,0.0,0.0,-1287.6373,-16178.1945,610.4389,11789.1217,-1913.4623,1235.6137,-745.4648,-4243.3277,-1423.3133999999998,-5666.6411
278,535.9092,1399.2689,-1096.4585,0.0,0.0,0.0,-1258.9516,-15931.4271,602.2893,11722.9184,-2063.4526,1239.1149,-750.8757,-4026.4514,-1575.2134,-5601.6648000000005
279,511.2038,1396.559,-1103.4933,0.0,0.0,0.0,-1277.4069,-16120.4103,614.0897,11796.2913,-1939.1432,1228.512,-732.3584,-4183.166699999998,-1442.9895999999999,-5626.156299999999
280,524.922,1434.8119,-1112.0752,0.0,0.0,0.0,-1290.8471,-16074.205,598.6105,11774.954,-1988.1543,1235.4719,-740.8108,-4143.8289,-1493.4932,-5637.3221
281,464.7688,1438.5858,-1093.7124,0.0,0.0,0.0,-1273.8313,-16211.9783,609.2174,11822.8256,-1945.9005,1227.052,-740.0899,-4244.124400000002,-1458.9384,-5703.062800000002
282,503.3118,1452.4876,-1125.8859,0.0,0.0,0.0,-1278.8211,-16139.36,611.4662,11830.5257,-1970.924,1236.9603,-746.4582,-4146.275699999998,-1480.4219,-5626.697599999999
283,508.6408,1386.3617,-1083.8383,0.0,0.0,0.0,-1270.5508,-16122.8109,617.4108,11810.2738,-2007.5939,1235.0136,-738.2579,-4154.5129000000015,-1510.8382000000001,-5665.351100000001
284,480.238,1416.9594,-1111.5618,0.0,0.0,0.0,-1290.1812,-16047.2027,616.6363,11812.7382,-1993.5585,1243.1831,-739.8365,-4122.373799999999,-1490.2119000000002,-5612.5857
285,523.5624,1468.7966,-1095.0938,0.0,0.0,0.0,-1285.723,-16149.6706,607.3514,11786.7859,-1940.8538,1233.0811,-736.1512,-4143.991100000001,-1443.9239,-5587.915000000001
286,512.5078,1427.4348,-1075.2464,0.0,0.0,0.0,-1297.5833,-16038.573,610.482,11804.5281,-2036.2442,1219.2085,-723.4165,-4056.4500000000007,-1540.4522000000002,-5596.902200000001
287,542.5757,1437.3544,-1060.277,0.0,0.0,0.0,-1323.5034,-16154.8133,585.0445,11762.0616,-1902.0584,1228.0442,-729.3793,-4211.557499999999,-1403.3934999999997,-5614.950999999998
288,497.0198,1423.8643,-1085.1522,0.0,0.0,0.0,-1294.4932,-16336.6655,611.5702,11823.5012,-1800.5769,1222.0671,-729.9088,-4360.355399999997,-1308.4186,-5668.773999999997
289,511.7187,1479.3153,-1089.131,0.0,0.0,0.0,-1308.8509,-16230.1879,609.072,11794.3674,-1870.9266,1223.9571,-729.2187,-4233.696400000001,-1376.1882,-5609.8846
290,490.5479,1477.4857,-1098.5251,0.0,0.0,0.0,-1293.52,-16226.6846,605.1042,11764.0579,-1843.8589,1225.1572,-728.1541,-4281.5340000000015,-1346.8557999999998,-5628.389800000001
291,505.7181,1471.1696,-1088.7799,0.0,0.0,0.0,-1279.0736,-16063.165,608.4087,11818.04,-2035.7961,1236.8469,-743.3511,-4027.682099999998,-1542.3002999999999,-5569.982399999997
292,502.5289,1400.4447,-1082.689,0.0,0.0,0.0,-1304.8247,-16213.7883,599.9122,11862.1637,-1953.8164,1224.6375,-731.5979,-4236.252499999999,-1460.7767999999999,-5697.029299999998
293,496.2115,1390.8894,-1081.8616,0.0,0.0,0.0,-1279.7804,-16199.2006,610.9577,11865.2529,-1966.2476,1231.1722,-734.3981,-4197.531099999998,-1469.4735,-5667.004599999998
294,540.8452,1392.7658,-1084.9724,0.0,0.0,0.0,-1270.4613,-16154.7267,617.0978,11807.7531,-2023.873,1241.1514,-744.7226,-4151.6985,-1527.4442000000001,-5679.1427
295,524.8708,1394.2204,-1098.4006,0.0,0.0,0.0,-1287.0385,-16209.7383,613.2595,11838.788,-1910.5842,1230.3358,-739.0748,-4224.038700000001,-1419.3231999999998,-5643.361900000002
296,521.8252,1435.4243,-1106.4497,0.0,0.0,0.0,-1246.772,-16306.293,607.2133,11855.631,-1893.0647,1240.0221,-752.3902,-4239.420899999999,-1405.4328,-5644.853699999999
297,507.1115,1400.3855,-1079.6764,0.0,0.0,0.0,-1299.1412,-16046.736,610.4099,11807.6825,-2033.23,1233.4685,-747.0018,-4099.9641999999985,-1546.7633,-5646.727499999998
298,525.1734,1431.2188,-1113.194,0.0,0.0,0.0,-1260.9768,-16200.629,620.9159,11824.0931,-1935.1325,1230.2697,-744.461,-4173.398599999999,-1449.3238,-5622.722399999999
299,510.1722,1460.4272,-1104.236,0.0,0.0,0.0,-1269.9625,-15910.9508,595.5704,11750.1536,-2133.7941,1244.1659,-753.3477,-3968.8259,-1642.9759000000001,-5611.8018
300,513.6157,1435.552,-1101.5322,0.0,0.0,0.0,-1281.9268,-16084.178,603.3128,11786.7695,-2011.7766,1235.401,-747.2221,-4128.387000000001,-1523.5976999999998,-5651.984700000001
301,539.9713,1428.1051,-1088.8901,0.0,0.0,0.0,-1277.5221,-16147.1823,614.3252,11730.0275,-1897.3599,1228.9089,-735.7007,-4201.165400000002,-1404.1517,-5605.317100000001
302,488.0943,1453.6761,-1094.3975,0.0,0.0,0.0,-1255.6232,-16334.7374,602.1523,11804.8216,-1791.653,1233.3409,-742.4883,-4336.013800000002,-1300.8004,-5636.8142000000025
303,515.7353,1384.3687,-1089.986,0.0,0.0,0.0,-1305.3629,-16228.4687,607.0201,11824.4723,-1887.9434,1226.8346,-728.8295,-4292.2212,-1389.9383000000003,-5682.1595
304,535.5875,1397.3185,-1129.2163,0.0,0.0,0.0,-1277.6086,-16274.6041,612.3409,11825.4256,-1907.7106,1230.676,-739.3626,-4310.756500000001,-1416.3972000000003,-5727.153700000003
305,530.113,1477.1201,-1088.1098,0.0,0.0,0.0,-1293.1591,-16017.9704,601.9423,11778.1781,-2012.7313,1243.0933,-745.6564,-4011.8858,-1515.2943999999998,-5527.180199999999
306,514.759,1396.3786,-1101.9797,0.0,0.0,0.0,-1279.0021,-16166.7217,603.662,11802.1245,-1906.7088,1233.7378,-745.7679,-4230.779400000001,-1418.7389,-5649.518300000002
307,529.1341,1421.608,-1108.4733,0.0,0.0,0.0,-1246.1237,-16131.2303,602.4432,11794.7617,-1972.2907,1240.1922,-755.9092,-4137.8803000000025,-1488.0077,-5625.888000000003
308,505.7898,1452.9656,-1067.4329,0.0,0.0,0.0,-1314.4356,-16204.9093,599.3368,11841.5546,-1906.4317,1232.6038,-736.5282,-4187.130999999998,-1410.3561,-5597.487099999998
309,509.6725,1467.7898,-1104.4837,0.0,0.0,0.0,-1262.2566,-16270.2553,604.2055,11862.1079,-1910.2944,1236.0862,-744.4507,-4193.219899999998,-1418.6589,-5611.878799999999
310,516.2667,1437.355,-1075.9965,0.0,0.0,0.0,-1295.2868,-16171.3404,595.1556,11808.5037,-1919.5668,1236.8091,-743.2436,-4185.342700000001,-1426.0013000000001,-5611.344000000001
311,485.9788,1476.2671,-1090.059,0.0,0.0,0.0,-1298.2349,-16220.7394,584.3167,11849.1815,-1896.4852,1222.4073,-729.1188,-4213.289200000001,-1403.1967,-5616.4859000000015
312,534.4238,1432.7089,-1103.8973,0.0,0.0,0.0,-1300.3304,-16273.4739,611.7294,11808.192,-1838.3498,1225.8424,-730.9992,-4290.647500000003,-1343.5066,-5634.154100000003
313,510.2302,1426.3992,-1090.3276,0.0,0.0,0.0,-1306.9298,-16346.2864,619.1285,11821.0569,-1788.5054,1221.1173,-731.4549,-4366.729000000001,-1298.843,-5665.572000000001
314,473.1472,1450.8688,-1079.6932,0.0,0.0,0.0,-1292.6535,-16262.1308,625.2352,11885.5545,-1892.3112,1226.3763,-738.7883,-4199.671800000002,-1404.7232000000004,-5604.395000000002
315,466.9881,1421.733,-1104.7191,0.0,0.0,0.0,-1269.601,-16173.6942,599.1558,11807.91,-1905.9398,1234.0922,-742.0889,-4252.2274,-1413.9365,-5666.1639
316,526.0465,1367.0217,-1107.0923,0.0,0.0,0.0,-1276.9405,-16376.198,622.6195,11896.0817,-1810.0203,1223.6878,-732.5296,-4348.461399999998,-1318.8620999999998,-5667.323499999999
317,515.4119,1451.8206,-1066.4049,0.0,0.0,0.0,-1291.7107,-16087.1069,599.3957,11807.5251,-2000.2066,1228.8097,-731.7933,-4071.0692,-1503.1902,-5574.2594
318,500.3553,1426.9881,-1073.7785,0.0,0.0,0.0,-1290.0267,-16152.2719,593.3432,11804.91,-1941.1844,1226.0314,-731.4539,-4190.4805000000015,-1446.6069,-5637.087400000002
319,548.4125,1412.9413,-1092.2092,0.0,0.0,0.0,-1261.8584,-16047.2021,601.7376,11773.3185,-1999.8567,1232.7031,-735.3506,-4064.8598,-1502.5042,-5567.3640000000005
320,480.771,1412.3816,-1091.6097,0.0,0.0,0.0,-1262.8571,-16160.1072,627.2997,11857.2929,-1979.6396,1232.1928,-739.1735,-4136.828799999999,-1486.6203,-5623.4491
321,505.9513,1360.2075,-1110.1339,0.0,0.0,0.0,-1279.9875,-16001.4305,607.2226,11855.4253,-2114.4453,1236.5634,-736.7578,-4062.7451999999994,-1614.6396999999997,-5677.384899999999
322,513.9439,1394.1241,-1084.0248,0.0,0.0,0.0,-1273.6139,-16096.5235,607.1821,11799.8284,-2000.47,1239.1338,-743.4565,-4139.083699999999,-1504.7927,-5643.876399999999
323,534.3127,1372.7474,-1083.1047,0.0,0.0,0.0,-1267.1909,-16107.4467,607.6019,11839.6943,-2004.6009,1230.5201,-737.3694,-4103.386,-1511.4502,-5614.8362
324,511.2118,1430.9574,-1079.0282,0.0,0.0,0.0,-1280.3568,-16156.8851,576.9002,11752.6367,-1947.1255,1233.0811,-738.368,-4244.5639999999985,-1452.4124000000002,-5696.976399999999
325,545.8225,1390.2019,-1081.1272,0.0,0.0,0.0,-1287.0648,-16044.8389,625.3109,11877.7028,-2095.5748,1228.7577,-730.2811,-3973.9928,-1597.0982,-5571.091
326,516.3971,1441.189,-1095.6591,0.0,0.0,0.0,-1288.1889,-16104.6943,599.463,11772.3765,-1978.6369,1223.4846,-726.6557,-4159.1167000000005,-1481.808,-5640.9247000000005
327,486.7304,1401.3542,-1078.3472,0.0,0.0,0.0,-1257.8197,-16065.3496,581.3854,11892.2896,-2123.2294,1231.2997,-745.0754,-4039.7569000000003,-1637.0051,-5676.762000000001
328,501.3779,1447.8259,-1077.0892,0.0,0.0,0.0,-1308.9734,-16219.8421,612.7578,11869.3254,-1933.9022,1226.1164,-731.2667,-4174.617700000001,-1439.0524999999998,-5613.670200000001
329,507.6582,1430.608,-1095.2021,0.0,0.0,0.0,-1277.9757,-16119.2831,604.2803,11819.9218,-2004.4007,1228.5876,-732.9747,-4129.9926,-1508.7877999999998,-5638.7804
330,513.6722,1455.2637,-1093.0661,0.0,0.0,0.0,-1301.6039,-16035.3573,607.7917,11802.3933,-2017.2052,1228.6065,-735.7739,-4050.9064000000017,-1524.3726000000001,-5575.279000000002
331,484.3442,1424.0909,-1102.1801,0.0,0.0,0.0,-1287.9056,-16272.7904,599.5448,11830.3487,-1813.9745,1222.9979,-729.7726,-4324.547499999999,-1320.7492,-5645.296699999999
332,509.5798,1492.52,-1087.4106,0.0,0.0,0.0,-1277.1315,-16222.0154,595.2722,11797.1316,-1925.5009,1225.8943,-732.5557,-4192.053899999999,-1432.1623,-5624.216199999999
333,485.5472,1409.3377,-1091.088,0.0,0.0,0.0,-1250.3789,-16127.7001,611.347,11795.7365,-1972.5736,1229.3341,-731.0606,-4167.1986,-1474.3001,-5641.498699999999
334,511.0502,1438.7656,-1059.7549,0.0,0.0,0.0,-1280.7267,-16050.9301,591.4612,11829.2305,-2062.182,1235.3302,-743.8419,-4020.904200000001,-1570.6936999999998,-5591.597900000001
335,486.8869,1398.7576,-1053.3129,0.0,0.0,0.0,-1304.8566,-16156.8254,612.5405,11867.8959,-2013.451,1228.1576,-728.7153,-4148.914000000001,-1514.0086999999999,-5662.922700000001
336,509.9804,1394.9079,-1090.3689,0.0,0.0,0.0,-1286.2837,-16271.4175,619.0227,11873.5174,-1894.9785,1228.3891,-735.3153,-4250.641699999998,-1401.9046999999998,-5652.546399999998
337,524.2279,1423.6623,-1091.812,0.0,0.0,0.0,-1288.9223,-16236.5734,592.6449,11815.3134,-1891.3465,1231.0162,-733.786,-4261.459200000001,-1394.1163000000001,-5655.575500000001
338,503.4815,1428.5633,-1094.2501,0.0,0.0,0.0,-1269.7942,-16212.6692,599.6123,11848.6665,-1955.0306,1229.8066,-734.4312,-4196.389900000002,-1459.6552000000001,-5656.045100000002
339,507.7105,1383.5733,-1089.2147,0.0,0.0,0.0,-1273.7042,-16270.1999,619.7757,11874.3476,-1920.667,1231.7533,-738.0823,-4247.7117,-1426.9959999999999,-5674.707699999999
340,525.8033,1404.1225,-1094.9139,0.0,0.0,0.0,-1308.0281,-16130.0497,585.324,11809.5043,-1958.5642,1220.1818,-719.4716,-4208.2376,-1457.8539999999998,-5666.0916
341,489.9131,1483.7302,-1098.4712,0.0,0.0,0.0,-1262.2915,-16161.8208,607.8452,11815.839,-1983.3746,1222.8751,-727.5121,-4125.256000000001,-1488.0116000000003,-5613.267600000001
342,497.9367,1395.156,-1096.5087,0.0,0.0,0.0,-1269.3924,-16188.9348,627.4692,11774.9458,-1914.514,1226.759,-735.069,-4259.328200000002,-1422.8239999999998,-5682.152200000002
343,492.3964,1407.816,-1085.6119,0.0,0.0,0.0,-1274.1534,-16021.8058,609.3036,11752.6061,-2023.191,1232.3723,-741.3694,-4119.4490000000005,-1532.1881,-5651.6371
344,482.3137,1402.3884,-1082.9034,0.0,0.0,0.0,-1280.3556,-16167.1618,606.2858,11858.1897,-1984.3512,1228.1293,-739.2031,-4181.243200000001,-1495.425,-5676.668200000001
345,500.6748,1421.6599,-1076.0966,0.0,0.0,0.0,-1300.6075,-16058.0726,599.3668,11749.5924,-1963.3398,1234.5836,-740.7467,-4163.4828,-1469.5029,-5632.985699999999
346,488.6966,1417.7199,-1060.3763,0.0,0.0,0.0,-1290.1408,-16211.1812,589.1275,11810.8774,-1920.6793,1225.6297,-735.9935,-4255.276900000001,-1431.0431,-5686.3200000000015
347,486.8728,1435.6824,-1114.7548,0.0,0.0,0.0,-1283.1181,-16210.148,606.9851,11793.9489,-1904.7897,1230.6713,-743.0485,-4284.531700000001,-1417.1669000000002,-5701.6986000000015
348,495.0235,1412.0373,-1098.7115,0.0,0.0,0.0,-1284.0806,-16177.0931,602.2371,11825.9079,-1970.5873,1238.392,-746.0802,-4224.679400000001,-1478.2754999999997,-5702.9549000000015
349,509.1234,1435.6584,-1087.3416,0.0,0.0,0.0,-1283.7871,-16036.7273,578.7431,11738.3633,-1973.2536,1224.4012,-727.6579,-4145.9677999999985,-1476.5103,-5622.478099999998
350,475.645,1423.5442,-1106.4118,0.0,0.0,0.0,-1307.3785,-16069.9941,626.2503,11781.6255,-1974.3086,1233.0952,-738.6399,-4176.7194,-1479.8533000000002,-5656.572700000001
351,523.9647,1420.7362,-1100.521,0.0,0.0,0.0,-1270.3465,-16075.2202,615.3271,11783.2875,-2036.4228,1229.6413,-737.1503,-4102.772199999999,-1543.9318,-5646.704
352,497.8008,1481.0368,-1084.5721,0.0,0.0,0.0,-1271.8699,-16252.5573,600.8261,11790.0385,-1862.6983,1222.9601,-737.5683,-4239.2971,-1377.3065000000001,-5616.6035999999995
353,510.203,1416.4069,-1090.6596,0.0,0.0,0.0,-1260.7792,-16203.5751,632.2378,11817.8734,-1890.4198,1227.8647,-740.4323,-4178.292799999997,-1402.9874,-5581.280199999997
354,530.6485,1406.9994,-1101.1124,0.0,0.0,0.0,-1273.7852,-16077.5113,592.5516,11757.8451,-1973.132,1231.3517,-736.9233,-4164.3642999999975,-1478.7036000000003,-5643.067899999997
355,506.7776,1381.9445,-1091.9491,0.0,0.0,0.0,-1279.2256,-16225.3322,622.1875,11837.3158,-1918.1729,1231.8809,-746.554,-4248.281500000001,-1432.846,-5681.1275000000005
356,511.042,1405.4739,-1100.355,0.0,0.0,0.0,-1280.8144,-16145.1122,614.3115,11845.5764,-1980.5465,1232.0935,-741.8171,-4149.8778,-1490.2701,-5640.147900000001
357,517.8043,1461.2179,-1096.0489,0.0,0.0,0.0,-1263.7196,-16046.1002,607.0255,11789.4697,-2060.8513,1232.5613,-744.5108,-4030.3513000000003,-1572.8007999999998,-5603.1521
358,494.4658,1411.5798,-1091.8293,0.0,0.0,0.0,-1293.8052,-16184.4337,610.4363,11791.4281,-1902.3883,1225.7762,-733.0902,-4262.158200000002,-1409.7023,-5671.860500000002
359,535.091,1425.4037,-1089.7875,0.0,0.0,0.0,-1269.823,-16160.9353,607.3267,11742.8352,-1921.3415,1222.9743,-732.6023,-4209.889200000001,-1430.9695,-5640.8587000000025
360,507.1386,1438.0105,-1084.8528,0.0,0.0,0.0,-1277.2868,-16208.0568,612.8218,11767.4916,-1871.3039,1215.3198,-727.4701,-4244.733899999999,-1383.4542000000001,-5628.188099999999
361,496.1303,1438.1381,-1088.9674,0.0,0.0,0.0,-1279.5107,-16175.1693,590.9162,11753.5518,-1880.686,1226.1353,-734.3166,-4264.911000000002,-1388.8673,-5653.778300000002
362,485.3718,1405.0572,-1071.6697,0.0,0.0,0.0,-1262.6228,-16224.61,618.4692,11865.3243,-1909.7451,1220.3425,-726.6227,-4184.68,-1416.0253000000002,-5600.7053000000005
363,498.4741,1431.5723,-1091.5152,0.0,0.0,0.0,-1281.5221,-16106.737,629.2202,11803.7574,-1975.0187,1231.6069,-732.2934,-4116.750299999998,-1475.7052,-5592.455499999998
364,511.7191,1446.3364,-1094.1004,0.0,0.0,0.0,-1268.7654,-16191.2503,604.6609,11788.7376,-1909.4705,1225.0249,-732.5003,-4202.6621,-1416.9459000000002,-5619.607999999998
365,495.1532,1430.6471,-1098.1987,0.0,0.0,0.0,-1277.1474,-16112.9908,611.6057,11858.0609,-2034.2515,1238.9873,-745.244,-4092.869999999999,-1540.5082000000002,-5633.378199999999
366,561.2069,1423.9074,-1113.5613,0.0,0.0,0.0,-1269.3724,-16184.3324,600.3089,11818.5131,-1902.2469,1234.1253,-738.6835,-4163.3297999999995,-1406.8051,-5570.1349
367,488.414,1425.8625,-1095.1239,0.0,0.0,0.0,-1257.0665,-16166.0687,607.2702,11803.8463,-1939.8204,1240.9624,-748.6808,-4192.866099999999,-1447.5388000000003,-5640.4048999999995
368,511.5558,1430.2893,-1110.839,0.0,0.0,0.0,-1276.1672,-16238.7415,608.8605,11823.168,-1896.1931,1221.1363,-733.2281,-4251.874100000001,-1408.2849,-5660.1590000000015
369,483.8417,1441.8152,-1127.3272,0.0,0.0,0.0,-1298.9121,-16157.6727,621.6673,11854.3455,-1888.3076,1224.5241,-734.5168,-4182.2423,-1398.3002999999999,-5580.5426
370,512.5986,1431.1207,-1105.0402,0.0,0.0,0.0,-1311.2429,-16362.1506,604.1875,11745.862,-1693.9294,1207.5519,-718.2262,-4484.664900000002,-1204.6037000000001,-5689.268600000002
371,470.8486,1469.2331,-1119.1504,0.0,0.0,0.0,-1274.9029,-16311.2023,626.8618,11818.1001,-1822.1014,1227.7938,-739.6206,-4320.212000000001,-1333.9282,-5654.140200000002
372,510.0636,1410.6818,-1080.0455,0.0,0.0,0.0,-1288.2367,-16336.5062,623.0339,11820.8968,-1787.4608,1210.3774,-728.9671,-4340.112299999997,-1306.0504999999998,-5646.162799999996
373,493.0802,1439.804,-1124.8858,0.0,0.0,0.0,-1283.3205,-16270.6767,614.2471,11828.7879,-1824.1408,1225.8754,-733.2859,-4302.963800000001,-1331.5513,-5634.515100000001
374,489.7247,1382.8815,-1094.2649,0.0,0.0,0.0,-1299.8743,-16274.9358,624.5988,11855.0063,-1879.1597,1225.1431,-732.4974,-4316.8637,-1386.514,-5703.3777
375,514.2507,1458.8247,-1123.4188,0.0,0.0,0.0,-1288.5963,-16060.7694,627.4712,11778.8472,-2004.1403,1237.0359,-741.6154,-4093.3907,-1508.7197999999999,-5602.1105
376,530.2939,1399.2093,-1117.7325,0.0,0.0,0.0,-1282.2169,-16201.5584,588.3977,11820.2404,-1878.4455,1224.7131,-726.2839,-4263.3665,-1380.0163000000002,-5643.3828
377,534.3367,1415.5071,-1095.1487,0.0,0.0,0.0,-1254.9385,-16176.5408,614.3338,11789.2057,-1929.6771,1237.5651,-748.2976,-4173.244700000001,-1440.4096,-5613.654300000001
378,470.9273,1432.4937,-1113.3238,0.0,0.0,0.0,-1286.2452,-16320.4326,638.6335,11852.8808,-1828.5521,1220.1676,-732.1535,-4325.0663,-1340.538,-5665.604300000001
379,534.4188,1406.6545,-1105.8292,0.0,0.0,0.0,-1280.0838,-16187.8731,597.3854,11776.711,-1877.053,1227.5245,-743.5193,-4258.616400000003,-1393.0478000000003,-5651.664200000003
380,497.3825,1350.3121,-1091.1486,0.0,0.0,0.0,-1281.4309,-16282.5026,620.434,11889.4485,-1859.1551,1228.8286,-733.5196,-4297.505000000001,-1363.8460999999998,-5661.351100000001
381,523.8163,1402.109,-1081.4813,0.0,0.0,0.0,-1295.2509,-16260.6064,607.3863,11816.2898,-1853.2035,1223.357,-733.1183,-4287.7372,-1362.9648000000002,-5650.701999999999
382,529.7966,1444.245,-1068.723,0.0,0.0,0.0,-1259.5834,-16178.62,609.9118,11821.5687,-1931.4635,1229.5042,-742.0761,-4101.4043,-1444.0354,-5545.4397
383,502.3733,1429.7739,-1094.4337,0.0,0.0,0.0,-1288.9882,-16093.8566,602.4525,11825.9026,-2071.1059,1232.6558,-738.4233,-4116.776200000002,-1576.8734,-5693.6496000000025
384,538.5735,1403.9972,-1095.3198,0.0,0.0,0.0,-1292.6486,-16086.6708,584.7466,11776.639,-1994.5002,1236.2279,-743.5897,-4170.682900000002,-1501.8619999999999,-5672.544900000003
385,489.9833,1378.908,-1096.3913,0.0,0.0,0.0,-1244.9264,-16135.1474,610.222,11853.4182,-2022.9182,1241.0049,-751.8934,-4143.9335999999985,-1533.8067,-5677.740299999999
386,495.1516,1455.1631,-1072.4049,0.0,0.0,0.0,-1285.8997,-16049.5278,593.2961,11761.8993,-1976.4564,1233.0385,-737.628,-4102.322300000002,-1481.0459,-5583.368200000002
387,496.5785,1429.6819,-1070.1856,0.0,0.0,0.0,-1278.1622,-16173.48,607.5541,11815.6365,-1917.79,1229.2822,-731.7096,-4172.3768,-1420.2174,-5592.5942
388,479.805,1454.2034,-1080.3719,0.0,0.0,0.0,-1301.4482,-16271.9868,617.3809,11864.2978,-1877.4785,1220.1582,-727.0282,-4238.1198,-1384.3484999999998,-5622.4683
389,510.1016,1442.0352,-1119.0818,0.0,0.0,0.0,-1306.3035,-16268.3929,624.3828,11878.3834,-1862.6038,1214.2803,-722.7901,-4238.8752,-1371.1136000000001,-5609.988800000001
390,468.7986,1379.8977,-1099.4519,0.0,0.0,0.0,-1270.7182,-16167.078,616.8605,11842.7304,-1972.5667,1226.9953,-734.3084,-4228.9609,-1479.8798000000002,-5708.840700000001
391,502.7625,1412.7542,-1090.6673,0.0,0.0,0.0,-1281.5946,-16031.7836,591.1139,11801.5327,-2014.0556,1237.5745,-740.8744,-4095.8822,-1517.3555000000001,-5613.2377
392,524.8217,1378.5319,-1081.6825,0.0,0.0,0.0,-1268.4013,-16157.7624,608.4658,11813.2422,-1911.84,1233.3646,-737.3255,-4182.784599999997,-1415.8008999999997,-5598.585499999997
393,481.2506,1437.1225,-1089.8639,0.0,0.0,0.0,-1292.1188,-16231.4473,601.317,11793.9303,-1852.3264,1237.995,-746.0548,-4299.8096000000005,-1360.3862,-5660.1958
394,520.6879,1412.0269,-1070.2437,0.0,0.0,0.0,-1295.7263,-16151.5792,620.2712,11835.5163,-1964.6087,1225.0202,-727.5482,-4129.046900000001,-1467.1367,-5596.183600000001
395,520.4889,1427.1465,-1069.9017,0.0,0.0,0.0,-1277.5132,-16191.757,615.182,11812.8494,-1977.9519,1225.0344,-737.0322,-4163.5050999999985,-1489.9497000000001,-5653.454799999998
396,494.3433,1502.2814,-1109.6373,0.0,0.0,0.0,-1260.604,-15931.0898,605.7527,11789.9469,-2141.6248,1242.7909,-751.4532,-3909.0067999999974,-1650.2871,-5559.293899999997
397,524.2825,1416.6906,-1099.3749,0.0,0.0,0.0,-1271.4706,-16112.2027,600.1721,11839.9806,-1971.7852,1227.4016,-733.3318,-4101.922400000001,-1477.7154,-5579.637800000001
398,507.418,1432.5756,-1084.8749,0.0,0.0,0.0,-1296.2563,-16184.2322,617.7562,11871.2796,-1942.2871,1236.1098,-737.8589,-4136.334000000001,-1444.0362,-5580.3702
399,470.1836,1455.71,-1076.1605,0.0,0.0,0.0,-1279.9883,-16237.6114,613.3237,11876.8481,-1961.3861,1230.1988,-736.1431,-4177.694800000001,-1467.3304,-5645.025200000001
400,516.4856,1414.1172,-1126.9368,0.0,0.0,0.0,-1299.1682,-16202.43,603.6496,11868.7424,-1955.0683,1219.851,-731.6004,-4225.5401999999995,-1466.8176999999998,-5692.3579

