0.000000000000000000e+00	7.668445191725938859e-01	6.646658776552160930e+01
1.000000000000000000e+00	8.550532870781468731e-01	6.726201610055461799e+01
2.000000000000000000e+00	1.199107399137655738e+00	7.036454656339680014e+01
3.000000000000000000e+00	6.875187567080922602e-01	6.575126251316208936e+01
4.000000000000000000e+00	8.438552900660256650e-01	6.716103742994680204e+01
5.000000000000000000e+00	1.009141023679964055e+00	6.865151234547917625e+01
6.000000000000000000e+00	1.052220618207190483e+00	6.903998540731106459e+01
7.000000000000000000e+00	8.481925017249647425e-01	6.720014851981316895e+01
8.000000000000000000e+00	6.909606568672364002e-01	6.578230007300953730e+01
9.000000000000000000e+00	6.775109126183909147e-01	6.566101612438966129e+01
1.000000000000000000e+01	7.397807485454446219e-01	6.622253844343246953e+01
1.100000000000000000e+01	7.560442570352974290e-01	6.636919569516656736e+01
1.200000000000000000e+01	9.054711876387027125e-01	6.771666281709964608e+01
1.300000000000000000e+01	1.128045164453278737e+00	6.972373821337833988e+01
1.400000000000000000e+01	6.832293348769278296e-01	6.571258237119400292e+01
1.500000000000000000e+01	9.766093318085866670e-01	6.835815568586951940e+01
1.600000000000000000e+01	7.511875140912085413e-01	6.632539969794963497e+01
1.700000000000000000e+01	6.865331172619482114e-01	6.574237444497788374e+01
1.800000000000000000e+01	8.757953977295180881e-01	6.744905944026157840e+01
1.900000000000000000e+01	1.130010519487841592e+00	6.974146093097218113e+01
2.000000000000000000e+01	8.034583780822868171e-01	6.679675563344663658e+01
2.100000000000000000e+01	8.591896564005927495e-01	6.729931608151294142e+01
2.200000000000000000e+01	1.528198725710911976e+00	7.333214912928059448e+01
2.300000000000000000e+01	6.758470709910664453e-01	6.564601232367000705e+01
2.400000000000000000e+01	7.403192407446961276e-01	6.622739433206632498e+01
2.500000000000000000e+01	6.733831068858999735e-01	6.562379336616396586e+01
2.600000000000000000e+01	7.457191723734786226e-01	6.627608856878181598e+01
2.700000000000000000e+01	6.248547288303056835e-01	6.518618554241628260e+01
2.800000000000000000e+01	8.708664414108022722e-01	6.740461225421489644e+01
2.900000000000000000e+01	9.683050890568571933e-01	6.828327163360850705e+01
3.000000000000000000e+01	1.083593299399225884e+00	6.932289061229954541e+01
3.100000000000000000e+01	6.368319968119671159e-01	6.529419133997031111e+01
3.200000000000000000e+01	5.945539439999354414e-01	6.491294623299047828e+01
3.300000000000000000e+01	1.121358655390213066e+00	6.966344218048382686e+01
3.400000000000000000e+01	8.497179154588994088e-01	6.721390403794849533e+01
3.500000000000000000e+01	6.476909234153056527e-01	6.539211242098561172e+01
3.600000000000000000e+01	6.929482953878742801e-01	6.580022373339680541e+01
3.700000000000000000e+01	7.528373359017894728e-01	6.634027707405465435e+01
3.800000000000000000e+01	8.459127977018459088e-01	6.717959113965092399e+01
3.900000000000000000e+01	8.406127772961971001e-01	6.713179785892603491e+01
4.000000000000000000e+01	1.098215280264337013e+00	6.945474528129200564e+01
4.100000000000000000e+01	9.804627188593919573e-01	6.839290385568118324e+01
4.200000000000000000e+01	8.282372997905376177e-01	6.702020118093928147e+01
4.300000000000000000e+01	8.961181899703138942e-01	6.763232154877017877e+01
4.400000000000000000e+01	7.932183741796754450e-01	6.670441572837385991e+01
4.500000000000000000e+01	7.146709386375971196e-01	6.599610908995391867e+01
4.600000000000000000e+01	7.222305367578460977e-01	6.606427826053734975e+01
4.700000000000000000e+01	6.679805663316951136e-01	6.557507560329281660e+01
4.800000000000000000e+01	9.483308195148809627e-01	6.810315235133617762e+01
4.900000000000000000e+01	1.026388716419591285e+00	6.880704454306901141e+01
5.000000000000000000e+01	6.910858607662859754e-01	6.578342910735980809e+01
5.100000000000000000e+01	9.261738821268008515e-01	6.790335071897575858e+01
5.200000000000000000e+01	1.267052229150544829e+00	7.097724351285560829e+01
5.300000000000000000e+01	7.053735724482637082e-01	6.591226948212613479e+01
5.400000000000000000e+01	8.682248437118738060e-01	6.738079147415666625e+01
5.500000000000000000e+01	7.785012146664371802e-01	6.657170277969551364e+01
5.600000000000000000e+01	1.053975441065317931e+00	6.905580963723129173e+01
5.700000000000000000e+01	7.340728235129059254e-01	6.617106685605028815e+01
5.800000000000000000e+01	6.957077446963273459e-01	6.582510724805354130e+01
5.900000000000000000e+01	7.534018572857528184e-01	6.634536768256442940e+01
6.000000000000000000e+01	9.220614130311026724e-01	6.786626625987562988e+01
6.100000000000000000e+01	7.369422391305626707e-01	6.619694199909405086e+01
6.200000000000000000e+01	1.017458027762806028e+00	6.872651147387830406e+01
6.300000000000000000e+01	7.549746394478622502e-01	6.635955034859958346e+01
6.400000000000000000e+01	7.818040562612342814e-01	6.660148636984202142e+01
6.500000000000000000e+01	9.745099305356279551e-01	6.833922419755188571e+01
6.600000000000000000e+01	1.014706597834635016e+00	6.870170027450787131e+01
6.700000000000000000e+01	6.626582049457974133e-01	6.552708086131703169e+01
6.800000000000000000e+01	9.113591112625849533e-01	6.776975755355442743e+01
6.900000000000000000e+01	7.714174348257583080e-01	6.650782433157519336e+01
7.000000000000000000e+01	7.394612264853044348e-01	6.621965713235265127e+01
7.100000000000000000e+01	8.007315433374151414e-01	6.677216622275058455e+01
7.200000000000000000e+01	8.669688865355515972e-01	6.736946579815692360e+01
7.300000000000000000e+01	7.741754624672492202e-01	6.653269502625710174e+01
7.400000000000000000e+01	7.569987421803665573e-01	6.637780282740277471e+01
7.500000000000000000e+01	7.098895472319164401e-01	6.595299258016393651e+01
7.600000000000000000e+01	7.118819343474527273e-01	6.597095906131634990e+01
7.700000000000000000e+01	1.121283998224159140e+00	6.966276895460501350e+01
7.800000000000000000e+01	1.316548683986392243e+00	7.142358103229891242e+01
7.900000000000000000e+01	6.460372600153676537e-01	6.537720040309724823e+01
8.000000000000000000e+01	8.324250746699677350e-01	6.705796471487056465e+01
8.100000000000000000e+01	6.872349547119125379e-01	6.574870331009576319e+01
8.200000000000000000e+01	1.000221880988620526e+00	6.857108339278714482e+01
8.300000000000000000e+01	8.306307274225892545e-01	6.704178407118465088e+01
8.400000000000000000e+01	1.089613089268911983e+00	6.937717446125228093e+01
8.500000000000000000e+01	1.318636580189088248e+00	7.144240877289280434e+01
8.600000000000000000e+01	8.040319777931115297e-01	6.680192810636276590e+01
8.700000000000000000e+01	7.624490735628655091e-01	6.642695154719444872e+01
8.800000000000000000e+01	8.048508066665542859e-01	6.680931194929522121e+01
8.900000000000000000e+01	6.782750329608699946e-01	6.566790662956522340e+01
9.000000000000000000e+01	8.336141694217551468e-01	6.706868745458305625e+01
9.100000000000000000e+01	6.994669156167765411e-01	6.585900581774627938e+01
9.200000000000000000e+01	9.287996986599986737e-01	6.792702919133964201e+01
9.300000000000000000e+01	7.162190354622961497e-01	6.601006915434409450e+01
9.400000000000000000e+01	1.215462834523768576e+00	7.051203277193158669e+01
9.500000000000000000e+01	7.404587661381332175e-01	6.622865251142911802e+01
9.600000000000000000e+01	1.125869527207780552e+00	6.970411926219112786e+01
9.700000000000000000e+01	8.356244884829544528e-01	6.708681563822855765e+01
9.800000000000000000e+01	1.025106014101559104e+00	6.879547769100427956e+01
9.900000000000000000e+01	7.961362534360612031e-01	6.673072789545025785e+01
1.000000000000000000e+02	8.038331118006769582e-01	6.680013481926657448e+01
1.010000000000000000e+02	6.365176094738469459e-01	6.529135633158220742e+01
1.020000000000000000e+02	7.636472702201568818e-01	6.643775636393525019e+01
1.030000000000000000e+02	1.159242576632372845e+00	7.000506291857686847e+01
1.040000000000000000e+02	6.841917991641537355e-01	6.572126145586658197e+01
1.050000000000000000e+02	7.809926208715916029e-01	6.659416919813340030e+01
1.060000000000000000e+02	6.974435474190912032e-01	6.584075996265887909e+01
1.070000000000000000e+02	6.992454649168373670e-01	6.585700887157271666e+01
1.080000000000000000e+02	6.106942150330310071e-01	6.505849218289631608e+01
1.090000000000000000e+02	1.161867307804351324e+00	7.002873160362494787e+01
1.100000000000000000e+02	8.896237765471501913e-01	6.757375775087500358e+01
1.110000000000000000e+02	1.210096195799527097e+00	7.046363875616074779e+01
1.120000000000000000e+02	7.363522112034088796e-01	6.619162138366246495e+01
1.130000000000000000e+02	6.628429483175151127e-01	6.552874679675704783e+01
1.140000000000000000e+02	8.751657451503649376e-01	6.744338150693842238e+01
1.150000000000000000e+02	1.594416674634159703e+00	7.392927381554439137e+01
1.160000000000000000e+02	8.109750651780596176e-01	6.686453785105970837e+01
1.170000000000000000e+02	8.667457780505487541e-01	6.736745390279808987e+01
1.180000000000000000e+02	6.600391784614152435e-01	6.550346361866253631e+01
1.190000000000000000e+02	8.127113279590136852e-01	6.688019471426986229e+01
1.200000000000000000e+02	1.482744410105690802e+00	7.292226186477829231e+01
1.210000000000000000e+02	9.234822652533050125e-01	6.787907888773871434e+01
1.220000000000000000e+02	7.688661240150107545e-01	6.648481771943752960e+01
1.230000000000000000e+02	7.334235208599271250e-01	6.616521172690094943e+01
1.240000000000000000e+02	8.051532711188473801e-01	6.681203944228040825e+01
1.250000000000000000e+02	8.530220936136811982e-01	6.724369968061209590e+01
1.260000000000000000e+02	1.125071057298495658e+00	6.969691900754982328e+01
1.270000000000000000e+02	7.968259165075715078e-01	6.673694697731400538e+01
1.280000000000000000e+02	7.351215330559044414e-01	6.618052366295880518e+01
1.290000000000000000e+02	9.892054178296298961e-01	6.847174171557553279e+01
1.300000000000000000e+02	6.505235172371512942e-01	6.541765552107683845e+01
1.310000000000000000e+02	6.787888146881970730e-01	6.567253968990199553e+01
1.320000000000000000e+02	8.213689973723881099e-01	6.695826581457274074e+01
1.330000000000000000e+02	1.095393214714824204e+00	6.942929712058527514e+01
1.340000000000000000e+02	6.974014330489997082e-01	6.584038019357153360e+01
1.350000000000000000e+02	7.707066861343485620e-01	6.650141510875462814e+01
1.360000000000000000e+02	6.633348901181732593e-01	6.553318291412635688e+01
1.370000000000000000e+02	8.325423175255739494e-01	6.705902195999078685e+01
1.380000000000000000e+02	6.387922775858068114e-01	6.531186830008613242e+01
1.390000000000000000e+02	8.413664791694501766e-01	6.713859441487379343e+01
1.400000000000000000e+02	6.515458705209906665e-01	6.542687465869420294e+01
1.410000000000000000e+02	1.019839410573332605e+00	6.874798574915762117e+01
1.420000000000000000e+02	6.446059921730609155e-01	6.536429385169850548e+01
1.430000000000000000e+02	6.825073156096244098e-01	6.570607151521799949e+01
1.440000000000000000e+02	9.435740883670857837e-01	6.806025821703491374e+01
1.450000000000000000e+02	8.934148335641012295e-01	6.760794385552887320e+01
1.460000000000000000e+02	6.877533993703213167e-01	6.575337841871859723e+01
1.470000000000000000e+02	9.727866722778737429e-01	6.832368460348041594e+01
1.480000000000000000e+02	7.294964396058469802e-01	6.612979901479032208e+01
1.490000000000000000e+02	9.316566658587046579e-01	6.795279207995116622e+01
1.500000000000000000e+02	7.390668896864660553e-01	6.621610117447238508e+01
1.510000000000000000e+02	6.738259208725334570e-01	6.562778647025646706e+01
1.520000000000000000e+02	9.783303243521530579e-01	6.837367484871508339e+01
1.530000000000000000e+02	7.309488934994665676e-01	6.614289661279272536e+01
1.540000000000000000e+02	1.120684997210305456e+00	6.965736742377711721e+01
1.550000000000000000e+02	6.819941618008789064e-01	6.570144411717812716e+01
1.560000000000000000e+02	6.861836150658746636e-01	6.573922278606104896e+01
1.570000000000000000e+02	1.181190618810264992e+00	7.020298082471390444e+01
1.580000000000000000e+02	1.013213072411119242e+00	6.868823231129780993e+01
1.590000000000000000e+02	7.787455348672678301e-01	6.657390595308945080e+01
1.600000000000000000e+02	9.311810263724396020e-01	6.794850296976837001e+01
1.610000000000000000e+02	1.017134974019821003e+00	6.872359831561739441e+01
1.620000000000000000e+02	7.582574886101425271e-01	6.638915365567800109e+01
1.630000000000000000e+02	7.734187626515505176e-01	6.652587143616722187e+01
1.640000000000000000e+02	8.132513945340860140e-01	6.688506479994067888e+01
1.650000000000000000e+02	7.281936753206172952e-01	6.611805125262397098e+01
1.660000000000000000e+02	7.408510797558689465e-01	6.623219022514143717e+01
1.670000000000000000e+02	9.386264396425372247e-01	6.801564247099581451e+01
1.680000000000000000e+02	8.483186292881086388e-01	6.720128588336483233e+01
1.690000000000000000e+02	1.511391255119556964e+00	7.318058666371126719e+01
1.700000000000000000e+02	1.003652498273581051e+00	6.860201920857853963e+01
1.710000000000000000e+02	1.887961735315148326e+00	7.657633560337762901e+01
1.720000000000000000e+02	8.963031841080244533e-01	6.763398974550894138e+01
1.730000000000000000e+02	7.794007552567596697e-01	6.657981444581493236e+01
1.740000000000000000e+02	1.519209446325493706e+00	7.325108771436154598e+01
1.750000000000000000e+02	1.318473929958586810e+00	7.144094206379898537e+01
1.760000000000000000e+02	9.232339159162132880e-01	6.787683938134496486e+01
1.770000000000000000e+02	1.215378116234788086e+00	7.051126881921859990e+01
1.780000000000000000e+02	7.866764695568320143e-01	6.664542367547879564e+01
1.790000000000000000e+02	7.575072250198258139e-01	6.638238810467154849e+01
1.800000000000000000e+02	6.075616196792801293e-01	6.503024379936560706e+01
1.810000000000000000e+02	7.377306623653803186e-01	6.620405165719112972e+01
1.820000000000000000e+02	8.686327816622199105e-01	6.738447008131041116e+01
1.830000000000000000e+02	1.047721682605321503e+00	6.899941596120964959e+01
1.840000000000000000e+02	8.949926479729928275e-01	6.762217190017858570e+01
1.850000000000000000e+02	1.141053518892600760e+00	6.984104190051596106e+01
1.860000000000000000e+02	9.813165310276279474e-01	6.840060316276296248e+01
1.870000000000000000e+02	1.011075388101119632e+00	6.866895560318926073e+01
1.880000000000000000e+02	7.071809377979163536e-01	6.592856751740092136e+01
1.890000000000000000e+02	9.260383690323716888e-01	6.790212872078174655e+01
1.900000000000000000e+02	7.005072289185121370e-01	6.586838691099994492e+01
1.910000000000000000e+02	7.452395535797105008e-01	6.627176357493328851e+01
1.920000000000000000e+02	8.772524209703909115e-01	6.746219824265175191e+01
1.930000000000000000e+02	1.158714813908942709e+00	7.000030378369312700e+01
1.940000000000000000e+02	8.615690209483175543e-01	6.732077215697540851e+01
1.950000000000000000e+02	1.561277778376887193e+00	7.363044165066280300e+01
1.960000000000000000e+02	6.681882972735104786e-01	6.557694883064998237e+01
1.970000000000000000e+02	9.268828614061819238e-01	6.790974398600761219e+01
1.980000000000000000e+02	7.072204245521893640e-01	6.592892359179072059e+01
1.990000000000000000e+02	8.439814507271532484e-01	6.716217509196169999e+01
2.000000000000000000e+02	1.061354621353373773e+00	6.912235187821033833e+01
2.010000000000000000e+02	8.835211532098643517e-01	6.751872694570937483e+01
2.020000000000000000e+02	6.818785252007759645e-01	6.570040135657197311e+01
2.030000000000000000e+02	1.152563689169546324e+00	6.994483561396110360e+01
2.040000000000000000e+02	6.968021638969468246e-01	6.583497624478988541e+01
2.050000000000000000e+02	9.727662633546620974e-01	6.832350056468024491e+01
2.060000000000000000e+02	1.024129134271985597e+00	6.878666861323553405e+01
2.070000000000000000e+02	6.130343208659463361e-01	6.507959424032975448e+01
2.080000000000000000e+02	7.878375295704196368e-01	6.665589361010559344e+01
2.090000000000000000e+02	9.123435938814437041e-01	6.777863518997290271e+01
2.100000000000000000e+02	1.080488297092837557e+00	6.929489105087851897e+01
2.110000000000000000e+02	1.090858775275257209e+00	6.938840751630483794e+01
2.120000000000000000e+02	1.147907127604077315e+00	6.990284476542134939e+01
2.130000000000000000e+02	7.811327882583938287e-01	6.659543316671336299e+01
2.140000000000000000e+02	1.144489751856795356e+00	6.987202835606221640e+01
2.150000000000000000e+02	7.751756657516484239e-01	6.654171442480551946e+01
2.160000000000000000e+02	1.172194919368416466e+00	7.012186151651600596e+01
2.170000000000000000e+02	7.583829637491599218e-01	6.639028513595242487e+01
2.180000000000000000e+02	6.642531010641241629e-01	6.554146294139901840e+01
2.190000000000000000e+02	7.346851109423160331e-01	6.617658819799963510e+01
2.200000000000000000e+02	9.144932017595552853e-01	6.779801941963691547e+01
2.210000000000000000e+02	7.298147649405792858e-01	6.613266953432048467e+01
2.220000000000000000e+02	8.970283886870629164e-01	6.764052932524188577e+01
2.230000000000000000e+02	8.992269992649488675e-01	6.766035543995675994e+01
2.240000000000000000e+02	7.013805660704512945e-01	6.587626228589955701e+01
2.250000000000000000e+02	7.068128784193414837e-01	6.592524851787689499e+01
2.260000000000000000e+02	7.378737191936370898e-01	6.620534168149842458e+01
2.270000000000000000e+02	1.003174418058114803e+00	6.859770808896050198e+01
2.280000000000000000e+02	1.717047924775471524e+00	7.503510913598965715e+01
2.290000000000000000e+02	7.957050575321924502e-01	6.672683955817913670e+01
2.300000000000000000e+02	7.991932215465451517e-01	6.675829430536741427e+01
2.310000000000000000e+02	8.809981496659529121e-01	6.749597559620220011e+01
2.320000000000000000e+02	8.043211626578898876e-01	6.680453584979882464e+01
2.330000000000000000e+02	5.967134221780538983e-01	6.493241946873048676e+01
2.340000000000000000e+02	1.024756866576054692e+00	6.879232923035249314e+01
2.350000000000000000e+02	7.398781053586835910e-01	6.622341636486474670e+01
2.360000000000000000e+02	8.054209719011087287e-01	6.681445345159690419e+01
2.370000000000000000e+02	8.249119817595269577e-01	6.699021490805884582e+01
2.380000000000000000e+02	1.247373331247590977e+00	7.079978776366080240e+01
2.390000000000000000e+02	6.773836048177310776e-01	6.565986811796898337e+01
2.400000000000000000e+02	7.761727215602725050e-01	6.655070544078522232e+01
2.410000000000000000e+02	9.205379004008127364e-01	6.785252788506679167e+01
2.420000000000000000e+02	8.043659531190241463e-01	6.680493975071220802e+01
2.430000000000000000e+02	1.553364629733847924e+00	7.355908431511153367e+01
2.440000000000000000e+02	8.760691182088498064e-01	6.745152773259020762e+01
2.450000000000000000e+02	1.845354647307730023e+00	7.619212339999856454e+01
2.460000000000000000e+02	1.908466930341912393e+00	7.676124254094114008e+01
2.470000000000000000e+02	1.331824244247878486e+00	7.156132939625406664e+01
2.480000000000000000e+02	1.169195782385067384e+00	7.009481660257100089e+01
2.490000000000000000e+02	9.383981156804341861e-01	6.801358354473104839e+01
2.500000000000000000e+02	1.161958733587168169e+00	7.002955604160239034e+01
2.510000000000000000e+02	7.460818223354102052e-01	6.627935878853737961e+01
2.520000000000000000e+02	7.875760780997020927e-01	6.665353595436475587e+01
2.530000000000000000e+02	1.570067445705405573e+00	7.370970305080052754e+01
2.540000000000000000e+02	1.926718509815722680e+00	7.692582735282877593e+01
2.550000000000000000e+02	7.834696870575947880e-01	6.661650630451049437e+01
2.560000000000000000e+02	7.481398679623059156e-01	6.629791734961122529e+01
2.570000000000000000e+02	1.615426763924118880e+00	7.411873367015545000e+01
2.580000000000000000e+02	7.092770496903098021e-01	6.594746934351411483e+01
2.590000000000000000e+02	7.718960781426618123e-01	6.651214052899727847e+01
2.600000000000000000e+02	9.701191640756827717e-01	6.829963017376400103e+01
2.610000000000000000e+02	1.039632181872389038e+00	6.892646835915115844e+01
2.620000000000000000e+02	8.927670856177913894e-01	6.760210274604862946e+01
2.630000000000000000e+02	1.015972268437485004e+00	6.871311354196674870e+01
2.640000000000000000e+02	7.543090061042991845e-01	6.635354795637957181e+01
2.650000000000000000e+02	9.780308345879626941e-01	6.837097418017445705e+01
2.660000000000000000e+02	1.176559835696263878e+00	7.016122243504663913e+01
2.670000000000000000e+02	1.038938583656992876e+00	6.892021379186999752e+01
2.680000000000000000e+02	8.676803671199586621e-01	6.737588162087047294e+01
2.690000000000000000e+02	6.272650035583626771e-01	6.520792035245199258e+01
2.700000000000000000e+02	9.117105839568551140e-01	6.777292698156766448e+01
2.710000000000000000e+02	7.299995121293172406e-01	6.613433550418072571e+01
2.720000000000000000e+02	1.190039284975244582e+00	7.028277425071900097e+01
2.730000000000000000e+02	1.159070080442743844e+00	7.000350742290251560e+01
2.740000000000000000e+02	7.003365094897260335e-01	6.586684743738273085e+01
2.750000000000000000e+02	1.261883638900000548e+00	7.093063541215228440e+01
2.760000000000000000e+02	6.763525009534152588e-01	6.565057007141972178e+01
2.770000000000000000e+02	1.295823349289542126e+00	7.123668897085929075e+01
2.780000000000000000e+02	9.624596192493477531e-01	6.823055972722012541e+01
2.790000000000000000e+02	9.511949871602700668e-01	6.812898017044670951e+01
2.800000000000000000e+02	1.136902043533697837e+00	6.980360569988567931e+01
2.810000000000000000e+02	8.661309494276341336e-01	6.736190964547006388e+01
2.820000000000000000e+02	7.264303542921848322e-01	6.610215038989707637e+01
2.830000000000000000e+02	8.235506407314481248e-01	6.697793892628189383e+01
2.840000000000000000e+02	1.032040703993185815e+00	6.885801171075584648e+01
2.850000000000000000e+02	7.133256558934015779e-01	6.598397791480236663e+01
2.860000000000000000e+02	1.189365072167533510e+00	7.027669449261978230e+01
2.870000000000000000e+02	8.046583333745112032e-01	6.680757630879300280e+01
2.880000000000000000e+02	8.942050312737537254e-01	6.761506951506885343e+01
2.890000000000000000e+02	7.591865576162692975e-01	6.639753159621862721e+01
2.900000000000000000e+02	7.516890209536830625e-01	6.632992206888960141e+01
2.910000000000000000e+02	7.282500873279671438e-01	6.611855995159061194e+01
2.920000000000000000e+02	1.167075188862943369e+00	7.007569401176016299e+01
2.930000000000000000e+02	1.002381044087876427e+00	6.859055378728291430e+01
2.940000000000000000e+02	1.172861166392852983e+00	7.012786944264344413e+01
2.950000000000000000e+02	1.260035781133919786e+00	7.091397223386341864e+01
2.960000000000000000e+02	6.307130836244470018e-01	6.523901364001454795e+01
2.970000000000000000e+02	1.048510891901786701e+00	6.900653270766905223e+01
2.980000000000000000e+02	1.054441072235185350e+00	6.906000849676624398e+01
2.990000000000000000e+02	5.889839235257332550e-01	6.486271820898454621e+01
3.000000000000000000e+02	8.945810484200109602e-01	6.761846027428353523e+01
3.010000000000000000e+02	9.060407179327194527e-01	6.772179859378350386e+01
3.020000000000000000e+02	1.092030082101292709e+00	6.939896985223322190e+01
3.030000000000000000e+02	1.134788122113099540e+00	6.978454327518684863e+01
3.040000000000000000e+02	8.382696883860107917e-01	6.711066890139815655e+01
3.050000000000000000e+02	7.547370687554211255e-01	6.635740803933907728e+01
3.060000000000000000e+02	8.777691056245660040e-01	6.746685748032126639e+01
3.070000000000000000e+02	6.590064820347589780e-01	6.549415121107819004e+01
3.080000000000000000e+02	1.192796835496478636e+00	7.030764064293776983e+01
3.090000000000000000e+02	1.088239922499530943e+00	6.936479184007951915e+01
3.100000000000000000e+02	7.698905539747442628e-01	6.649405558361563351e+01
3.110000000000000000e+02	1.129912930219238110e+00	6.974058091335844267e+01
3.120000000000000000e+02	1.043183618142443869e+00	6.895849366804438318e+01
3.130000000000000000e+02	9.611428947115843169e-01	6.821868607756330505e+01
3.140000000000000000e+02	8.388123087390868537e-01	6.711556201592917148e+01
3.150000000000000000e+02	7.864412323589771159e-01	6.664330240865838562e+01
3.160000000000000000e+02	9.809243838217189815e-01	6.839706694968018041e+01
3.170000000000000000e+02	1.067483560224695927e+00	6.917761998542566459e+01
3.180000000000000000e+02	8.534102000463581472e-01	6.724719945575792224e+01
3.190000000000000000e+02	1.597702727363013553e+00	7.395890601099395667e+01
3.200000000000000000e+02	1.155155657316289552e+00	6.996820885628582687e+01
3.210000000000000000e+02	1.085536882614268395e+00	6.934041700108659256e+01
3.220000000000000000e+02	6.472745011590450570e-01	6.538835730604824903e+01
3.230000000000000000e+02	8.632792771016279953e-01	6.733619450371949711e+01
3.240000000000000000e+02	1.549837610473733029e+00	7.352727918820275477e+01
3.250000000000000000e+02	8.141327299338696477e-01	6.689301229956346617e+01
3.260000000000000000e+02	9.256315282906337760e-01	6.789846000777839663e+01
3.270000000000000000e+02	6.255864455148525405e-01	6.519278384548665883e+01
3.280000000000000000e+02	9.530301451135414492e-01	6.814552882734277262e+01
3.290000000000000000e+02	1.048370006581821112e+00	6.900526226507982130e+01
3.300000000000000000e+02	9.838497635919964956e-01	6.842344675313125890e+01
3.310000000000000000e+02	7.561077135769338486e-01	6.636976791868197267e+01
3.320000000000000000e+02	9.134353239451649120e-01	6.778847993724136245e+01
3.330000000000000000e+02	9.901056934950407395e-01	6.847986001028263559e+01
3.340000000000000000e+02	1.104492641229753991e+00	6.951135179445030587e+01
3.350000000000000000e+02	1.287962067329452953e+00	7.116579934651453243e+01
3.360000000000000000e+02	1.341516261486131123e+00	7.164872779573278194e+01
3.370000000000000000e+02	1.030858315845295969e+00	6.884734944828272774e+01
3.380000000000000000e+02	8.883410466668280048e-01	6.756219065026552073e+01
3.390000000000000000e+02	8.488740372426757386e-01	6.720629431092883976e+01
3.400000000000000000e+02	8.463198329855794455e-01	6.718326160694944349e+01
3.410000000000000000e+02	6.899683559689924195e-01	6.577335193474523578e+01
3.420000000000000000e+02	9.920820890199193443e-01	6.849768228622015442e+01
3.430000000000000000e+02	8.595924108509869210e-01	6.730294794611677389e+01
3.440000000000000000e+02	6.291640259334791985e-01	6.522504491094991863e+01
3.450000000000000000e+02	8.339603262691015484e-01	6.707180894659890669e+01
3.460000000000000000e+02	7.158501462162705220e-01	6.600674267143605789e+01
3.470000000000000000e+02	1.977851397958613422e+00	7.738692151667059704e+01
3.480000000000000000e+02	8.408109760460376059e-01	6.713358512911850084e+01
3.490000000000000000e+02	1.475653671780970955e+00	7.285832066807293472e+01
3.500000000000000000e+02	1.056662008156233679e+00	6.908003593172358592e+01
3.510000000000000000e+02	6.847755600503213635e-01	6.572652555784608808e+01
3.520000000000000000e+02	1.650532693789941385e+00	7.443530368928162488e+01
3.530000000000000000e+02	1.628796956185434519e+00	7.423930025352363771e+01
3.540000000000000000e+02	1.787932266083990029e+00	7.567431332085388362e+01
3.550000000000000000e+02	1.397795632226894735e+00	7.215623070307371734e+01
3.560000000000000000e+02	7.992247973906065894e-01	6.675857904260686837e+01
3.570000000000000000e+02	6.113444014228748280e-01	6.506435528120064760e+01
3.580000000000000000e+02	1.057297983762398363e+00	6.908577088335644589e+01
3.590000000000000000e+02	9.494506246947596040e-01	6.811325026780119174e+01
3.600000000000000000e+02	8.754850553587987250e-01	6.744626090763162551e+01
3.610000000000000000e+02	1.092538269856087263e+00	6.940355246855672533e+01
3.620000000000000000e+02	8.788319420682866312e-01	6.747644167748119060e+01
3.630000000000000000e+02	1.099655156832314296e+00	6.946772946243764579e+01
3.640000000000000000e+02	6.791677391748547343e-01	6.567595666624892203e+01
3.650000000000000000e+02	9.454697908356706204e-01	6.807735283805851623e+01
3.660000000000000000e+02	8.089859446149834099e-01	6.684660082625779864e+01
3.670000000000000000e+02	6.206786435950517600e-01	6.514852742061607671e+01
3.680000000000000000e+02	7.333976838600018144e-01	6.616497874006391555e+01
3.690000000000000000e+02	1.425580759100333994e+00	7.240678490230349951e+01
3.700000000000000000e+02	7.434822576226729485e-01	6.625591704368184764e+01
3.710000000000000000e+02	1.191783995146384667e+00	7.029850728882277622e+01
3.720000000000000000e+02	1.008026144939076163e+00	6.864145885350004050e+01
3.730000000000000000e+02	6.978708638706572209e-01	6.584461331671508333e+01
3.740000000000000000e+02	8.776732169290120122e-01	6.746599279773626279e+01
3.750000000000000000e+02	1.059314232349283458e+00	6.910395253688771788e+01
3.760000000000000000e+02	6.978913451085093644e-01	6.584479800761725699e+01
3.770000000000000000e+02	9.366111976761115621e-01	6.799746989473038639e+01
3.780000000000000000e+02	8.018948344833642938e-01	6.678265627675939697e+01
3.790000000000000000e+02	7.721896371488281563e-01	6.651478771653944477e+01
3.800000000000000000e+02	7.453859556527062669e-01	6.627308376520386446e+01
3.810000000000000000e+02	7.304759727656515711e-01	6.613863201913800083e+01
3.820000000000000000e+02	1.363363859810433842e+00	7.184573994284923515e+01
3.830000000000000000e+02	8.489859171455198528e-01	6.720730319527170593e+01
3.840000000000000000e+02	1.063910254662620236e+00	6.914539746876099002e+01
3.850000000000000000e+02	8.494878403903818320e-01	6.721182932096708385e+01
3.860000000000000000e+02	1.103819738625171576e+00	6.950528385119351071e+01
3.870000000000000000e+02	7.369910197573530386e-01	6.619738188158726189e+01
3.880000000000000000e+02	9.568076953180015831e-01	6.817959313343142469e+01
3.890000000000000000e+02	6.094986804864555019e-01	6.504771137191303865e+01
3.900000000000000000e+02	9.041088801776875350e-01	6.770437812045045689e+01
3.910000000000000000e+02	7.484184256138710634e-01	6.630042926145691240e+01
3.920000000000000000e+02	5.810056210460265991e-01	6.479077334444887981e+01
3.930000000000000000e+02	1.307954982989411929e+00	7.134608677137556754e+01
3.940000000000000000e+02	8.785446090574993150e-01	6.747385063325965859e+01
3.950000000000000000e+02	1.575552454405154901e+00	7.375916447556903677e+01
3.960000000000000000e+02	9.779083766321159388e-01	6.836986990754665783e+01
3.970000000000000000e+02	6.490202877753536992e-01	6.540410005106674873e+01
3.980000000000000000e+02	1.170136544916107857e+00	7.010329999023750247e+01
3.990000000000000000e+02	1.363531578151982337e+00	7.184725235396595622e+01
4.000000000000000000e+02	1.031109794237957678e+00	6.884961717113978352e+01
4.010000000000000000e+02	1.226251919837434867e+00	7.060932405454838090e+01
4.020000000000000000e+02	6.617490815528923598e-01	6.551888278164844337e+01
4.030000000000000000e+02	7.956323620530472152e-01	6.672618402194034104e+01
4.040000000000000000e+02	7.395999121865579617e-01	6.622090773973624778e+01
4.050000000000000000e+02	7.804431128431172926e-01	6.658921397353888949e+01
4.060000000000000000e+02	1.043870453037877288e+00	6.896468724664534022e+01
4.070000000000000000e+02	7.026654862930956646e-01	6.588784913806421173e+01
4.080000000000000000e+02	9.008470318732151316e-01	6.767496418998115359e+01
4.090000000000000000e+02	1.053476150508325659e+00	6.905130725197101071e+01
4.100000000000000000e+02	9.642439907061652882e-01	6.824665041356205109e+01
4.110000000000000000e+02	7.032707987186146426e-01	6.589330758245968411e+01
4.120000000000000000e+02	1.083132562615000571e+00	6.931873588820729992e+01
4.130000000000000000e+02	8.757281525199929195e-01	6.744845305218562714e+01
4.140000000000000000e+02	1.157039941745953815e+00	6.998520051439652434e+01
4.150000000000000000e+02	1.172009756709426087e+00	7.012019180012558195e+01
4.160000000000000000e+02	1.127294375152894101e+00	6.971696792174695645e+01
4.170000000000000000e+02	6.614399989924635292e-01	6.551609560944019961e+01
4.180000000000000000e+02	7.130493672244153647e-01	6.598148646365552850e+01
4.190000000000000000e+02	8.638300528100835152e-01	6.734116115970115857e+01
4.200000000000000000e+02	1.117623053445371495e+00	6.962975614557045390e+01
4.210000000000000000e+02	8.936243431997521469e-01	6.760983312237407006e+01
4.220000000000000000e+02	7.424919893151455952e-01	6.624698723443731296e+01
4.230000000000000000e+02	1.316619076307104841e+00	7.142421579965585465e+01
4.240000000000000000e+02	1.236134531823958493e+00	7.069844115463796186e+01
4.250000000000000000e+02	1.022390100950524960e+00	6.877098676649511333e+01
4.260000000000000000e+02	7.242539358297992447e-01	6.608252439403548806e+01
4.270000000000000000e+02	7.181781484986600184e-01	6.602773558431084666e+01
4.280000000000000000e+02	1.065898301567336892e+00	6.916332481177840918e+01
4.290000000000000000e+02	6.727651681498196812e-01	6.561822106318702197e+01
4.300000000000000000e+02	7.601360560647556497e-01	6.640609376059217084e+01
4.310000000000000000e+02	9.781447616365666065e-01	6.837200152478813209e+01
4.320000000000000000e+02	1.392093844702856131e+00	7.210481446107594650e+01
4.330000000000000000e+02	8.159128359277174614e-01	6.690906452181403097e+01
4.340000000000000000e+02	7.018210365045547405e-01	6.588023425685379664e+01
4.350000000000000000e+02	6.239963476132930342e-01	6.517844503363825481e+01
4.360000000000000000e+02	6.237562146347039871e-01	6.517627961879480836e+01
4.370000000000000000e+02	8.327243443998790795e-01	6.706066339923768282e+01
4.380000000000000000e+02	8.761163552820379063e-01	6.745195369598783941e+01
4.390000000000000000e+02	1.060714201759244357e+00	6.911657685262528616e+01
4.400000000000000000e+02	9.312225993670886215e-01	6.794887785696724336e+01
4.410000000000000000e+02	8.485074161434122963e-01	6.720298828118259848e+01
4.420000000000000000e+02	1.508776476189579663e+00	7.315700772365649129e+01
4.430000000000000000e+02	6.836484476459039339e-01	6.571636174800578090e+01
4.440000000000000000e+02	7.565114193866331327e-01	6.637340836223057750e+01
4.450000000000000000e+02	1.149717861226941862e+00	6.991917317432017853e+01
4.460000000000000000e+02	1.139901391343552506e+00	6.983065251497249903e+01
4.470000000000000000e+02	1.696953573298251472e+00	7.485390700701074707e+01
4.480000000000000000e+02	9.373535766649248036e-01	6.800416434582699310e+01
4.490000000000000000e+02	1.083138333256506991e+00	6.931878792534458000e+01
4.500000000000000000e+02	1.227515022127762867e+00	7.062071416208110008e+01
4.510000000000000000e+02	8.547825963966626528e-01	6.725957512962628471e+01
4.520000000000000000e+02	1.451697860198150947e+00	7.264229756998261678e+01
4.530000000000000000e+02	1.035439955299071846e+00	6.888866468177903357e+01
4.540000000000000000e+02	6.442327103961453805e-01	6.536092775885580863e+01
4.550000000000000000e+02	7.819197400194439762e-01	6.660252955569947630e+01
4.560000000000000000e+02	9.561023028693158565e-01	6.817323221088000196e+01
4.570000000000000000e+02	7.175492117322201935e-01	6.602206410587565699e+01
4.580000000000000000e+02	1.151357741332266871e+00	6.993396090044768698e+01
4.590000000000000000e+02	9.652193310219123745e-01	6.825544560866416077e+01
4.600000000000000000e+02	6.550806975759839723e-01	6.545875019290406271e+01
4.610000000000000000e+02	7.999640064064654776e-01	6.676524490826497527e+01
4.620000000000000000e+02	1.069987181668930587e+00	6.920019655558105853e+01
4.630000000000000000e+02	6.750880937643759516e-01	6.563916819687752024e+01
4.640000000000000000e+02	9.151078593129280403e-01	6.780356213433414325e+01
4.650000000000000000e+02	9.418126000333333359e-01	6.804437388075218962e+01
4.660000000000000000e+02	7.534984636689439075e-01	6.634623883694466429e+01
4.670000000000000000e+02	8.850895135575955752e-01	6.753286973774409319e+01
4.680000000000000000e+02	1.415605075709852612e+00	7.231682852474017409e+01
4.690000000000000000e+02	1.191868169772734243e+00	7.029926633902242372e+01
4.700000000000000000e+02	8.476851481280589518e-01	6.719557342556299773e+01
4.710000000000000000e+02	7.239972412530948365e-01	6.608020963389759572e+01
4.720000000000000000e+02	7.749113338826827402e-01	6.653933079488504632e+01
4.730000000000000000e+02	9.326037212126032649e-01	6.796133221355945864e+01
4.740000000000000000e+02	9.535211991780543350e-01	6.814995693949330757e+01
4.750000000000000000e+02	1.251806469189444160e+00	7.083976387505865091e+01
4.760000000000000000e+02	1.073204647268171996e+00	6.922921026210249806e+01
4.770000000000000000e+02	9.568922027724469093e-01	6.818035518493019254e+01
4.780000000000000000e+02	7.070717771280023989e-01	6.592758315391890278e+01
4.790000000000000000e+02	1.132617939798657991e+00	6.976497351419729398e+01
4.800000000000000000e+02	9.860058853494548803e-01	6.844288972212839894e+01
4.810000000000000000e+02	6.408400995044620796e-01	6.533033466820211288e+01
4.820000000000000000e+02	7.173389707589017394e-01	6.602016824414521068e+01
4.830000000000000000e+02	7.116863870567367023e-01	6.596919570082999940e+01
4.840000000000000000e+02	6.912423133446266021e-01	6.578483992871981911e+01
4.850000000000000000e+02	9.250670681148593921e-01	6.789336995121747975e+01
4.860000000000000000e+02	8.165269856761234735e-01	6.691460265734674806e+01
4.870000000000000000e+02	6.673621881914522103e-01	6.556949933796009589e+01
4.880000000000000000e+02	7.232273874254013801e-01	6.607326742664405117e+01
4.890000000000000000e+02	8.992678085412388889e-01	6.766072344027536190e+01
4.900000000000000000e+02	1.013630317567778327e+00	6.869199484679333523e+01
4.910000000000000000e+02	1.467590826335946508e+00	7.278561343181686993e+01
4.920000000000000000e+02	9.584458628521639323e-01	6.819436541633643856e+01
4.930000000000000000e+02	1.114025737481709966e+00	6.959731711353877870e+01
4.940000000000000000e+02	8.881881345265425498e-01	6.756081175503729241e+01
4.950000000000000000e+02	1.068682188086137019e+00	6.918842869057809253e+01
4.960000000000000000e+02	8.911281494387965907e-01	6.758732353183854968e+01
4.970000000000000000e+02	7.248661696768694540e-01	6.608804525280258702e+01
4.980000000000000000e+02	9.288831505642738406e-01	6.792778172434570649e+01
4.990000000000000000e+02	9.450319577466557153e-01	6.807340464953614401e+01
5.000000000000000000e+02	9.109246763087306409e-01	6.776584000793816642e+01
5.010000000000000000e+02	8.347834950910004714e-01	6.707923192530046208e+01
5.020000000000000000e+02	1.048683634630404704e+00	6.900809042652485914e+01
5.030000000000000000e+02	8.827271601003381374e-01	6.751156706090274895e+01
5.040000000000000000e+02	8.485731493116395185e-01	6.720358103432722885e+01
5.050000000000000000e+02	1.045429622432555439e+00	6.897874715865965811e+01
5.060000000000000000e+02	1.023405728246121082e+00	6.878014525207349550e+01
5.070000000000000000e+02	8.703818880629905497e-01	6.740024276270247583e+01
5.080000000000000000e+02	1.021781904368095573e+00	6.876550231402603686e+01
5.090000000000000000e+02	7.069934501504040458e-01	6.592687683527441322e+01
5.100000000000000000e+02	9.767052313379964712e-01	6.835902046614953065e+01
5.110000000000000000e+02	1.120134498679381529e+00	6.965240326726197395e+01
5.120000000000000000e+02	7.306669365491780255e-01	6.614035404754842773e+01
5.130000000000000000e+02	6.801062980211511899e-01	6.568442018204407873e+01
5.140000000000000000e+02	7.027948672041230971e-01	6.588901583889325764e+01
5.150000000000000000e+02	8.673489050855325289e-01	6.737289264029143965e+01
5.160000000000000000e+02	9.053208268723587082e-01	6.771530692905282933e+01
5.170000000000000000e+02	9.049268563611267968e-01	6.771175427419501602e+01
5.180000000000000000e+02	6.903591607701562438e-01	6.577687604260542287e+01
5.190000000000000000e+02	7.081605792108418562e-01	6.593740149792819238e+01
5.200000000000000000e+02	7.370432195722917967e-01	6.619785259683328604e+01
5.210000000000000000e+02	9.331449323190599277e-01	6.796621262011689169e+01
5.220000000000000000e+02	1.029632514667033538e+00	6.883629570596824010e+01
5.230000000000000000e+02	8.226374373028531028e-01	6.696970405462455744e+01
5.240000000000000000e+02	1.088039639928098490e+00	6.936298577888953787e+01
5.250000000000000000e+02	1.073800212012918864e+00	6.923458080614894072e+01
5.260000000000000000e+02	9.114165100849191958e-01	6.777027515118973611e+01
5.270000000000000000e+02	1.618521132136268026e+00	7.414663733793601352e+01
5.280000000000000000e+02	7.465341170859745024e-01	6.628343738603882684e+01
5.290000000000000000e+02	6.559790160280347671e-01	6.546685083831165741e+01
5.300000000000000000e+02	8.274612062815360769e-01	6.701320270695133274e+01
5.310000000000000000e+02	1.021803031290534181e+00	6.876569282743120937e+01
5.320000000000000000e+02	9.061530893133471487e-01	6.772281191005941992e+01
5.330000000000000000e+02	8.277274321340681862e-01	6.701560341599252979e+01
5.340000000000000000e+02	1.055450568790492927e+00	6.906911169799302286e+01
5.350000000000000000e+02	1.064656378370518519e+00	6.915212568810692062e+01
5.360000000000000000e+02	1.449188140682347248e+00	7.261966601006793098e+01
5.370000000000000000e+02	6.875818053931799234e-01	6.575183105880438461e+01
5.380000000000000000e+02	9.674736278997093653e-01	6.827577387823137656e+01
5.390000000000000000e+02	7.362080079964126167e-01	6.619032102180989341e+01
5.400000000000000000e+02	9.184749544947348188e-01	6.783392513540485425e+01
5.410000000000000000e+02	8.431491488561813075e-01	6.715466975539266059e+01
5.420000000000000000e+02	7.695427257948475042e-01	6.649091902024916578e+01
5.430000000000000000e+02	9.247863352067249298e-01	6.789083842385338130e+01
5.440000000000000000e+02	6.678073246752918024e-01	6.557351338532306784e+01
5.450000000000000000e+02	9.205835459778644037e-01	6.785293949704389149e+01
5.460000000000000000e+02	7.760117052844646146e-01	6.654925346598474789e+01
5.470000000000000000e+02	1.042261289740234131e+00	6.895017651134052983e+01
5.480000000000000000e+02	9.473438134418286083e-01	6.809425195950443310e+01
5.490000000000000000e+02	7.743212380975026399e-01	6.653400956753927176e+01
5.500000000000000000e+02	9.522580423082771528e-01	6.813856633978684840e+01
5.510000000000000000e+02	9.702691437818826703e-01	6.830098262557604016e+01
5.520000000000000000e+02	1.041078327377761292e+00	6.893950907084985147e+01
5.530000000000000000e+02	6.222626515686484616e-01	6.516281131614067590e+01
5.540000000000000000e+02	1.161634322846958556e+00	7.002663064653023639e+01
5.550000000000000000e+02	9.357420930750741661e-01	6.798963268713542618e+01
5.560000000000000000e+02	7.676790818162808616e-01	6.647411348875651527e+01
5.570000000000000000e+02	1.373090640028602039e+00	7.193345181977346670e+01
5.580000000000000000e+02	6.724079294102043303e-01	6.561499963948268999e+01
5.590000000000000000e+02	9.147863798356166143e-01	6.780066317211692706e+01
5.600000000000000000e+02	8.501526897875535393e-01	6.721782464389922040e+01
5.610000000000000000e+02	7.310965853444610918e-01	6.614422843366666882e+01
5.620000000000000000e+02	9.573961871913201360e-01	6.818489989739705948e+01
5.630000000000000000e+02	7.859679139701354345e-01	6.663903422912343899e+01
5.640000000000000000e+02	6.119920434276440169e-01	6.507019543534612183e+01
5.650000000000000000e+02	7.393373544092081140e-01	6.621854010780297983e+01
5.660000000000000000e+02	6.659617246702875804e-01	6.555687056654241474e+01
5.670000000000000000e+02	8.026672425573662117e-01	6.678962151709613693e+01
5.680000000000000000e+02	6.022863223579961733e-01	6.498267346067132166e+01
5.690000000000000000e+02	7.256645063651971927e-01	6.609524430611520529e+01
5.700000000000000000e+02	8.535185118955350703e-01	6.724817616494343042e+01
5.710000000000000000e+02	7.923855859934443302e-01	6.669690600642515221e+01
5.720000000000000000e+02	1.293010729422108485e+00	7.121132598720863882e+01
5.730000000000000000e+02	8.653876988162561013e-01	6.735520733445997621e+01
5.740000000000000000e+02	7.164510479927594933e-01	6.601216134251535550e+01
5.750000000000000000e+02	1.157154022779837810e+00	6.998622924758252850e+01
5.760000000000000000e+02	1.118781864054867903e+00	6.964020579604871841e+01
5.770000000000000000e+02	6.680329317755571150e-01	6.557554781210848205e+01
5.780000000000000000e+02	1.067144628655598115e+00	6.917456364782907485e+01
5.790000000000000000e+02	9.266796392143952232e-01	6.790791141659877894e+01
5.800000000000000000e+02	7.830549545065117467e-01	6.661276642660011760e+01
5.810000000000000000e+02	9.858587611414377783e-01	6.844156301995803915e+01
5.820000000000000000e+02	8.938418621960448895e-01	6.761179461415281366e+01
5.830000000000000000e+02	8.786355677396442410e-01	6.747467085912623475e+01
5.840000000000000000e+02	7.774715744799991501e-01	6.656241793195727041e+01
5.850000000000000000e+02	9.398422899755953797e-01	6.802660648091271867e+01
5.860000000000000000e+02	7.630249043901000672e-01	6.643214413934876461e+01
5.870000000000000000e+02	8.505268005154644761e-01	6.722119821186174704e+01
5.880000000000000000e+02	7.843953139559565191e-01	6.662485320561917490e+01
5.890000000000000000e+02	9.288080357787540375e-01	6.792710437185341732e+01
5.900000000000000000e+02	9.867556603360938539e-01	6.844965086711923163e+01
5.910000000000000000e+02	6.206023035304117919e-01	6.514783901908916164e+01
5.920000000000000000e+02	6.551346929466990154e-01	6.545923709969176230e+01
5.930000000000000000e+02	9.798817099379810713e-01	6.838766456972389562e+01
5.940000000000000000e+02	8.512111525279715263e-01	6.722736940090349833e+01
5.950000000000000000e+02	8.022987291567738044e-01	6.678629842339887546e+01
5.960000000000000000e+02	8.800873274691867199e-01	6.748776219745866456e+01
5.970000000000000000e+02	9.515122047333297584e-01	6.813184070066353115e+01
5.980000000000000000e+02	9.569880272227651030e-01	6.818121928817959088e+01
5.990000000000000000e+02	9.811632771287883692e-01	6.839922118570460441e+01
6.000000000000000000e+02	9.536053185637951568e-01	6.815071549155715047e+01
6.010000000000000000e+02	9.901503474640738212e-01	6.848026268036956310e+01
6.020000000000000000e+02	7.196638304771254546e-01	6.604113281874205654e+01
6.030000000000000000e+02	8.300858808716453652e-01	6.703687088176872066e+01
6.040000000000000000e+02	9.583353100951905734e-01	6.819336849961828761e+01
6.050000000000000000e+02	1.297026222024659559e+00	7.124753595443779375e+01
6.060000000000000000e+02	6.775922633652817773e-01	6.566174971007156103e+01
6.070000000000000000e+02	1.026587534782727795e+00	6.880883740066489906e+01
6.080000000000000000e+02	7.325916238973380068e-01	6.615771004161972257e+01
6.090000000000000000e+02	1.030607493389225526e+00	6.884508764037680351e+01
6.100000000000000000e+02	8.106156365948671283e-01	6.686129668029765583e+01
6.110000000000000000e+02	7.120047362584587258e-01	6.597206643558230610e+01
6.120000000000000000e+02	1.038441860344500256e+00	6.891573455690492267e+01
6.130000000000000000e+02	8.687304442487862044e-01	6.738535076007366342e+01
6.140000000000000000e+02	8.275029614419420199e-01	6.701357923684184925e+01
6.150000000000000000e+02	1.269119512743880129e+00	7.099588537789614406e+01
6.160000000000000000e+02	9.498204477277538693e-01	6.811658517119431622e+01
6.170000000000000000e+02	1.014960924515783569e+00	6.870399368199267087e+01
6.180000000000000000e+02	8.952623459945874274e-01	6.762460391973142748e+01
6.190000000000000000e+02	1.047913219441670485e+00	6.900114315716139402e+01
6.200000000000000000e+02	9.719646072416356919e-01	6.831627157823825769e+01
6.210000000000000000e+02	8.927478157230210876e-01	6.760192897851193550e+01
6.220000000000000000e+02	7.507341663897986184e-01	6.632131160539505288e+01
6.230000000000000000e+02	1.455075937953315579e+00	7.267275960712703409e+01
6.240000000000000000e+02	6.831597350496068088e-01	6.571195475019804633e+01
6.250000000000000000e+02	9.287204761826830524e-01	6.792631479746786738e+01
6.260000000000000000e+02	8.661973024309430613e-01	6.736250798801809481e+01
6.270000000000000000e+02	7.967981416277025719e-01	6.673669651551782067e+01
6.280000000000000000e+02	9.605295799858906136e-01	6.821315547190251039e+01
6.290000000000000000e+02	7.990145180396117652e-01	6.675668283480320042e+01
6.300000000000000000e+02	6.877830865266327809e-01	6.575364612459271996e+01
6.310000000000000000e+02	1.118658227903987390e+00	6.963909089897011029e+01
6.320000000000000000e+02	6.946678967065802457e-01	6.581573035078118039e+01
6.330000000000000000e+02	9.808321287251240417e-01	6.839623503331148413e+01
6.340000000000000000e+02	6.594241864930816543e-01	6.549791788835652540e+01
6.350000000000000000e+02	8.683889531758000047e-01	6.738227134198334056e+01
6.360000000000000000e+02	7.143180606124877041e-01	6.599292698927790468e+01
6.370000000000000000e+02	7.709404882343222631e-01	6.650352343448601289e+01
6.380000000000000000e+02	1.030769113586118557e+00	6.884654506107516170e+01
6.390000000000000000e+02	9.318540428475328152e-01	6.795457193985994593e+01
6.400000000000000000e+02	1.245026500902391975e+00	7.077862506749792715e+01
6.410000000000000000e+02	1.519197724326135202e+00	7.325098201046550628e+01
6.420000000000000000e+02	7.314035362760635817e-01	6.614699638377251745e+01
6.430000000000000000e+02	7.868980241102758733e-01	6.664742155815814328e+01
6.440000000000000000e+02	6.642235116018289087e-01	6.554119611648708599e+01
6.450000000000000000e+02	9.384575224336273447e-01	6.801411924901424300e+01
6.460000000000000000e+02	1.260101181769035961e+00	7.091456198836895908e+01
6.470000000000000000e+02	1.140385544973232079e+00	6.983501840200051447e+01
6.480000000000000000e+02	8.574295263486284568e-01	6.728344399362509876e+01
6.490000000000000000e+02	8.780878172291186612e-01	6.746973148306480539e+01
6.500000000000000000e+02	9.755991587852683722e-01	6.834904638454820258e+01
6.510000000000000000e+02	6.803259506593390959e-01	6.568640091407819170e+01
6.520000000000000000e+02	8.151506735582636498e-01	6.690219167278831947e+01
6.530000000000000000e+02	9.935460273050005231e-01	6.851088344547383713e+01
6.540000000000000000e+02	9.423354448474436929e-01	6.804908866806691492e+01
6.550000000000000000e+02	1.116919386221986832e+00	6.962341078035106534e+01
6.560000000000000000e+02	8.671774043066520221e-01	6.737134612079864837e+01
6.570000000000000000e+02	9.365152244967647199e-01	6.799660445030725953e+01
6.580000000000000000e+02	9.691577579080521421e-01	6.829096063075408551e+01
6.590000000000000000e+02	7.700333928021605434e-01	6.649534364208608395e+01
6.600000000000000000e+02	9.031560539507912377e-01	6.769578594761739510e+01
6.610000000000000000e+02	7.827514507233106489e-01	6.661002956138047182e+01
6.620000000000000000e+02	8.595198428375772082e-01	6.730229355930859469e+01
6.630000000000000000e+02	8.285708114402750013e-01	6.702320864405845668e+01
6.640000000000000000e+02	7.450404493204738632e-01	6.626996813925060792e+01
6.650000000000000000e+02	1.025041483927871866e+00	6.879489578594161969e+01
6.660000000000000000e+02	1.349035570618290825e+00	7.171653365773049416e+01
6.670000000000000000e+02	1.276446737864479930e+00	7.106195910975385743e+01
6.680000000000000000e+02	8.752173290437876840e-01	6.744384666807188466e+01
6.690000000000000000e+02	9.798209459576254776e-01	6.838711662655597934e+01
6.700000000000000000e+02	6.754600069005576302e-01	6.564252194791286854e+01
6.710000000000000000e+02	7.485774211608837714e-01	6.630186301420327766e+01
6.720000000000000000e+02	9.176685231558667777e-01	6.782665308805145798e+01
6.730000000000000000e+02	1.116446167416001556e+00	6.961914349881104158e+01
6.740000000000000000e+02	7.607067027873313236e-01	6.641123960474358512e+01
6.750000000000000000e+02	8.193618272629350496e-01	6.694016602680561334e+01
6.760000000000000000e+02	6.846776213615271001e-01	6.572564238931293801e+01
6.770000000000000000e+02	9.994276783554578714e-01	6.856392161858742895e+01
6.780000000000000000e+02	7.733159791597237209e-01	6.652494457930578164e+01
6.790000000000000000e+02	9.784629747993363047e-01	6.837487103280028578e+01
6.800000000000000000e+02	7.028541055386718917e-01	6.588955002445030118e+01
6.810000000000000000e+02	8.358514257103988321e-01	6.708886205952282467e+01
6.820000000000000000e+02	8.595807201245080353e-01	6.730284252422596580e+01
6.830000000000000000e+02	8.155118273615331592e-01	6.690544840083526879e+01
6.840000000000000000e+02	1.031581758680377714e+00	6.885387314137429371e+01
6.850000000000000000e+02	7.026228653488220122e-01	6.588746480091104729e+01
6.860000000000000000e+02	8.568824704569155681e-01	6.727851088133425606e+01
6.870000000000000000e+02	1.085327435597753354e+00	6.933852829891355896e+01
6.880000000000000000e+02	7.500149291668640750e-01	6.631482583668615405e+01
6.890000000000000000e+02	7.311466442444531921e-01	6.614467984307209747e+01
6.900000000000000000e+02	8.197858310190384579e-01	6.694398950841376461e+01
6.910000000000000000e+02	6.603740340550159349e-01	6.550648320088343723e+01
6.920000000000000000e+02	8.594278193528073206e-01	6.730146373151468708e+01
6.930000000000000000e+02	1.107847004840075478e+00	6.954159998774227347e+01
6.940000000000000000e+02	1.204040974390296004e+00	7.040903540098230451e+01
6.950000000000000000e+02	1.301549079298111700e+00	7.128832111577760600e+01
6.960000000000000000e+02	8.943611574280339038e-01	6.761647739287855075e+01
6.970000000000000000e+02	7.036607183000993526e-01	6.589682370779350151e+01
6.980000000000000000e+02	1.072120003049364056e+00	6.921942941190410181e+01
6.990000000000000000e+02	1.070835926037242203e+00	6.920785016344549945e+01
7.000000000000000000e+02	7.836577444137322601e-01	6.661820212402182051e+01
7.010000000000000000e+02	8.435899046613219987e-01	6.715864429969889215e+01
7.020000000000000000e+02	1.254959073606466191e+00	7.086819269162634782e+01
7.030000000000000000e+02	7.712407713025444256e-01	6.650623125669763169e+01
7.040000000000000000e+02	1.002952227487020620e+00	6.859570447095038048e+01
7.050000000000000000e+02	8.785550425086094961e-01	6.747394471758758527e+01
7.060000000000000000e+02	1.069617214348153933e+00	6.919686035106340682e+01
7.070000000000000000e+02	1.044874288950282226e+00	6.897373940265443082e+01
7.080000000000000000e+02	1.069360836062716702e+00	6.919454844310271824e+01
7.090000000000000000e+02	1.493246443176047267e+00	7.301696463501264134e+01
7.100000000000000000e+02	6.366801078001120828e-01	6.529282167086962829e+01
7.110000000000000000e+02	1.212691306717796680e+00	7.048704033863332086e+01
7.120000000000000000e+02	9.137528272593857803e-01	6.779134304414779422e+01
7.130000000000000000e+02	6.507243818841117466e-01	6.541946683117097905e+01
7.140000000000000000e+02	7.155404103884521749e-01	6.600394960834638880e+01
7.150000000000000000e+02	9.924538937243518877e-01	6.850103505946511007e+01
7.160000000000000000e+02	1.116014814000522826e+00	6.961525374116865805e+01
7.170000000000000000e+02	7.145025623603895593e-01	6.599459074585935525e+01
7.180000000000000000e+02	9.009668231868970256e-01	6.767604441598879816e+01
7.190000000000000000e+02	9.037956204954391559e-01	6.770155328077295565e+01
7.200000000000000000e+02	7.158841303328502548e-01	6.600704912543048408e+01
7.210000000000000000e+02	1.030358246962307156e+00	6.884284004441684601e+01
7.220000000000000000e+02	6.628098276487099927e-01	6.552844812895941118e+01
7.230000000000000000e+02	8.932084682926972885e-01	6.760608294319398226e+01
7.240000000000000000e+02	7.499479198471508123e-01	6.631422157576201926e+01
7.250000000000000000e+02	8.855683010164272506e-01	6.753718723497544829e+01
7.260000000000000000e+02	8.317788133866292899e-01	6.705213701147090433e+01
7.270000000000000000e+02	1.228817029281666251e+00	7.063245509676616507e+01
7.280000000000000000e+02	7.045090395839921360e-01	6.590447350046652275e+01
7.290000000000000000e+02	7.587942864206704829e-01	6.639399426505069357e+01
7.300000000000000000e+02	8.778408553538656900e-01	6.746750448819895496e+01
7.310000000000000000e+02	9.362298601406595644e-01	6.799403115855810142e+01
7.320000000000000000e+02	8.555821256528461927e-01	6.726678493699755279e+01
7.330000000000000000e+02	1.179477809985886472e+00	7.018753545909147817e+01
7.340000000000000000e+02	6.147302722763197114e-01	6.509488759311861372e+01
7.350000000000000000e+02	8.479941427880459681e-01	6.719835980512324625e+01
7.360000000000000000e+02	7.520244257972901192e-01	6.633294660400835596e+01
7.370000000000000000e+02	8.860542906335158175e-01	6.754156967814003565e+01
7.380000000000000000e+02	7.195947931464967695e-01	6.604051027009683139e+01
7.390000000000000000e+02	6.543830133797206017e-01	6.545245878002312168e+01
7.400000000000000000e+02	7.331055511142936520e-01	6.616234441391873133e+01
7.410000000000000000e+02	9.484002752969362682e-01	6.810377867339452962e+01
7.420000000000000000e+02	1.034521501697563961e+00	6.888038246634398831e+01
7.430000000000000000e+02	7.889536023569263534e-01	6.666595786946921010e+01
7.440000000000000000e+02	1.196127018788092800e+00	7.033767078862396716e+01
7.450000000000000000e+02	7.450035343653624853e-01	6.626963525622798556e+01
7.460000000000000000e+02	1.002619881962834913e+00	6.859270752344465905e+01
7.470000000000000000e+02	6.945811731364615049e-01	6.581494831531435352e+01
7.480000000000000000e+02	6.636727579095715868e-01	6.553622965903792874e+01
7.490000000000000000e+02	2.683712407249052578e+00	8.375206934399065517e+01
7.500000000000000000e+02	8.179594354752699470e-01	6.692751986711861889e+01
7.510000000000000000e+02	1.370935239459124988e+00	7.191401535413612578e+01
7.520000000000000000e+02	9.430809042680292631e-01	6.805581089715853693e+01
7.530000000000000000e+02	7.688414615184566703e-01	6.648459532376148218e+01
7.540000000000000000e+02	1.567356903804238089e+00	7.368526056188841267e+01
7.550000000000000000e+02	1.928348284575974736e+00	7.694052395334603034e+01
7.560000000000000000e+02	7.067921188523946796e-01	6.592506131712390527e+01
7.570000000000000000e+02	6.958553714041997296e-01	6.582643848154923205e+01
7.580000000000000000e+02	7.785054366445738339e-01	6.657174085165955546e+01
7.590000000000000000e+02	1.235006790794784148e+00	7.068827167613278561e+01
7.600000000000000000e+02	6.828449123315474267e-01	6.570911581574286231e+01
7.610000000000000000e+02	7.069140305345031905e-01	6.592616066369254213e+01
7.620000000000000000e+02	8.209803125755292807e-01	6.695476082399005691e+01
7.630000000000000000e+02	1.065360715855499407e+00	6.915847709745411009e+01
7.640000000000000000e+02	1.476636631703244218e+00	7.286718457347534184e+01
7.650000000000000000e+02	7.278794035219111613e-01	6.611521728612009952e+01
7.660000000000000000e+02	6.963229266909227722e-01	6.583065469193380181e+01
7.670000000000000000e+02	6.187096275719490279e-01	6.513077168981857312e+01
7.680000000000000000e+02	6.949282468233879406e-01	6.581807807499109231e+01
7.690000000000000000e+02	1.323203691480711042e+00	7.148359299773647990e+01
7.700000000000000000e+02	1.104366611851423485e+00	6.951021531628661876e+01
7.710000000000000000e+02	1.032120133513044546e+00	6.885872797164729775e+01
7.720000000000000000e+02	1.064746967387974363e+00	6.915294258049797804e+01
7.730000000000000000e+02	9.931281459847272064e-01	6.850711517333130018e+01
7.740000000000000000e+02	8.400871964085097066e-01	6.712705839888884896e+01
7.750000000000000000e+02	9.737552359907271082e-01	6.833241869012260850e+01
7.760000000000000000e+02	6.993299497235840878e-01	6.585777071884437817e+01
7.770000000000000000e+02	8.094523681401164517e-01	6.685080683090819775e+01
7.780000000000000000e+02	7.563596889716179827e-01	6.637204012328727742e+01
7.790000000000000000e+02	1.051737712136336933e+00	6.903563077022636207e+01
7.800000000000000000e+02	7.136837774451565419e-01	6.598720729932293239e+01
7.810000000000000000e+02	8.297094002862481776e-01	6.703347594346126925e+01
7.820000000000000000e+02	1.091877453142636067e+00	6.939759351061384507e+01
7.830000000000000000e+02	1.065832944049143638e+00	6.916273544608253587e+01
7.840000000000000000e+02	1.199332127377021884e+00	7.036657306499655817e+01
7.850000000000000000e+02	1.050347460271080502e+00	6.902309408308386196e+01
7.860000000000000000e+02	9.318127478833289068e-01	6.795419955981878957e+01
7.870000000000000000e+02	1.127500913654080117e+00	6.971883039619274314e+01
7.880000000000000000e+02	6.790906702389056804e-01	6.567526169207729936e+01
7.890000000000000000e+02	1.009165494570400501e+00	6.865173301333452116e+01
7.900000000000000000e+02	7.353337725773800848e-01	6.618243754672799639e+01
7.910000000000000000e+02	6.392103285901216125e-01	6.531563810236562517e+01
7.920000000000000000e+02	9.471138083266119612e-01	6.809217787333147953e+01
7.930000000000000000e+02	9.707004297763537348e-01	6.830487177524506137e+01
7.940000000000000000e+02	8.807552692556082086e-01	6.749378540621316347e+01
7.950000000000000000e+02	1.119115507019641464e+00	6.964321444330983013e+01
7.960000000000000000e+02	7.977305509079439805e-01	6.674510457719878787e+01
7.970000000000000000e+02	1.010592213722671495e+00	6.866459854662329576e+01
7.980000000000000000e+02	6.714993849263775072e-01	6.560680678016457534e+01
7.990000000000000000e+02	8.445605172781600611e-01	6.716739686246680208e+01
8.000000000000000000e+02	9.229437419421804289e-01	6.787422271855150768e+01
8.010000000000000000e+02	1.230097423674733736e+00	7.064400113696655126e+01
8.020000000000000000e+02	1.127123829910623209e+00	6.971543001886803381e+01
8.030000000000000000e+02	1.522369775354914578e+00	7.327958618812688485e+01
8.040000000000000000e+02	9.077969528672524824e-01	6.773763555719509100e+01
8.050000000000000000e+02	7.825350742526548942e-01	6.660807837240142248e+01
8.060000000000000000e+02	1.206974691300683800e+00	7.043549038513972960e+01
8.070000000000000000e+02	8.989107665454207918e-01	6.765750379072109411e+01
8.080000000000000000e+02	6.974817051858901440e-01	6.584110405281718670e+01
8.090000000000000000e+02	6.964391469313175875e-01	6.583170271555447073e+01
8.100000000000000000e+02	8.925672823279349188e-01	6.760030100681160548e+01
8.110000000000000000e+02	6.756047524095869505e-01	6.564382720000951110e+01
8.120000000000000000e+02	1.000238532227741395e+00	6.857123354642521917e+01
8.130000000000000000e+02	7.627545291284207885e-01	6.642970601273914610e+01
8.140000000000000000e+02	6.635188930839688304e-01	6.553484217290753122e+01
8.150000000000000000e+02	1.138650201225998915e+00	6.981936982623705035e+01
8.160000000000000000e+02	8.813765453329234223e-01	6.749938780388301041e+01
8.170000000000000000e+02	1.043407737368993837e+00	6.896051467783122746e+01
8.180000000000000000e+02	6.690314970178601328e-01	6.558455243950513136e+01
8.190000000000000000e+02	7.962405376783858735e-01	6.673166828542750295e+01
8.200000000000000000e+02	7.861202413271477507e-01	6.664040785103026110e+01
8.210000000000000000e+02	8.044488049068942992e-01	6.680568687212931422e+01
8.220000000000000000e+02	7.802960716531048835e-01	6.658788801998881013e+01
8.230000000000000000e+02	7.336388369673085830e-01	6.616715335398481557e+01
8.240000000000000000e+02	7.503424316679763173e-01	6.631777911191450414e+01
8.250000000000000000e+02	1.018767200600936951e+00	6.873831702558966583e+01
8.260000000000000000e+02	5.991346479625891952e-01	6.495425303063437639e+01
8.270000000000000000e+02	7.319881990499874647e-01	6.615226861858387508e+01
8.280000000000000000e+02	8.281415952742232633e-01	6.701933815920261850e+01
8.290000000000000000e+02	1.630330627319059422e+00	7.425313023330085116e+01
8.300000000000000000e+02	1.526354501816956866e+00	7.331551871967134559e+01
8.310000000000000000e+02	7.339081364560984255e-01	6.616958177974201760e+01
8.320000000000000000e+02	6.913158821411287125e-01	6.578550334015500312e+01
8.330000000000000000e+02	7.665324200460907900e-01	6.646377339123145589e+01
8.340000000000000000e+02	1.350090675793776729e+00	7.172604813767334520e+01
8.350000000000000000e+02	8.443528786449692181e-01	6.716552446750868910e+01
8.360000000000000000e+02	7.478807592740839283e-01	6.629558082006479935e+01
8.370000000000000000e+02	7.837511089578912404e-01	6.661904404490648801e+01
8.380000000000000000e+02	7.772540212286702666e-01	6.656045613128149796e+01
8.390000000000000000e+02	8.652745599448827818e-01	6.735418709728604370e+01
8.400000000000000000e+02	1.459575315677008378e+00	7.271333304009090170e+01
8.410000000000000000e+02	7.995079598080137018e-01	6.676113247822976859e+01
8.420000000000000000e+02	9.687523725453461854e-01	6.828730504172636984e+01
8.430000000000000000e+02	8.253587132963211559e-01	6.699424333891619199e+01
8.440000000000000000e+02	8.679855535803728817e-01	6.737863365974196483e+01
8.450000000000000000e+02	9.532962927586388080e-01	6.814792883114328959e+01
8.460000000000000000e+02	7.351597828799476542e-01	6.618086858324933530e+01
8.470000000000000000e+02	1.224064063779848111e+00	7.058959491942384545e+01
8.480000000000000000e+02	1.285014030899736204e+00	7.113921523515480771e+01
8.490000000000000000e+02	7.317142680568791135e-01	6.614979842793349007e+01
8.500000000000000000e+02	1.028078296764161959e+00	6.882228044435521497e+01
8.510000000000000000e+02	8.768096469512209890e-01	6.745820549896846785e+01
8.520000000000000000e+02	6.384362357192721049e-01	6.530865766926309846e+01
8.530000000000000000e+02	1.108736529538950411e+00	6.954962133490533915e+01
8.540000000000000000e+02	8.612153654986467455e-01	6.731758304582255903e+01
8.550000000000000000e+02	9.626791592432006883e-01	6.823253944347656841e+01
8.560000000000000000e+02	8.583703862375142712e-01	6.729192825922233112e+01
8.570000000000000000e+02	7.612250673727871675e-01	6.641591399130332718e+01
8.580000000000000000e+02	1.019474895784657775e+00	6.874469871320489744e+01
8.590000000000000000e+02	1.147447519690935280e+00	6.989870022099795221e+01
8.600000000000000000e+02	1.156370205119451988e+00	6.997916112055418125e+01
8.610000000000000000e+02	9.039698487494898238e-01	6.770312439545152472e+01
8.620000000000000000e+02	7.813005142980322670e-01	6.659694564724811983e+01
8.630000000000000000e+02	8.868220891978246812e-01	6.754849335192156445e+01
8.640000000000000000e+02	9.438009063466950010e-01	6.806230356300402207e+01
8.650000000000000000e+02	9.182861277755767215e-01	6.783222237811216360e+01
8.660000000000000000e+02	1.071079779373839802e+00	6.921004912686066746e+01
8.670000000000000000e+02	7.166186396859806074e-01	6.601367261157250255e+01
8.680000000000000000e+02	8.278386307636609320e-01	6.701660615690927614e+01
8.690000000000000000e+02	6.572143087950728102e-01	6.547799017164885527e+01
8.700000000000000000e+02	8.889966621699421090e-01	6.756810270595393320e+01
8.710000000000000000e+02	8.069751165561238615e-01	6.682846805269259960e+01
8.720000000000000000e+02	8.028545258424892861e-01	6.679131035637144009e+01
8.730000000000000000e+02	7.422746763068222009e-01	6.624502760016855518e+01
8.740000000000000000e+02	9.735466484254682307e-01	6.833053773810749476e+01
8.750000000000000000e+02	1.491390651451507177e+00	7.300022991173435116e+01
8.760000000000000000e+02	1.257645776969781304e+00	7.089242021496390578e+01
8.770000000000000000e+02	7.112649944735534024e-01	6.596539576564445895e+01
8.780000000000000000e+02	8.979672474940028071e-01	6.764899554595176312e+01
8.790000000000000000e+02	9.015976872916577900e-01	6.768173327432336350e+01
8.800000000000000000e+02	8.215302272144966445e-01	6.695971971522128285e+01
8.810000000000000000e+02	7.539763132418324521e-01	6.635054787672815735e+01
8.820000000000000000e+02	8.403351823096407713e-01	6.712929462797504243e+01
8.830000000000000000e+02	6.487979721419208090e-01	6.540209530529881476e+01
8.840000000000000000e+02	1.114586826759165428e+00	6.960237677280359492e+01
8.850000000000000000e+02	1.779679874629522596e+00	7.559989684105795504e+01
8.860000000000000000e+02	8.820577651071626057e-01	6.750553074776128426e+01
8.870000000000000000e+02	7.910841187309498590e-01	6.668516994024616906e+01
8.880000000000000000e+02	8.982243547296446806e-01	6.765131402726861154e+01
8.890000000000000000e+02	1.022725352187458858e+00	6.877400991645563977e+01
8.900000000000000000e+02	7.990653287223514756e-01	6.675714102345874323e+01
8.910000000000000000e+02	1.093767253570399278e+00	6.941463490959823446e+01
8.920000000000000000e+02	9.382106817463720105e-01	6.801189334696907451e+01
8.930000000000000000e+02	9.658020116664729482e-01	6.826069996949431129e+01
8.940000000000000000e+02	8.176129078862683919e-01	6.692439503191563688e+01
8.950000000000000000e+02	1.589499046137497151e+00	7.388492877887412646e+01
8.960000000000000000e+02	6.465366814936044371e-01	6.538170396894842895e+01
8.970000000000000000e+02	7.449085765401453063e-01	6.626877896782714572e+01
8.980000000000000000e+02	9.001141008799058429e-01	6.766835493680207492e+01
8.990000000000000000e+02	8.355023964187093810e-01	6.708571466505219405e+01
9.000000000000000000e+02	9.598423523739763041e-01	6.820695835195499512e+01
9.010000000000000000e+02	7.636797659734324561e-01	6.643804939651622021e+01
9.020000000000000000e+02	1.144635099167550019e+00	6.987333903494528897e+01
9.030000000000000000e+02	8.661042176804842896e-01	6.736166859019141384e+01
9.040000000000000000e+02	8.649578205321093449e-01	6.735133087891088621e+01
9.050000000000000000e+02	5.823075279007408067e-01	6.480251337467946371e+01
9.060000000000000000e+02	6.643178492942196645e-01	6.554204681279961164e+01
9.070000000000000000e+02	8.797847041352528930e-01	6.748503327174789490e+01
9.080000000000000000e+02	7.754847679918679404e-01	6.654450177447755266e+01
9.090000000000000000e+02	7.402809462630566273e-01	6.622704900907299930e+01
9.100000000000000000e+02	7.669850608752488696e-01	6.646785510951926312e+01
9.110000000000000000e+02	9.330662539333989258e-01	6.796550313262720522e+01
9.120000000000000000e+02	6.671407797932271677e-01	6.556750277324499621e+01
9.130000000000000000e+02	9.011914551698141373e-01	6.767807004958973494e+01
9.140000000000000000e+02	8.913031367199046873e-01	6.758890149109326728e+01
9.150000000000000000e+02	9.017408975003777805e-01	6.768302468174903197e+01
9.160000000000000000e+02	1.073103694783982265e+00	6.922829991647220993e+01
9.170000000000000000e+02	7.357097191608006348e-01	6.618582766963768904e+01
9.180000000000000000e+02	9.296944732273086931e-01	6.793509787953476575e+01
9.190000000000000000e+02	9.129226497847351407e-01	6.778385686446154068e+01
9.200000000000000000e+02	1.034887378937837221e+00	6.888368178829313138e+01
9.210000000000000000e+02	7.435949461698339036e-01	6.625693322002773300e+01
9.220000000000000000e+02	7.327939293199146054e-01	6.615953434400223898e+01
9.230000000000000000e+02	8.160631238408988519e-01	6.691041975290268340e+01
9.240000000000000000e+02	1.006086962050483091e+00	6.862397214494460229e+01
9.250000000000000000e+02	1.167512117741615452e+00	7.007963404650662653e+01
9.260000000000000000e+02	9.378198544851210627e-01	6.800836903657359755e+01
9.270000000000000000e+02	5.885937780495305027e-01	6.485920004663033467e+01
9.280000000000000000e+02	6.767700452179425952e-01	6.565433530414003371e+01
9.290000000000000000e+02	8.252083279573998453e-01	6.699288722928456252e+01
9.300000000000000000e+02	9.696689289116022792e-01	6.829557014871841147e+01
9.310000000000000000e+02	8.966446010925652743e-01	6.763706849550186462e+01
9.320000000000000000e+02	1.122775153434730555e+00	6.967621554426479236e+01
9.330000000000000000e+02	1.012620479815788066e+00	6.868288856880316473e+01
9.340000000000000000e+02	1.055256634897393964e+00	6.906736288642522936e+01
9.350000000000000000e+02	9.777907264534821952e-01	6.836880898936438200e+01
9.360000000000000000e+02	7.620919995094233013e-01	6.642373160855845526e+01
9.370000000000000000e+02	1.500103374323548566e+00	7.307879746020223877e+01
9.380000000000000000e+02	8.119692048824898034e-01	6.687350257087908290e+01
9.390000000000000000e+02	7.781145781367657666e-01	6.656821625949619659e+01
9.400000000000000000e+02	8.155220664128206565e-01	6.690554073215007236e+01
9.410000000000000000e+02	1.126342714872166528e+00	6.970838626290974105e+01
9.420000000000000000e+02	6.876223282152043037e-01	6.575219647600292205e+01
9.430000000000000000e+02	8.681450786252569163e-01	6.738007218727001657e+01
9.440000000000000000e+02	7.645253136843006558e-01	6.644567417831305534e+01
9.450000000000000000e+02	7.277955857083935332e-01	6.611446145350350889e+01
9.460000000000000000e+02	1.140112761045035672e+00	6.983255855508301124e+01
9.470000000000000000e+02	7.573058603796745114e-01	6.638057228585610403e+01
9.480000000000000000e+02	7.497197408726692380e-01	6.631216395693260779e+01
9.490000000000000000e+02	6.826886867232946354e-01	6.570770704110046267e+01
9.500000000000000000e+02	7.160224945932807117e-01	6.600829683420043636e+01
9.510000000000000000e+02	6.873902455441238679e-01	6.575010365533405832e+01
9.520000000000000000e+02	9.227910496142903707e-01	6.787284580549592761e+01
9.530000000000000000e+02	9.449922868909113038e-01	6.807304691499928140e+01
9.540000000000000000e+02	9.052491460871432416e-01	6.771466054288293890e+01
9.550000000000000000e+02	7.953445264852430086e-01	6.672358844587803617e+01
9.560000000000000000e+02	8.533120450783979738e-01	6.724631433691324389e+01
9.570000000000000000e+02	7.348036991067945500e-01	6.617765757453062747e+01
9.580000000000000000e+02	9.297543608991083453e-01	6.793563792053294037e+01
9.590000000000000000e+02	6.527049562029632046e-01	6.543732678965650962e+01
9.600000000000000000e+02	8.795345048803964172e-01	6.748277708359967164e+01
9.610000000000000000e+02	6.484034169352221877e-01	6.539853737791138144e+01
9.620000000000000000e+02	7.470241302865903155e-01	6.628785611213108098e+01
9.630000000000000000e+02	1.193085906920943851e+00	7.031024736341836956e+01
9.640000000000000000e+02	1.061225717207368024e+00	6.912118947664109214e+01
9.650000000000000000e+02	7.865380759310163228e-01	6.664417570190455820e+01
9.660000000000000000e+02	9.919797617638630438e-01	6.849675954349461904e+01
9.670000000000000000e+02	6.497747439957533011e-01	6.541090340938924896e+01
9.680000000000000000e+02	1.317334118318783220e+00	7.143066373777281797e+01
9.690000000000000000e+02	7.270270312944404623e-01	6.610753096379835370e+01
9.700000000000000000e+02	6.661170292356692890e-01	6.555827103562046432e+01
9.710000000000000000e+02	1.124464051688218946e+00	6.969144529475002514e+01
9.720000000000000000e+02	8.988529790213988235e-01	6.765698268794287173e+01
9.730000000000000000e+02	7.695910408505846068e-01	6.649135470442496398e+01
9.740000000000000000e+02	7.330881166133540461e-01	6.616218719716599139e+01
9.750000000000000000e+02	7.902872711968944586e-01	6.667798431547961968e+01
9.760000000000000000e+02	7.741417735767339714e-01	6.653239123448302905e+01
9.770000000000000000e+02	9.489927949271068641e-01	6.810912175792105927e+01
9.780000000000000000e+02	7.744342423593983948e-01	6.653502859086343335e+01
9.790000000000000000e+02	7.577644609659086594e-01	6.638470774664321539e+01
9.800000000000000000e+02	1.651491577037718761e+00	7.444395048169671725e+01
9.810000000000000000e+02	1.336096317868619154e+00	7.159985309959978395e+01
9.820000000000000000e+02	8.218012538014602963e-01	6.696216371519926724e+01
9.830000000000000000e+02	6.928517063548231825e-01	6.579935273547259555e+01
9.840000000000000000e+02	9.465672209935309667e-01	6.808724898629874644e+01
9.850000000000000000e+02	1.071414865799130478e+00	6.921307079062142975e+01
9.860000000000000000e+02	7.182243284266209837e-01	6.602815201483223007e+01
9.870000000000000000e+02	1.172188067805669087e+00	7.012179973210072603e+01
9.880000000000000000e+02	1.221287676139447997e+00	7.056455866225070395e+01
9.890000000000000000e+02	1.149747112645040037e+00	6.991943695089645416e+01
9.900000000000000000e+02	6.815673060486671098e-01	6.569759491750849634e+01
9.910000000000000000e+02	6.303391167503167303e-01	6.523564136926289336e+01
9.920000000000000000e+02	7.079906902296160265e-01	6.593586951292618892e+01
9.930000000000000000e+02	7.633720914250623490e-01	6.643527492114883160e+01
9.940000000000000000e+02	9.896574923499465992e-01	6.847581832713630945e+01
9.950000000000000000e+02	9.252995383377897731e-01	6.789546626666049178e+01
9.960000000000000000e+02	8.018138670360093201e-01	6.678192614750614098e+01
9.970000000000000000e+02	7.468494845060194010e-01	6.628628123237980674e+01
9.980000000000000000e+02	1.002310769746842078e+00	6.858992008381541439e+01
9.990000000000000000e+02	1.070485049664767763e+00	6.920468611280305993e+01
