Poisson Boltzmann Decomposition Energies

Total Energy Decomposition:
Frame #,Residue,Internal,van der Waals,Electrostatic,Polar Solvation,Non-Polar Solv.,TOTAL
1,121,148.93,-10.766,-128.152,-13.606,0.0,-3.593999999999971
2,121,152.996,-11.578,-130.772,-11.765,0.0,-1.1189999999999856
3,121,154.901,-11.706,-132.606,-11.079,0.0,-0.48999999999997357
4,121,157.816,-11.031,-130.117,-11.329,0.0,5.339000000000006
5,121,155.577,-11.796,-135.884,-6.228,0.0,1.66900000000002
6,121,160.402,-11.588,-129.613,-10.882,0.0,8.318999999999994
7,121,156.754,-11.455,-129.044,-11.458,0.0,4.796999999999967
8,121,155.945,-10.368,-136.721,-7.945,0.0,0.9109999999999943
9,121,157.322,-10.583,-130.269,-12.386,0.0,4.084
10,121,157.186,-10.731,-125.637,-13.183,0.0,7.635000000000012
11,121,158.299,-10.875,-129.967,-11.141,0.0,6.315999999999994
12,121,149.786,-11.55,-129.004,-11.949,0.0,-2.7170000000000005
13,121,152.422,-10.806,-129.472,-12.555,0.0,-0.4110000000000227
14,121,157.077,-13.107,-133.159,-8.236,0.0,2.5750000000000064
15,121,156.678,-11.085,-134.22,-9.599,0.0,1.7739999999999903
16,121,157.537,-11.254,-129.732,-12.745,0.0,3.806000000000017
17,121,167.818,-11.245,-129.486,-11.889,0.0,15.198000000000018
18,121,156.808,-10.62,-127.518,-12.999,0.0,5.670999999999987
19,121,158.357,-10.521,-128.545,-12.659,0.0,6.6320000000000245
20,121,157.005,-10.318,-129.081,-12.21,0.0,5.395999999999994
21,121,150.526,-11.333,-126.298,-13.925,0.0,-1.0299999999999905
22,121,152.568,-11.013,-128.782,-10.353,0.0,2.4199999999999964
23,121,150.477,-11.017,-131.512,-12.31,0.0,-4.361999999999993
24,121,152.349,-11.514,-129.562,-12.094,0.0,-0.8210000000000317
25,121,158.161,-10.396,-130.785,-9.455,0.0,7.52499999999999
26,121,154.16,-10.172,-128.649,-11.936,0.0,3.4029999999999987
27,121,156.311,-11.439,-131.443,-12.194,0.0,1.2350000000000012
28,121,151.933,-10.694,-132.474,-10.559,0.0,-1.7939999999999845
29,121,166.688,-11.326,-131.435,-11.835,0.0,12.091999999999992
30,121,158.147,-11.192,-129.82,-11.423,0.0,5.711999999999991
31,121,159.363,-10.319,-129.704,-8.609,0.0,10.731000000000003
32,121,154.862,-11.642,-130.556,-11.337,0.0,1.3269999999999875
33,121,157.306,-11.42,-136.349,-8.47,0.0,1.067000000000034
34,121,155.895,-11.799,-135.614,-6.708,0.0,1.7739999999999991
35,121,156.74,-10.643,-136.168,-8.372,0.0,1.5570000000000022
36,121,156.427,-10.779,-136.057,-7.78,0.0,1.811000000000008
37,121,155.611,-11.715,-135.028,-9.012,0.0,-0.14400000000000546
38,121,153.335,-11.373,-130.358,-9.891,0.0,1.7130000000000134
39,121,159.968,-11.075,-129.916,-11.043,0.0,7.934000000000005
40,121,152.552,-11.326,-131.506,-10.191,0.0,-0.47100000000000186
41,121,157.225,-11.199,-127.822,-13.672,0.0,4.531999999999979
42,121,157.945,-10.635,-131.307,-10.672,0.0,5.331000000000014
43,121,156.619,-10.676,-136.194,-8.263,0.0,1.4860000000000237
44,121,150.477,-11.726,-126.882,-11.778,0.0,0.0909999999999993
45,121,155.858,-10.018,-130.872,-12.115,0.0,2.852999999999989
46,121,151.679,-11.463,-129.922,-9.373,0.0,0.9210000000000118
47,121,156.777,-12.038,-130.376,-10.254,0.0,4.108999999999972
48,121,153.737,-11.495,-130.344,-12.254,0.0,-0.3560000000000034
49,121,159.473,-10.231,-131.631,-12.216,0.0,5.395000000000019
50,121,151.037,-10.243,-132.862,-8.014,0.0,-0.08199999999998298
51,121,154.563,-9.815,-127.179,-11.206,0.0,6.362999999999989
52,121,161.427,-10.544,-134.285,-11.911,0.0,4.686999999999985
53,121,155.946,-11.332,-131.637,-10.673,0.0,2.304000000000004
54,121,156.105,-11.611,-134.054,-10.236,0.0,0.20399999999999707
55,121,151.832,-10.311,-129.66,-11.283,0.0,0.5779999999999905
56,121,154.064,-10.861,-128.87,-9.829,0.0,4.503999999999998
57,121,158.19,-11.133,-133.721,-9.803,0.0,3.5329999999999835
58,121,148.713,-11.33,-129.263,-11.507,0.0,-3.3870000000000235
59,121,155.433,-10.676,-127.972,-11.284,0.0,5.50100000000001
60,121,153.245,-11.38,-129.368,-11.572,0.0,0.9250000000000149
61,121,148.116,-11.438,-128.517,-12.386,0.0,-4.2249999999999694
62,121,149.369,-11.365,-129.029,-11.877,0.0,-2.9020000000000064
63,121,153.583,-11.132,-132.002,-8.587,0.0,1.8619999999999841
64,121,150.201,-11.135,-129.379,-13.217,0.0,-3.5299999999999887
65,121,157.227,-10.75,-133.643,-9.387,0.0,3.4470000000000027
66,121,153.385,-11.109,-132.233,-11.463,0.0,-1.4200000000000212
67,121,156.715,-12.007,-128.358,-11.624,0.0,4.725999999999994
68,121,154.433,-11.038,-130.753,-10.742,0.0,1.899999999999995
69,121,154.735,-11.469,-133.798,-7.416,0.0,2.0520000000000174
70,121,155.833,-11.86,-127.505,-13.539,0.0,2.929000000000018
71,121,159.445,-10.369,-135.769,-6.561,0.0,6.745999999999988
72,121,152.699,-11.632,-129.577,-10.58,0.0,0.910000000000009
73,121,153.075,-11.409,-133.355,-9.351,0.0,-1.0399999999999938
74,121,158.313,-11.216,-133.591,-9.402,0.0,4.103999999999973
75,121,151.198,-10.293,-130.42,-10.101,0.0,0.3840000000000128
76,121,156.809,-11.581,-135.834,-8.173,0.0,1.2210000000000054
77,121,149.703,-12.211,-133.213,-8.158,0.0,-3.879000000000003
78,121,155.715,-12.015,-130.796,-9.156,0.0,3.747999999999996
79,121,152.335,-11.839,-132.048,-11.089,0.0,-2.640999999999993
80,121,156.785,-10.471,-133.01,-9.979,0.0,3.325000000000003
81,121,160.554,-10.968,-134.102,-10.423,0.0,5.061000000000009
82,121,161.871,-11.202,-129.157,-10.982,0.0,10.530000000000001
83,121,154.107,-11.984,-127.993,-11.037,0.0,3.0929999999999946
84,121,159.664,-11.181,-136.499,-8.908,0.0,3.075999999999981
85,121,153.093,-11.336,-129.85,-12.704,0.0,-0.7970000000000184
86,121,157.842,-11.84,-126.517,-13.351,0.0,6.134000000000013
87,121,158.574,-11.069,-128.837,-13.102,0.0,5.5660000000000345
88,121,160.724,-10.552,-131.666,-12.824,0.0,5.682
89,121,153.914,-10.286,-126.867,-10.433,0.0,6.327999999999982
90,121,155.562,-10.814,-132.577,-7.259,0.0,4.91200000000002
91,121,152.776,-12.886,-131.394,-8.092,0.0,0.4040000000000088
92,121,157.55,-10.52,-131.343,-10.245,0.0,5.442000000000013
93,121,158.469,-10.625,-129.956,-12.354,0.0,5.534000000000006
94,121,153.297,-10.806,-128.472,-12.497,0.0,1.5219999999999771
95,121,150.772,-11.039,-129.746,-10.239,0.0,-0.252000000000006
96,121,159.209,-10.69,-127.38,-14.612,0.0,6.52700000000001
97,121,152.288,-9.855,-128.833,-13.117,0.0,0.48300000000002186
98,121,157.359,-11.23,-128.545,-9.903,0.0,7.681000000000031
99,121,153.701,-11.702,-128.558,-11.873,0.0,1.5680000000000032
100,121,154.645,-12.104,-135.179,-5.906,0.0,1.455999999999995
101,121,156.02,-9.468,-132.071,-8.755,0.0,5.726000000000022
102,121,152.362,-11.3,-131.721,-9.538,0.0,-0.1970000000000205
103,121,152.426,-11.005,-130.595,-11.842,0.0,-1.0160000000000071
104,121,151.862,-10.72,-131.076,-8.505,0.0,1.5610000000000017
105,121,159.654,-9.712,-130.209,-14.265,0.0,5.4680000000000035
106,121,150.86,-10.009,-134.714,-6.99,0.0,-0.8529999999999998
107,121,151.525,-10.803,-128.067,-12.897,0.0,-0.2419999999999991
108,121,152.299,-10.644,-134.432,-8.325,0.0,-1.101999999999986
109,121,149.783,-10.877,-134.169,-8.474,0.0,-3.737000000000034
110,121,157.978,-10.568,-135.818,-7.591,0.0,4.000999999999984
111,121,153.544,-11.85,-128.189,-11.901,0.0,1.604000000000024
112,121,154.928,-11.408,-130.608,-10.235,0.0,2.6770000000000067
113,121,159.593,-11.174,-132.809,-12.858,0.0,2.7519999999999847
114,121,148.845,-10.884,-128.914,-10.969,0.0,-1.921999999999974
115,121,153.874,-11.757,-128.089,-11.615,0.0,2.4129999999999914
116,121,153.674,-10.958,-133.353,-6.941,0.0,2.4219999999999997
117,121,152.118,-12.107,-131.677,-8.293,0.0,0.04100000000000392
118,121,158.167,-11.175,-136.873,-7.65,0.0,2.4689999999999994
119,121,158.031,-10.847,-132.166,-9.976,0.0,5.042
120,121,154.659,-11.033,-129.193,-10.085,0.0,4.347999999999992
121,121,155.525,-11.228,-127.506,-12.06,0.0,4.730999999999996
122,121,157.653,-11.703,-132.742,-7.322,0.0,5.885999999999998
123,121,157.359,-8.369,-137.631,-6.883,0.0,4.476000000000009
124,121,147.102,-11.658,-130.139,-8.713,0.0,-3.4079999999999924
125,121,160.493,-10.312,-134.392,-8.583,0.0,7.205999999999987
126,121,154.133,-12.574,-134.529,-6.859,0.0,0.17100000000000115
127,121,154.965,-11.193,-129.612,-10.855,0.0,3.304999999999996
128,121,163.37,-10.07,-131.955,-11.057,0.0,10.287999999999998
129,121,156.598,-11.891,-130.603,-9.073,0.0,5.031000000000013
130,121,156.718,-11.691,-128.874,-9.536,0.0,6.616999999999992
131,121,151.921,-11.29,-128.602,-11.762,0.0,0.2669999999999959
132,121,160.254,-12.011,-128.632,-12.676,0.0,6.93499999999999
133,121,148.938,-9.152,-127.491,-11.63,0.0,0.6650000000000009
134,121,162.211,-11.776,-128.72,-13.844,0.0,7.871000000000004
135,121,157.263,-11.17,-140.134,-5.594,0.0,0.3650000000000313
136,121,151.869,-11.974,-130.451,-11.206,0.0,-1.7619999999999827
137,121,156.765,-10.622,-124.421,-14.107,0.0,7.6149999999999665
138,121,155.545,-11.244,-134.973,-7.217,0.0,2.110999999999975
139,121,158.673,-10.989,-131.078,-9.542,0.0,7.063999999999995
140,121,154.456,-11.867,-128.398,-11.649,0.0,2.5420000000000034
141,121,152.076,-10.891,-128.729,-13.651,0.0,-1.195000000000011
142,121,155.755,-10.797,-129.38,-12.307,0.0,3.2710000000000026
143,121,162.728,-11.989,-131.866,-11.008,0.0,7.864999999999991
144,121,157.787,-11.569,-130.032,-11.485,0.0,4.701000000000008
145,121,153.625,-9.542,-134.529,-6.566,0.0,2.988000000000002
146,121,152.515,-11.185,-130.644,-10.099,0.0,0.5869999999999784
147,121,152.024,-11.402,-131.342,-10.763,0.0,-1.4829999999999988
148,121,159.733,-11.682,-132.395,-9.183,0.0,6.473000000000006
149,121,151.84,-11.193,-128.355,-12.668,0.0,-0.37599999999999767
150,121,153.243,-10.487,-131.484,-9.718,0.0,1.5539999999999914
151,121,160.689,-10.547,-137.887,-6.574,0.0,5.680999999999996
152,121,151.998,-11.878,-136.042,-6.832,0.0,-2.753999999999997
153,121,154.643,-11.379,-132.441,-9.211,0.0,1.6120000000000072
154,121,156.901,-10.282,-127.071,-12.993,0.0,6.5550000000000015
155,121,156.698,-11.625,-128.849,-13.646,0.0,2.578000000000017
156,121,154.786,-10.614,-131.695,-9.923,0.0,2.554000000000004
157,121,151.432,-10.289,-130.473,-12.895,0.0,-2.225000000000012
158,121,160.14,-11.887,-132.64,-8.8,0.0,6.812999999999999
159,121,152.586,-11.887,-125.451,-13.515,0.0,1.7330000000000183
160,121,148.193,-11.404,-126.764,-9.395,0.0,0.6300000000000203
161,121,153.678,-11.448,-129.263,-9.523,0.0,3.443999999999985
162,121,151.97,-11.1,-128.786,-12.239,0.0,-0.15499999999999758
163,121,150.276,-11.359,-126.665,-11.486,0.0,0.7659999999999947
164,121,150.51,-11.638,-126.918,-12.634,0.0,-0.680000000000021
165,121,159.069,-10.213,-127.656,-11.444,0.0,9.755999999999988
166,121,157.737,-11.946,-129.282,-9.043,0.0,7.465999999999987
167,121,153.85,-11.837,-128.994,-11.876,0.0,1.143000000000006
168,121,156.449,-10.444,-127.552,-11.742,0.0,6.711000000000016
169,121,157.983,-10.373,-127.37,-12.004,0.0,8.23600000000001
170,121,154.995,-10.026,-131.194,-12.185,0.0,1.5900000000000052
171,121,160.29,-11.975,-138.681,-7.637,0.0,1.9969999999999866
172,121,155.818,-11.403,-130.018,-11.81,0.0,2.5870000000000193
173,121,156.019,-10.741,-131.854,-10.364,0.0,3.060000000000006
174,121,156.003,-11.738,-132.983,-8.837,0.0,2.4449999999999825
175,121,163.164,-11.24,-130.497,-12.647,0.0,8.779999999999964
176,121,151.604,-11.514,-127.212,-13.297,0.0,-0.4190000000000005
177,121,155.464,-11.495,-127.838,-13.594,0.0,2.537000000000001
178,121,154.369,-11.601,-130.131,-13.084,0.0,-0.4469999999999992
179,121,153.938,-11.268,-132.204,-8.905,0.0,1.5609999999999804
180,121,150.615,-9.503,-129.767,-11.412,0.0,-0.06699999999997353
181,121,155.874,-11.651,-132.359,-10.413,0.0,1.4509999999999756
182,121,154.693,-11.287,-127.95,-13.175,0.0,2.2810000000000024
183,121,152.398,-11.478,-131.073,-9.482,0.0,0.3649999999999807
184,121,156.529,-11.472,-127.575,-14.637,0.0,2.8449999999999847
185,121,153.439,-10.986,-130.753,-10.209,0.0,1.4910000000000174
186,121,153.957,-12.171,-132.855,-9.084,0.0,-0.15299999999998803
187,121,151.47,-10.134,-128.02,-12.2,0.0,1.1160000000000032
188,121,155.613,-11.077,-127.59,-12.603,0.0,4.342999999999998
189,121,156.826,-10.999,-129.489,-12.488,0.0,3.8499999999999943
190,121,152.837,-11.301,-127.346,-12.065,0.0,2.1249999999999982
191,121,150.96,-11.492,-130.696,-10.998,0.0,-2.2259999999999796
192,121,155.947,-10.601,-128.567,-12.52,0.0,4.258999999999997
193,121,154.143,-11.75,-127.824,-11.008,0.0,3.5610000000000035
194,121,155.712,-11.194,-133.098,-8.148,0.0,3.271999999999988
195,121,159.043,-12.012,-130.253,-11.6,0.0,5.17800000000002
196,121,158.3,-11.835,-130.066,-12.41,0.0,3.9890000000000008
197,121,154.442,-11.499,-134.916,-6.437,0.0,1.590000000000015
198,121,148.645,-11.692,-127.698,-10.713,0.0,-1.4579999999999895
199,121,159.792,-9.385,-132.387,-11.112,0.0,6.90800000000001
200,121,150.486,-10.133,-129.079,-12.26,0.0,-0.9860000000000273
201,121,156.28,-11.314,-128.936,-13.682,0.0,2.3480000000000008
202,121,151.373,-11.797,-134.256,-10.05,0.0,-4.7300000000000075
203,121,150.555,-10.306,-127.023,-12.12,0.0,1.1059999999999999
204,121,160.944,-10.867,-128.161,-13.359,0.0,8.556999999999997
205,121,162.921,-11.388,-127.741,-13.715,0.0,10.076999999999988
206,121,151.388,-9.977,-131.109,-9.41,0.0,0.8919999999999924
207,121,149.504,-11.426,-128.179,-10.436,0.0,-0.536999999999999
208,121,157.719,-11.035,-130.73,-10.919,0.0,5.035000000000007
209,121,156.25,-11.025,-126.634,-13.029,0.0,5.561999999999994
210,121,153.269,-10.657,-130.763,-11.023,0.0,0.8259999999999899
211,121,155.838,-11.419,-129.955,-12.716,0.0,1.747999999999971
212,121,152.247,-10.545,-129.964,-11.286,0.0,0.4520000000000284
213,121,159.622,-11.714,-129.53,-13.258,0.0,5.120000000000015
214,121,151.295,-10.155,-128.687,-9.941,0.0,2.511999999999974
215,121,155.964,-10.892,-128.471,-13.47,0.0,3.1309999999999985
216,121,150.659,-11.125,-135.701,-6.444,0.0,-2.6110000000000015
217,121,152.688,-11.635,-131.121,-11.538,0.0,-1.6060000000000123
218,121,152.73,-10.745,-127.783,-12.559,0.0,1.6429999999999847
219,121,166.235,-10.081,-132.318,-12.676,0.0,11.160000000000013
220,121,157.13,-10.69,-134.0,-7.088,0.0,5.351999999999998
221,121,151.965,-10.7,-131.003,-10.772,0.0,-0.5099999999999714
222,121,159.897,-10.979,-128.117,-13.601,0.0,7.200000000000015
223,121,156.758,-10.125,-130.43,-11.798,0.0,4.405000000000003
224,121,156.334,-11.17,-131.105,-11.477,0.0,2.5820000000000256
225,121,154.799,-12.937,-132.272,-10.048,0.0,-0.45799999999999663
226,121,157.623,-10.757,-129.972,-11.021,0.0,5.872999999999976
227,121,155.623,-11.308,-129.095,-12.441,0.0,2.778999999999998
228,121,152.28,-10.42,-132.105,-8.509,0.0,1.2460000000000235
229,121,151.869,-11.489,-133.047,-8.87,0.0,-1.5370000000000008
230,121,148.147,-10.958,-127.365,-13.825,0.0,-4.001000000000001
231,121,153.352,-11.212,-128.161,-14.279,0.0,-0.2999999999999865
232,121,157.215,-11.568,-129.289,-12.208,0.0,4.150000000000004
233,121,152.7,-10.74,-128.164,-12.724,0.0,1.071999999999992
234,121,162.099,-9.828,-130.419,-10.868,0.0,10.983999999999975
235,121,150.919,-12.262,-127.876,-11.305,0.0,-0.5239999999999938
236,121,157.602,-11.217,-136.432,-7.018,0.0,2.935000000000003
237,121,148.611,-10.826,-129.113,-12.597,0.0,-3.9250000000000025
238,121,155.168,-9.848,-135.265,-7.777,0.0,2.2780000000000067
239,121,150.251,-11.716,-130.989,-10.877,0.0,-3.3310000000000084
240,121,152.214,-10.939,-136.288,-6.588,0.0,-1.6010000000000053
241,121,160.591,-10.933,-127.225,-12.159,0.0,10.27400000000002
242,121,156.371,-11.47,-131.025,-8.632,0.0,5.244000000000005
243,121,158.55,-11.326,-137.572,-6.594,0.0,3.058000000000015
244,121,161.455,-9.486,-137.126,-8.375,0.0,6.468000000000018
245,121,155.941,-11.913,-133.698,-9.294,0.0,1.0359999999999836
246,121,153.449,-11.514,-125.703,-13.153,0.0,3.078999999999999
247,121,157.845,-10.613,-129.966,-12.829,0.0,4.4369999999999905
248,121,159.916,-10.311,-128.701,-12.655,0.0,8.248999999999997
249,121,154.739,-10.942,-129.517,-11.583,0.0,2.697000000000001
250,121,151.869,-10.399,-132.98,-8.986,0.0,-0.49599999999999156
251,121,153.978,-9.727,-130.388,-12.838,0.0,1.0250000000000004
252,121,156.631,-10.275,-135.263,-7.753,0.0,3.339999999999989
253,121,151.549,-11.732,-128.769,-10.315,0.0,0.7330000000000023
254,121,152.147,-11.588,-130.568,-9.887,0.0,0.103999999999985
255,121,160.157,-10.94,-136.003,-6.661,0.0,6.5530000000000275
256,121,152.94,-11.833,-132.301,-9.286,0.0,-0.479999999999988
257,121,152.929,-10.686,-127.502,-11.775,0.0,2.9659999999999993
258,121,156.044,-10.504,-127.515,-12.729,0.0,5.296000000000021
259,121,154.411,-11.506,-130.471,-13.384,0.0,-0.9500000000000028
260,121,152.323,-11.693,-130.294,-9.96,0.0,0.37599999999998346
261,121,149.691,-11.16,-130.273,-12.575,0.0,-4.3169999999999895
262,121,154.045,-10.041,-130.467,-9.605,0.0,3.9319999999999773
263,121,157.092,-11.79,-129.203,-12.705,0.0,3.394000000000018
264,121,148.92,-9.857,-129.849,-10.767,0.0,-1.5530000000000008
265,121,155.979,-11.569,-128.677,-13.207,0.0,2.5260000000000318
266,121,160.91,-11.334,-131.644,-11.908,0.0,6.0239999999999885
267,121,159.482,-10.436,-130.719,-8.441,0.0,9.885999999999997
268,121,154.612,-10.384,-130.845,-9.942,0.0,3.4410000000000096
269,121,153.33,-11.556,-133.496,-7.984,0.0,0.2939999999999916
270,121,157.559,-12.015,-127.378,-11.706,0.0,6.459999999999983
271,121,156.464,-11.907,-132.711,-8.032,0.0,3.813999999999975
272,121,154.132,-10.727,-126.801,-11.939,0.0,4.664999999999999
273,121,151.614,-10.8,-130.756,-8.991,0.0,1.066999999999993
274,121,152.449,-10.227,-127.682,-13.881,0.0,0.659000000000006
275,121,154.85,-10.509,-131.659,-11.853,0.0,0.8290000000000166
276,121,157.798,-11.531,-131.3,-10.357,0.0,4.609999999999985
277,121,164.122,-10.295,-132.518,-11.678,0.0,9.631000000000025
278,121,155.206,-12.462,-130.084,-10.787,0.0,1.8729999999999958
279,121,157.501,-11.991,-129.625,-13.747,0.0,2.137999999999991
280,121,157.2,-10.849,-131.812,-9.921,0.0,4.617999999999988
281,121,151.925,-10.542,-135.19,-7.755,0.0,-1.5619999999999878
282,121,161.675,-10.68,-130.778,-11.82,0.0,8.397000000000013
283,121,154.63,-11.255,-127.46,-13.832,0.0,2.0830000000000055
284,121,167.445,-10.331,-136.485,-7.537,0.0,13.091999999999992
285,121,153.526,-11.193,-129.039,-12.736,0.0,0.5580000000000105
286,121,156.768,-10.384,-125.224,-13.468,0.0,7.692000000000011
287,121,153.895,-11.094,-128.872,-12.539,0.0,1.3900000000000023
288,121,154.837,-10.45,-129.143,-11.886,0.0,3.3580000000000005
289,121,146.799,-10.752,-128.244,-10.072,0.0,-2.269000000000002
290,121,154.844,-9.73,-134.765,-7.909,0.0,2.440000000000018
291,121,158.594,-11.753,-133.015,-8.768,0.0,5.058000000000021
292,121,151.426,-10.812,-132.694,-8.584,0.0,-0.6640000000000121
293,121,152.22,-11.187,-129.751,-11.993,0.0,-0.7110000000000181
294,121,152.614,-10.55,-128.17,-9.826,0.0,4.068000000000005
295,121,156.327,-10.441,-129.512,-11.898,0.0,4.4759999999999955
296,121,154.304,-11.466,-130.563,-10.686,0.0,1.5890000000000057
297,121,153.227,-10.649,-126.888,-13.146,0.0,2.543999999999997
298,121,146.482,-12.09,-129.253,-11.894,0.0,-6.75499999999999
299,121,158.288,-9.943,-129.295,-12.411,0.0,6.639000000000012
300,121,149.071,-12.021,-130.442,-9.848,0.0,-3.2399999999999967
301,121,157.248,-11.507,-129.109,-11.754,0.0,4.877999999999977
302,121,150.631,-11.369,-132.009,-11.139,0.0,-3.885999999999985
303,121,149.571,-11.391,-127.49,-11.834,0.0,-1.1439999999999877
304,121,152.994,-10.461,-131.326,-10.705,0.0,0.5019999999999936
305,121,149.64,-10.797,-126.454,-14.176,0.0,-1.7870000000000044
306,121,151.722,-10.923,-128.801,-14.071,0.0,-2.072999999999981
307,121,160.523,-11.277,-130.603,-12.176,0.0,6.4670000000000005
308,121,146.253,-11.112,-127.123,-10.684,0.0,-2.666000000000013
309,121,156.826,-9.673,-132.533,-8.41,0.0,6.210000000000004
310,121,156.476,-12.296,-131.104,-10.758,0.0,2.3179999999999943
311,121,154.457,-10.841,-129.874,-12.919,0.0,0.8229999999999897
312,121,154.48,-10.832,-131.931,-11.566,0.0,0.1509999999999838
313,121,159.376,-10.673,-129.538,-12.104,0.0,7.060999999999993
314,121,155.362,-11.36,-130.848,-12.369,0.0,0.7849999999999966
315,121,150.843,-11.457,-129.103,-11.066,0.0,-0.7830000000000137
316,121,161.567,-11.266,-131.759,-9.826,0.0,8.71600000000003
317,121,154.258,-10.77,-131.622,-11.925,0.0,-0.05900000000001526
318,121,149.575,-10.253,-129.634,-11.49,0.0,-1.8019999999999836
319,121,160.663,-11.07,-129.809,-12.898,0.0,6.8860000000000205
320,121,160.991,-12.541,-132.674,-10.28,0.0,5.496000000000011
321,121,150.701,-10.184,-128.12,-11.904,0.0,0.49299999999999145
322,121,153.445,-12.278,-135.806,-7.796,0.0,-2.4350000000000103
323,121,154.39,-11.396,-129.439,-12.313,0.0,1.2419999999999778
324,121,153.788,-11.669,-129.296,-11.026,0.0,1.7970000000000077
325,121,152.957,-11.688,-132.179,-9.936,0.0,-0.8459999999999965
326,121,156.331,-11.094,-129.579,-11.177,0.0,4.480999999999987
327,121,160.073,-12.317,-129.148,-12.059,0.0,6.549000000000005
328,121,155.643,-10.075,-130.503,-11.167,0.0,3.8980000000000263
329,121,157.289,-11.527,-134.027,-8.921,0.0,2.8140000000000143
330,121,155.731,-11.124,-129.164,-11.028,0.0,4.415000000000012
331,121,159.933,-11.361,-128.645,-11.742,0.0,8.184999999999992
332,121,157.585,-10.356,-130.721,-11.976,0.0,4.532000000000009
333,121,151.522,-10.651,-126.009,-12.133,0.0,2.7289999999999814
334,121,157.837,-8.604,-134.31,-6.937,0.0,7.9860000000000015
335,121,155.866,-9.947,-136.954,-9.151,0.0,-0.1859999999999964
336,121,157.343,-11.589,-133.884,-7.305,0.0,4.565000000000005
337,121,160.302,-10.922,-135.009,-6.234,0.0,8.13700000000001
338,121,160.114,-11.208,-130.101,-9.803,0.0,9.002000000000006
339,121,160.45,-11.339,-136.051,-6.117,0.0,6.943000000000002
340,121,149.345,-11.282,-125.95,-12.251,0.0,-0.1380000000000141
341,121,160.263,-10.561,-130.333,-12.216,0.0,7.1530000000000005
342,121,157.16,-11.841,-131.567,-11.217,0.0,2.5349999999999806
343,121,152.255,-11.305,-129.629,-10.209,0.0,1.1119999999999983
344,121,159.495,-12.112,-129.26,-11.854,0.0,6.26900000000002
345,121,160.44,-11.45,-128.319,-12.509,0.0,8.16200000000002
346,121,158.39,-9.502,-129.294,-11.606,0.0,7.987999999999966
347,121,154.605,-9.275,-132.971,-10.429,0.0,1.9299999999999802
348,121,155.445,-11.486,-127.663,-13.348,0.0,2.9480000000000057
349,121,158.572,-10.902,-129.454,-13.35,0.0,4.8660000000000085
350,121,156.473,-11.959,-133.672,-11.329,0.0,-0.48699999999998766
351,121,157.904,-10.403,-134.489,-8.623,0.0,4.389000000000001
352,121,154.171,-10.582,-132.43,-7.968,0.0,3.190999999999992
353,121,161.727,-11.252,-138.7,-5.997,0.0,5.778000000000006
354,121,151.635,-11.867,-131.804,-11.086,0.0,-3.1220000000000017
355,121,157.653,-11.274,-129.742,-10.997,0.0,5.640000000000001
356,121,156.378,-9.916,-127.393,-12.267,0.0,6.801999999999989
357,121,156.72,-10.8,-130.758,-13.58,0.0,1.5819999999999776
358,121,153.935,-11.428,-126.723,-12.386,0.0,3.398000000000007
359,121,149.147,-11.759,-127.916,-11.593,0.0,-2.12100000000002
360,121,152.747,-12.433,-132.505,-7.992,0.0,-0.18299999999997407
361,121,153.718,-10.947,-135.828,-6.699,0.0,0.24399999999998379
362,121,154.315,-10.902,-131.292,-9.596,0.0,2.5250000000000092
363,121,155.248,-9.704,-136.139,-6.627,0.0,2.777999999999973
364,121,153.788,-10.31,-129.155,-13.852,0.0,0.4710000000000072
365,121,152.107,-10.381,-130.129,-10.733,0.0,0.8640000000000079
366,121,157.128,-9.795,-129.417,-13.171,0.0,4.744999999999997
367,121,152.213,-10.76,-127.3,-14.017,0.0,0.13600000000000634
368,121,158.133,-10.24,-130.762,-12.783,0.0,4.348000000000001
369,121,153.474,-11.598,-133.286,-8.978,0.0,-0.38800000000002477
370,121,155.876,-10.142,-131.334,-9.657,0.0,4.743000000000006
371,121,155.521,-10.269,-127.724,-12.257,0.0,5.270999999999978
372,121,156.263,-10.959,-129.993,-10.656,0.0,4.6550000000000065
373,121,152.416,-10.76,-130.932,-11.106,0.0,-0.3819999999999819
374,121,153.568,-10.855,-131.429,-10.902,0.0,0.382000000000021
375,121,150.835,-11.654,-128.714,-11.174,0.0,-0.7069999999999865
376,121,156.204,-12.489,-127.25,-14.476,0.0,1.9890000000000025
377,121,153.662,-11.079,-131.022,-10.319,0.0,1.2420000000000062
378,121,152.259,-10.797,-129.87,-9.591,0.0,2.0009999999999852
379,121,167.899,-11.104,-130.708,-10.861,0.0,15.226000000000017
380,121,154.323,-10.156,-129.498,-10.35,0.0,4.3190000000000115
381,121,150.804,-11.049,-129.862,-11.786,0.0,-1.892999999999999
382,121,157.785,-10.919,-128.09,-13.73,0.0,5.045999999999982
383,121,153.927,-10.697,-127.857,-13.559,0.0,1.8139999999999912
384,121,152.075,-11.572,-130.601,-12.168,0.0,-2.2660000000000124
385,121,149.882,-10.823,-134.003,-10.052,0.0,-4.995999999999988
386,121,155.101,-11.468,-136.105,-6.75,0.0,0.77800000000002
387,121,153.926,-10.916,-129.423,-10.934,0.0,2.65299999999999
388,121,152.398,-11.765,-129.667,-13.009,0.0,-2.0430000000000206
389,121,151.635,-12.663,-134.316,-4.221,0.0,0.4349999999999774
390,121,151.334,-9.93,-136.061,-7.361,0.0,-2.0180000000000105
391,121,155.05,-11.505,-128.549,-12.012,0.0,2.984000000000009
392,121,152.926,-11.883,-127.445,-10.745,0.0,2.8529999999999855
393,121,151.468,-10.785,-129.345,-11.24,0.0,0.09799999999999365
394,121,154.165,-10.612,-130.992,-11.88,0.0,0.6810000000000063
395,121,158.21,-10.856,-128.252,-11.882,0.0,7.220000000000004
396,121,157.675,-11.967,-134.632,-8.86,0.0,2.215999999999994
397,121,166.149,-11.958,-132.864,-11.7,0.0,9.626999999999999
398,121,156.345,-8.561,-137.163,-8.635,0.0,1.9859999999999811
399,121,153.844,-11.295,-136.074,-7.497,0.0,-1.0220000000000056
400,121,151.634,-11.201,-127.025,-14.035,0.0,-0.6270000000000131
401,121,151.847,-12.365,-131.835,-9.441,0.0,-1.7940000000000094


Sidechain Energy Decomposition:
Frame #,Residue,Internal,van der Waals,Electrostatic,Polar Solvation,Non-Polar Solv.,TOTAL
1,121,148.93,-10.766,-128.152,-13.606,0.0,-3.593999999999971
2,121,152.996,-11.578,-130.772,-11.765,0.0,-1.1189999999999856
3,121,154.901,-11.706,-132.606,-11.079,0.0,-0.48999999999997357
4,121,157.816,-11.031,-130.117,-11.329,0.0,5.339000000000006
5,121,155.577,-11.796,-135.884,-6.228,0.0,1.66900000000002
6,121,160.402,-11.588,-129.613,-10.882,0.0,8.318999999999994
7,121,156.754,-11.455,-129.044,-11.458,0.0,4.796999999999967
8,121,155.945,-10.368,-136.721,-7.945,0.0,0.9109999999999943
9,121,157.322,-10.583,-130.269,-12.386,0.0,4.084
10,121,157.186,-10.731,-125.637,-13.183,0.0,7.635000000000012
11,121,158.299,-10.875,-129.967,-11.141,0.0,6.315999999999994
12,121,149.786,-11.55,-129.004,-11.949,0.0,-2.7170000000000005
13,121,152.422,-10.806,-129.472,-12.555,0.0,-0.4110000000000227
14,121,157.077,-13.107,-133.159,-8.236,0.0,2.5750000000000064
15,121,156.678,-11.085,-134.22,-9.599,0.0,1.7739999999999903
16,121,157.537,-11.254,-129.732,-12.745,0.0,3.806000000000017
17,121,167.818,-11.245,-129.486,-11.889,0.0,15.198000000000018
18,121,156.808,-10.62,-127.518,-12.999,0.0,5.670999999999987
19,121,158.357,-10.521,-128.545,-12.659,0.0,6.6320000000000245
20,121,157.005,-10.318,-129.081,-12.21,0.0,5.395999999999994
21,121,150.526,-11.333,-126.298,-13.925,0.0,-1.0299999999999905
22,121,152.568,-11.013,-128.782,-10.353,0.0,2.4199999999999964
23,121,150.477,-11.017,-131.512,-12.31,0.0,-4.361999999999993
24,121,152.349,-11.514,-129.562,-12.094,0.0,-0.8210000000000317
25,121,158.161,-10.396,-130.785,-9.455,0.0,7.52499999999999
26,121,154.16,-10.172,-128.649,-11.936,0.0,3.4029999999999987
27,121,156.311,-11.439,-131.443,-12.194,0.0,1.2350000000000012
28,121,151.933,-10.694,-132.474,-10.559,0.0,-1.7939999999999845
29,121,166.688,-11.326,-131.435,-11.835,0.0,12.091999999999992
30,121,158.147,-11.192,-129.82,-11.423,0.0,5.711999999999991
31,121,159.363,-10.319,-129.704,-8.609,0.0,10.731000000000003
32,121,154.862,-11.642,-130.556,-11.337,0.0,1.3269999999999875
33,121,157.306,-11.42,-136.349,-8.47,0.0,1.067000000000034
34,121,155.895,-11.799,-135.614,-6.708,0.0,1.7739999999999991
35,121,156.74,-10.643,-136.168,-8.372,0.0,1.5570000000000022
36,121,156.427,-10.779,-136.057,-7.78,0.0,1.811000000000008
37,121,155.611,-11.715,-135.028,-9.012,0.0,-0.14400000000000546
38,121,153.335,-11.373,-130.358,-9.891,0.0,1.7130000000000134
39,121,159.968,-11.075,-129.916,-11.043,0.0,7.934000000000005
40,121,152.552,-11.326,-131.506,-10.191,0.0,-0.47100000000000186
41,121,157.225,-11.199,-127.822,-13.672,0.0,4.531999999999979
42,121,157.945,-10.635,-131.307,-10.672,0.0,5.331000000000014
43,121,156.619,-10.676,-136.194,-8.263,0.0,1.4860000000000237
44,121,150.477,-11.726,-126.882,-11.778,0.0,0.0909999999999993
45,121,155.858,-10.018,-130.872,-12.115,0.0,2.852999999999989
46,121,151.679,-11.463,-129.922,-9.373,0.0,0.9210000000000118
47,121,156.777,-12.038,-130.376,-10.254,0.0,4.108999999999972
48,121,153.737,-11.495,-130.344,-12.254,0.0,-0.3560000000000034
49,121,159.473,-10.231,-131.631,-12.216,0.0,5.395000000000019
50,121,151.037,-10.243,-132.862,-8.014,0.0,-0.08199999999998298
51,121,154.563,-9.815,-127.179,-11.206,0.0,6.362999999999989
52,121,161.427,-10.544,-134.285,-11.911,0.0,4.686999999999985
53,121,155.946,-11.332,-131.637,-10.673,0.0,2.304000000000004
54,121,156.105,-11.611,-134.054,-10.236,0.0,0.20399999999999707
55,121,151.832,-10.311,-129.66,-11.283,0.0,0.5779999999999905
56,121,154.064,-10.861,-128.87,-9.829,0.0,4.503999999999998
57,121,158.19,-11.133,-133.721,-9.803,0.0,3.5329999999999835
58,121,148.713,-11.33,-129.263,-11.507,0.0,-3.3870000000000235
59,121,155.433,-10.676,-127.972,-11.284,0.0,5.50100000000001
60,121,153.245,-11.38,-129.368,-11.572,0.0,0.9250000000000149
61,121,148.116,-11.438,-128.517,-12.386,0.0,-4.2249999999999694
62,121,149.369,-11.365,-129.029,-11.877,0.0,-2.9020000000000064
63,121,153.583,-11.132,-132.002,-8.587,0.0,1.8619999999999841
64,121,150.201,-11.135,-129.379,-13.217,0.0,-3.5299999999999887
65,121,157.227,-10.75,-133.643,-9.387,0.0,3.4470000000000027
66,121,153.385,-11.109,-132.233,-11.463,0.0,-1.4200000000000212
67,121,156.715,-12.007,-128.358,-11.624,0.0,4.725999999999994
68,121,154.433,-11.038,-130.753,-10.742,0.0,1.899999999999995
69,121,154.735,-11.469,-133.798,-7.416,0.0,2.0520000000000174
70,121,155.833,-11.86,-127.505,-13.539,0.0,2.929000000000018
71,121,159.445,-10.369,-135.769,-6.561,0.0,6.745999999999988
72,121,152.699,-11.632,-129.577,-10.58,0.0,0.910000000000009
73,121,153.075,-11.409,-133.355,-9.351,0.0,-1.0399999999999938
74,121,158.313,-11.216,-133.591,-9.402,0.0,4.103999999999973
75,121,151.198,-10.293,-130.42,-10.101,0.0,0.3840000000000128
76,121,156.809,-11.581,-135.834,-8.173,0.0,1.2210000000000054
77,121,149.703,-12.211,-133.213,-8.158,0.0,-3.879000000000003
78,121,155.715,-12.015,-130.796,-9.156,0.0,3.747999999999996
79,121,152.335,-11.839,-132.048,-11.089,0.0,-2.640999999999993
80,121,156.785,-10.471,-133.01,-9.979,0.0,3.325000000000003
81,121,160.554,-10.968,-134.102,-10.423,0.0,5.061000000000009
82,121,161.871,-11.202,-129.157,-10.982,0.0,10.530000000000001
83,121,154.107,-11.984,-127.993,-11.037,0.0,3.0929999999999946
84,121,159.664,-11.181,-136.499,-8.908,0.0,3.075999999999981
85,121,153.093,-11.336,-129.85,-12.704,0.0,-0.7970000000000184
86,121,157.842,-11.84,-126.517,-13.351,0.0,6.134000000000013
87,121,158.574,-11.069,-128.837,-13.102,0.0,5.5660000000000345
88,121,160.724,-10.552,-131.666,-12.824,0.0,5.682
89,121,153.914,-10.286,-126.867,-10.433,0.0,6.327999999999982
90,121,155.562,-10.814,-132.577,-7.259,0.0,4.91200000000002
91,121,152.776,-12.886,-131.394,-8.092,0.0,0.4040000000000088
92,121,157.55,-10.52,-131.343,-10.245,0.0,5.442000000000013
93,121,158.469,-10.625,-129.956,-12.354,0.0,5.534000000000006
94,121,153.297,-10.806,-128.472,-12.497,0.0,1.5219999999999771
95,121,150.772,-11.039,-129.746,-10.239,0.0,-0.252000000000006
96,121,159.209,-10.69,-127.38,-14.612,0.0,6.52700000000001
97,121,152.288,-9.855,-128.833,-13.117,0.0,0.48300000000002186
98,121,157.359,-11.23,-128.545,-9.903,0.0,7.681000000000031
99,121,153.701,-11.702,-128.558,-11.873,0.0,1.5680000000000032
100,121,154.645,-12.104,-135.179,-5.906,0.0,1.455999999999995
101,121,156.02,-9.468,-132.071,-8.755,0.0,5.726000000000022
102,121,152.362,-11.3,-131.721,-9.538,0.0,-0.1970000000000205
103,121,152.426,-11.005,-130.595,-11.842,0.0,-1.0160000000000071
104,121,151.862,-10.72,-131.076,-8.505,0.0,1.5610000000000017
105,121,159.654,-9.712,-130.209,-14.265,0.0,5.4680000000000035
106,121,150.86,-10.009,-134.714,-6.99,0.0,-0.8529999999999998
107,121,151.525,-10.803,-128.067,-12.897,0.0,-0.2419999999999991
108,121,152.299,-10.644,-134.432,-8.325,0.0,-1.101999999999986
109,121,149.783,-10.877,-134.169,-8.474,0.0,-3.737000000000034
110,121,157.978,-10.568,-135.818,-7.591,0.0,4.000999999999984
111,121,153.544,-11.85,-128.189,-11.901,0.0,1.604000000000024
112,121,154.928,-11.408,-130.608,-10.235,0.0,2.6770000000000067
113,121,159.593,-11.174,-132.809,-12.858,0.0,2.7519999999999847
114,121,148.845,-10.884,-128.914,-10.969,0.0,-1.921999999999974
115,121,153.874,-11.757,-128.089,-11.615,0.0,2.4129999999999914
116,121,153.674,-10.958,-133.353,-6.941,0.0,2.4219999999999997
117,121,152.118,-12.107,-131.677,-8.293,0.0,0.04100000000000392
118,121,158.167,-11.175,-136.873,-7.65,0.0,2.4689999999999994
119,121,158.031,-10.847,-132.166,-9.976,0.0,5.042
120,121,154.659,-11.033,-129.193,-10.085,0.0,4.347999999999992
121,121,155.525,-11.228,-127.506,-12.06,0.0,4.730999999999996
122,121,157.653,-11.703,-132.742,-7.322,0.0,5.885999999999998
123,121,157.359,-8.369,-137.631,-6.883,0.0,4.476000000000009
124,121,147.102,-11.658,-130.139,-8.713,0.0,-3.4079999999999924
125,121,160.493,-10.312,-134.392,-8.583,0.0,7.205999999999987
126,121,154.133,-12.574,-134.529,-6.859,0.0,0.17100000000000115
127,121,154.965,-11.193,-129.612,-10.855,0.0,3.304999999999996
128,121,163.37,-10.07,-131.955,-11.057,0.0,10.287999999999998
129,121,156.598,-11.891,-130.603,-9.073,0.0,5.031000000000013
130,121,156.718,-11.691,-128.874,-9.536,0.0,6.616999999999992
131,121,151.921,-11.29,-128.602,-11.762,0.0,0.2669999999999959
132,121,160.254,-12.011,-128.632,-12.676,0.0,6.93499999999999
133,121,148.938,-9.152,-127.491,-11.63,0.0,0.6650000000000009
134,121,162.211,-11.776,-128.72,-13.844,0.0,7.871000000000004
135,121,157.263,-11.17,-140.134,-5.594,0.0,0.3650000000000313
136,121,151.869,-11.974,-130.451,-11.206,0.0,-1.7619999999999827
137,121,156.765,-10.622,-124.421,-14.107,0.0,7.6149999999999665
138,121,155.545,-11.244,-134.973,-7.217,0.0,2.110999999999975
139,121,158.673,-10.989,-131.078,-9.542,0.0,7.063999999999995
140,121,154.456,-11.867,-128.398,-11.649,0.0,2.5420000000000034
141,121,152.076,-10.891,-128.729,-13.651,0.0,-1.195000000000011
142,121,155.755,-10.797,-129.38,-12.307,0.0,3.2710000000000026
143,121,162.728,-11.989,-131.866,-11.008,0.0,7.864999999999991
144,121,157.787,-11.569,-130.032,-11.485,0.0,4.701000000000008
145,121,153.625,-9.542,-134.529,-6.566,0.0,2.988000000000002
146,121,152.515,-11.185,-130.644,-10.099,0.0,0.5869999999999784
147,121,152.024,-11.402,-131.342,-10.763,0.0,-1.4829999999999988
148,121,159.733,-11.682,-132.395,-9.183,0.0,6.473000000000006
149,121,151.84,-11.193,-128.355,-12.668,0.0,-0.37599999999999767
150,121,153.243,-10.487,-131.484,-9.718,0.0,1.5539999999999914
151,121,160.689,-10.547,-137.887,-6.574,0.0,5.680999999999996
152,121,151.998,-11.878,-136.042,-6.832,0.0,-2.753999999999997
153,121,154.643,-11.379,-132.441,-9.211,0.0,1.6120000000000072
154,121,156.901,-10.282,-127.071,-12.993,0.0,6.5550000000000015
155,121,156.698,-11.625,-128.849,-13.646,0.0,2.578000000000017
156,121,154.786,-10.614,-131.695,-9.923,0.0,2.554000000000004
157,121,151.432,-10.289,-130.473,-12.895,0.0,-2.225000000000012
158,121,160.14,-11.887,-132.64,-8.8,0.0,6.812999999999999
159,121,152.586,-11.887,-125.451,-13.515,0.0,1.7330000000000183
160,121,148.193,-11.404,-126.764,-9.395,0.0,0.6300000000000203
161,121,153.678,-11.448,-129.263,-9.523,0.0,3.443999999999985
162,121,151.97,-11.1,-128.786,-12.239,0.0,-0.15499999999999758
163,121,150.276,-11.359,-126.665,-11.486,0.0,0.7659999999999947
164,121,150.51,-11.638,-126.918,-12.634,0.0,-0.680000000000021
165,121,159.069,-10.213,-127.656,-11.444,0.0,9.755999999999988
166,121,157.737,-11.946,-129.282,-9.043,0.0,7.465999999999987
167,121,153.85,-11.837,-128.994,-11.876,0.0,1.143000000000006
168,121,156.449,-10.444,-127.552,-11.742,0.0,6.711000000000016
169,121,157.983,-10.373,-127.37,-12.004,0.0,8.23600000000001
170,121,154.995,-10.026,-131.194,-12.185,0.0,1.5900000000000052
171,121,160.29,-11.975,-138.681,-7.637,0.0,1.9969999999999866
172,121,155.818,-11.403,-130.018,-11.81,0.0,2.5870000000000193
173,121,156.019,-10.741,-131.854,-10.364,0.0,3.060000000000006
174,121,156.003,-11.738,-132.983,-8.837,0.0,2.4449999999999825
175,121,163.164,-11.24,-130.497,-12.647,0.0,8.779999999999964
176,121,151.604,-11.514,-127.212,-13.297,0.0,-0.4190000000000005
177,121,155.464,-11.495,-127.838,-13.594,0.0,2.537000000000001
178,121,154.369,-11.601,-130.131,-13.084,0.0,-0.4469999999999992
179,121,153.938,-11.268,-132.204,-8.905,0.0,1.5609999999999804
180,121,150.615,-9.503,-129.767,-11.412,0.0,-0.06699999999997353
181,121,155.874,-11.651,-132.359,-10.413,0.0,1.4509999999999756
182,121,154.693,-11.287,-127.95,-13.175,0.0,2.2810000000000024
183,121,152.398,-11.478,-131.073,-9.482,0.0,0.3649999999999807
184,121,156.529,-11.472,-127.575,-14.637,0.0,2.8449999999999847
185,121,153.439,-10.986,-130.753,-10.209,0.0,1.4910000000000174
186,121,153.957,-12.171,-132.855,-9.084,0.0,-0.15299999999998803
187,121,151.47,-10.134,-128.02,-12.2,0.0,1.1160000000000032
188,121,155.613,-11.077,-127.59,-12.603,0.0,4.342999999999998
189,121,156.826,-10.999,-129.489,-12.488,0.0,3.8499999999999943
190,121,152.837,-11.301,-127.346,-12.065,0.0,2.1249999999999982
191,121,150.96,-11.492,-130.696,-10.998,0.0,-2.2259999999999796
192,121,155.947,-10.601,-128.567,-12.52,0.0,4.258999999999997
193,121,154.143,-11.75,-127.824,-11.008,0.0,3.5610000000000035
194,121,155.712,-11.194,-133.098,-8.148,0.0,3.271999999999988
195,121,159.043,-12.012,-130.253,-11.6,0.0,5.17800000000002
196,121,158.3,-11.835,-130.066,-12.41,0.0,3.9890000000000008
197,121,154.442,-11.499,-134.916,-6.437,0.0,1.590000000000015
198,121,148.645,-11.692,-127.698,-10.713,0.0,-1.4579999999999895
199,121,159.792,-9.385,-132.387,-11.112,0.0,6.90800000000001
200,121,150.486,-10.133,-129.079,-12.26,0.0,-0.9860000000000273
201,121,156.28,-11.314,-128.936,-13.682,0.0,2.3480000000000008
202,121,151.373,-11.797,-134.256,-10.05,0.0,-4.7300000000000075
203,121,150.555,-10.306,-127.023,-12.12,0.0,1.1059999999999999
204,121,160.944,-10.867,-128.161,-13.359,0.0,8.556999999999997
205,121,162.921,-11.388,-127.741,-13.715,0.0,10.076999999999988
206,121,151.388,-9.977,-131.109,-9.41,0.0,0.8919999999999924
207,121,149.504,-11.426,-128.179,-10.436,0.0,-0.536999999999999
208,121,157.719,-11.035,-130.73,-10.919,0.0,5.035000000000007
209,121,156.25,-11.025,-126.634,-13.029,0.0,5.561999999999994
210,121,153.269,-10.657,-130.763,-11.023,0.0,0.8259999999999899
211,121,155.838,-11.419,-129.955,-12.716,0.0,1.747999999999971
212,121,152.247,-10.545,-129.964,-11.286,0.0,0.4520000000000284
213,121,159.622,-11.714,-129.53,-13.258,0.0,5.120000000000015
214,121,151.295,-10.155,-128.687,-9.941,0.0,2.511999999999974
215,121,155.964,-10.892,-128.471,-13.47,0.0,3.1309999999999985
216,121,150.659,-11.125,-135.701,-6.444,0.0,-2.6110000000000015
217,121,152.688,-11.635,-131.121,-11.538,0.0,-1.6060000000000123
218,121,152.73,-10.745,-127.783,-12.559,0.0,1.6429999999999847
219,121,166.235,-10.081,-132.318,-12.676,0.0,11.160000000000013
220,121,157.13,-10.69,-134.0,-7.088,0.0,5.351999999999998
221,121,151.965,-10.7,-131.003,-10.772,0.0,-0.5099999999999714
222,121,159.897,-10.979,-128.117,-13.601,0.0,7.200000000000015
223,121,156.758,-10.125,-130.43,-11.798,0.0,4.405000000000003
224,121,156.334,-11.17,-131.105,-11.477,0.0,2.5820000000000256
225,121,154.799,-12.937,-132.272,-10.048,0.0,-0.45799999999999663
226,121,157.623,-10.757,-129.972,-11.021,0.0,5.872999999999976
227,121,155.623,-11.308,-129.095,-12.441,0.0,2.778999999999998
228,121,152.28,-10.42,-132.105,-8.509,0.0,1.2460000000000235
229,121,151.869,-11.489,-133.047,-8.87,0.0,-1.5370000000000008
230,121,148.147,-10.958,-127.365,-13.825,0.0,-4.001000000000001
231,121,153.352,-11.212,-128.161,-14.279,0.0,-0.2999999999999865
232,121,157.215,-11.568,-129.289,-12.208,0.0,4.150000000000004
233,121,152.7,-10.74,-128.164,-12.724,0.0,1.071999999999992
234,121,162.099,-9.828,-130.419,-10.868,0.0,10.983999999999975
235,121,150.919,-12.262,-127.876,-11.305,0.0,-0.5239999999999938
236,121,157.602,-11.217,-136.432,-7.018,0.0,2.935000000000003
237,121,148.611,-10.826,-129.113,-12.597,0.0,-3.9250000000000025
238,121,155.168,-9.848,-135.265,-7.777,0.0,2.2780000000000067
239,121,150.251,-11.716,-130.989,-10.877,0.0,-3.3310000000000084
240,121,152.214,-10.939,-136.288,-6.588,0.0,-1.6010000000000053
241,121,160.591,-10.933,-127.225,-12.159,0.0,10.27400000000002
242,121,156.371,-11.47,-131.025,-8.632,0.0,5.244000000000005
243,121,158.55,-11.326,-137.572,-6.594,0.0,3.058000000000015
244,121,161.455,-9.486,-137.126,-8.375,0.0,6.468000000000018
245,121,155.941,-11.913,-133.698,-9.294,0.0,1.0359999999999836
246,121,153.449,-11.514,-125.703,-13.153,0.0,3.078999999999999
247,121,157.845,-10.613,-129.966,-12.829,0.0,4.4369999999999905
248,121,159.916,-10.311,-128.701,-12.655,0.0,8.248999999999997
249,121,154.739,-10.942,-129.517,-11.583,0.0,2.697000000000001
250,121,151.869,-10.399,-132.98,-8.986,0.0,-0.49599999999999156
251,121,153.978,-9.727,-130.388,-12.838,0.0,1.0250000000000004
252,121,156.631,-10.275,-135.263,-7.753,0.0,3.339999999999989
253,121,151.549,-11.732,-128.769,-10.315,0.0,0.7330000000000023
254,121,152.147,-11.588,-130.568,-9.887,0.0,0.103999999999985
255,121,160.157,-10.94,-136.003,-6.661,0.0,6.5530000000000275
256,121,152.94,-11.833,-132.301,-9.286,0.0,-0.479999999999988
257,121,152.929,-10.686,-127.502,-11.775,0.0,2.9659999999999993
258,121,156.044,-10.504,-127.515,-12.729,0.0,5.296000000000021
259,121,154.411,-11.506,-130.471,-13.384,0.0,-0.9500000000000028
260,121,152.323,-11.693,-130.294,-9.96,0.0,0.37599999999998346
261,121,149.691,-11.16,-130.273,-12.575,0.0,-4.3169999999999895
262,121,154.045,-10.041,-130.467,-9.605,0.0,3.9319999999999773
263,121,157.092,-11.79,-129.203,-12.705,0.0,3.394000000000018
264,121,148.92,-9.857,-129.849,-10.767,0.0,-1.5530000000000008
265,121,155.979,-11.569,-128.677,-13.207,0.0,2.5260000000000318
266,121,160.91,-11.334,-131.644,-11.908,0.0,6.0239999999999885
267,121,159.482,-10.436,-130.719,-8.441,0.0,9.885999999999997
268,121,154.612,-10.384,-130.845,-9.942,0.0,3.4410000000000096
269,121,153.33,-11.556,-133.496,-7.984,0.0,0.2939999999999916
270,121,157.559,-12.015,-127.378,-11.706,0.0,6.459999999999983
271,121,156.464,-11.907,-132.711,-8.032,0.0,3.813999999999975
272,121,154.132,-10.727,-126.801,-11.939,0.0,4.664999999999999
273,121,151.614,-10.8,-130.756,-8.991,0.0,1.066999999999993
274,121,152.449,-10.227,-127.682,-13.881,0.0,0.659000000000006
275,121,154.85,-10.509,-131.659,-11.853,0.0,0.8290000000000166
276,121,157.798,-11.531,-131.3,-10.357,0.0,4.609999999999985
277,121,164.122,-10.295,-132.518,-11.678,0.0,9.631000000000025
278,121,155.206,-12.462,-130.084,-10.787,0.0,1.8729999999999958
279,121,157.501,-11.991,-129.625,-13.747,0.0,2.137999999999991
280,121,157.2,-10.849,-131.812,-9.921,0.0,4.617999999999988
281,121,151.925,-10.542,-135.19,-7.755,0.0,-1.5619999999999878
282,121,161.675,-10.68,-130.778,-11.82,0.0,8.397000000000013
283,121,154.63,-11.255,-127.46,-13.832,0.0,2.0830000000000055
284,121,167.445,-10.331,-136.485,-7.537,0.0,13.091999999999992
285,121,153.526,-11.193,-129.039,-12.736,0.0,0.5580000000000105
286,121,156.768,-10.384,-125.224,-13.468,0.0,7.692000000000011
287,121,153.895,-11.094,-128.872,-12.539,0.0,1.3900000000000023
288,121,154.837,-10.45,-129.143,-11.886,0.0,3.3580000000000005
289,121,146.799,-10.752,-128.244,-10.072,0.0,-2.269000000000002
290,121,154.844,-9.73,-134.765,-7.909,0.0,2.440000000000018
291,121,158.594,-11.753,-133.015,-8.768,0.0,5.058000000000021
292,121,151.426,-10.812,-132.694,-8.584,0.0,-0.6640000000000121
293,121,152.22,-11.187,-129.751,-11.993,0.0,-0.7110000000000181
294,121,152.614,-10.55,-128.17,-9.826,0.0,4.068000000000005
295,121,156.327,-10.441,-129.512,-11.898,0.0,4.4759999999999955
296,121,154.304,-11.466,-130.563,-10.686,0.0,1.5890000000000057
297,121,153.227,-10.649,-126.888,-13.146,0.0,2.543999999999997
298,121,146.482,-12.09,-129.253,-11.894,0.0,-6.75499999999999
299,121,158.288,-9.943,-129.295,-12.411,0.0,6.639000000000012
300,121,149.071,-12.021,-130.442,-9.848,0.0,-3.2399999999999967
301,121,157.248,-11.507,-129.109,-11.754,0.0,4.877999999999977
302,121,150.631,-11.369,-132.009,-11.139,0.0,-3.885999999999985
303,121,149.571,-11.391,-127.49,-11.834,0.0,-1.1439999999999877
304,121,152.994,-10.461,-131.326,-10.705,0.0,0.5019999999999936
305,121,149.64,-10.797,-126.454,-14.176,0.0,-1.7870000000000044
306,121,151.722,-10.923,-128.801,-14.071,0.0,-2.072999999999981
307,121,160.523,-11.277,-130.603,-12.176,0.0,6.4670000000000005
308,121,146.253,-11.112,-127.123,-10.684,0.0,-2.666000000000013
309,121,156.826,-9.673,-132.533,-8.41,0.0,6.210000000000004
310,121,156.476,-12.296,-131.104,-10.758,0.0,2.3179999999999943
311,121,154.457,-10.841,-129.874,-12.919,0.0,0.8229999999999897
312,121,154.48,-10.832,-131.931,-11.566,0.0,0.1509999999999838
313,121,159.376,-10.673,-129.538,-12.104,0.0,7.060999999999993
314,121,155.362,-11.36,-130.848,-12.369,0.0,0.7849999999999966
315,121,150.843,-11.457,-129.103,-11.066,0.0,-0.7830000000000137
316,121,161.567,-11.266,-131.759,-9.826,0.0,8.71600000000003
317,121,154.258,-10.77,-131.622,-11.925,0.0,-0.05900000000001526
318,121,149.575,-10.253,-129.634,-11.49,0.0,-1.8019999999999836
319,121,160.663,-11.07,-129.809,-12.898,0.0,6.8860000000000205
320,121,160.991,-12.541,-132.674,-10.28,0.0,5.496000000000011
321,121,150.701,-10.184,-128.12,-11.904,0.0,0.49299999999999145
322,121,153.445,-12.278,-135.806,-7.796,0.0,-2.4350000000000103
323,121,154.39,-11.396,-129.439,-12.313,0.0,1.2419999999999778
324,121,153.788,-11.669,-129.296,-11.026,0.0,1.7970000000000077
325,121,152.957,-11.688,-132.179,-9.936,0.0,-0.8459999999999965
326,121,156.331,-11.094,-129.579,-11.177,0.0,4.480999999999987
327,121,160.073,-12.317,-129.148,-12.059,0.0,6.549000000000005
328,121,155.643,-10.075,-130.503,-11.167,0.0,3.8980000000000263
329,121,157.289,-11.527,-134.027,-8.921,0.0,2.8140000000000143
330,121,155.731,-11.124,-129.164,-11.028,0.0,4.415000000000012
331,121,159.933,-11.361,-128.645,-11.742,0.0,8.184999999999992
332,121,157.585,-10.356,-130.721,-11.976,0.0,4.532000000000009
333,121,151.522,-10.651,-126.009,-12.133,0.0,2.7289999999999814
334,121,157.837,-8.604,-134.31,-6.937,0.0,7.9860000000000015
335,121,155.866,-9.947,-136.954,-9.151,0.0,-0.1859999999999964
336,121,157.343,-11.589,-133.884,-7.305,0.0,4.565000000000005
337,121,160.302,-10.922,-135.009,-6.234,0.0,8.13700000000001
338,121,160.114,-11.208,-130.101,-9.803,0.0,9.002000000000006
339,121,160.45,-11.339,-136.051,-6.117,0.0,6.943000000000002
340,121,149.345,-11.282,-125.95,-12.251,0.0,-0.1380000000000141
341,121,160.263,-10.561,-130.333,-12.216,0.0,7.1530000000000005
342,121,157.16,-11.841,-131.567,-11.217,0.0,2.5349999999999806
343,121,152.255,-11.305,-129.629,-10.209,0.0,1.1119999999999983
344,121,159.495,-12.112,-129.26,-11.854,0.0,6.26900000000002
345,121,160.44,-11.45,-128.319,-12.509,0.0,8.16200000000002
346,121,158.39,-9.502,-129.294,-11.606,0.0,7.987999999999966
347,121,154.605,-9.275,-132.971,-10.429,0.0,1.9299999999999802
348,121,155.445,-11.486,-127.663,-13.348,0.0,2.9480000000000057
349,121,158.572,-10.902,-129.454,-13.35,0.0,4.8660000000000085
350,121,156.473,-11.959,-133.672,-11.329,0.0,-0.48699999999998766
351,121,157.904,-10.403,-134.489,-8.623,0.0,4.389000000000001
352,121,154.171,-10.582,-132.43,-7.968,0.0,3.190999999999992
353,121,161.727,-11.252,-138.7,-5.997,0.0,5.778000000000006
354,121,151.635,-11.867,-131.804,-11.086,0.0,-3.1220000000000017
355,121,157.653,-11.274,-129.742,-10.997,0.0,5.640000000000001
356,121,156.378,-9.916,-127.393,-12.267,0.0,6.801999999999989
357,121,156.72,-10.8,-130.758,-13.58,0.0,1.5819999999999776
358,121,153.935,-11.428,-126.723,-12.386,0.0,3.398000000000007
359,121,149.147,-11.759,-127.916,-11.593,0.0,-2.12100000000002
360,121,152.747,-12.433,-132.505,-7.992,0.0,-0.18299999999997407
361,121,153.718,-10.947,-135.828,-6.699,0.0,0.24399999999998379
362,121,154.315,-10.902,-131.292,-9.596,0.0,2.5250000000000092
363,121,155.248,-9.704,-136.139,-6.627,0.0,2.777999999999973
364,121,153.788,-10.31,-129.155,-13.852,0.0,0.4710000000000072
365,121,152.107,-10.381,-130.129,-10.733,0.0,0.8640000000000079
366,121,157.128,-9.795,-129.417,-13.171,0.0,4.744999999999997
367,121,152.213,-10.76,-127.3,-14.017,0.0,0.13600000000000634
368,121,158.133,-10.24,-130.762,-12.783,0.0,4.348000000000001
369,121,153.474,-11.598,-133.286,-8.978,0.0,-0.38800000000002477
370,121,155.876,-10.142,-131.334,-9.657,0.0,4.743000000000006
371,121,155.521,-10.269,-127.724,-12.257,0.0,5.270999999999978
372,121,156.263,-10.959,-129.993,-10.656,0.0,4.6550000000000065
373,121,152.416,-10.76,-130.932,-11.106,0.0,-0.3819999999999819
374,121,153.568,-10.855,-131.429,-10.902,0.0,0.382000000000021
375,121,150.835,-11.654,-128.714,-11.174,0.0,-0.7069999999999865
376,121,156.204,-12.489,-127.25,-14.476,0.0,1.9890000000000025
377,121,153.662,-11.079,-131.022,-10.319,0.0,1.2420000000000062
378,121,152.259,-10.797,-129.87,-9.591,0.0,2.0009999999999852
379,121,167.899,-11.104,-130.708,-10.861,0.0,15.226000000000017
380,121,154.323,-10.156,-129.498,-10.35,0.0,4.3190000000000115
381,121,150.804,-11.049,-129.862,-11.786,0.0,-1.892999999999999
382,121,157.785,-10.919,-128.09,-13.73,0.0,5.045999999999982
383,121,153.927,-10.697,-127.857,-13.559,0.0,1.8139999999999912
384,121,152.075,-11.572,-130.601,-12.168,0.0,-2.2660000000000124
385,121,149.882,-10.823,-134.003,-10.052,0.0,-4.995999999999988
386,121,155.101,-11.468,-136.105,-6.75,0.0,0.77800000000002
387,121,153.926,-10.916,-129.423,-10.934,0.0,2.65299999999999
388,121,152.398,-11.765,-129.667,-13.009,0.0,-2.0430000000000206
389,121,151.635,-12.663,-134.316,-4.221,0.0,0.4349999999999774
390,121,151.334,-9.93,-136.061,-7.361,0.0,-2.0180000000000105
391,121,155.05,-11.505,-128.549,-12.012,0.0,2.984000000000009
392,121,152.926,-11.883,-127.445,-10.745,0.0,2.8529999999999855
393,121,151.468,-10.785,-129.345,-11.24,0.0,0.09799999999999365
394,121,154.165,-10.612,-130.992,-11.88,0.0,0.6810000000000063
395,121,158.21,-10.856,-128.252,-11.882,0.0,7.220000000000004
396,121,157.675,-11.967,-134.632,-8.86,0.0,2.215999999999994
397,121,166.149,-11.958,-132.864,-11.7,0.0,9.626999999999999
398,121,156.345,-8.561,-137.163,-8.635,0.0,1.9859999999999811
399,121,153.844,-11.295,-136.074,-7.497,0.0,-1.0220000000000056
400,121,151.634,-11.201,-127.025,-14.035,0.0,-0.6270000000000131
401,121,151.847,-12.365,-131.835,-9.441,0.0,-1.7940000000000094

Backbone Energy Decomposition:
Frame #,Residue,Internal,van der Waals,Electrostatic,Polar Solvation,Non-Polar Solv.,TOTAL
1,121,0.0,0.0,0.0,0.0,0.0,0.0
2,121,0.0,0.0,0.0,0.0,0.0,0.0
3,121,0.0,0.0,0.0,0.0,0.0,0.0
4,121,0.0,0.0,0.0,0.0,0.0,0.0
5,121,0.0,0.0,0.0,0.0,0.0,0.0
6,121,0.0,0.0,0.0,0.0,0.0,0.0
7,121,0.0,0.0,0.0,0.0,0.0,0.0
8,121,0.0,0.0,0.0,0.0,0.0,0.0
9,121,0.0,0.0,0.0,0.0,0.0,0.0
10,121,0.0,0.0,0.0,0.0,0.0,0.0
11,121,0.0,0.0,0.0,0.0,0.0,0.0
12,121,0.0,0.0,0.0,0.0,0.0,0.0
13,121,0.0,0.0,0.0,0.0,0.0,0.0
14,121,0.0,0.0,0.0,0.0,0.0,0.0
15,121,0.0,0.0,0.0,0.0,0.0,0.0
16,121,0.0,0.0,0.0,0.0,0.0,0.0
17,121,0.0,0.0,0.0,0.0,0.0,0.0
18,121,0.0,0.0,0.0,0.0,0.0,0.0
19,121,0.0,0.0,0.0,0.0,0.0,0.0
20,121,0.0,0.0,0.0,0.0,0.0,0.0
21,121,0.0,0.0,0.0,0.0,0.0,0.0
22,121,0.0,0.0,0.0,0.0,0.0,0.0
23,121,0.0,0.0,0.0,0.0,0.0,0.0
24,121,0.0,0.0,0.0,0.0,0.0,0.0
25,121,0.0,0.0,0.0,0.0,0.0,0.0
26,121,0.0,0.0,0.0,0.0,0.0,0.0
27,121,0.0,0.0,0.0,0.0,0.0,0.0
28,121,0.0,0.0,0.0,0.0,0.0,0.0
29,121,0.0,0.0,0.0,0.0,0.0,0.0
30,121,0.0,0.0,0.0,0.0,0.0,0.0
31,121,0.0,0.0,0.0,0.0,0.0,0.0
32,121,0.0,0.0,0.0,0.0,0.0,0.0
33,121,0.0,0.0,0.0,0.0,0.0,0.0
34,121,0.0,0.0,0.0,0.0,0.0,0.0
35,121,0.0,0.0,0.0,0.0,0.0,0.0
36,121,0.0,0.0,0.0,0.0,0.0,0.0
37,121,0.0,0.0,0.0,0.0,0.0,0.0
38,121,0.0,0.0,0.0,0.0,0.0,0.0
39,121,0.0,0.0,0.0,0.0,0.0,0.0
40,121,0.0,0.0,0.0,0.0,0.0,0.0
41,121,0.0,0.0,0.0,0.0,0.0,0.0
42,121,0.0,0.0,0.0,0.0,0.0,0.0
43,121,0.0,0.0,0.0,0.0,0.0,0.0
44,121,0.0,0.0,0.0,0.0,0.0,0.0
45,121,0.0,0.0,0.0,0.0,0.0,0.0
46,121,0.0,0.0,0.0,0.0,0.0,0.0
47,121,0.0,0.0,0.0,0.0,0.0,0.0
48,121,0.0,0.0,0.0,0.0,0.0,0.0
49,121,0.0,0.0,0.0,0.0,0.0,0.0
50,121,0.0,0.0,0.0,0.0,0.0,0.0
51,121,0.0,0.0,0.0,0.0,0.0,0.0
52,121,0.0,0.0,0.0,0.0,0.0,0.0
53,121,0.0,0.0,0.0,0.0,0.0,0.0
54,121,0.0,0.0,0.0,0.0,0.0,0.0
55,121,0.0,0.0,0.0,0.0,0.0,0.0
56,121,0.0,0.0,0.0,0.0,0.0,0.0
57,121,0.0,0.0,0.0,0.0,0.0,0.0
58,121,0.0,0.0,0.0,0.0,0.0,0.0
59,121,0.0,0.0,0.0,0.0,0.0,0.0
60,121,0.0,0.0,0.0,0.0,0.0,0.0
61,121,0.0,0.0,0.0,0.0,0.0,0.0
62,121,0.0,0.0,0.0,0.0,0.0,0.0
63,121,0.0,0.0,0.0,0.0,0.0,0.0
64,121,0.0,0.0,0.0,0.0,0.0,0.0
65,121,0.0,0.0,0.0,0.0,0.0,0.0
66,121,0.0,0.0,0.0,0.0,0.0,0.0
67,121,0.0,0.0,0.0,0.0,0.0,0.0
68,121,0.0,0.0,0.0,0.0,0.0,0.0
69,121,0.0,0.0,0.0,0.0,0.0,0.0
70,121,0.0,0.0,0.0,0.0,0.0,0.0
71,121,0.0,0.0,0.0,0.0,0.0,0.0
72,121,0.0,0.0,0.0,0.0,0.0,0.0
73,121,0.0,0.0,0.0,0.0,0.0,0.0
74,121,0.0,0.0,0.0,0.0,0.0,0.0
75,121,0.0,0.0,0.0,0.0,0.0,0.0
76,121,0.0,0.0,0.0,0.0,0.0,0.0
77,121,0.0,0.0,0.0,0.0,0.0,0.0
78,121,0.0,0.0,0.0,0.0,0.0,0.0
79,121,0.0,0.0,0.0,0.0,0.0,0.0
80,121,0.0,0.0,0.0,0.0,0.0,0.0
81,121,0.0,0.0,0.0,0.0,0.0,0.0
82,121,0.0,0.0,0.0,0.0,0.0,0.0
83,121,0.0,0.0,0.0,0.0,0.0,0.0
84,121,0.0,0.0,0.0,0.0,0.0,0.0
85,121,0.0,0.0,0.0,0.0,0.0,0.0
86,121,0.0,0.0,0.0,0.0,0.0,0.0
87,121,0.0,0.0,0.0,0.0,0.0,0.0
88,121,0.0,0.0,0.0,0.0,0.0,0.0
89,121,0.0,0.0,0.0,0.0,0.0,0.0
90,121,0.0,0.0,0.0,0.0,0.0,0.0
91,121,0.0,0.0,0.0,0.0,0.0,0.0
92,121,0.0,0.0,0.0,0.0,0.0,0.0
93,121,0.0,0.0,0.0,0.0,0.0,0.0
94,121,0.0,0.0,0.0,0.0,0.0,0.0
95,121,0.0,0.0,0.0,0.0,0.0,0.0
96,121,0.0,0.0,0.0,0.0,0.0,0.0
97,121,0.0,0.0,0.0,0.0,0.0,0.0
98,121,0.0,0.0,0.0,0.0,0.0,0.0
99,121,0.0,0.0,0.0,0.0,0.0,0.0
100,121,0.0,0.0,0.0,0.0,0.0,0.0
101,121,0.0,0.0,0.0,0.0,0.0,0.0
102,121,0.0,0.0,0.0,0.0,0.0,0.0
103,121,0.0,0.0,0.0,0.0,0.0,0.0
104,121,0.0,0.0,0.0,0.0,0.0,0.0
105,121,0.0,0.0,0.0,0.0,0.0,0.0
106,121,0.0,0.0,0.0,0.0,0.0,0.0
107,121,0.0,0.0,0.0,0.0,0.0,0.0
108,121,0.0,0.0,0.0,0.0,0.0,0.0
109,121,0.0,0.0,0.0,0.0,0.0,0.0
110,121,0.0,0.0,0.0,0.0,0.0,0.0
111,121,0.0,0.0,0.0,0.0,0.0,0.0
112,121,0.0,0.0,0.0,0.0,0.0,0.0
113,121,0.0,0.0,0.0,0.0,0.0,0.0
114,121,0.0,0.0,0.0,0.0,0.0,0.0
115,121,0.0,0.0,0.0,0.0,0.0,0.0
116,121,0.0,0.0,0.0,0.0,0.0,0.0
117,121,0.0,0.0,0.0,0.0,0.0,0.0
118,121,0.0,0.0,0.0,0.0,0.0,0.0
119,121,0.0,0.0,0.0,0.0,0.0,0.0
120,121,0.0,0.0,0.0,0.0,0.0,0.0
121,121,0.0,0.0,0.0,0.0,0.0,0.0
122,121,0.0,0.0,0.0,0.0,0.0,0.0
123,121,0.0,0.0,0.0,0.0,0.0,0.0
124,121,0.0,0.0,0.0,0.0,0.0,0.0
125,121,0.0,0.0,0.0,0.0,0.0,0.0
126,121,0.0,0.0,0.0,0.0,0.0,0.0
127,121,0.0,0.0,0.0,0.0,0.0,0.0
128,121,0.0,0.0,0.0,0.0,0.0,0.0
129,121,0.0,0.0,0.0,0.0,0.0,0.0
130,121,0.0,0.0,0.0,0.0,0.0,0.0
131,121,0.0,0.0,0.0,0.0,0.0,0.0
132,121,0.0,0.0,0.0,0.0,0.0,0.0
133,121,0.0,0.0,0.0,0.0,0.0,0.0
134,121,0.0,0.0,0.0,0.0,0.0,0.0
135,121,0.0,0.0,0.0,0.0,0.0,0.0
136,121,0.0,0.0,0.0,0.0,0.0,0.0
137,121,0.0,0.0,0.0,0.0,0.0,0.0
138,121,0.0,0.0,0.0,0.0,0.0,0.0
139,121,0.0,0.0,0.0,0.0,0.0,0.0
140,121,0.0,0.0,0.0,0.0,0.0,0.0
141,121,0.0,0.0,0.0,0.0,0.0,0.0
142,121,0.0,0.0,0.0,0.0,0.0,0.0
143,121,0.0,0.0,0.0,0.0,0.0,0.0
144,121,0.0,0.0,0.0,0.0,0.0,0.0
145,121,0.0,0.0,0.0,0.0,0.0,0.0
146,121,0.0,0.0,0.0,0.0,0.0,0.0
147,121,0.0,0.0,0.0,0.0,0.0,0.0
148,121,0.0,0.0,0.0,0.0,0.0,0.0
149,121,0.0,0.0,0.0,0.0,0.0,0.0
150,121,0.0,0.0,0.0,0.0,0.0,0.0
151,121,0.0,0.0,0.0,0.0,0.0,0.0
152,121,0.0,0.0,0.0,0.0,0.0,0.0
153,121,0.0,0.0,0.0,0.0,0.0,0.0
154,121,0.0,0.0,0.0,0.0,0.0,0.0
155,121,0.0,0.0,0.0,0.0,0.0,0.0
156,121,0.0,0.0,0.0,0.0,0.0,0.0
157,121,0.0,0.0,0.0,0.0,0.0,0.0
158,121,0.0,0.0,0.0,0.0,0.0,0.0
159,121,0.0,0.0,0.0,0.0,0.0,0.0
160,121,0.0,0.0,0.0,0.0,0.0,0.0
161,121,0.0,0.0,0.0,0.0,0.0,0.0
162,121,0.0,0.0,0.0,0.0,0.0,0.0
163,121,0.0,0.0,0.0,0.0,0.0,0.0
164,121,0.0,0.0,0.0,0.0,0.0,0.0
165,121,0.0,0.0,0.0,0.0,0.0,0.0
166,121,0.0,0.0,0.0,0.0,0.0,0.0
167,121,0.0,0.0,0.0,0.0,0.0,0.0
168,121,0.0,0.0,0.0,0.0,0.0,0.0
169,121,0.0,0.0,0.0,0.0,0.0,0.0
170,121,0.0,0.0,0.0,0.0,0.0,0.0
171,121,0.0,0.0,0.0,0.0,0.0,0.0
172,121,0.0,0.0,0.0,0.0,0.0,0.0
173,121,0.0,0.0,0.0,0.0,0.0,0.0
174,121,0.0,0.0,0.0,0.0,0.0,0.0
175,121,0.0,0.0,0.0,0.0,0.0,0.0
176,121,0.0,0.0,0.0,0.0,0.0,0.0
177,121,0.0,0.0,0.0,0.0,0.0,0.0
178,121,0.0,0.0,0.0,0.0,0.0,0.0
179,121,0.0,0.0,0.0,0.0,0.0,0.0
180,121,0.0,0.0,0.0,0.0,0.0,0.0
181,121,0.0,0.0,0.0,0.0,0.0,0.0
182,121,0.0,0.0,0.0,0.0,0.0,0.0
183,121,0.0,0.0,0.0,0.0,0.0,0.0
184,121,0.0,0.0,0.0,0.0,0.0,0.0
185,121,0.0,0.0,0.0,0.0,0.0,0.0
186,121,0.0,0.0,0.0,0.0,0.0,0.0
187,121,0.0,0.0,0.0,0.0,0.0,0.0
188,121,0.0,0.0,0.0,0.0,0.0,0.0
189,121,0.0,0.0,0.0,0.0,0.0,0.0
190,121,0.0,0.0,0.0,0.0,0.0,0.0
191,121,0.0,0.0,0.0,0.0,0.0,0.0
192,121,0.0,0.0,0.0,0.0,0.0,0.0
193,121,0.0,0.0,0.0,0.0,0.0,0.0
194,121,0.0,0.0,0.0,0.0,0.0,0.0
195,121,0.0,0.0,0.0,0.0,0.0,0.0
196,121,0.0,0.0,0.0,0.0,0.0,0.0
197,121,0.0,0.0,0.0,0.0,0.0,0.0
198,121,0.0,0.0,0.0,0.0,0.0,0.0
199,121,0.0,0.0,0.0,0.0,0.0,0.0
200,121,0.0,0.0,0.0,0.0,0.0,0.0
201,121,0.0,0.0,0.0,0.0,0.0,0.0
202,121,0.0,0.0,0.0,0.0,0.0,0.0
203,121,0.0,0.0,0.0,0.0,0.0,0.0
204,121,0.0,0.0,0.0,0.0,0.0,0.0
205,121,0.0,0.0,0.0,0.0,0.0,0.0
206,121,0.0,0.0,0.0,0.0,0.0,0.0
207,121,0.0,0.0,0.0,0.0,0.0,0.0
208,121,0.0,0.0,0.0,0.0,0.0,0.0
209,121,0.0,0.0,0.0,0.0,0.0,0.0
210,121,0.0,0.0,0.0,0.0,0.0,0.0
211,121,0.0,0.0,0.0,0.0,0.0,0.0
212,121,0.0,0.0,0.0,0.0,0.0,0.0
213,121,0.0,0.0,0.0,0.0,0.0,0.0
214,121,0.0,0.0,0.0,0.0,0.0,0.0
215,121,0.0,0.0,0.0,0.0,0.0,0.0
216,121,0.0,0.0,0.0,0.0,0.0,0.0
217,121,0.0,0.0,0.0,0.0,0.0,0.0
218,121,0.0,0.0,0.0,0.0,0.0,0.0
219,121,0.0,0.0,0.0,0.0,0.0,0.0
220,121,0.0,0.0,0.0,0.0,0.0,0.0
221,121,0.0,0.0,0.0,0.0,0.0,0.0
222,121,0.0,0.0,0.0,0.0,0.0,0.0
223,121,0.0,0.0,0.0,0.0,0.0,0.0
224,121,0.0,0.0,0.0,0.0,0.0,0.0
225,121,0.0,0.0,0.0,0.0,0.0,0.0
226,121,0.0,0.0,0.0,0.0,0.0,0.0
227,121,0.0,0.0,0.0,0.0,0.0,0.0
228,121,0.0,0.0,0.0,0.0,0.0,0.0
229,121,0.0,0.0,0.0,0.0,0.0,0.0
230,121,0.0,0.0,0.0,0.0,0.0,0.0
231,121,0.0,0.0,0.0,0.0,0.0,0.0
232,121,0.0,0.0,0.0,0.0,0.0,0.0
233,121,0.0,0.0,0.0,0.0,0.0,0.0
234,121,0.0,0.0,0.0,0.0,0.0,0.0
235,121,0.0,0.0,0.0,0.0,0.0,0.0
236,121,0.0,0.0,0.0,0.0,0.0,0.0
237,121,0.0,0.0,0.0,0.0,0.0,0.0
238,121,0.0,0.0,0.0,0.0,0.0,0.0
239,121,0.0,0.0,0.0,0.0,0.0,0.0
240,121,0.0,0.0,0.0,0.0,0.0,0.0
241,121,0.0,0.0,0.0,0.0,0.0,0.0
242,121,0.0,0.0,0.0,0.0,0.0,0.0
243,121,0.0,0.0,0.0,0.0,0.0,0.0
244,121,0.0,0.0,0.0,0.0,0.0,0.0
245,121,0.0,0.0,0.0,0.0,0.0,0.0
246,121,0.0,0.0,0.0,0.0,0.0,0.0
247,121,0.0,0.0,0.0,0.0,0.0,0.0
248,121,0.0,0.0,0.0,0.0,0.0,0.0
249,121,0.0,0.0,0.0,0.0,0.0,0.0
250,121,0.0,0.0,0.0,0.0,0.0,0.0
251,121,0.0,0.0,0.0,0.0,0.0,0.0
252,121,0.0,0.0,0.0,0.0,0.0,0.0
253,121,0.0,0.0,0.0,0.0,0.0,0.0
254,121,0.0,0.0,0.0,0.0,0.0,0.0
255,121,0.0,0.0,0.0,0.0,0.0,0.0
256,121,0.0,0.0,0.0,0.0,0.0,0.0
257,121,0.0,0.0,0.0,0.0,0.0,0.0
258,121,0.0,0.0,0.0,0.0,0.0,0.0
259,121,0.0,0.0,0.0,0.0,0.0,0.0
260,121,0.0,0.0,0.0,0.0,0.0,0.0
261,121,0.0,0.0,0.0,0.0,0.0,0.0
262,121,0.0,0.0,0.0,0.0,0.0,0.0
263,121,0.0,0.0,0.0,0.0,0.0,0.0
264,121,0.0,0.0,0.0,0.0,0.0,0.0
265,121,0.0,0.0,0.0,0.0,0.0,0.0
266,121,0.0,0.0,0.0,0.0,0.0,0.0
267,121,0.0,0.0,0.0,0.0,0.0,0.0
268,121,0.0,0.0,0.0,0.0,0.0,0.0
269,121,0.0,0.0,0.0,0.0,0.0,0.0
270,121,0.0,0.0,0.0,0.0,0.0,0.0
271,121,0.0,0.0,0.0,0.0,0.0,0.0
272,121,0.0,0.0,0.0,0.0,0.0,0.0
273,121,0.0,0.0,0.0,0.0,0.0,0.0
274,121,0.0,0.0,0.0,0.0,0.0,0.0
275,121,0.0,0.0,0.0,0.0,0.0,0.0
276,121,0.0,0.0,0.0,0.0,0.0,0.0
277,121,0.0,0.0,0.0,0.0,0.0,0.0
278,121,0.0,0.0,0.0,0.0,0.0,0.0
279,121,0.0,0.0,0.0,0.0,0.0,0.0
280,121,0.0,0.0,0.0,0.0,0.0,0.0
281,121,0.0,0.0,0.0,0.0,0.0,0.0
282,121,0.0,0.0,0.0,0.0,0.0,0.0
283,121,0.0,0.0,0.0,0.0,0.0,0.0
284,121,0.0,0.0,0.0,0.0,0.0,0.0
285,121,0.0,0.0,0.0,0.0,0.0,0.0
286,121,0.0,0.0,0.0,0.0,0.0,0.0
287,121,0.0,0.0,0.0,0.0,0.0,0.0
288,121,0.0,0.0,0.0,0.0,0.0,0.0
289,121,0.0,0.0,0.0,0.0,0.0,0.0
290,121,0.0,0.0,0.0,0.0,0.0,0.0
291,121,0.0,0.0,0.0,0.0,0.0,0.0
292,121,0.0,0.0,0.0,0.0,0.0,0.0
293,121,0.0,0.0,0.0,0.0,0.0,0.0
294,121,0.0,0.0,0.0,0.0,0.0,0.0
295,121,0.0,0.0,0.0,0.0,0.0,0.0
296,121,0.0,0.0,0.0,0.0,0.0,0.0
297,121,0.0,0.0,0.0,0.0,0.0,0.0
298,121,0.0,0.0,0.0,0.0,0.0,0.0
299,121,0.0,0.0,0.0,0.0,0.0,0.0
300,121,0.0,0.0,0.0,0.0,0.0,0.0
301,121,0.0,0.0,0.0,0.0,0.0,0.0
302,121,0.0,0.0,0.0,0.0,0.0,0.0
303,121,0.0,0.0,0.0,0.0,0.0,0.0
304,121,0.0,0.0,0.0,0.0,0.0,0.0
305,121,0.0,0.0,0.0,0.0,0.0,0.0
306,121,0.0,0.0,0.0,0.0,0.0,0.0
307,121,0.0,0.0,0.0,0.0,0.0,0.0
308,121,0.0,0.0,0.0,0.0,0.0,0.0
309,121,0.0,0.0,0.0,0.0,0.0,0.0
310,121,0.0,0.0,0.0,0.0,0.0,0.0
311,121,0.0,0.0,0.0,0.0,0.0,0.0
312,121,0.0,0.0,0.0,0.0,0.0,0.0
313,121,0.0,0.0,0.0,0.0,0.0,0.0
314,121,0.0,0.0,0.0,0.0,0.0,0.0
315,121,0.0,0.0,0.0,0.0,0.0,0.0
316,121,0.0,0.0,0.0,0.0,0.0,0.0
317,121,0.0,0.0,0.0,0.0,0.0,0.0
318,121,0.0,0.0,0.0,0.0,0.0,0.0
319,121,0.0,0.0,0.0,0.0,0.0,0.0
320,121,0.0,0.0,0.0,0.0,0.0,0.0
321,121,0.0,0.0,0.0,0.0,0.0,0.0
322,121,0.0,0.0,0.0,0.0,0.0,0.0
323,121,0.0,0.0,0.0,0.0,0.0,0.0
324,121,0.0,0.0,0.0,0.0,0.0,0.0
325,121,0.0,0.0,0.0,0.0,0.0,0.0
326,121,0.0,0.0,0.0,0.0,0.0,0.0
327,121,0.0,0.0,0.0,0.0,0.0,0.0
328,121,0.0,0.0,0.0,0.0,0.0,0.0
329,121,0.0,0.0,0.0,0.0,0.0,0.0
330,121,0.0,0.0,0.0,0.0,0.0,0.0
331,121,0.0,0.0,0.0,0.0,0.0,0.0
332,121,0.0,0.0,0.0,0.0,0.0,0.0
333,121,0.0,0.0,0.0,0.0,0.0,0.0
334,121,0.0,0.0,0.0,0.0,0.0,0.0
335,121,0.0,0.0,0.0,0.0,0.0,0.0
336,121,0.0,0.0,0.0,0.0,0.0,0.0
337,121,0.0,0.0,0.0,0.0,0.0,0.0
338,121,0.0,0.0,0.0,0.0,0.0,0.0
339,121,0.0,0.0,0.0,0.0,0.0,0.0
340,121,0.0,0.0,0.0,0.0,0.0,0.0
341,121,0.0,0.0,0.0,0.0,0.0,0.0
342,121,0.0,0.0,0.0,0.0,0.0,0.0
343,121,0.0,0.0,0.0,0.0,0.0,0.0
344,121,0.0,0.0,0.0,0.0,0.0,0.0
345,121,0.0,0.0,0.0,0.0,0.0,0.0
346,121,0.0,0.0,0.0,0.0,0.0,0.0
347,121,0.0,0.0,0.0,0.0,0.0,0.0
348,121,0.0,0.0,0.0,0.0,0.0,0.0
349,121,0.0,0.0,0.0,0.0,0.0,0.0
350,121,0.0,0.0,0.0,0.0,0.0,0.0
351,121,0.0,0.0,0.0,0.0,0.0,0.0
352,121,0.0,0.0,0.0,0.0,0.0,0.0
353,121,0.0,0.0,0.0,0.0,0.0,0.0
354,121,0.0,0.0,0.0,0.0,0.0,0.0
355,121,0.0,0.0,0.0,0.0,0.0,0.0
356,121,0.0,0.0,0.0,0.0,0.0,0.0
357,121,0.0,0.0,0.0,0.0,0.0,0.0
358,121,0.0,0.0,0.0,0.0,0.0,0.0
359,121,0.0,0.0,0.0,0.0,0.0,0.0
360,121,0.0,0.0,0.0,0.0,0.0,0.0
361,121,0.0,0.0,0.0,0.0,0.0,0.0
362,121,0.0,0.0,0.0,0.0,0.0,0.0
363,121,0.0,0.0,0.0,0.0,0.0,0.0
364,121,0.0,0.0,0.0,0.0,0.0,0.0
365,121,0.0,0.0,0.0,0.0,0.0,0.0
366,121,0.0,0.0,0.0,0.0,0.0,0.0
367,121,0.0,0.0,0.0,0.0,0.0,0.0
368,121,0.0,0.0,0.0,0.0,0.0,0.0
369,121,0.0,0.0,0.0,0.0,0.0,0.0
370,121,0.0,0.0,0.0,0.0,0.0,0.0
371,121,0.0,0.0,0.0,0.0,0.0,0.0
372,121,0.0,0.0,0.0,0.0,0.0,0.0
373,121,0.0,0.0,0.0,0.0,0.0,0.0
374,121,0.0,0.0,0.0,0.0,0.0,0.0
375,121,0.0,0.0,0.0,0.0,0.0,0.0
376,121,0.0,0.0,0.0,0.0,0.0,0.0
377,121,0.0,0.0,0.0,0.0,0.0,0.0
378,121,0.0,0.0,0.0,0.0,0.0,0.0
379,121,0.0,0.0,0.0,0.0,0.0,0.0
380,121,0.0,0.0,0.0,0.0,0.0,0.0
381,121,0.0,0.0,0.0,0.0,0.0,0.0
382,121,0.0,0.0,0.0,0.0,0.0,0.0
383,121,0.0,0.0,0.0,0.0,0.0,0.0
384,121,0.0,0.0,0.0,0.0,0.0,0.0
385,121,0.0,0.0,0.0,0.0,0.0,0.0
386,121,0.0,0.0,0.0,0.0,0.0,0.0
387,121,0.0,0.0,0.0,0.0,0.0,0.0
388,121,0.0,0.0,0.0,0.0,0.0,0.0
389,121,0.0,0.0,0.0,0.0,0.0,0.0
390,121,0.0,0.0,0.0,0.0,0.0,0.0
391,121,0.0,0.0,0.0,0.0,0.0,0.0
392,121,0.0,0.0,0.0,0.0,0.0,0.0
393,121,0.0,0.0,0.0,0.0,0.0,0.0
394,121,0.0,0.0,0.0,0.0,0.0,0.0
395,121,0.0,0.0,0.0,0.0,0.0,0.0
396,121,0.0,0.0,0.0,0.0,0.0,0.0
397,121,0.0,0.0,0.0,0.0,0.0,0.0
398,121,0.0,0.0,0.0,0.0,0.0,0.0
399,121,0.0,0.0,0.0,0.0,0.0,0.0
400,121,0.0,0.0,0.0,0.0,0.0,0.0
401,121,0.0,0.0,0.0,0.0,0.0,0.0

