POISSON BOLTZMANN:
Frame #,BOND,ANGLE,DIHED,UB,IMP,CMAP,VDWAALS,EEL,1-4 VDW,1-4 EEL,EPB,ENPOLAR,EDISPER,G gas,G solv,TOTAL
0,484.9451,1402.8371,-1042.4019,0.0,0.0,0.0,-1320.9606,-16219.2129,598.2113,11851.0117,-1910.5648,1216.8507,-718.6573,-4245.5702,-1412.3714,-5657.9416
1,492.9762,1408.0724,-1106.1175,0.0,0.0,0.0,-1282.2861,-16208.7627,603.874,11806.2465,-1918.25,1224.4721,-735.4676,-4285.9972,-1429.2455,-5715.2427
2,509.2799,1444.8543,-1067.2501,0.0,0.0,0.0,-1301.3205,-16169.9008,599.4678,11869.0118,-1997.609,1236.1712,-744.0023,-4115.857599999998,-1505.4400999999998,-5621.297699999998
3,470.625,1373.1227,-1077.5627,0.0,0.0,0.0,-1262.8221,-16245.8047,616.0011,11914.6238,-1963.1039,1224.6753,-731.3187,-4211.816900000002,-1469.7473,-5681.564200000002
4,506.1344,1406.1202,-1074.9061,0.0,0.0,0.0,-1310.7617,-16249.8382,599.8655,11810.488,-1861.8623,1225.6203,-734.6373,-4312.897900000002,-1370.8793,-5683.777200000002
5,489.8049,1391.7919,-1075.9592,0.0,0.0,0.0,-1285.4666,-16226.4721,624.4786,11838.4723,-1915.6024,1219.6054,-729.728,-4243.350200000001,-1425.725,-5669.0752
6,484.3857,1415.9504,-1070.5966,0.0,0.0,0.0,-1302.7569,-16310.6167,614.2406,11868.7806,-1887.3186,1219.9881,-731.3806,-4300.6129,-1398.7111,-5699.3240000000005
7,515.1653,1407.9893,-1092.667,0.0,0.0,0.0,-1260.9634,-16255.2784,604.4597,11856.2123,-1883.7854,1233.5488,-734.0752,-4225.082200000001,-1384.3118,-5609.394000000001
8,511.4454,1397.4779,-1055.5874,0.0,0.0,0.0,-1282.4728,-16208.5198,624.6114,11803.8029,-1918.6693,1223.1491,-731.6093,-4209.242399999999,-1427.1295,-5636.371899999998
9,525.5924,1450.7217,-1076.931,0.0,0.0,0.0,-1302.5644,-16175.2247,612.6764,11811.3048,-1952.1785,1220.3141,-733.1688,-4154.424799999999,-1465.0331999999999,-5619.458
10,506.4612,1416.5161,-1096.3482,0.0,0.0,0.0,-1272.3808,-16217.2355,613.0808,11807.2991,-1917.8872,1224.5005,-732.983,-4242.6073,-1426.3696999999997,-5668.977
11,497.0421,1432.3934,-1072.7816,0.0,0.0,0.0,-1304.102,-15996.3316,591.5709,11719.7078,-1997.8965,1228.2616,-725.1395,-4132.500999999998,-1494.7744,-5627.275399999999
12,487.3373,1402.0102,-1097.9015,0.0,0.0,0.0,-1288.8697,-16077.324,606.9097,11728.126,-1916.4835,1230.2744,-731.5396,-4239.7119999999995,-1417.7487,-5657.4607
13,537.099,1457.927,-1105.357,0.0,0.0,0.0,-1281.5109,-16131.4399,610.3664,11744.0505,-1930.7398,1225.5447,-730.6815,-4168.8649000000005,-1435.8766,-5604.741500000001
14,527.4399,1423.4757,-1074.6752,0.0,0.0,0.0,-1277.9609,-16421.2616,603.8996,11803.8355,-1696.7589,1230.3075,-731.4766,-4415.247000000001,-1197.928,-5613.175000000001
15,527.1109,1457.5383,-1096.2678,0.0,0.0,0.0,-1310.6972,-16352.5917,599.2219,11786.7467,-1728.4159,1224.4532,-727.4123,-4388.938900000001,-1231.375,-5620.313900000001
16,497.539,1444.5463,-1132.2038,0.0,0.0,0.0,-1262.7098,-16219.4503,611.4808,11835.1855,-1899.5942,1231.3186,-735.9012,-4225.6123000000025,-1404.1768,-5629.789100000002
17,524.6656,1410.7305,-1111.1308,0.0,0.0,0.0,-1263.0038,-16178.147,617.9088,11835.0909,-1989.4661,1231.2194,-743.7257,-4163.885800000002,-1501.9724,-5665.8582000000015
18,537.8541,1438.9413,-1082.5777,0.0,0.0,0.0,-1274.9576,-16291.9675,600.3745,11836.0329,-1858.555,1234.0544,-736.6725,-4236.299999999999,-1361.1731,-5597.473099999999
19,484.4768,1421.095,-1108.6821,0.0,0.0,0.0,-1284.3033,-16324.1103,617.3422,11920.2326,-1919.7429,1231.0682,-732.6822,-4273.949100000002,-1421.3569,-5695.306000000002
20,500.1209,1445.6443,-1066.0987,0.0,0.0,0.0,-1313.6324,-16222.9178,604.5518,11783.6168,-1839.3998,1221.8403,-728.9599,-4268.715099999999,-1346.5193999999997,-5615.2345
21,475.6511,1419.1866,-1098.6819,0.0,0.0,0.0,-1265.7134,-16275.1728,624.7226,11769.8586,-1807.5422,1230.969,-746.6878,-4350.1492,-1323.261,-5673.410199999999
22,465.6129,1394.6622,-1057.4122,0.0,0.0,0.0,-1278.8889,-16297.5496,620.7811,11802.546,-1811.1779,1227.704,-731.1223,-4350.2485,-1314.5962,-5664.8447
23,495.7847,1415.3481,-1064.8096,0.0,0.0,0.0,-1278.5506,-16310.4486,602.9578,11790.2042,-1802.0034,1230.6807,-734.0819,-4349.513999999999,-1305.4046000000003,-5654.918599999999
24,527.5219,1423.7589,-1057.9522,0.0,0.0,0.0,-1313.4203,-16124.8457,581.7887,11735.7804,-1896.1854,1232.9251,-739.594,-4227.3683,-1402.8543000000002,-5630.2226
25,534.6704,1413.7426,-1093.4704,0.0,0.0,0.0,-1255.3418,-16400.132,610.0838,11873.946,-1775.0366,1230.2366,-741.8617,-4316.501400000001,-1286.6617,-5603.163100000001
26,495.3266,1431.4913,-1078.2219,0.0,0.0,0.0,-1311.6953,-16354.2943,615.3447,11895.9716,-1822.693,1221.5473,-728.0892,-4306.077299999999,-1329.2349,-5635.312199999999
27,542.6403,1439.0553,-1080.5146,0.0,0.0,0.0,-1277.798,-16261.417,596.4911,11775.2043,-1794.5057,1227.0614,-735.2158,-4266.338600000001,-1302.6600999999998,-5568.9987
28,509.2311,1427.9414,-1101.8851,0.0,0.0,0.0,-1273.2853,-16358.8797,606.2798,11806.6787,-1732.7186,1221.6843,-727.8962,-4383.919099999999,-1238.9305,-5622.8496
29,519.089,1421.6262,-1095.8881,0.0,0.0,0.0,-1284.2776,-16349.5212,611.717,11842.4997,-1788.4922,1213.907,-719.2213,-4334.754999999997,-1293.8065000000001,-5628.561499999997
30,536.018,1417.9217,-1089.9395,0.0,0.0,0.0,-1303.8527,-16063.4039,603.6104,11772.7814,-1996.5486,1229.5987,-735.2035,-4126.864599999999,-1502.1534000000001,-5629.017999999998
31,545.7865,1492.6508,-1100.2724,0.0,0.0,0.0,-1262.4453,-16152.7431,596.6684,11792.6806,-1970.3539,1236.6059,-742.7656,-4087.674499999999,-1476.5136,-5564.1880999999985
32,532.3267,1388.8217,-1087.5219,0.0,0.0,0.0,-1270.8384,-16162.0888,625.1212,11833.5488,-1953.2996,1227.7465,-734.0971,-4140.6307,-1459.6502,-5600.2809
33,515.1203,1388.4574,-1088.197,0.0,0.0,0.0,-1296.4057,-16041.3511,618.8175,11797.5656,-2024.9372,1236.7287,-742.8306,-4105.993000000002,-1531.0391000000002,-5637.032100000003
34,502.3508,1402.9614,-1060.2681,0.0,0.0,0.0,-1289.2986,-16140.8105,603.5603,11772.0921,-1971.5088,1232.8779,-746.8942,-4209.4126,-1485.5251,-5694.9376999999995
35,504.2527,1454.8321,-1094.83,0.0,0.0,0.0,-1300.0243,-16200.5715,610.1533,11864.0104,-1962.783,1231.0682,-740.2798,-4162.177300000001,-1471.9946,-5634.171900000001
36,516.8033,1428.6435,-1085.6298,0.0,0.0,0.0,-1286.5294,-16219.1564,615.5635,11840.887,-1965.7006,1230.6571,-741.5685,-4189.418299999999,-1476.612,-5666.030299999999
37,494.6503,1398.0502,-1086.1368,0.0,0.0,0.0,-1285.2277,-16120.0895,630.9657,11819.7255,-1977.3442,1228.3466,-734.7085,-4148.062299999998,-1483.7060999999999,-5631.768399999997
38,514.4338,1346.4657,-1066.713,0.0,0.0,0.0,-1280.3968,-16176.2499,605.0411,11923.281,-2031.4064,1233.0055,-736.0347,-4134.1381,-1534.4356000000002,-5668.5737
39,549.5738,1413.3504,-1069.07,0.0,0.0,0.0,-1267.197,-16180.2251,608.2126,11840.5524,-1970.7136,1229.783,-738.923,-4104.802899999997,-1479.8536000000001,-5584.656499999996
40,499.2804,1447.696,-1085.403,0.0,0.0,0.0,-1263.6389,-16209.6806,607.7382,11841.5484,-1944.1572,1232.1644,-744.9428,-4162.459500000001,-1456.9356000000002,-5619.395100000001
41,532.1585,1402.6652,-1099.4157,0.0,0.0,0.0,-1276.1386,-16171.1076,602.2576,11874.3,-2008.4987,1223.9996,-734.3579,-4135.280599999998,-1518.857,-5654.137599999998
42,537.9686,1408.2347,-1059.5355,0.0,0.0,0.0,-1283.6751,-16210.2259,602.9094,11847.3989,-1935.2134,1222.7144,-733.2282,-4156.924899999998,-1445.7272,-5602.652099999999
43,504.7664,1418.1635,-1085.8216,0.0,0.0,0.0,-1282.6718,-16173.5975,611.9411,11796.5687,-1950.2143,1226.7165,-733.5124,-4210.6512,-1457.0102000000002,-5667.661399999999
44,538.1801,1436.6556,-1100.9835,0.0,0.0,0.0,-1281.1985,-16103.796,589.1823,11784.6242,-1970.8985,1232.8684,-741.2777,-4137.335799999999,-1479.3078,-5616.6435999999985
45,500.5844,1385.7929,-1106.5078,0.0,0.0,0.0,-1279.1046,-16006.7631,618.9472,11797.5099,-2095.367,1229.7216,-745.2104,-4089.541100000002,-1610.8558000000003,-5700.3969000000025
46,513.185,1410.5795,-1099.0971,0.0,0.0,0.0,-1291.3235,-16148.6023,623.9157,11850.5101,-2015.8786,1223.6736,-742.452,-4140.8326,-1534.657,-5675.4896
47,521.7518,1421.4753,-1090.7053,0.0,0.0,0.0,-1311.7588,-16193.8694,602.1918,11852.3348,-1932.4462,1220.2102,-729.7022,-4198.5797999999995,-1441.9382,-5640.518
48,474.3703,1440.179,-1069.618,0.0,0.0,0.0,-1271.8593,-16248.5448,615.4965,11832.8193,-1911.8399,1214.4079,-726.437,-4227.157000000001,-1423.8690000000001,-5651.026000000001
49,502.6749,1414.2662,-1094.3701,0.0,0.0,0.0,-1275.5606,-16255.3217,605.0966,11880.9214,-1944.3711,1234.9994,-741.2932,-4222.293300000001,-1450.6649000000002,-5672.958200000002
50,494.4485,1454.7505,-1054.3994,0.0,0.0,0.0,-1280.7055,-16364.399,605.5504,11875.4847,-1855.1862,1229.5231,-737.1182,-4269.269799999998,-1362.7813,-5632.051099999998
51,520.4631,1442.2426,-1098.211,0.0,0.0,0.0,-1288.8902,-16246.5989,599.1276,11873.9288,-1903.2023,1226.9622,-735.9207,-4197.938,-1412.1608,-5610.0988
52,503.1519,1420.3374,-1100.6343,0.0,0.0,0.0,-1272.4768,-16208.2625,629.19,11894.8102,-1995.9835,1238.1415,-742.1867,-4133.884100000001,-1500.0287,-5633.912800000002
53,503.4164,1482.7961,-1085.967,0.0,0.0,0.0,-1293.8513,-16190.0168,607.028,11837.3326,-1942.5434,1221.2213,-732.1446,-4139.261999999999,-1453.4667,-5592.728699999999
54,551.3879,1418.2726,-1102.9779,0.0,0.0,0.0,-1274.7016,-16077.4998,599.1867,11835.4765,-2042.2885,1232.3723,-739.7222,-4050.855599999997,-1549.6384000000003,-5600.493999999998
55,506.7212,1456.5467,-1064.6301,0.0,0.0,0.0,-1256.0785,-16150.3215,617.6384,11816.2811,-2020.1739,1233.5914,-743.5243,-4073.842700000001,-1530.1068,-5603.949500000001
56,492.2342,1461.1689,-1088.8877,0.0,0.0,0.0,-1265.1695,-16154.0516,595.2736,11755.882,-1916.8852,1237.8439,-743.3698,-4203.550100000002,-1422.4110999999998,-5625.9612000000025
57,492.4667,1402.8992,-1090.5497,0.0,0.0,0.0,-1245.8632,-16198.1701,598.9295,11818.7963,-1977.4436,1226.9102,-734.9821,-4221.491299999998,-1485.5155,-5707.006799999998
58,521.0062,1401.3175,-1063.3328,0.0,0.0,0.0,-1301.7608,-16096.5827,615.6748,11859.2615,-2052.7898,1227.0047,-730.2215,-4064.416300000001,-1556.0066000000002,-5620.422900000001
59,495.8137,1422.0509,-1084.3853,0.0,0.0,0.0,-1284.7954,-16137.2045,611.7196,11830.7799,-1984.5843,1239.6441,-743.0294,-4146.0211,-1487.9696,-5633.990700000001
60,516.8349,1389.5332,-1113.6262,0.0,0.0,0.0,-1282.6625,-16166.5457,602.3197,11776.1985,-1899.2962,1221.9301,-716.8734,-4277.9481,-1394.2395,-5672.187599999999
61,548.5589,1424.0409,-1086.6383,0.0,0.0,0.0,-1292.6038,-16024.3807,599.3854,11771.1323,-2043.9875,1224.0138,-722.409,-4060.5053000000025,-1542.3827,-5602.888000000003
62,519.4593,1396.3897,-1129.3594,0.0,0.0,0.0,-1273.6281,-16018.9886,632.2846,11817.7102,-2103.8589,1234.2623,-743.1654,-4056.132300000003,-1612.7620000000002,-5668.894300000003
63,518.1759,1362.6432,-1118.7464,0.0,0.0,0.0,-1264.8325,-16014.9678,608.514,11835.7624,-2079.302,1233.3693,-735.2998,-4073.451200000003,-1581.2325,-5654.683700000002
64,503.6437,1383.6962,-1065.3088,0.0,0.0,0.0,-1276.7318,-16192.3811,608.773,11858.9166,-1927.0964,1236.3177,-738.3924,-4179.3922,-1429.1710999999998,-5608.563300000001
65,511.4688,1394.4144,-1100.3491,0.0,0.0,0.0,-1288.7708,-16137.9343,608.9576,11859.7757,-1978.4509,1234.2481,-736.9629,-4152.437700000002,-1481.1657,-5633.603400000002
66,479.2051,1456.8722,-1115.1297,0.0,0.0,0.0,-1309.1076,-16077.2885,608.2715,11774.6086,-1959.7094,1227.9214,-726.3445,-4182.568400000002,-1458.1325000000002,-5640.700900000002
67,498.5025,1412.4411,-1086.9349,0.0,0.0,0.0,-1293.5971,-16097.2173,609.0645,11840.9101,-2019.6835,1221.7363,-728.7284,-4116.831100000001,-1526.6756,-5643.506700000002
68,507.51,1403.6524,-1071.1358,0.0,0.0,0.0,-1311.0297,-16241.6191,605.873,11841.0708,-1874.6821,1223.3617,-722.968,-4265.6784000000025,-1374.2884,-5639.966800000003
69,483.4402,1396.2547,-1093.9094,0.0,0.0,0.0,-1289.8981,-16226.4005,605.378,11833.5176,-1885.7224,1228.4789,-728.6203,-4291.6175,-1385.8638,-5677.481300000001
70,513.8292,1438.4165,-1100.9115,0.0,0.0,0.0,-1277.4155,-16374.0664,603.2207,11827.5293,-1779.2145,1223.2058,-725.8339,-4369.397700000001,-1281.8426,-5651.240300000001
71,518.9326,1430.1054,-1102.7044,0.0,0.0,0.0,-1269.7257,-16342.3807,595.7315,11790.1224,-1766.0552,1221.5379,-727.3073,-4379.918899999999,-1271.8246,-5651.743499999999
72,506.4105,1420.7737,-1095.0892,0.0,0.0,0.0,-1273.1315,-16335.4364,614.1856,11866.3704,-1844.8659,1221.2591,-728.9983,-4295.9169,-1352.6051,-5648.522
73,520.84,1374.6017,-1092.9401,0.0,0.0,0.0,-1295.6714,-16105.2372,606.2658,11755.513,-1911.7507,1221.467,-728.8981,-4236.628199999999,-1419.1817999999998,-5655.8099999999995
74,512.7932,1440.8852,-1092.9223,0.0,0.0,0.0,-1278.0163,-16219.2659,590.4122,11759.776,-1852.3582,1224.5241,-727.7968,-4286.337899999999,-1355.6308999999997,-5641.968799999999
75,554.4891,1421.5511,-1109.0746,0.0,0.0,0.0,-1276.149,-16234.0374,608.1694,11802.9224,-1843.926,1226.622,-730.0741,-4232.128999999999,-1347.3781,-5579.507099999998
76,505.494,1441.088,-1109.8417,0.0,0.0,0.0,-1291.5991,-16250.2671,618.448,11835.3052,-1856.7548,1221.1646,-723.8736,-4251.372699999998,-1359.4638,-5610.836499999998
77,541.1605,1418.2835,-1090.1677,0.0,0.0,0.0,-1318.7405,-16082.4327,599.1387,11772.9016,-1960.4385,1216.3356,-716.4696,-4159.856600000001,-1460.5724999999998,-5620.429100000001
78,549.8329,1401.7588,-1069.8907,0.0,0.0,0.0,-1288.0604,-16166.4573,615.4299,11840.6513,-1930.0126,1222.3648,-727.9815,-4116.735500000001,-1435.6293,-5552.3648
79,514.581,1416.2103,-1051.5809,0.0,0.0,0.0,-1300.552,-16192.0263,607.8904,11826.727,-1926.2488,1222.8184,-730.1261,-4178.7505,-1433.5565,-5612.307000000001
80,531.9822,1403.2286,-1075.8661,0.0,0.0,0.0,-1283.6315,-16173.3981,582.5756,11823.5524,-1942.701,1225.6345,-729.9199,-4191.5569,-1446.9864000000002,-5638.543299999999
81,498.7038,1434.7503,-1092.9013,0.0,0.0,0.0,-1277.4141,-16025.466,591.3936,11838.6821,-2113.5235,1237.1115,-745.563,-4032.2516000000014,-1621.975,-5654.226600000001
82,532.6401,1410.228,-1099.3011,0.0,0.0,0.0,-1324.2576,-16192.6956,612.3806,11885.2737,-1963.0097,1217.2098,-721.6606,-4175.731899999997,-1467.4605000000001,-5643.192399999997
83,506.6826,1457.0655,-1085.6995,0.0,0.0,0.0,-1309.9122,-16017.4447,612.3525,11872.3226,-2136.277,1222.4167,-725.3384,-3964.6332,-1639.1987,-5603.8319
84,507.028,1394.5511,-1093.1689,0.0,0.0,0.0,-1283.5564,-16150.6702,597.757,11876.5369,-2009.2926,1223.5082,-729.8485,-4151.522500000001,-1515.6329,-5667.155400000001
85,513.1282,1434.7372,-1053.0148,0.0,0.0,0.0,-1300.7794,-16146.3897,601.0874,11802.8002,-1942.9886,1224.8454,-727.7418,-4148.430900000001,-1445.885,-5594.3159000000005
86,506.2553,1392.8983,-1109.4487,0.0,0.0,0.0,-1298.7912,-16302.6847,613.9272,11814.0482,-1823.6529,1217.791,-723.2604,-4383.795600000001,-1329.1223,-5712.917900000001
87,489.1651,1416.5256,-1096.2506,0.0,0.0,0.0,-1301.5704,-16329.4555,595.0884,11814.2034,-1786.1948,1207.5377,-708.3407,-4412.294,-1286.9977999999999,-5699.2918
88,512.5365,1509.723,-1068.3823,0.0,0.0,0.0,-1300.0457,-16353.4694,609.7344,11794.1102,-1792.6759,1216.1372,-727.0257,-4295.793300000003,-1303.5644000000002,-5599.357700000003
89,504.8616,1468.1454,-1117.6188,0.0,0.0,0.0,-1308.043,-16352.4247,606.2869,11875.2554,-1811.8791,1211.9981,-723.8702,-4323.537200000001,-1323.7512000000002,-5647.288400000001
90,495.5977,1426.2547,-1117.5514,0.0,0.0,0.0,-1302.092,-16187.9974,614.1618,11815.4149,-1914.8347,1226.5889,-735.1318,-4256.211700000002,-1423.3776000000003,-5679.589300000002
91,518.0415,1394.2568,-1081.5319,0.0,0.0,0.0,-1298.6243,-16159.0952,606.3753,11774.7536,-1925.7773,1229.4239,-732.8967,-4245.824199999999,-1429.2501,-5675.074299999999
92,533.3815,1393.3329,-1098.264,0.0,0.0,0.0,-1296.3668,-16191.5028,602.7947,11793.7824,-1903.047,1226.5936,-731.4026,-4262.8421,-1407.8560000000002,-5670.6981000000005
93,522.5824,1386.9604,-1071.4018,0.0,0.0,0.0,-1285.923,-16339.0955,625.6961,11833.804,-1819.8019,1219.5014,-725.4192,-4327.377399999999,-1325.7196999999999,-5653.0971
94,529.378,1440.7602,-1113.1678,0.0,0.0,0.0,-1292.047,-16242.9987,614.6995,11840.0734,-1875.2028,1219.7707,-731.3973,-4223.3024000000005,-1386.8294,-5610.1318
95,483.1111,1398.7708,-1066.5693,0.0,0.0,0.0,-1289.8345,-16296.6435,610.7004,11853.5929,-1835.9245,1218.7407,-721.0111,-4306.872100000002,-1338.1949,-5645.067000000002
96,529.9283,1430.838,-1103.4541,0.0,0.0,0.0,-1302.896,-16176.574,606.4272,11781.8815,-1907.7223,1216.4774,-724.9289,-4233.849100000001,-1416.1738,-5650.022900000001
97,487.9477,1412.499,-1072.257,0.0,0.0,0.0,-1286.1333,-16053.9868,585.5238,11806.8521,-2021.2546,1231.1722,-739.8126,-4119.5545,-1529.895,-5649.449500000001
98,510.2201,1431.0418,-1085.291,0.0,0.0,0.0,-1303.7327,-16050.439,615.5316,11838.771,-2054.5704,1228.7341,-730.2455,-4043.898199999998,-1556.0818000000002,-5599.979999999999
99,516.8065,1412.2811,-1080.6043,0.0,0.0,0.0,-1290.5268,-16240.8884,600.7335,11824.6574,-1911.8729,1222.4262,-724.431,-4257.540999999999,-1413.8777,-5671.4187
100,507.4211,1434.2813,-1065.6964,0.0,0.0,0.0,-1293.3389,-16160.5527,609.0644,11824.7076,-1973.9563,1225.5022,-731.041,-4144.113600000002,-1479.4951,-5623.6087000000025
101,516.4303,1433.9495,-1066.1665,0.0,0.0,0.0,-1308.237,-16200.0852,620.5426,11851.4845,-1945.0144,1228.134,-726.2379,-4152.081799999998,-1443.1183,-5595.200099999998
102,516.6664,1405.8748,-1068.8865,0.0,0.0,0.0,-1251.3151,-16201.6056,622.327,11827.325,-1972.0389,1221.949,-719.3371,-4149.614,-1469.427,-5619.040999999998
103,528.4786,1404.8483,-1106.8431,0.0,0.0,0.0,-1303.681,-16224.1951,610.0111,11845.8778,-1894.1558,1216.6711,-723.5516,-4245.5034,-1401.0363,-5646.5397
104,523.9015,1444.7234,-1095.9398,0.0,0.0,0.0,-1284.9551,-16224.8012,594.8502,11825.2726,-1909.3791,1232.3912,-734.0293,-4216.9483999999975,-1411.0172000000002,-5627.965599999998
105,485.8528,1399.4759,-1074.8917,0.0,0.0,0.0,-1288.1713,-16225.3399,602.9564,11834.9273,-1900.1859,1236.6673,-746.3764,-4265.190500000001,-1409.895,-5675.085500000001
106,502.0519,1401.3794,-1079.6751,0.0,0.0,0.0,-1283.2115,-16257.4729,607.38,11829.9602,-1864.4892,1238.2975,-740.8822,-4279.588000000003,-1367.0739,-5646.661900000004
107,529.4977,1382.9524,-1085.8377,0.0,0.0,0.0,-1302.6091,-16226.7351,611.1192,11869.1315,-1911.9464,1224.0091,-732.8056,-4222.481100000003,-1420.7429000000002,-5643.224000000002
108,475.7805,1396.0695,-1088.8008,0.0,0.0,0.0,-1295.367,-16214.3303,602.9731,11829.5686,-1902.1666,1225.1903,-730.1402,-4294.106399999999,-1407.1165,-5701.222899999999
109,496.5797,1452.0563,-1097.3355,0.0,0.0,0.0,-1300.0339,-16234.8441,599.9648,11859.3647,-1931.4533,1230.9548,-738.7793,-4224.248,-1439.2777999999998,-5663.525799999999
110,511.4582,1442.0204,-1085.4416,0.0,0.0,0.0,-1288.7111,-16149.976,616.1264,11824.6985,-1954.2388,1225.4171,-732.8489,-4129.825199999999,-1461.6706000000001,-5591.4958
111,529.9981,1425.7784,-1098.1682,0.0,0.0,0.0,-1314.7981,-16254.0317,604.3024,11888.2263,-1895.2059,1228.408,-731.5179,-4218.692799999999,-1398.3158,-5617.008599999998
112,492.0197,1423.963,-1104.2122,0.0,0.0,0.0,-1292.8796,-16194.4647,622.2211,11864.4818,-1949.9152,1231.6966,-740.6136,-4188.870900000002,-1458.8321999999998,-5647.703100000001
113,533.2728,1439.3003,-1100.2295,0.0,0.0,0.0,-1250.8437,-16305.1009,630.7608,11780.252,-1791.939,1227.8977,-738.2896,-4272.588199999998,-1302.3309,-5574.919099999999
114,521.3939,1420.5523,-1074.5368,0.0,0.0,0.0,-1295.5884,-16278.4547,597.7597,11859.0223,-1881.965,1223.6641,-732.7229,-4249.851699999997,-1391.0238,-5640.875499999997
115,486.1354,1424.7841,-1086.8459,0.0,0.0,0.0,-1270.4294,-16281.5815,606.0401,11844.745,-1870.6906,1231.6966,-740.9376,-4277.1522,-1379.9316,-5657.0838
116,459.9537,1437.5272,-1085.3818,0.0,0.0,0.0,-1278.5427,-16167.4627,598.2687,11816.2833,-1966.7251,1225.2801,-741.5849,-4219.354299999999,-1483.0299,-5702.384199999999
117,531.6847,1436.3745,-1121.8476,0.0,0.0,0.0,-1283.023,-16256.7988,571.4239,11859.4577,-1899.1738,1216.1419,-728.8989,-4262.728599999999,-1411.9308,-5674.659399999999
118,525.6624,1396.2952,-1110.2881,0.0,0.0,0.0,-1297.8899,-16183.0563,621.6234,11865.3487,-1948.5457,1225.488,-726.2711,-4182.304599999998,-1449.3287999999998,-5631.633399999997
119,514.254,1450.0088,-1088.7545,0.0,0.0,0.0,-1277.3928,-16161.2717,611.7586,11857.3949,-2011.3635,1237.636,-748.3309,-4094.002699999999,-1522.0584,-5616.061099999998
120,513.0646,1408.3506,-1085.0935,0.0,0.0,0.0,-1288.6991,-16087.8478,608.4358,11819.3858,-2053.3617,1221.3111,-733.4735,-4112.4036000000015,-1565.5241,-5677.927700000001
121,500.8864,1494.1892,-1076.2494,0.0,0.0,0.0,-1293.0175,-16140.9634,594.2798,11789.7334,-1962.113,1232.2164,-741.1625,-4131.1415,-1471.0591,-5602.2006
122,505.0455,1449.9867,-1073.0978,0.0,0.0,0.0,-1294.4497,-16087.6966,607.3366,11792.1358,-1969.4787,1227.5812,-733.8333,-4100.739499999998,-1475.7307999999998,-5576.470299999997
123,494.2647,1400.444,-1114.6484,0.0,0.0,0.0,-1284.7851,-16048.9092,596.347,11804.5248,-2003.1105,1238.34,-741.8911,-4152.762200000003,-1506.6616000000001,-5659.423800000002
124,539.9059,1425.9178,-1083.2636,0.0,0.0,0.0,-1274.7691,-16221.1219,607.4716,11828.6975,-1927.3269,1230.9265,-737.2527,-4177.1618,-1433.6531,-5610.8149
125,517.788,1425.622,-1083.1759,0.0,0.0,0.0,-1283.1229,-16195.7081,602.1253,11803.5799,-1909.7249,1222.36,-735.5269,-4212.8917,-1422.8917999999999,-5635.7835000000005
126,496.908,1429.2706,-1102.7302,0.0,0.0,0.0,-1274.1092,-16126.4454,606.0732,11814.7449,-1960.1127,1235.9161,-739.4,-4156.288100000002,-1463.5965999999999,-5619.8847000000005
127,487.7983,1413.9348,-1111.1094,0.0,0.0,0.0,-1271.6657,-16252.4398,627.0957,11889.1188,-1928.1011,1238.1037,-747.3213,-4217.267300000001,-1437.3187000000003,-5654.586000000001
128,506.6027,1405.832,-1067.1008,0.0,0.0,0.0,-1272.9159,-16223.2306,600.3915,11852.2695,-1947.9788,1226.6929,-737.8466,-4198.151600000001,-1459.1325000000002,-5657.284100000001
129,504.865,1407.8641,-1077.4567,0.0,0.0,0.0,-1273.5346,-16292.7138,598.1069,11899.8002,-1909.7471,1225.7762,-732.417,-4233.068899999998,-1416.3879000000002,-5649.456799999999
130,518.9236,1366.3953,-1087.4321,0.0,0.0,0.0,-1283.1233,-16246.4129,603.5625,11874.2558,-1872.7124,1228.3419,-731.6192,-4253.831099999998,-1375.9897,-5629.820799999999
131,509.4361,1495.7299,-1073.4728,0.0,0.0,0.0,-1263.5967,-16256.1489,612.4431,11834.0421,-1908.4373,1224.8974,-733.2028,-4141.5671999999995,-1416.7427,-5558.309899999999
132,447.405,1451.8287,-1105.5784,0.0,0.0,0.0,-1290.4171,-16187.6382,602.6192,11830.2088,-1898.0221,1229.542,-733.813,-4251.571999999998,-1402.2930999999999,-5653.865099999999
133,510.4876,1371.6443,-1084.4658,0.0,0.0,0.0,-1290.017,-16148.001,619.7604,11828.2714,-1969.3605,1221.004,-727.9596,-4192.320100000003,-1476.3161,-5668.636200000003
134,481.2139,1408.3375,-1084.7927,0.0,0.0,0.0,-1272.73,-16295.4006,613.7858,11919.3642,-1898.1295,1227.7418,-734.3068,-4230.221900000002,-1404.6945,-5634.916400000003
135,484.3411,1435.9592,-1060.3467,0.0,0.0,0.0,-1297.2711,-16291.7035,612.9638,11855.9186,-1836.2091,1219.5959,-723.6174,-4260.1386,-1340.2305999999999,-5600.3692
136,519.7521,1445.7049,-1091.1027,0.0,0.0,0.0,-1291.4841,-16452.5314,589.8976,11884.7099,-1729.0596,1222.2325,-722.5135,-4395.053699999999,-1229.3406,-5624.394299999999
137,526.5138,1429.737,-1075.8299,0.0,0.0,0.0,-1282.6371,-16249.7087,586.7274,11827.2672,-1858.8033,1228.8333,-731.2912,-4237.930299999998,-1361.2612,-5599.191499999997
138,507.6661,1410.5514,-1107.5279,0.0,0.0,0.0,-1281.8033,-16258.7617,618.9018,11895.5423,-1926.7983,1228.3277,-733.5907,-4215.431300000002,-1432.0612999999998,-5647.492600000002
139,510.89,1400.6777,-1076.9536,0.0,0.0,0.0,-1283.1962,-16235.8498,613.2989,11828.4264,-1891.1331,1223.2483,-733.5919,-4242.7065999999995,-1401.4767000000002,-5644.1833
140,510.6741,1402.0209,-1073.6546,0.0,0.0,0.0,-1276.2557,-16153.6343,614.0811,11842.5274,-1995.6799,1230.35,-738.3646,-4134.241100000001,-1503.6945,-5637.935600000002
141,504.2542,1450.8667,-1099.0749,0.0,0.0,0.0,-1307.2003,-16103.2029,598.9454,11807.1787,-1953.9214,1231.6966,-736.3424,-4148.233099999998,-1458.5672,-5606.800299999997
142,499.6575,1407.1934,-1075.0561,0.0,0.0,0.0,-1305.9851,-16116.7188,611.9875,11862.7359,-2054.0422,1226.5464,-728.5241,-4116.185700000002,-1556.0198999999998,-5672.205600000001
143,487.1545,1418.0635,-1072.3229,0.0,0.0,0.0,-1298.1491,-16150.3438,607.7128,11844.3808,-1966.0545,1230.539,-740.015,-4163.504199999999,-1475.5304999999998,-5639.0347
144,533.9652,1380.6027,-1093.0339,0.0,0.0,0.0,-1286.2505,-16117.231,595.5261,11774.286,-1972.9115,1229.2302,-733.0192,-4212.135399999999,-1476.7005,-5688.835899999999
145,527.0541,1436.4263,-1096.8153,0.0,0.0,0.0,-1247.9143,-16169.5998,606.1352,11811.7497,-1955.2996,1227.7891,-736.6728,-4132.964099999997,-1464.1833000000001,-5597.147399999998
146,538.8954,1425.7643,-1100.7195,0.0,0.0,0.0,-1285.3631,-16235.0715,607.8491,11895.2796,-1943.7301,1225.4785,-724.4636,-4153.3657,-1442.7152,-5596.0809
147,509.2665,1418.5794,-1113.7579,0.0,0.0,0.0,-1301.3755,-16251.2936,624.9728,11843.6644,-1861.9178,1225.3321,-732.6146,-4269.9439,-1369.2003,-5639.1442
148,503.3037,1382.6919,-1081.5497,0.0,0.0,0.0,-1281.7266,-16328.7281,607.3141,11837.1875,-1785.3913,1228.4222,-727.7771,-4361.5072,-1284.7462,-5646.2534000000005
149,490.1762,1373.8545,-1093.6248,0.0,0.0,0.0,-1271.698,-16125.7692,597.3899,11798.7572,-1973.6465,1228.6254,-745.6578,-4230.914200000001,-1490.6789,-5721.593100000001
150,481.2549,1435.8002,-1093.8734,0.0,0.0,0.0,-1293.6428,-16222.8157,599.9444,11843.4649,-1900.5697,1225.2281,-735.6009,-4249.8674999999985,-1410.9425,-5660.809999999999
151,504.242,1404.9465,-1099.3097,0.0,0.0,0.0,-1256.5635,-16207.6936,599.7956,11839.8138,-1958.6788,1229.7594,-741.5755,-4214.768900000001,-1470.4949000000001,-5685.263800000001
152,520.4422,1384.1663,-1067.3545,0.0,0.0,0.0,-1267.4193,-16204.5165,602.4807,11830.1093,-1958.3147,1237.2485,-742.795,-4202.091799999998,-1463.8611999999998,-5665.952999999999
153,511.6626,1466.7909,-1085.3879,0.0,0.0,0.0,-1328.9563,-16280.6094,603.0086,11841.8652,-1844.6873,1224.7273,-725.7365,-4271.626299999998,-1345.6965,-5617.322799999997
154,523.3667,1445.7918,-1113.9688,0.0,0.0,0.0,-1301.3036,-16105.3086,592.5099,11731.2551,-1882.7156,1226.0692,-721.9357,-4227.657499999999,-1378.5821,-5606.239599999999
155,513.1628,1503.9518,-1104.3877,0.0,0.0,0.0,-1297.6873,-16242.0587,608.2642,11890.5667,-1923.9315,1231.8526,-727.7139,-4128.188200000002,-1419.7928,-5547.981000000002
156,495.5079,1440.6515,-1100.6778,0.0,0.0,0.0,-1292.3695,-16279.3738,609.4712,11798.0255,-1845.6101,1224.7698,-726.7634,-4328.764999999999,-1347.6037000000001,-5676.368699999999
157,495.997,1454.2499,-1068.2978,0.0,0.0,0.0,-1300.3864,-16114.1873,627.9372,11843.8402,-1979.14,1232.6889,-734.2486,-4060.8471999999983,-1480.6997000000001,-5541.5468999999985
158,501.7099,1399.0371,-1089.1664,0.0,0.0,0.0,-1288.5943,-16195.5613,614.0777,11854.5581,-1957.198,1217.8099,-728.114,-4203.939200000001,-1467.5021000000002,-5671.4413
159,492.0742,1379.0779,-1093.5986,0.0,0.0,0.0,-1268.8211,-16214.2764,610.179,11851.3236,-1929.8308,1226.2912,-731.5083,-4244.041400000002,-1435.0479,-5679.0893000000015
160,525.1472,1421.3295,-1091.4163,0.0,0.0,0.0,-1289.6711,-16191.6231,612.7781,11774.3777,-1861.0236,1227.8977,-729.5609,-4239.078000000003,-1362.6868,-5601.7648000000045
161,512.0363,1397.4414,-1100.985,0.0,0.0,0.0,-1283.9448,-16223.0761,601.3276,11833.345,-1918.0507,1228.4647,-731.1333,-4263.855600000001,-1420.7193,-5684.5749
162,508.2923,1461.0839,-1120.3558,0.0,0.0,0.0,-1306.168,-16206.3775,592.4459,11790.9469,-1903.4246,1222.7191,-722.4276,-4280.1322999999975,-1403.1331,-5683.2653999999975
163,534.6396,1420.8408,-1103.7914,0.0,0.0,0.0,-1308.0755,-16165.1749,605.6226,11853.9282,-1935.9942,1226.3479,-727.8856,-4162.010599999998,-1437.5319,-5599.542499999998
164,470.1803,1448.8909,-1093.2789,0.0,0.0,0.0,-1266.5194,-16327.0941,591.3227,11765.2631,-1785.3498,1216.3498,-724.5553,-4411.235399999998,-1293.5553,-5704.790699999998
165,500.6949,1432.5649,-1111.288,0.0,0.0,0.0,-1291.3485,-16115.0839,604.6358,11816.2671,-1987.9216,1223.4184,-729.4613,-4163.557699999999,-1493.9645,-5657.5221999999985
166,500.2033,1418.4726,-1103.4582,0.0,0.0,0.0,-1272.7347,-16177.6697,612.4968,11812.2827,-1970.8988,1234.7962,-741.8953,-4210.407199999998,-1477.9978999999998,-5688.405099999998
167,512.6352,1360.0573,-1071.8667,0.0,0.0,0.0,-1302.9597,-16076.4465,608.9359,11817.0458,-1980.2373,1229.7027,-734.6974,-4152.598699999999,-1485.232,-5637.830699999999
168,567.3439,1471.3855,-1107.1876,0.0,0.0,0.0,-1280.153,-16147.8624,603.9848,11778.6285,-1949.0071,1221.3064,-735.9633,-4113.8603,-1463.6640000000002,-5577.5243
169,510.2217,1388.5882,-1087.9764,0.0,0.0,0.0,-1290.5179,-16176.363,608.3785,11804.1537,-1939.922,1216.7137,-721.6151,-4243.515199999998,-1444.8234,-5688.338599999998
170,494.3002,1406.5757,-1100.2992,0.0,0.0,0.0,-1289.0563,-16230.6416,606.6961,11830.4932,-1881.0282,1225.4785,-731.3085,-4281.931900000001,-1386.8582000000001,-5668.790100000001
171,489.7668,1388.2873,-1091.6982,0.0,0.0,0.0,-1265.63,-16074.6131,598.4838,11844.199,-2063.6938,1237.3619,-747.4081,-4111.2044000000005,-1573.7399999999998,-5684.9444
172,509.3251,1466.3604,-1099.7019,0.0,0.0,0.0,-1289.1356,-16334.1806,605.6305,11796.5443,-1794.8182,1222.5632,-730.171,-4345.157800000003,-1302.426,-5647.583800000002
173,494.8562,1366.334,-1085.8047,0.0,0.0,0.0,-1300.7998,-16159.8325,613.0528,11807.9908,-1933.3375,1225.7431,-734.0695,-4264.203200000002,-1441.6639,-5705.867100000001
174,519.1504,1430.1173,-1092.7335,0.0,0.0,0.0,-1295.9873,-16249.3836,604.4016,11837.0217,-1877.0886,1226.5889,-735.4136,-4247.413400000001,-1385.9133000000002,-5633.326700000001
175,519.1336,1425.2591,-1080.0379,0.0,0.0,0.0,-1283.2256,-16246.5935,623.8906,11840.6283,-1921.4648,1222.3553,-739.2435,-4200.945399999999,-1438.353,-5639.298399999998
176,544.0861,1390.3872,-1075.1008,0.0,0.0,0.0,-1275.2071,-16124.2263,617.2719,11830.5394,-2015.8851,1220.2054,-730.1927,-4092.249600000001,-1525.8723999999997,-5618.122
177,506.3603,1445.5487,-1099.3577,0.0,0.0,0.0,-1306.3189,-16082.3536,615.3684,11858.1568,-2065.0737,1227.515,-734.685,-4062.5960000000014,-1572.2436999999998,-5634.8397
178,505.3932,1390.7726,-1084.7675,0.0,0.0,0.0,-1283.0165,-16183.9123,589.555,11832.1689,-1965.5962,1230.5012,-728.6176,-4233.8066,-1463.7126,-5697.519200000001
179,511.8466,1463.1993,-1118.108,0.0,0.0,0.0,-1262.5316,-16240.666,620.8714,11961.7003,-2030.2352,1225.8707,-736.9641,-4063.6879999999983,-1541.3286000000003,-5605.016599999998
180,516.5413,1435.6151,-1090.0227,0.0,0.0,0.0,-1281.4805,-16267.8962,614.8285,11842.1018,-1882.6488,1226.2865,-723.4013,-4230.312699999999,-1379.7636,-5610.076299999999
181,534.5607,1404.6769,-1094.2782,0.0,0.0,0.0,-1276.012,-16150.05,596.6535,11857.2018,-1997.0114,1238.4392,-739.4723,-4127.247299999997,-1498.0445,-5625.291799999998
182,534.613,1453.0116,-1107.5081,0.0,0.0,0.0,-1267.7364,-16217.1062,593.9853,11902.4561,-1992.7654,1227.893,-733.8227,-4108.2847,-1498.6951,-5606.9798
183,565.2432,1379.2657,-1095.2726,0.0,0.0,0.0,-1310.2569,-16099.3347,603.9513,11805.646,-1987.0803,1231.2241,-739.0579,-4150.757999999998,-1494.9141000000002,-5645.672099999998
184,485.7737,1376.6071,-1088.3472,0.0,0.0,0.0,-1261.7261,-15958.6209,604.7461,11798.9706,-2162.7864,1236.9083,-746.7991,-4042.5966999999982,-1672.6771999999999,-5715.273899999998
185,514.4177,1395.8295,-1077.0351,0.0,0.0,0.0,-1283.5867,-16093.8823,617.0129,11852.3696,-2053.2556,1237.0217,-741.4955,-4074.8744000000006,-1557.7294,-5632.603800000001
186,493.5754,1404.9295,-1105.735,0.0,0.0,0.0,-1252.0052,-16274.3068,603.838,11877.1237,-1932.5302,1233.9741,-744.8683,-4252.580399999999,-1443.4243999999999,-5696.004799999999
187,494.8436,1388.5549,-1101.5438,0.0,0.0,0.0,-1276.456,-16083.0363,617.3765,11856.9102,-2077.9705,1229.4523,-740.0294,-4103.350899999998,-1588.5475999999999,-5691.8984999999975
188,535.0692,1437.9522,-1090.6568,0.0,0.0,0.0,-1262.0391,-16044.4947,611.1591,11812.9309,-2051.4712,1243.4194,-747.0039,-4000.0792,-1555.0557,-5555.1349
189,495.6092,1431.8644,-1103.8743,0.0,0.0,0.0,-1289.8215,-16090.5655,598.3912,11846.9084,-2026.8609,1228.7104,-738.3346,-4111.4881000000005,-1536.4850999999999,-5647.9732
190,508.6864,1380.3995,-1108.4165,0.0,0.0,0.0,-1279.3189,-16056.5211,601.0841,11858.1529,-2067.8266,1242.635,-747.2849,-4095.933600000002,-1572.4764999999998,-5668.410100000002
191,475.8662,1447.02,-1106.1339,0.0,0.0,0.0,-1276.607,-16144.9353,591.5323,11752.031,-1895.3318,1230.9359,-737.1621,-4261.226699999999,-1401.558,-5662.784699999998
192,539.1818,1417.2395,-1050.1483,0.0,0.0,0.0,-1323.9772,-16139.2741,609.4745,11824.8589,-1955.1464,1231.1296,-734.1086,-4122.644900000003,-1458.1254000000001,-5580.770300000002
193,520.0444,1404.1436,-1094.5124,0.0,0.0,0.0,-1290.8736,-16211.4492,598.21,11828.3245,-1910.8665,1231.5265,-740.1115,-4246.1127,-1419.4515000000001,-5665.5642
194,483.4285,1382.4498,-1076.113,0.0,0.0,0.0,-1274.9932,-16350.9879,630.6401,11920.9234,-1869.4915,1221.1315,-732.3474,-4284.652299999998,-1380.7074000000002,-5665.359699999998
195,474.3457,1429.0427,-1065.5439,0.0,0.0,0.0,-1287.6789,-16373.4422,601.0764,11814.1436,-1752.1401,1222.8042,-719.2157,-4408.056600000002,-1248.5516,-5656.6082000000015
196,532.207,1429.3316,-1103.8135,0.0,0.0,0.0,-1281.665,-16331.0738,601.1265,11799.5478,-1797.1004,1225.762,-728.8523,-4354.339399999999,-1300.1907,-5654.5301
197,532.3084,1408.3059,-1076.347,0.0,0.0,0.0,-1289.1746,-16215.6917,591.2184,11860.3138,-1916.9892,1228.3986,-733.9955,-4189.066799999999,-1422.5861,-5611.652899999998
198,490.7549,1383.4784,-1102.3102,0.0,0.0,0.0,-1298.9698,-16218.8798,615.741,11806.9405,-1881.671,1226.1259,-728.3128,-4323.245000000001,-1383.8579,-5707.102900000001
199,498.8083,1376.1926,-1051.3063,0.0,0.0,0.0,-1274.0174,-16261.5378,607.8287,11809.5656,-1868.2504,1222.0671,-725.2789,-4294.4663,-1371.4622,-5665.9285
200,483.9532,1386.7065,-1110.3052,0.0,0.0,0.0,-1293.9165,-16159.7482,606.7757,11776.3778,-1930.7891,1222.3128,-728.7151,-4310.1567,-1437.1914000000002,-5747.3481
201,504.61,1439.186,-1109.6422,0.0,0.0,0.0,-1316.4006,-16128.8966,592.0686,11811.0485,-1970.334,1219.7896,-728.6627,-4208.0262999999995,-1479.2071,-5687.233399999999
202,493.9772,1420.5612,-1087.9098,0.0,0.0,0.0,-1312.783,-16248.0068,609.7907,11813.4984,-1815.0903,1224.5902,-725.4666,-4310.872099999999,-1315.9667,-5626.838799999998
203,543.9941,1457.015,-1103.4547,0.0,0.0,0.0,-1293.9691,-16103.3921,598.6524,11790.4808,-1945.2375,1222.9365,-729.7986,-4110.6736,-1452.0996,-5562.7732000000005
204,491.6915,1428.8713,-1076.0746,0.0,0.0,0.0,-1269.0222,-16168.7385,609.1283,11826.0474,-1967.4361,1227.6615,-734.9614,-4158.096799999999,-1474.7359999999999,-5632.832799999999
205,510.6135,1397.5358,-1073.52,0.0,0.0,0.0,-1279.0802,-16153.2568,616.5347,11836.3454,-1968.8546,1229.7641,-739.5275,-4144.827599999999,-1478.618,-5623.445599999998
206,500.2961,1417.526,-1083.2517,0.0,0.0,0.0,-1263.0701,-16142.3349,591.3438,11773.0505,-1960.236,1228.8569,-737.1092,-4206.440299999998,-1468.4883,-5674.928599999998
207,522.336,1392.2229,-1112.0181,0.0,0.0,0.0,-1260.0884,-16310.6214,595.1676,11866.0994,-1876.0689,1225.6014,-734.4975,-4306.902000000002,-1384.965,-5691.867000000002
208,490.4269,1482.0936,-1090.2853,0.0,0.0,0.0,-1255.2021,-16427.4586,618.3022,11854.439,-1754.7149,1224.3587,-734.4246,-4327.684300000001,-1264.7808,-5592.465100000001
209,502.8923,1445.9588,-1110.3612,0.0,0.0,0.0,-1293.7709,-16148.9665,609.1539,11833.1523,-1971.2666,1227.6568,-731.5367,-4161.941300000002,-1475.1464999999998,-5637.087800000002
210,507.5082,1428.0895,-1079.351,0.0,0.0,0.0,-1281.0817,-16094.6638,613.9548,11793.2795,-1996.2952,1224.6942,-730.0135,-4112.264500000001,-1501.6145000000001,-5613.879000000002
211,525.819,1416.1777,-1076.3922,0.0,0.0,0.0,-1289.7996,-16096.3372,617.8972,11805.6883,-1995.3521,1230.3217,-744.0602,-4096.9468,-1509.0906,-5606.037399999999
212,481.9329,1404.9014,-1077.3012,0.0,0.0,0.0,-1266.18,-16079.2254,616.0919,11895.6644,-2094.3349,1242.4035,-754.4179,-4024.116,-1606.3492999999999,-5630.4653
213,560.0559,1437.0947,-1077.2919,0.0,0.0,0.0,-1263.2524,-16140.169,591.585,11834.669,-2021.1195,1225.7526,-731.4834,-4057.3086999999996,-1526.8503,-5584.159
214,562.1881,1426.0835,-1068.9932,0.0,0.0,0.0,-1262.282,-16278.4855,603.3311,11812.2896,-1903.2698,1227.6001,-736.1924,-4205.868399999999,-1411.8620999999998,-5617.7305
215,517.2125,1451.4897,-1076.2422,0.0,0.0,0.0,-1269.3062,-16283.8392,604.1161,11826.3721,-1858.9381,1217.9516,-726.4038,-4230.197199999999,-1367.3903,-5597.587499999999
216,483.8785,1442.446,-1116.0704,0.0,0.0,0.0,-1285.2153,-16234.2353,612.314,11880.8152,-1956.9022,1226.0597,-736.3813,-4216.067300000002,-1467.2238,-5683.291100000003
217,527.1778,1437.5826,-1120.4026,0.0,0.0,0.0,-1265.5878,-16223.6575,588.716,11846.0836,-1945.3311,1239.4315,-744.1178,-4210.0879,-1450.0174000000002,-5660.105300000001
218,508.7302,1461.1221,-1087.2571,0.0,0.0,0.0,-1278.6126,-16216.9699,615.428,11765.4876,-1857.4399,1221.7269,-729.9816,-4232.0717,-1365.6946000000003,-5597.766300000001
219,511.7206,1407.5429,-1081.9927,0.0,0.0,0.0,-1288.7181,-16206.0403,611.5255,11845.9438,-1932.3466,1227.0378,-739.4396,-4200.018300000002,-1444.7484,-5644.766700000001
220,510.3196,1420.8794,-1095.4454,0.0,0.0,0.0,-1261.2756,-16224.4455,607.9173,11849.7738,-1945.7562,1223.1491,-732.2909,-4192.276399999999,-1454.898,-5647.174399999998
221,505.7863,1397.8738,-1080.2686,0.0,0.0,0.0,-1292.6479,-16133.0092,604.8887,11817.7816,-1962.5024,1220.4464,-725.0514,-4179.595299999999,-1467.1073999999999,-5646.7027
222,499.6123,1436.0934,-1075.4548,0.0,0.0,0.0,-1268.0759,-16126.0044,613.1685,11798.3285,-2012.0602,1226.2204,-735.1254,-4122.332399999999,-1520.9652,-5643.297599999999
223,472.9994,1502.0863,-1089.8552,0.0,0.0,0.0,-1286.5981,-16121.1411,601.1053,11724.5957,-1912.0675,1231.5454,-739.7869,-4196.807700000003,-1420.3090000000002,-5617.116700000003
224,524.8771,1448.1549,-1114.1915,0.0,0.0,0.0,-1299.0252,-16173.4103,605.272,11779.2371,-1942.5155,1227.7702,-733.2273,-4229.0859,-1447.9726,-5677.058499999999
225,510.267,1439.0151,-1110.2634,0.0,0.0,0.0,-1305.5962,-16247.2927,593.4206,11842.6151,-1892.3454,1231.0966,-739.0734,-4277.834500000001,-1400.3221999999998,-5678.156700000001
226,513.2949,1416.2068,-1109.2019,0.0,0.0,0.0,-1219.7927,-16399.5978,606.6033,11858.421,-1825.5308,1230.2177,-741.6729,-4334.0664,-1336.986,-5671.0524000000005
227,518.4468,1447.7895,-1113.7158,0.0,0.0,0.0,-1281.6377,-16223.7505,602.2121,11827.2641,-1886.1395,1226.7118,-733.9681,-4223.391499999998,-1393.3958,-5616.787299999998
228,520.2229,1371.6131,-1111.8599,0.0,0.0,0.0,-1273.8637,-16171.4271,620.7437,11823.1248,-1970.7412,1225.5778,-737.5076,-4221.446200000004,-1482.6709999999998,-5704.117200000004
229,517.29,1396.5707,-1114.0012,0.0,0.0,0.0,-1289.7365,-16161.7224,615.2081,11825.781,-1937.5909,1229.4523,-740.5404,-4210.6102999999985,-1448.679,-5659.289299999999
230,510.7685,1444.4651,-1106.2768,0.0,0.0,0.0,-1266.0726,-16183.7597,624.6867,11847.5689,-1959.9532,1234.1347,-743.6262,-4128.6199000000015,-1469.4447,-5598.064600000001
231,514.1534,1441.8649,-1105.5669,0.0,0.0,0.0,-1270.0262,-16194.3166,606.8314,11827.3059,-1921.6167,1224.8029,-736.0296,-4179.754100000002,-1432.8434000000002,-5612.597500000003
232,508.7545,1440.3577,-1100.8378,0.0,0.0,0.0,-1291.0131,-16207.5405,608.9484,11877.6459,-1921.7405,1237.721,-742.4835,-4163.684899999998,-1426.5030000000002,-5590.187899999999
233,499.2393,1468.9255,-1090.7544,0.0,0.0,0.0,-1250.5592,-16211.5406,602.5348,11782.9469,-1877.7083,1231.1438,-744.251,-4199.207699999999,-1390.8155,-5590.0232
234,517.8635,1405.8071,-1085.2672,0.0,0.0,0.0,-1278.2624,-16176.6105,619.5708,11817.9045,-1949.4451,1225.1194,-732.1619,-4178.994199999999,-1456.4876,-5635.481799999999
235,503.7071,1358.0996,-1069.858,0.0,0.0,0.0,-1275.5638,-16184.7272,622.0392,11833.0639,-1963.2653,1225.3793,-730.1066,-4213.239200000002,-1467.9926,-5681.231800000002
236,505.8932,1376.2591,-1113.4308,0.0,0.0,0.0,-1297.9961,-16223.7089,606.4283,11832.4379,-1888.124,1222.6294,-730.3641,-4314.117299999998,-1395.8587,-5709.975999999998
237,498.6428,1445.7707,-1087.5686,0.0,0.0,0.0,-1307.6012,-16132.7055,602.1562,11831.7149,-1963.6601,1230.487,-741.3731,-4149.590700000001,-1474.5462,-5624.1369
238,504.2,1381.4478,-1073.2784,0.0,0.0,0.0,-1297.0627,-16252.1803,606.6051,11846.5527,-1870.5806,1210.0892,-720.7752,-4283.715799999998,-1381.2666000000002,-5664.982399999999
239,465.7921,1382.6367,-1052.5822,0.0,0.0,0.0,-1276.6241,-16125.7247,618.4749,11855.5901,-2085.5611,1224.7556,-733.574,-4132.4372,-1594.3795,-5726.8167
240,511.6717,1416.181,-1086.3086,0.0,0.0,0.0,-1280.9615,-16159.1802,605.1541,11833.8891,-1982.8623,1225.0155,-726.3117,-4159.554400000001,-1484.1585,-5643.7129
241,509.5937,1369.6057,-1109.7777,0.0,0.0,0.0,-1281.568,-16282.9805,636.7531,11834.1359,-1846.9603,1227.8599,-735.3778,-4324.237799999999,-1354.4782,-5678.7159999999985
242,501.6321,1394.9809,-1086.0333,0.0,0.0,0.0,-1286.8105,-16282.86,611.3993,11858.4298,-1875.4668,1223.5035,-733.6306,-4289.261700000001,-1385.5938999999998,-5674.855600000001
243,513.3096,1341.539,-1109.6523,0.0,0.0,0.0,-1297.2128,-16251.0617,616.6604,11881.0944,-1868.0926,1215.6836,-726.8295,-4305.323399999999,-1379.2385,-5684.561899999999
244,505.2126,1360.4378,-1098.911,0.0,0.0,0.0,-1296.3089,-16325.6525,601.0549,11880.4463,-1838.1965,1223.6783,-729.1418,-4373.720800000003,-1343.6599999999999,-5717.380800000004
245,505.0779,1444.465,-1079.3214,0.0,0.0,0.0,-1281.1559,-16118.2946,600.1633,11762.8418,-1922.7647,1227.5717,-740.1311,-4166.223899999999,-1435.3240999999998,-5601.547999999998
246,514.0589,1404.4475,-1104.4167,0.0,0.0,0.0,-1298.1001,-16178.9895,602.2319,11800.8173,-1892.046,1227.0,-729.4624,-4259.950699999998,-1394.5084000000002,-5654.459099999998
247,509.2606,1375.2731,-1135.2823,0.0,0.0,0.0,-1293.775,-16116.2875,601.6797,11873.1441,-2012.4198,1230.78,-731.8933,-4185.987299999999,-1513.5330999999999,-5699.5203999999985
248,525.9573,1388.4071,-1103.0319,0.0,0.0,0.0,-1280.539,-16121.6966,631.6829,11834.1638,-2003.8305,1228.7151,-742.7699,-4125.0563999999995,-1517.8853000000001,-5642.9417
249,502.5782,1455.7088,-1089.9614,0.0,0.0,0.0,-1311.8797,-16137.6798,606.5236,11833.8564,-1969.5637,1224.6753,-732.8931,-4140.853899999998,-1477.7814999999998,-5618.635399999998
250,520.9902,1414.6372,-1123.7182,0.0,0.0,0.0,-1291.3422,-16147.5661,605.1674,11834.5611,-1922.0146,1229.9295,-737.4983,-4187.2706,-1429.5834,-5616.854
251,505.5922,1426.4435,-1090.1923,0.0,0.0,0.0,-1308.4217,-16175.9922,613.8344,11814.6752,-1917.6919,1219.9928,-731.2027,-4214.060900000002,-1428.9018,-5642.962700000002
252,516.4492,1416.288,-1081.2333,0.0,0.0,0.0,-1311.254,-16121.1236,600.5508,11783.3782,-1937.6929,1226.9953,-740.0549,-4196.9447,-1450.7525,-5647.6972
253,506.266,1382.0199,-1082.5986,0.0,0.0,0.0,-1296.3433,-16091.5761,612.5356,11774.0026,-1984.6173,1231.5832,-743.4887,-4195.693900000002,-1496.5227999999997,-5692.216700000002
254,539.4672,1405.7907,-1099.8794,0.0,0.0,0.0,-1277.872,-16206.9168,605.397,11862.3042,-1958.3074,1236.4831,-749.3341,-4171.709099999998,-1471.1584,-5642.8674999999985
255,534.751,1380.7265,-1086.2853,0.0,0.0,0.0,-1283.861,-16216.5513,602.4665,11824.6153,-1919.6224,1231.158,-739.1316,-4244.138299999999,-1427.596,-5671.734299999999
256,511.3991,1358.4758,-1130.0378,0.0,0.0,0.0,-1266.8227,-16229.7416,630.3533,11828.1135,-1898.1889,1230.402,-736.677,-4298.260400000001,-1404.4639000000002,-5702.724300000001
257,502.7321,1431.0576,-1103.8816,0.0,0.0,0.0,-1277.895,-16127.3087,607.7095,11803.7331,-1960.5705,1241.5057,-748.1402,-4163.852999999997,-1467.2050000000002,-5631.057999999997
258,519.5884,1387.5984,-1080.8168,0.0,0.0,0.0,-1256.9548,-16150.7659,610.7369,11808.1159,-1963.9795,1220.9756,-730.6924,-4162.4978999999985,-1473.6963,-5636.194199999998
259,508.3561,1429.7982,-1088.2003,0.0,0.0,0.0,-1289.8887,-16011.5573,594.1977,11768.2326,-2055.1985,1230.2602,-743.8447,-4089.061700000002,-1568.783,-5657.844700000002
260,509.2277,1448.8684,-1118.7583,0.0,0.0,0.0,-1273.8784,-16267.5995,608.9005,11855.7113,-1907.433,1236.9839,-746.4536,-4237.5283,-1416.9027,-5654.431
261,507.1244,1442.7793,-1094.6159,0.0,0.0,0.0,-1246.9832,-16179.7524,604.2637,11818.4807,-2005.6715,1234.9049,-745.9338,-4148.7033999999985,-1516.7004,-5665.403799999999
262,482.2293,1421.7569,-1069.9997,0.0,0.0,0.0,-1275.6085,-16104.2722,619.9238,11841.9916,-2044.479,1235.3018,-745.4894,-4083.978799999999,-1554.6666,-5638.645399999999
263,521.7906,1374.2636,-1088.01,0.0,0.0,0.0,-1259.4293,-16183.6898,591.0342,11839.8855,-1964.3312,1247.171,-758.531,-4204.155199999999,-1475.6912,-5679.846399999999
264,517.6678,1434.1889,-1084.5434,0.0,0.0,0.0,-1253.2074,-16117.2875,603.7129,11841.9202,-2059.242,1239.233,-753.1879,-4057.548499999999,-1573.1969000000004,-5630.745399999999
265,479.266,1416.3631,-1091.793,0.0,0.0,0.0,-1275.2298,-16001.6926,608.5992,11783.488,-2115.6295,1234.1395,-748.5466,-4080.999099999999,-1630.0366,-5711.0356999999985
266,503.5404,1395.8301,-1106.6298,0.0,0.0,0.0,-1266.7092,-16142.8242,594.7933,11826.7959,-1983.3735,1233.7331,-745.1377,-4195.2035,-1494.7781,-5689.9816
267,502.4005,1484.9454,-1104.469,0.0,0.0,0.0,-1270.7264,-16167.9341,602.8249,11858.8471,-1958.8258,1228.4128,-739.034,-4094.1115999999984,-1469.4470000000001,-5563.5585999999985
268,516.2873,1405.6072,-1082.6863,0.0,0.0,0.0,-1283.6246,-16180.6317,604.7728,11842.6539,-1966.8681,1231.2052,-741.0864,-4177.6214,-1476.7493,-5654.3706999999995
269,505.3893,1467.2935,-1094.7511,0.0,0.0,0.0,-1271.4652,-16082.3628,627.8007,11863.7031,-2045.8125,1233.2748,-740.8469,-3984.3925,-1553.3846,-5537.777099999999
270,510.0219,1454.0223,-1084.2332,0.0,0.0,0.0,-1289.519,-16128.0221,600.3806,11789.0186,-1955.6535,1230.4162,-739.6939,-4148.330900000001,-1464.9312,-5613.262100000002
271,502.7852,1415.814,-1092.7678,0.0,0.0,0.0,-1316.7262,-16228.5604,622.5585,11843.8434,-1887.0068,1230.0854,-732.5418,-4253.053300000001,-1389.4632000000001,-5642.5165000000015
272,510.0997,1400.1136,-1110.6662,0.0,0.0,0.0,-1295.3433,-16234.5183,592.4822,11799.9834,-1832.5552,1227.43,-735.3047,-4337.848900000001,-1340.4299,-5678.2788
273,505.9089,1402.9482,-1068.7938,0.0,0.0,0.0,-1270.6338,-16238.7048,599.3142,11872.4757,-1944.1376,1225.5967,-731.807,-4197.4854,-1450.3479,-5647.833299999999
274,497.5536,1420.2085,-1086.9184,0.0,0.0,0.0,-1289.9644,-16033.6656,595.3303,11822.7345,-2086.9167,1229.1262,-734.7429,-4074.7214999999997,-1592.5334000000003,-5667.2549
275,483.1702,1421.3987,-1096.5288,0.0,0.0,0.0,-1281.9985,-16231.784,607.5744,11840.3453,-1907.5158,1234.2387,-737.4256,-4257.822699999999,-1410.7026999999998,-5668.525399999999
276,497.0173,1470.1571,-1098.6,0.0,0.0,0.0,-1260.8749,-16054.9283,601.1791,11770.5185,-2018.6329,1240.8537,-744.4874,-4075.5312000000013,-1522.2666000000002,-5597.797800000002
277,510.7533,1412.7893,-1060.2364,0.0,0.0,0.0,-1291.5738,-16208.7064,611.6061,11862.3354,-1910.2169,1226.1448,-732.7893,-4163.0324999999975,-1416.8613999999998,-5579.893899999997
278,505.109,1436.1326,-1083.8764,0.0,0.0,0.0,-1273.6837,-16115.2525,601.8352,11874.2479,-2006.8978,1229.7736,-743.3553,-4055.4879,-1520.4795,-5575.9674
279,542.3994,1412.9522,-1064.2734,0.0,0.0,0.0,-1277.523,-16135.0339,593.2868,11831.4504,-1980.8944,1233.2748,-743.7662,-4096.7415,-1491.3858,-5588.1273
280,505.5096,1408.8427,-1106.9566,0.0,0.0,0.0,-1269.7005,-16139.7341,613.1464,11809.6349,-1955.7166,1232.3062,-732.3622,-4179.257600000001,-1455.7726,-5635.030200000001
281,525.2485,1427.6123,-1097.5688,0.0,0.0,0.0,-1277.7286,-16025.5141,589.4915,11699.9957,-1952.2111,1231.3564,-739.0958,-4158.463500000002,-1459.9505000000001,-5618.4140000000025
282,541.5943,1423.028,-1113.6054,0.0,0.0,0.0,-1268.908,-16120.0787,606.044,11835.3293,-1994.0342,1237.7824,-739.711,-4096.5965,-1495.9628,-5592.5593
283,510.5192,1373.1258,-1076.4891,0.0,0.0,0.0,-1261.7231,-16131.2582,604.4797,11798.8038,-1961.7309,1240.8301,-754.2328,-4182.541900000002,-1475.1336000000001,-5657.675500000002
284,535.4825,1369.3375,-1096.7536,0.0,0.0,0.0,-1220.7619,-16246.1834,612.5832,11877.4811,-1947.5264,1244.3596,-754.8863,-4168.814599999998,-1458.0531,-5626.867699999998
285,512.388,1395.7765,-1097.8767,0.0,0.0,0.0,-1278.3645,-16130.8002,621.5478,11827.3252,-1992.0952,1226.9527,-739.3531,-4150.0039,-1504.4956,-5654.4995
286,523.8333,1463.6275,-1049.1884,0.0,0.0,0.0,-1286.6717,-16134.3125,601.1531,11813.4329,-1976.1127,1233.8371,-743.348,-4068.1258000000016,-1485.6236,-5553.7494000000015
287,530.7994,1427.0395,-1108.1258,0.0,0.0,0.0,-1276.0373,-16271.5311,622.7636,11879.0672,-1878.7877,1235.7696,-742.3629,-4196.0244999999995,-1385.3809999999999,-5581.405499999999
288,466.9862,1424.7817,-1077.1509,0.0,0.0,0.0,-1287.844,-16077.5425,622.5941,11872.8246,-2061.2005,1231.7675,-739.0198,-4055.3507999999983,-1568.4528,-5623.803599999998
289,536.1338,1378.0092,-1082.0978,0.0,0.0,0.0,-1275.272,-16233.2478,616.0696,11872.7836,-1941.5663,1224.8029,-729.7619,-4187.621399999996,-1446.5253,-5634.1466999999975
290,477.6332,1363.743,-1063.1976,0.0,0.0,0.0,-1291.411,-16179.5477,610.6587,11899.9978,-2014.3307,1232.9535,-740.7566,-4182.123600000001,-1522.1338,-5704.257400000001
291,526.7938,1447.2297,-1047.3289,0.0,0.0,0.0,-1293.0309,-16096.6358,596.0793,11857.4501,-2035.7917,1231.3186,-735.4062,-4009.4426999999996,-1539.8793,-5549.321999999999
292,505.4931,1405.1666,-1064.8104,0.0,0.0,0.0,-1289.817,-16059.9782,599.6492,11818.5377,-2049.2975,1231.966,-730.9001,-4085.758999999998,-1548.2316,-5633.990599999998
293,513.8875,1411.5796,-1052.1245,0.0,0.0,0.0,-1285.0316,-16012.5538,587.3581,11784.8601,-2070.5128,1233.7142,-738.8462,-4052.0246000000006,-1575.6448,-5627.669400000001
294,507.4144,1452.1918,-1084.5493,0.0,0.0,0.0,-1260.5617,-16153.3043,606.883,11839.562,-2017.0565,1240.5418,-748.4195,-4092.364099999999,-1524.9342,-5617.298299999999
295,519.8035,1426.5532,-1083.42,0.0,0.0,0.0,-1289.6998,-15982.134,612.015,11793.9157,-2132.1339,1228.5687,-734.0827,-4002.966400000003,-1637.6479,-5640.614300000003
296,517.8744,1421.3821,-1084.5012,0.0,0.0,0.0,-1267.711,-16268.4885,607.8836,11830.0665,-1926.738,1220.4937,-726.6363,-4243.494099999998,-1432.8806,-5676.3746999999985
297,508.4628,1420.9439,-1062.6918,0.0,0.0,0.0,-1254.5542,-16207.8291,606.2359,11810.8152,-1990.4833,1229.0979,-744.3732,-4178.6173000000035,-1505.7586000000001,-5684.375900000004
298,503.0009,1415.8624,-1085.5882,0.0,0.0,0.0,-1290.2372,-16154.2965,613.7274,11852.6921,-1986.5527,1222.412,-728.8408,-4144.839100000001,-1492.9814999999999,-5637.820600000001
299,499.7873,1396.9605,-1063.5337,0.0,0.0,0.0,-1286.8992,-16203.1932,620.4333,11827.9941,-1935.1663,1222.5018,-725.5203,-4208.4509,-1438.1848,-5646.6357
300,540.9986,1392.5579,-1097.1903,0.0,0.0,0.0,-1306.9766,-16239.8747,585.7105,11818.4965,-1863.8353,1227.704,-727.3247,-4306.278100000003,-1363.4560000000001,-5669.734100000003
301,466.3516,1445.0416,-1080.0912,0.0,0.0,0.0,-1262.4116,-16164.4757,612.0736,11891.0689,-2046.4107,1227.5292,-733.0214,-4092.4428000000025,-1551.9029,-5644.345700000003
302,503.1766,1432.3293,-1085.7147,0.0,0.0,0.0,-1276.1261,-16132.3264,630.7472,11890.5296,-2074.3705,1230.0523,-741.5973,-4037.3845,-1585.9155,-5623.3
303,507.2207,1430.9897,-1095.1046,0.0,0.0,0.0,-1300.0324,-16126.5997,611.3401,11829.803,-2013.2267,1225.8093,-736.4274,-4142.383200000002,-1523.8448,-5666.228000000003
304,490.6004,1430.9281,-1112.1283,0.0,0.0,0.0,-1288.3433,-16072.5223,595.2153,11847.9221,-2088.4378,1226.8299,-731.3203,-4108.328000000001,-1592.9282000000003,-5701.256200000002
305,518.3155,1407.2707,-1099.7383,0.0,0.0,0.0,-1289.648,-16022.5431,594.3367,11835.9104,-2102.9172,1222.3411,-725.9732,-4056.096099999999,-1606.5492999999997,-5662.645399999999
306,484.5681,1424.0239,-1086.8554,0.0,0.0,0.0,-1305.6601,-16166.5657,614.6162,11870.4226,-1972.5057,1227.9781,-734.1004,-4165.4504,-1478.628,-5644.078399999999
307,522.081,1369.2908,-1132.8581,0.0,0.0,0.0,-1280.4784,-16222.8265,588.3218,11809.3351,-1885.0568,1225.5589,-733.9612,-4347.1343,-1393.4591,-5740.5934
308,536.5194,1387.4814,-1096.5961,0.0,0.0,0.0,-1288.8678,-16212.6745,603.6694,11818.7483,-1910.2375,1226.1117,-737.3108,-4251.719899999998,-1421.4366,-5673.156499999998
309,519.5551,1403.6198,-1084.8418,0.0,0.0,0.0,-1287.201,-15951.303,608.106,11810.7873,-2108.9049,1234.6876,-728.7845,-3981.2776000000013,-1603.0018,-5584.2794
310,493.0221,1430.782,-1083.5499,0.0,0.0,0.0,-1271.5346,-16030.191,615.6019,11895.4322,-2133.6382,1237.2721,-741.0221,-3950.4373000000032,-1637.3881999999999,-5587.825500000003
311,501.257,1411.9771,-1088.9601,0.0,0.0,0.0,-1297.7126,-16114.9696,619.8781,11900.0714,-2083.0422,1228.8758,-740.6524,-4068.458700000001,-1594.8187999999998,-5663.277500000001
312,559.6937,1414.202,-1092.225,0.0,0.0,0.0,-1300.5778,-16043.3545,592.7301,11799.244,-2022.1414,1233.2842,-738.5244,-4070.2874999999967,-1527.3816,-5597.669099999997
313,483.1972,1426.9646,-1065.545,0.0,0.0,0.0,-1258.96,-16009.1053,618.1183,11847.7225,-2103.1299,1234.2245,-743.9409,-3957.6076999999987,-1612.8463,-5570.453999999998
314,494.8985,1446.779,-1086.2583,0.0,0.0,0.0,-1287.1738,-16006.5995,592.4365,11789.653,-2055.0788,1235.8924,-742.8755,-4056.2646000000004,-1562.0618999999997,-5618.3265
315,501.6042,1416.0706,-1027.062,0.0,0.0,0.0,-1263.9878,-16046.3234,603.4198,11812.2373,-2061.08,1224.5194,-738.411,-4004.041300000001,-1574.9715999999999,-5579.012900000001
316,515.6743,1429.0113,-1128.3798,0.0,0.0,0.0,-1274.0508,-16184.5269,602.6248,11825.5551,-1924.3299,1233.3787,-745.754,-4214.092000000001,-1436.7051999999999,-5650.7972
317,511.6144,1391.6369,-1104.4739,0.0,0.0,0.0,-1272.9849,-16067.4573,610.2965,11767.982,-1977.0682,1238.2597,-744.323,-4163.386299999998,-1483.1315,-5646.517799999998
318,568.8339,1450.2207,-1110.8133,0.0,0.0,0.0,-1286.5257,-16026.8297,591.6529,11783.6762,-2040.4408,1235.5475,-741.3166,-4029.784999999998,-1546.2099000000003,-5575.994899999999
319,526.1598,1411.9132,-1107.7047,0.0,0.0,0.0,-1267.7915,-15998.4393,607.5216,11812.1728,-2065.1973,1232.5991,-740.6045,-4016.168099999999,-1573.2026999999998,-5589.3708
320,486.2791,1380.8545,-1094.2327,0.0,0.0,0.0,-1276.4822,-16048.4541,624.9959,11819.496,-2047.2407,1231.5454,-747.7597,-4107.543500000002,-1563.455,-5670.9985000000015
321,496.6709,1367.7446,-1108.1438,0.0,0.0,0.0,-1258.8218,-16112.6685,625.7752,11835.0508,-2022.3513,1234.0591,-745.7647,-4154.392599999999,-1534.0569,-5688.449499999999
322,523.7522,1390.3902,-1100.4694,0.0,0.0,0.0,-1292.2473,-16045.6801,596.4476,11793.8888,-2017.0043,1223.6594,-735.5844,-4133.917999999998,-1528.9293,-5662.847299999998
323,498.2794,1388.1911,-1096.8313,0.0,0.0,0.0,-1290.2514,-16058.6807,616.6246,11855.4485,-2046.509,1232.0935,-741.5205,-4087.2198000000008,-1555.9360000000001,-5643.1558
324,504.2811,1438.137,-1071.8348,0.0,0.0,0.0,-1299.3848,-16093.4725,614.9865,11829.7659,-2047.5225,1230.6099,-735.9453,-4077.521600000002,-1552.8579,-5630.379500000002
325,497.8293,1409.9646,-1096.4675,0.0,0.0,0.0,-1271.1809,-16098.3839,606.4525,11888.7291,-2062.5855,1237.721,-736.8669,-4063.056800000002,-1561.7314000000001,-5624.788200000002
326,545.1668,1416.4253,-1092.5798,0.0,0.0,0.0,-1287.421,-16063.0709,590.9336,11797.6673,-2050.8133,1227.0283,-732.6487,-4092.8786999999993,-1556.4336999999998,-5649.312399999999
327,526.7079,1426.8321,-1087.194,0.0,0.0,0.0,-1258.2644,-16196.2968,596.0315,11796.3386,-1894.5437,1235.6278,-742.1301,-4195.845099999999,-1401.0459999999998,-5596.891099999999
328,510.2036,1399.3033,-1098.5577,0.0,0.0,0.0,-1269.7118,-16249.03,617.3167,11851.6161,-1892.9934,1230.2177,-737.3079,-4238.859800000002,-1400.0836000000002,-5638.943400000002
329,494.7717,1398.8264,-1083.523,0.0,0.0,0.0,-1274.0433,-16256.4001,598.0854,11823.2148,-1886.7768,1230.0854,-738.2527,-4299.068100000002,-1394.9441000000002,-5694.012200000002
330,507.8649,1451.0129,-1113.6741,0.0,0.0,0.0,-1285.969,-16091.5009,619.3629,11803.2155,-2012.6567,1226.7732,-733.1116,-4109.687799999998,-1518.9950999999999,-5628.682899999998
331,552.1332,1398.1381,-1080.7655,0.0,0.0,0.0,-1279.9339,-16145.1365,616.4863,11789.0411,-1961.7789,1228.8664,-734.0942,-4150.037200000001,-1467.0067,-5617.043900000001
332,493.7486,1458.9533,-1064.6953,0.0,0.0,0.0,-1286.8527,-16145.7587,601.4583,11723.2015,-1903.1505,1228.6159,-741.0132,-4219.9450000000015,-1415.5477999999998,-5635.492800000002
333,501.9698,1423.5191,-1108.4422,0.0,0.0,0.0,-1264.0464,-16101.5638,596.5064,11824.3156,-2026.4451,1231.7014,-739.4942,-4127.7415,-1534.2379,-5661.9794
334,523.0289,1452.1567,-1101.8968,0.0,0.0,0.0,-1299.5329,-16178.2926,598.5973,11862.0236,-1940.4688,1231.9234,-736.5214,-4143.915800000001,-1445.0668,-5588.982600000001
335,499.4701,1441.0281,-1124.9978,0.0,0.0,0.0,-1270.5993,-16096.7393,606.2255,11791.4703,-1986.6491,1229.2963,-739.9888,-4154.142399999997,-1497.3416000000002,-5651.483999999998
336,501.6675,1459.0109,-1107.9676,0.0,0.0,0.0,-1275.9474,-16051.9388,599.1651,11788.7692,-2021.4354,1242.7153,-748.6841,-4087.2410999999993,-1527.4042,-5614.6453
337,522.2486,1400.5126,-1120.051,0.0,0.0,0.0,-1250.1684,-16128.74,627.7371,11820.241,-1987.9396,1236.3602,-740.657,-4128.220099999999,-1492.2363999999998,-5620.456499999998
338,499.5835,1420.4446,-1087.7663,0.0,0.0,0.0,-1271.4499,-16110.0636,616.9372,11809.0299,-1997.8793,1231.4037,-739.6553,-4123.284600000001,-1506.1309,-5629.415500000002
339,468.249,1436.6735,-1090.4044,0.0,0.0,0.0,-1259.1778,-16008.1868,608.8824,11792.5776,-2067.5007,1244.8983,-761.7598,-4051.3864999999987,-1584.3622,-5635.748699999999
340,525.7261,1429.7624,-1084.8361,0.0,0.0,0.0,-1284.1367,-16045.0218,607.8216,11768.0839,-1968.133,1238.7085,-743.4495,-4082.6005999999998,-1472.874,-5555.4746
341,504.326,1410.4479,-1109.5414,0.0,0.0,0.0,-1282.34,-16163.3198,591.2804,11843.1423,-1964.061,1230.1468,-742.8278,-4206.0046,-1476.742,-5682.7465999999995
342,501.2767,1436.4712,-1108.509,0.0,0.0,0.0,-1265.4865,-16227.0963,617.8011,11909.9037,-1959.7293,1235.8357,-745.9868,-4135.6390999999985,-1469.8804,-5605.519499999998
343,496.624,1383.4724,-1075.6627,0.0,0.0,0.0,-1262.669,-16202.0534,613.9136,11875.9678,-1991.6774,1231.0115,-738.4384,-4170.407300000001,-1499.1043,-5669.511600000001
344,510.2522,1446.2137,-1092.4107,0.0,0.0,0.0,-1271.3655,-16061.3561,605.1209,11748.2067,-2030.0829,1235.6845,-741.9848,-4115.338800000001,-1536.3832,-5651.722000000002
345,526.0358,1383.8203,-1082.4079,0.0,0.0,0.0,-1288.1139,-16030.0521,584.6519,11802.6638,-2015.3119,1234.3048,-734.5656,-4103.402100000001,-1515.5727000000002,-5618.974800000001
346,483.6558,1447.5346,-1077.6169,0.0,0.0,0.0,-1306.9402,-16064.1973,595.1887,11793.9486,-2022.1312,1238.5715,-741.6437,-4128.426699999998,-1525.2033999999999,-5653.630099999998
347,556.2145,1410.2688,-1089.6506,0.0,0.0,0.0,-1290.3766,-16106.545,598.2557,11755.3454,-1958.5456,1233.1472,-744.5349,-4166.487799999999,-1469.9332999999997,-5636.421099999998
348,552.1925,1397.635,-1105.2671,0.0,0.0,0.0,-1266.3941,-16152.0536,609.2415,11803.3348,-1933.9689,1231.21,-736.5103,-4161.310999999998,-1439.2692000000002,-5600.580199999998
349,498.5538,1379.4237,-1099.6947,0.0,0.0,0.0,-1294.1429,-16047.8999,606.1689,11761.8912,-2004.9447,1224.5288,-729.5265,-4195.699900000001,-1509.9424,-5705.642300000001
350,515.7071,1410.9106,-1099.0029,0.0,0.0,0.0,-1300.8197,-16058.0989,619.1839,11842.4838,-2064.9532,1224.7462,-730.2782,-4069.6361000000015,-1570.4851999999998,-5640.121300000002
351,511.3075,1398.8202,-1088.498,0.0,0.0,0.0,-1290.8994,-16143.8678,596.6226,11826.9006,-1974.4116,1226.8015,-727.7156,-4189.614299999999,-1475.3256999999999,-5664.939999999999
352,481.8371,1444.2664,-1087.4217,0.0,0.0,0.0,-1268.4587,-16143.1345,612.4351,11775.3578,-1951.903,1223.6925,-729.0527,-4185.1185000000005,-1457.2631999999999,-5642.381700000001
353,490.1922,1428.466,-1108.7393,0.0,0.0,0.0,-1279.0282,-16191.1374,620.3464,11859.1222,-1988.9847,1219.01,-730.3551,-4180.7780999999995,-1500.3298,-5681.107899999999
354,523.4674,1474.556,-1119.5624,0.0,0.0,0.0,-1275.8381,-16115.7802,613.2437,11811.4601,-1993.5213,1234.4702,-738.8725,-4088.4534999999996,-1497.9236,-5586.3771
355,510.607,1394.9667,-1068.5468,0.0,0.0,0.0,-1270.3185,-16154.2238,619.6777,11811.9247,-1972.6756,1231.6541,-740.6767,-4155.9130000000005,-1481.6982,-5637.611200000001
356,504.7895,1398.6694,-1090.9578,0.0,0.0,0.0,-1301.6673,-16151.0847,605.103,11811.4829,-1923.3566,1227.5953,-732.3918,-4223.664999999999,-1428.1531,-5651.8180999999995
357,499.8906,1439.7701,-1086.2395,0.0,0.0,0.0,-1307.0873,-16302.2475,638.4302,11870.4049,-1839.7884,1217.5075,-728.5635,-4247.0785,-1350.8444,-5597.9229
358,488.6689,1397.2122,-1070.9504,0.0,0.0,0.0,-1289.9562,-16245.5788,608.3445,11834.7517,-1928.7664,1211.8374,-725.2813,-4277.508099999999,-1442.2103000000002,-5719.718399999999
359,468.2074,1396.3958,-1082.6026,0.0,0.0,0.0,-1288.6237,-16110.6204,596.014,11855.8055,-2019.1913,1224.6942,-731.3333,-4165.424000000001,-1525.8304,-5691.254400000002
360,538.2045,1419.9663,-1066.0209,0.0,0.0,0.0,-1269.791,-16368.467,610.0744,11844.3371,-1794.6546,1224.1555,-725.7793,-4291.696600000001,-1296.2784000000001,-5587.975000000001
361,529.7585,1419.7607,-1088.8711,0.0,0.0,0.0,-1280.3395,-16266.6269,626.7262,11758.4398,-1816.9306,1227.1984,-737.9231,-4301.1523,-1327.6553,-5628.807599999999
362,504.7255,1389.0933,-1095.8511,0.0,0.0,0.0,-1282.7278,-16147.0744,608.3107,11843.5818,-1959.4913,1232.9062,-733.992,-4179.942000000001,-1460.5771,-5640.519100000001
363,541.6592,1460.0506,-1093.5059,0.0,0.0,0.0,-1276.4227,-16242.0827,604.6095,11738.4889,-1841.7674,1225.9699,-733.7493,-4267.203100000001,-1349.5467999999998,-5616.749900000001
364,483.3911,1443.5782,-1095.973,0.0,0.0,0.0,-1299.2407,-16182.6751,607.118,11842.9171,-1938.71,1215.4852,-721.5077,-4200.884399999999,-1444.7325,-5645.616899999999
365,500.6724,1432.9832,-1053.949,0.0,0.0,0.0,-1261.6087,-16341.9455,609.8031,11853.0589,-1832.9089,1230.7658,-735.7768,-4260.985600000002,-1337.9198999999999,-5598.905500000002
366,480.0588,1398.397,-1081.7015,0.0,0.0,0.0,-1289.8449,-16174.4411,598.6216,11916.3349,-2001.4646,1223.8484,-731.4242,-4152.575199999999,-1509.0403999999999,-5661.6156
367,538.5465,1484.1917,-1096.4237,0.0,0.0,0.0,-1266.3857,-16103.294,596.3639,11805.7052,-2015.3298,1240.5938,-746.0888,-4041.2960999999996,-1520.8247999999999,-5562.120899999998
368,533.6625,1423.4015,-1057.85,0.0,0.0,0.0,-1282.4024,-16153.4318,610.9015,11838.1484,-2007.1617,1225.0533,-724.7086,-4087.570300000001,-1506.817,-5594.387300000002
369,540.0486,1458.214,-1070.0873,0.0,0.0,0.0,-1253.8937,-16242.3724,605.5645,11797.2972,-1893.735,1239.337,-743.67,-4165.2291000000005,-1398.0679999999998,-5563.2971
370,478.3293,1396.3094,-1079.2923,0.0,0.0,0.0,-1300.9403,-16112.5597,613.826,11851.9694,-2023.1631,1231.4982,-741.0669,-4152.358200000001,-1532.7318,-5685.09
371,546.7007,1435.02,-1076.3839,0.0,0.0,0.0,-1267.2951,-16077.2655,612.7185,11795.0805,-2033.5865,1231.8762,-743.6335,-4031.4248000000007,-1545.3438,-5576.7686
372,504.221,1419.9675,-1111.075,0.0,0.0,0.0,-1303.0346,-16051.1913,636.0263,11901.8106,-2068.0668,1229.1877,-729.4588,-4003.2755000000016,-1568.3379,-5571.613400000002
373,470.5032,1421.9672,-1064.8846,0.0,0.0,0.0,-1317.2027,-16202.9009,611.6659,11868.3652,-1958.0869,1222.0387,-724.6302,-4212.486700000001,-1460.6783999999998,-5673.165100000001
374,496.7767,1393.2302,-1079.1102,0.0,0.0,0.0,-1257.4738,-16187.7323,616.5055,11861.8553,-1997.0857,1238.6046,-744.5828,-4155.9486,-1503.0639,-5659.0125
375,522.3923,1457.0111,-1079.1035,0.0,0.0,0.0,-1302.7751,-16150.1863,596.0322,11785.2859,-1936.4171,1233.2181,-736.6409,-4171.343399999998,-1439.8399,-5611.183299999998
376,493.6537,1429.7259,-1105.917,0.0,0.0,0.0,-1262.548,-16208.4391,601.7274,11855.7985,-1956.49,1227.7843,-733.9796,-4195.998599999999,-1462.6853,-5658.683899999998
377,492.0701,1469.0399,-1080.9429,0.0,0.0,0.0,-1260.7837,-16311.3705,612.1446,11774.2609,-1817.6809,1234.0639,-739.2698,-4305.581600000003,-1322.8868,-5628.468400000003
378,494.0193,1432.4406,-1084.5861,0.0,0.0,0.0,-1244.9796,-16351.7191,611.3762,11847.5,-1837.6751,1225.677,-735.6524,-4295.948699999999,-1347.6505,-5643.5992
379,531.4474,1380.2876,-1096.8852,0.0,0.0,0.0,-1291.4385,-16174.1728,626.0331,11844.5396,-1951.7552,1228.2001,-731.1342,-4180.1888,-1454.6893,-5634.8781
380,480.8707,1430.0393,-1088.9206,0.0,0.0,0.0,-1276.3596,-16165.7434,623.7181,11855.0113,-1988.4445,1227.6379,-744.2187,-4141.3842,-1505.0253000000002,-5646.409500000001
381,513.559,1493.9988,-1077.246,0.0,0.0,0.0,-1311.3471,-16182.8534,598.4334,11791.3716,-1894.2753,1222.9176,-732.7999,-4174.083699999999,-1404.1576,-5578.2413
382,507.1329,1424.7969,-1099.3356,0.0,0.0,0.0,-1244.4181,-16279.8373,606.0249,11798.0402,-1859.9936,1234.8907,-753.0748,-4287.596099999999,-1378.1777000000002,-5665.773799999999
383,514.7315,1467.282,-1071.2431,0.0,0.0,0.0,-1280.4943,-16005.1275,584.9556,11780.1476,-2013.4514,1243.3296,-752.6407,-4009.7482,-1522.7624999999998,-5532.5107
384,487.955,1412.5281,-1091.5706,0.0,0.0,0.0,-1277.9162,-16245.1106,605.0405,11811.6327,-1850.4564,1236.3602,-745.9622,-4297.441100000002,-1360.0584,-5657.499500000002
385,517.3097,1439.8461,-1087.0021,0.0,0.0,0.0,-1282.1732,-16237.9478,593.294,11756.7956,-1860.8042,1225.5116,-743.5103,-4299.877700000001,-1378.8029000000001,-5678.6806000000015
386,532.2225,1506.0923,-1079.2442,0.0,0.0,0.0,-1257.4252,-16042.3865,610.4458,11805.5499,-2074.715,1240.7734,-750.1064,-3924.7454000000016,-1584.0480000000002,-5508.793400000001
387,519.9826,1470.4334,-1059.2893,0.0,0.0,0.0,-1311.9101,-16084.6294,578.3156,11834.3843,-2021.4979,1223.2247,-730.4884,-4052.7128999999986,-1528.7616,-5581.474499999999
388,516.9556,1433.5923,-1085.2423,0.0,0.0,0.0,-1311.1293,-16057.0713,610.4375,11778.569,-2038.8771,1221.382,-735.6168,-4113.888500000001,-1553.1118999999999,-5667.000400000001
389,539.4157,1432.4523,-1083.1075,0.0,0.0,0.0,-1271.3678,-16167.8198,606.0287,11828.4525,-1970.1447,1233.9977,-748.9953,-4115.945900000001,-1485.1423000000002,-5601.0882
390,497.8043,1419.8474,-1105.9221,0.0,0.0,0.0,-1288.5906,-16214.8749,600.6899,11865.5986,-1950.4019,1230.1138,-735.1152,-4225.447400000001,-1455.4033,-5680.850700000001
391,532.0154,1432.5099,-1099.8373,0.0,0.0,0.0,-1261.8384,-16160.8605,595.8662,11839.9426,-2002.757,1238.0943,-744.9534,-4122.2021,-1509.6161000000002,-5631.818200000001
392,518.7603,1386.3543,-1071.2886,0.0,0.0,0.0,-1258.086,-16207.4283,596.4643,11815.3652,-1912.9129,1243.8682,-748.854,-4219.858800000002,-1417.8987000000002,-5637.757500000002
393,515.3756,1373.8091,-1081.9028,0.0,0.0,0.0,-1264.0692,-16120.839,599.0292,11844.6872,-2055.955,1241.7467,-751.6059,-4133.909899999999,-1565.8142,-5699.724099999999
394,530.2456,1401.5535,-1118.3468,0.0,0.0,0.0,-1289.6883,-16196.3409,601.6457,11821.7909,-1913.6044,1237.9856,-748.572,-4249.140299999999,-1424.1907999999999,-5673.331099999999
395,495.6317,1435.501,-1088.9518,0.0,0.0,0.0,-1248.6677,-16201.1642,609.904,11843.6633,-1968.7788,1236.0294,-751.0797,-4154.083699999997,-1483.8291000000002,-5637.912799999998
396,479.3471,1376.6131,-1069.6432,0.0,0.0,0.0,-1278.6509,-16215.0795,603.3329,11843.521,-1932.132,1232.7361,-747.546,-4260.559500000001,-1446.9419,-5707.501400000001
397,514.2957,1411.4247,-1060.1966,0.0,0.0,0.0,-1273.0441,-16235.3061,625.2979,11904.6423,-1951.2129,1229.3672,-742.7973,-4112.886199999999,-1464.643,-5577.5292
398,504.4553,1416.4016,-1082.3644,0.0,0.0,0.0,-1280.1781,-16205.8622,603.2324,11799.0179,-1903.7362,1236.9461,-744.5541,-4245.297499999999,-1411.3442,-5656.641699999999
399,493.1905,1426.438,-1103.855,0.0,0.0,0.0,-1309.412,-16172.9143,608.8564,11891.1967,-1973.6423,1226.622,-730.1532,-4166.4997,-1477.1734999999999,-5643.673199999999
400,515.7384,1416.5936,-1084.7016,0.0,0.0,0.0,-1238.2628,-16143.4431,595.4159,11795.1962,-2012.1856,1238.7511,-747.6466,-4143.463399999999,-1521.0811,-5664.544499999998

