#Frame    phe113_3k0o
       1       4.4160
       2       4.2060
       3       4.2892
       4       4.1506
       5       4.1188
       6       4.1403
       7       4.0769
       8       4.1302
       9       4.1922
      10       4.2602
      11       4.0175
      12       3.9612
      13       4.0318
      14       4.0558
      15       4.0842
      16       4.1078
      17       4.0229
      18       4.0696
      19       4.2262
      20       4.1114
      21       4.2212
      22       4.0931
      23       4.2823
      24       4.1663
      25       4.1072
      26       4.3524
      27       4.0078
      28       4.0663
      29       4.1376
      30       4.2625
      31       4.0066
      32       4.1639
      33       4.0869
      34       4.1946
      35       2.8981
      36       3.0074
      37       2.7190
      38       2.7323
      39       4.1876
      40       4.1307
      41       4.1177
      42       4.0757
      43       4.2731
      44       2.8481
      45       2.9440
      46       3.2349
      47       2.9662
      48       2.6801
      49       3.1025
      50       2.9778
      51       2.9987
      52       2.6975
      53       2.6433
      54       2.6942
      55       2.6182
      56       3.0121
      57       4.0538
      58       3.0355
      59       2.9333
      60       3.0651
      61       3.0985
      62       2.9890
      63       2.9165
      64       2.6150
      65       2.6035
      66       2.7124
      67       2.7985
      68       2.4894
      69       2.5806
      70       2.6616
      71       2.6999
      72       2.6103
      73       2.7945
      74       2.6978
      75       2.7349
      76       2.8419
      77       2.5956
      78       2.6050
      79       2.7036
      80       2.7011
      81       2.7210
      82       3.6760
      83       3.8455
      84       3.7423
      85       3.6732
      86       3.9233
      87       3.8439
      88       3.7313
      89       3.7709
      90       3.9256
      91       3.8972
      92       3.5293
      93       3.2885
      94       3.5506
      95       3.7039
      96       3.7670
      97       3.3547
      98       3.7096
      99       3.6923
     100       3.6371
     101       3.5020
     102       3.6282
     103       3.4282
     104       3.5793
     105       3.4738
     106       3.6185
     107       3.5274
     108       4.0394
     109       3.5823
     110       3.2513
     111       4.0049
     112       3.8310
     113       3.4873
     114       3.5095
     115       3.7832
     116       3.5522
     117       3.8258
     118       3.7459
     119       3.5135
     120       2.7242
     121       3.8087
     122       2.8125
     123       2.6903
     124       3.6773
     125       3.8378
     126       3.5574
     127       3.5767
     128       3.5100
     129       3.2876
     130       3.2829
     131       3.4541
     132       3.5639
     133       3.9040
     134       3.1246
     135       3.4114
     136       3.6719
     137       3.9652
     138       3.7534
     139       3.8910
     140       3.6428
     141       3.6608
     142       3.6328
     143       3.6115
     144       3.6867
     145       3.6758
     146       3.8304
     147       3.5592
     148       3.6448
     149       3.5561
     150       3.6168
     151       3.6433
     152       3.3501
     153       3.6893
     154       2.6513
     155       3.5423
     156       3.6213
     157       3.3967
     158       3.6138
     159       3.5148
     160       3.1007
     161       2.7087
     162       4.1237
     163       3.9923
     164       4.0924
     165       4.0650
     166       4.0403
     167       3.9624
     168       3.9739
     169       4.1478
     170       2.7829
     171       3.9460
     172       3.8999
     173       4.1244
     174       4.2885
     175       3.9439
     176       4.1378
     177       4.1899
     178       4.1782
     179       4.0049
     180       4.0558
     181       4.1345
     182       3.9115
     183       4.1603
     184       3.9705
     185       4.1761
     186       3.9724
     187       4.1525
     188       3.9740
     189       4.1153
     190       4.2290
     191       4.1211
     192       4.0374
     193       4.0758
     194       4.0222
     195       4.0507
     196       2.8919
     197       3.1205
     198       3.2387
     199       3.8732
     200       4.0554
     201       3.9078
     202       3.8477
     203       4.0372
     204       4.2897
     205       4.1593
     206       4.1785
     207       4.1242
     208       4.0110
     209       4.0791
     210       3.0725
     211       3.9053
     212       3.9798
     213       4.2785
     214       4.0761
     215       4.0952
     216       4.1613
     217       3.9169
     218       4.0522
     219       4.2411
     220       4.0992
     221       4.0436
     222       2.6885
     223       2.5621
     224       2.5540
     225       2.6735
     226       2.6633
     227       2.8339
     228       2.7935
     229       2.5550
     230       2.6862
     231       2.6346
     232       3.1651
     233       3.7833
     234       3.4474
     235       3.7980
     236       3.4936
     237       3.2702
     238       3.3539
     239       3.7485
     240       2.5274
     241       3.3954
     242       3.1672
     243       3.6615
     244       3.7329
     245       3.8464
     246       3.3464
     247       2.7078
     248       2.7242
     249       2.8634
     250       3.3902
     251       3.4138
     252       3.5667
     253       3.4012
     254       3.6284
     255       3.4221
     256       3.5861
     257       3.1834
     258       3.3006
     259       2.7591
     260       2.6809
     261       2.5893
     262       3.2749
     263       2.9478
     264       2.6067
     265       3.7428
     266       3.9934
     267       2.7365
     268       2.6386
     269       3.7571
     270       3.3957
     271       3.6090
     272       3.5265
     273       3.3333
     274       3.2343
     275       3.2609
     276       3.4438
     277       3.7009
     278       3.8102
     279       3.3506
     280       4.0211
     281       3.7227
     282       3.4728
     283       3.5544
     284       2.8714
     285       3.2717
     286       3.3084
     287       3.2574
     288       3.6822
     289       3.5074
     290       3.6912
     291       3.9751
     292       3.7050
     293       3.7605
     294       3.6962
     295       3.3874
     296       3.8031
     297       3.7260
     298       3.5931
     299       3.5572
     300       3.4172
     301       3.2537
     302       2.8419
     303       2.8302
     304       3.4418
     305       3.6693
     306       3.6437
     307       3.5854
     308       3.6547
     309       3.2871
     310       3.5758
     311       3.3034
     312       3.5419
     313       3.4770
     314       3.7303
     315       3.5947
     316       3.6577
     317       3.7004
     318       3.5859
     319       3.6153
     320       3.4506
     321       3.6350
     322       3.5638
     323       3.7664
     324       3.2979
     325       3.3970
     326       3.7140
     327       3.7782
     328       3.5854
     329       3.4594
     330       3.3350
     331       3.4926
     332       3.4619
     333       3.5868
     334       3.5824
     335       3.5983
     336       3.5633
     337       3.4813
     338       3.3105
     339       3.7078
     340       3.6741
     341       3.6234
     342       3.5970
     343       3.7473
     344       3.6980
     345       3.6475
     346       3.6806
     347       3.7198
     348       3.9048
     349       3.2160
     350       3.5527
     351       3.3378
     352       3.5000
     353       3.7238
     354       3.7641
     355       3.4638
     356       3.3686
     357       3.8014
     358       3.6612
     359       3.5886
     360       3.5385
     361       3.4583
     362       3.5657
     363       3.6477
     364       3.3182
     365       3.4721
     366       3.3557
     367       2.9782
     368       3.4526
     369       3.4678
     370       3.7668
     371       3.5526
     372       3.4995
     373       3.4170
     374       3.6013
     375       3.8056
     376       4.0168
     377       3.7201
     378       3.4496
     379       3.7656
     380       3.6852
     381       3.6799
     382       3.6009
     383       3.5378
     384       3.7110
     385       3.4671
     386       3.7556
     387       3.7055
     388       3.2111
     389       4.0475
     390       3.5573
     391       3.4046
     392       3.0721
     393       3.7568
     394       3.7790
     395       3.7573
     396       3.3350
     397       3.6101
     398       2.6022
     399       3.4063
     400       3.5395
     401       3.3022
     402       3.5790
     403       3.3406
     404       3.6550
     405       3.6806
     406       3.8314
     407       3.8422
     408       3.4398
     409       3.8853
     410       3.5413
     411       3.2202
     412       3.4437
     413       3.4074
     414       3.6284
     415       3.7850
     416       3.8533
     417       3.7467
     418       3.6317
     419       3.6110
     420       3.6849
     421       2.7210
     422       3.2266
     423       3.8073
     424       3.3336
     425       3.5317
     426       3.6246
     427       3.8388
     428       3.4556
     429       3.3899
     430       3.6598
     431       3.7229
     432       3.9521
     433       3.5736
     434       3.6117
     435       3.6643
     436       3.6478
     437       3.6686
     438       3.3499
     439       3.4232
     440       3.7859
     441       3.4006
     442       3.6619
     443       3.8176
     444       3.6675
     445       3.5650
     446       3.5576
     447       2.8269
     448       3.6917
     449       3.2599
     450       3.5615
     451       3.4584
     452       3.4268
     453       3.7180
     454       3.7199
     455       3.6159
     456       3.7411
     457       3.2979
     458       3.4445
     459       3.5110
     460       3.2621
     461       3.5313
     462       3.6977
     463       3.4682
     464       3.4527
     465       3.7438
     466       3.6966
     467       3.3417
     468       3.6401
     469       3.5136
     470       3.5519
     471       3.7953
     472       3.3962
     473       3.6779
     474       3.6553
     475       3.7127
     476       3.3704
     477       3.5443
     478       4.1041
     479       3.6518
     480       3.5939
     481       3.8811
     482       3.4842
     483       3.4742
     484       3.5702
     485       3.7324
     486       3.6130
     487       3.6148
     488       3.9535
     489       3.5630
     490       3.6868
     491       3.7845
     492       3.4966
     493       3.5298
     494       3.7673
     495       3.6013
     496       3.8117
     497       3.5699
     498       3.6235
     499       3.5787
     500       3.5364
     501       3.5817
     502       3.7045
     503       3.6376
     504       3.5832
     505       3.5699
     506       3.7524
     507       3.5987
     508       3.7602
     509       3.1168
     510       3.8425
     511       3.7443
     512       3.8512
     513       3.7759
     514       3.3643
     515       3.7470
     516       3.3903
     517       3.5894
     518       3.3355
     519       3.4170
     520       3.4426
     521       3.7326
     522       3.6096
     523       3.4827
     524       3.5027
     525       3.4517
     526       3.5693
     527       3.5012
     528       3.7606
     529       3.0962
     530       3.4340
     531       3.7742
     532       3.5371
     533       3.6268
     534       3.6403
     535       3.4972
     536       3.7094
     537       3.5648
     538       3.7607
     539       3.5536
     540       3.9342
     541       3.4152
     542       3.5724
     543       3.6372
     544       3.7778
     545       3.6270
     546       3.8599
     547       3.7570
     548       2.8346
     549       3.6834
     550       3.6746
     551       3.6336
     552       3.6840
     553       3.6359
     554       3.8300
     555       3.5419
     556       3.4465
     557       3.5068
     558       3.6039
     559       3.6146
     560       3.6325
     561       3.8391
     562       3.7967
     563       3.5735
     564       3.5534
     565       3.7320
     566       3.6932
     567       3.9236
     568       3.7246
     569       3.7681
     570       3.8579
     571       3.6265
     572       3.6812
     573       3.2239
     574       3.5741
     575       3.4801
     576       3.9462
     577       3.7166
     578       3.4985
     579       3.6624
     580       3.7085
     581       3.6031
     582       3.5058
     583       3.7071
     584       3.6499
     585       3.6611
     586       3.4366
     587       3.9654
     588       3.0609
     589       3.6456
     590       3.6132
     591       3.8017
     592       3.3054
     593       3.0861
     594       3.6519
     595       3.6460
     596       3.3328
     597       3.4309
     598       3.3572
     599       3.4426
     600       3.6159
     601       3.5741
     602       3.2847
     603       3.0682
     604       3.9044
     605       3.8120
     606       3.4423
     607       3.6708
     608       3.8417
     609       3.6692
     610       3.6689
     611       3.1100
     612       3.5001
     613       3.6981
     614       3.2755
     615       3.7252
     616       3.8772
     617       3.4983
     618       3.7729
     619       3.6736
     620       3.6561
     621       3.4414
     622       3.5078
     623       3.6460
     624       3.7323
     625       3.7526
     626       3.5881
     627       3.6396
     628       3.6888
     629       3.5503
     630       3.4500
     631       3.4862
     632       3.7564
     633       3.7766
     634       3.4391
     635       3.7081
     636       3.6146
     637       3.8535
     638       3.2106
     639       3.3450
     640       3.3775
     641       3.6768
     642       3.6291
     643       3.7053
     644       3.5865
     645       3.2708
     646       3.5481
     647       3.4281
     648       3.7240
     649       2.7680
     650       3.7877
     651       3.4180
     652       3.6915
     653       3.5109
     654       3.5699
     655       3.6626
     656       3.1809
     657       3.6497
     658       3.5989
     659       3.3224
     660       3.4734
     661       3.4470
     662       3.6331
     663       3.6288
     664       3.7468
     665       3.8059
     666       3.8455
     667       3.6410
     668       3.4972
     669       3.4591
     670       3.3196
     671       3.4487
     672       3.8389
     673       3.8185
     674       3.6504
     675       3.9013
     676       4.0920
     677       3.6864
     678       3.6447
     679       3.5962
     680       3.5559
     681       3.4523
     682       3.8518
     683       3.2857
     684       3.8336
     685       3.7070
     686       3.5106
     687       3.2778
     688       3.3650
     689       3.5119
     690       3.3961
     691       3.4643
     692       3.5607
     693       3.8230
     694       3.6751
     695       3.5591
     696       3.7626
     697       3.6331
     698       3.8933
     699       3.6338
     700       3.6285
     701       3.4922
     702       3.5533
     703       3.7123
     704       3.5977
     705       3.6246
     706       3.1886
     707       3.7489
     708       3.8830
     709       3.8552
     710       3.7565
     711       3.7315
     712       3.5171
     713       3.6333
     714       3.9962
     715       3.6647
     716       3.6206
     717       3.1785
     718       3.4814
     719       3.3391
     720       3.8214
     721       3.6912
     722       3.7606
     723       3.3520
     724       3.5473
     725       3.6508
     726       3.8182
     727       3.5820
     728       3.5462
     729       3.3939
     730       3.8696
     731       3.7152
     732       3.3848
     733       3.7450
     734       3.4473
     735       3.6034
     736       3.3767
     737       3.3359
     738       3.2822
     739       3.4796
     740       3.7744
     741       3.6872
     742       3.6376
     743       3.2920
     744       2.6991
     745       3.5992
     746       3.7255
     747       3.4544
     748       3.7203
     749       3.7427
     750       3.7949
     751       3.7169
     752       3.6157
     753       3.7102
     754       3.6590
     755       3.7694
     756       3.7196
     757       3.7979
     758       3.6243
     759       3.4598
     760       3.7209
     761       3.7719
     762       3.8331
     763       3.7138
     764       3.8686
     765       3.7800
     766       3.9892
     767       3.9148
     768       3.5702
     769       3.8260
     770       3.8714
     771       3.7823
     772       3.8835
     773       3.6957
     774       3.8494
     775       3.4286
     776       3.8929
     777       3.2667
     778       3.7201
     779       3.8747
     780       3.7056
     781       3.6272
     782       3.9188
     783       3.5308
     784       3.7825
     785       3.2503
     786       3.6214
     787       3.7054
     788       3.6339
     789       3.6825
     790       3.5135
     791       3.6532
     792       3.7345
     793       3.5199
     794       3.7941
     795       3.6152
     796       3.9366
     797       3.4900
     798       3.4964
     799       3.2711
     800       3.5816
     801       3.4826
     802       3.6389
     803       3.8067
     804       3.5326
     805       3.5995
     806       3.5905
     807       3.4600
     808       3.8716
     809       3.6886
     810       3.4138
     811       3.4898
     812       3.3211
     813       3.6416
     814       3.4653
     815       3.7256
     816       3.7816
     817       3.7586
     818       3.6462
     819       3.8184
     820       3.8246
     821       3.7596
     822       3.8122
     823       3.7340
     824       3.5197
     825       4.0587
     826       4.0753
     827       3.7082
     828       3.7075
     829       3.5830
     830       3.7976
     831       3.6695
     832       3.6180
     833       3.7239
     834       3.8181
     835       3.8305
     836       2.9031
     837       3.6454
     838       3.6041
     839       3.7118
     840       3.6665
     841       3.4392
     842       3.5314
     843       3.8902
     844       3.6626
     845       3.8110
     846       3.7017
     847       3.4684
     848       3.5317
     849       3.7203
     850       3.6842
     851       3.5851
     852       3.2961
     853       3.6817
     854       3.6310
     855       3.7057
     856       3.5858
     857       3.4037
     858       3.7210
     859       3.4560
     860       3.4034
     861       3.7409
     862       3.7687
     863       2.8745
     864       3.2441
     865       3.7277
     866       3.7355
     867       4.0770
     868       3.8660
     869       3.9304
     870       3.5805
     871       3.5026
     872       3.6856
     873       3.4718
     874       3.7068
     875       3.4948
     876       3.6258
     877       3.2800
     878       3.6205
     879       3.7578
     880       3.9181
     881       3.9824
     882       3.6611
     883       3.7776
     884       3.6375
     885       3.7496
     886       3.6689
     887       3.5782
     888       3.4089
     889       3.2302
     890       3.5781
     891       3.8105
     892       3.7240
     893       3.4721
     894       3.7639
     895       3.3685
     896       3.7183
     897       3.7223
     898       3.7570
     899       3.9159
     900       3.7099
     901       3.6780
     902       3.8980
     903       2.9052
     904       3.5854
     905       3.3942
     906       3.6399
     907       3.6960
     908       3.6082
     909       3.7765
     910       3.7523
     911       3.5415
     912       3.6154
     913       3.6090
     914       3.7811
     915       3.6039
     916       3.7628
     917       3.8692
     918       3.7990
     919       3.5430
     920       3.4548
     921       3.1813
     922       3.9451
     923       3.8174
     924       3.6684
     925       3.7190
     926       3.7751
     927       3.6608
     928       3.8252
     929       3.6504
     930       3.4320
     931       3.5555
     932       3.6723
     933       3.9333
     934       3.5930
     935       3.6336
     936       3.8072
     937       3.6610
     938       3.4954
     939       3.9979
     940       2.7726
     941       3.8702
     942       3.7960
     943       3.8143
     944       3.5990
     945       3.7417
     946       3.6831
     947       2.9111
     948       3.7212
     949       3.6282
     950       2.7709
     951       2.8657
     952       2.7328
     953       3.5011
     954       3.6024
     955       3.6965
     956       3.2984
     957       3.4973
     958       3.4963
     959       3.8894
     960       3.6184
     961       3.8579
     962       3.7562
     963       3.4721
     964       3.2761
     965       3.6508
     966       3.0147
     967       3.7514
     968       3.0044
     969       3.7117
     970       3.5392
     971       3.9203
     972       3.3518
     973       3.4803
     974       3.6800
     975       3.8511
     976       3.7169
     977       3.7206
     978       3.3825
     979       3.7281
     980       3.5438
     981       3.8088
     982       3.3023
     983       3.5531
     984       3.5984
     985       3.7225
     986       3.7817
     987       3.4269
     988       3.6763
     989       3.6310
     990       3.7138
     991       3.7410
     992       3.6548
     993       3.6434
     994       3.5633
     995       3.6944
     996       3.8970
     997       3.6802
     998       3.5677
     999       3.5675
    1000       3.5833
