0.000000000000000000e+00	1.027823504757831463e+00	1.135144757799417903e+02
1.000000000000000000e+00	1.833344582387123722e+00	1.207783147930737613e+02
2.000000000000000000e+00	1.912742280252445415e+00	1.214942887276160377e+02
3.000000000000000000e+00	1.974303435653008254e+00	1.220494204736507271e+02
4.000000000000000000e+00	2.895282445179047759e+00	1.303544089406931903e+02
5.000000000000000000e+00	1.625169578800835124e+00	1.189010830798337537e+02
6.000000000000000000e+00	1.501185635801472573e+00	1.177830497630504993e+02
7.000000000000000000e+00	2.300971609804129958e+00	1.249951721040500559e+02
8.000000000000000000e+00	1.556832811704992325e+00	1.182848518120896415e+02
9.000000000000000000e+00	2.332885370306491790e+00	1.252829565271157435e+02
1.000000000000000000e+01	1.824620557250620223e+00	1.206996453256967072e+02
1.100000000000000000e+01	3.620668182910462551e+00	1.368956222839992165e+02
1.200000000000000000e+01	1.627701256018232012e+00	1.189239126447589854e+02
1.300000000000000000e+01	1.838584033209558433e+00	1.208255618836196561e+02
1.400000000000000000e+01	2.862538026969471794e+00	1.300591340074126947e+02
1.500000000000000000e+01	2.697430774999885816e+00	1.285702685617841894e+02
1.600000000000000000e+01	3.279703300119007015e+00	1.338209491481730140e+02
1.700000000000000000e+01	1.753771328503711313e+00	1.200607577706538081e+02
1.800000000000000000e+01	1.674063159668438105e+00	1.193419841438295776e+02
1.900000000000000000e+01	3.037137939419135790e+00	1.316336001399115219e+02
2.000000000000000000e+01	1.571599552463420979e+00	1.184180118628900118e+02
2.100000000000000000e+01	2.472845418953906638e+00	1.265450554217058254e+02
2.200000000000000000e+01	1.797659688976888104e+00	1.204565239323111854e+02
2.300000000000000000e+01	2.322212718562308265e+00	1.251867151918286254e+02
2.400000000000000000e+01	1.371121685501134113e+00	1.166101895826885340e+02
2.500000000000000000e+01	3.566346008968133141e+00	1.364057685268241187e+02
2.600000000000000000e+01	1.825120120830654891e+00	1.207041501729601407e+02
2.700000000000000000e+01	2.099166784522237705e+00	1.231753838903945280e+02
2.800000000000000000e+01	2.827627342104506170e+00	1.297443246228542932e+02
2.900000000000000000e+01	1.837464734057483007e+00	1.208154685302934723e+02
3.000000000000000000e+01	1.674867173440945711e+00	1.193492343906201683e+02
3.100000000000000000e+01	4.733957286589838276e+00	1.469347796056187292e+02
3.200000000000000000e+01	1.882706802414772396e+00	1.212234418413527521e+02
3.300000000000000000e+01	2.545740255975389665e+00	1.272023893831843964e+02
3.400000000000000000e+01	1.442040472341846513e+00	1.172497043823926646e+02
3.500000000000000000e+01	1.678930825688863315e+00	1.193858786406019306e+02
3.600000000000000000e+01	2.718122109823922550e+00	1.287568540271464883e+02
3.700000000000000000e+01	2.361074586700798061e+00	1.255371546300346779e+02
3.800000000000000000e+01	1.749189740556926331e+00	1.200194430016251772e+02
3.900000000000000000e+01	2.154916059249758931e+00	1.236781066222582126e+02
4.000000000000000000e+01	3.504049636599105177e+00	1.358440069136798343e+02
4.100000000000000000e+01	1.851245255254645006e+00	1.209397352816835536e+02
4.200000000000000000e+01	1.557467341868301158e+00	1.182905737293470025e+02
4.300000000000000000e+01	2.932091355898094331e+00	1.306863357010689697e+02
4.400000000000000000e+01	1.736418636804397453e+00	1.199042787380761723e+02
4.500000000000000000e+01	1.735207270106427391e+00	1.198933551596319944e+02
4.600000000000000000e+01	1.349286554937341398e+00	1.164132898644180898e+02
4.700000000000000000e+01	1.898040104123835725e+00	1.213617108925887607e+02
4.800000000000000000e+01	2.119150126966165892e+00	1.233555849881537370e+02
4.900000000000000000e+01	2.119488991221986307e+00	1.233586407187484326e+02
5.000000000000000000e+01	1.251562651525839343e+00	1.155320581724986795e+02
5.100000000000000000e+01	1.454761313700246195e+00	1.173644154015145489e+02
5.200000000000000000e+01	2.634448891017484140e+00	1.280023253028215038e+02
5.300000000000000000e+01	2.455398945962910418e+00	1.263877307101954557e+02
5.400000000000000000e+01	1.790080968866779143e+00	1.203881823279332650e+02
5.500000000000000000e+01	3.182350675846094212e+00	1.329430654901741775e+02
5.600000000000000000e+01	2.359848271805830233e+00	1.255260962552461876e+02
5.700000000000000000e+01	1.875154946904215247e+00	1.211553424902587182e+02
5.800000000000000000e+01	2.425953070377953047e+00	1.261222006008166545e+02
5.900000000000000000e+01	1.596797909662036608e+00	1.186452396973556631e+02
6.000000000000000000e+01	1.690502797651165512e+00	1.194902296547877114e+02
6.100000000000000000e+01	1.999233853590066001e+00	1.222742321482972159e+02
6.200000000000000000e+01	2.205399034328803243e+00	1.241333401525307494e+02
6.300000000000000000e+01	2.336108600810031799e+00	1.253120222190388517e+02
6.400000000000000000e+01	2.267872891904898491e+00	1.246967022501404898e+02
6.500000000000000000e+01	1.843614215457272998e+00	1.208709218811031008e+02
6.600000000000000000e+01	1.450501825811032930e+00	1.173260051908262085e+02
6.700000000000000000e+01	1.980652980686647968e+00	1.221066779113663614e+02
6.800000000000000000e+01	1.655083791646403624e+00	1.191708364510978271e+02
6.900000000000000000e+01	1.721662067631804849e+00	1.197712104102164830e+02
7.000000000000000000e+01	9.463755988487028148e-01	1.127800139602438776e+02
7.100000000000000000e+01	1.468333090014783071e+00	1.174867997822698840e+02
7.200000000000000000e+01	2.224006572514672708e+00	1.243011348453905072e+02
7.300000000000000000e+01	1.232283485250571964e+00	1.153582070294062021e+02
7.400000000000000000e+01	1.501137089209309661e+00	1.177826119909798450e+02
7.500000000000000000e+01	1.707301870502560881e+00	1.196417163931875791e+02
7.600000000000000000e+01	1.631559564529655448e+00	1.189587051941637270e+02
7.700000000000000000e+01	2.871250092776435725e+00	1.301376956307532566e+02
7.800000000000000000e+01	1.930110458454914468e+00	1.216509074107489852e+02
7.900000000000000000e+01	9.799185161254366783e-01	1.130824894110987202e+02
8.000000000000000000e+01	1.931767628236143564e+00	1.216658510476600128e+02
8.100000000000000000e+01	2.917878464843064013e+00	1.305581700262007701e+02
8.200000000000000000e+01	2.825134235963162155e+00	1.297218428751306192e+02
8.300000000000000000e+01	1.143583340489200184e+00	1.145583476714309370e+02
8.400000000000000000e+01	3.782113903843091318e+00	1.383514696339717602e+02
8.500000000000000000e+01	1.204224377926079725e+00	1.151051821935357964e+02
8.600000000000000000e+01	1.677113322104410997e+00	1.193694891831316056e+02
8.700000000000000000e+01	1.713092999183198017e+00	1.196939382749095131e+02
8.800000000000000000e+01	1.476184013898136360e+00	1.175575960019800732e+02
8.900000000000000000e+01	2.153693018617423238e+00	1.236670777733472022e+02
9.000000000000000000e+01	2.578898145204661319e+00	1.275013928184334588e+02
9.100000000000000000e+01	2.114918178693093065e+00	1.233174231177555384e+02
9.200000000000000000e+01	2.088775534830766833e+00	1.230816801165264991e+02
9.300000000000000000e+01	2.568593176955124235e+00	1.274084670931124492e+02
9.400000000000000000e+01	1.562846505367620598e+00	1.183390806880964448e+02
9.500000000000000000e+01	1.872682906709461692e+00	1.211330507060864932e+02
9.600000000000000000e+01	1.535155154425506430e+00	1.180893721194620412e+02
9.700000000000000000e+01	2.247559919267212880e+00	1.245135286905453142e+02
9.800000000000000000e+01	2.184143640497236305e+00	1.239416682481683978e+02
9.900000000000000000e+01	2.309026744901339967e+00	1.250678098117402897e+02
1.000000000000000000e+02	1.710695189018736961e+00	1.196723158648914449e+02
1.010000000000000000e+02	1.613348941121709679e+00	1.187944897062792933e+02
1.020000000000000000e+02	1.305556524458298284e+00	1.160189514538404580e+02
1.030000000000000000e+02	2.173388019321606190e+00	1.238446787306055086e+02
1.040000000000000000e+02	2.045287196721248257e+00	1.226895211827020802e+02
1.050000000000000000e+02	1.370526185902583460e+00	1.166048196261021843e+02
1.060000000000000000e+02	2.171259393090359868e+00	1.238254837043146921e+02
1.070000000000000000e+02	1.748360066813873015e+00	1.200119613643715581e+02
1.080000000000000000e+02	1.813829096886108383e+00	1.206023326259035429e+02
1.090000000000000000e+02	3.841340190564202839e+00	1.388855465489469623e+02
1.100000000000000000e+02	1.516755870382031635e+00	1.179234553719549154e+02
1.110000000000000000e+02	1.271452369572837249e+00	1.157114150061338478e+02
1.120000000000000000e+02	1.181982795342930492e+00	1.149046172675915045e+02
1.130000000000000000e+02	2.362338903816497027e+00	1.255485556923346451e+02
1.140000000000000000e+02	1.925267911585390124e+00	1.216072394275631154e+02
1.150000000000000000e+02	1.177006254691099318e+00	1.148597409867080898e+02
1.160000000000000000e+02	1.479727931057123858e+00	1.175895535067973583e+02
1.170000000000000000e+02	1.580237732910129145e+00	1.184959072201610297e+02
1.180000000000000000e+02	2.499856358793966393e+00	1.267886283387163076e+02
1.190000000000000000e+02	1.442874636622406337e+00	1.172572265133620135e+02
1.200000000000000000e+02	1.933091440349431256e+00	1.216777886099927741e+02
1.210000000000000000e+02	3.030963710546819012e+00	1.315779236271494597e+02
1.220000000000000000e+02	1.678839361456399892e+00	1.193850538559022851e+02
1.230000000000000000e+02	2.295929444618876047e+00	1.249497040496434579e+02
1.240000000000000000e+02	2.370681031841618491e+00	1.256237813775268393e+02
1.250000000000000000e+02	1.596414884355380259e+00	1.186417857415961237e+02
1.260000000000000000e+02	2.004265449267005561e+00	1.223196048914711440e+02
1.270000000000000000e+02	1.809883467379342914e+00	1.205667526537109495e+02
1.280000000000000000e+02	1.353787700406710925e+00	1.164538792381442533e+02
1.290000000000000000e+02	1.780766400630224622e+00	1.203041875995193379e+02
1.300000000000000000e+02	1.746959147838048843e+00	1.199993284858616960e+02
1.310000000000000000e+02	1.767517720093496614e+00	1.201847167560766820e+02
1.320000000000000000e+02	2.322012507551367566e+00	1.251849097759400422e+02
1.330000000000000000e+02	1.591753338300718301e+00	1.185997499450990063e+02
1.340000000000000000e+02	1.342337825751671598e+00	1.163506292444140797e+02
1.350000000000000000e+02	2.228319954222553800e+00	1.243400310471142944e+02
1.360000000000000000e+02	3.371617900402529067e+00	1.346497950691026517e+02
1.370000000000000000e+02	2.610929617871372788e+00	1.277902387186416888e+02
1.380000000000000000e+02	1.590305807627206525e+00	1.185866967425559864e+02
1.390000000000000000e+02	2.497895183055055313e+00	1.267709433081944042e+02
1.400000000000000000e+02	1.298825934489139078e+00	1.159582579184915545e+02
1.410000000000000000e+02	1.746982607855138259e+00	1.199995400381005055e+02
1.420000000000000000e+02	2.249931223247318979e+00	1.245349120793119795e+02
1.430000000000000000e+02	1.604615026917808773e+00	1.187157310635900700e+02
1.440000000000000000e+02	9.235514532421724709e-01	1.125741957341261354e+02
1.450000000000000000e+02	1.287353349067871244e+00	1.158548031289412279e+02
1.460000000000000000e+02	2.286333674397098115e+00	1.248631735639321079e+02
1.470000000000000000e+02	3.121340001398326347e+00	1.323928977421427078e+02
1.480000000000000000e+02	1.420124851538320243e+00	1.170520788381199111e+02
1.490000000000000000e+02	3.303716063296461503e+00	1.340374858109936156e+02
1.500000000000000000e+02	1.339052999980111736e+00	1.163210081131321658e+02
1.510000000000000000e+02	2.403308649003768060e+00	1.259180030497212783e+02
1.520000000000000000e+02	1.428176336932810875e+00	1.171246836343771349e+02
1.530000000000000000e+02	1.464390447333801415e+00	1.174512467439741670e+02
1.540000000000000000e+02	1.845106342765576946e+00	1.208843772367177678e+02
1.550000000000000000e+02	1.507201921341930761e+00	1.178373020114851784e+02
1.560000000000000000e+02	1.460653317428192821e+00	1.174175469305746304e+02
1.570000000000000000e+02	1.520855515502510080e+00	1.179604241900195660e+02
1.580000000000000000e+02	3.102320896540854633e+00	1.322213917198979232e+02
1.590000000000000000e+02	1.601450636540362682e+00	1.186871959663532436e+02
1.600000000000000000e+02	1.918870625928590368e+00	1.215495514856550443e+02
1.610000000000000000e+02	1.911195004564646416e+00	1.214803360678815807e+02
1.620000000000000000e+02	1.434254177237257677e+00	1.171794909569228764e+02
1.630000000000000000e+02	1.689618569991638841e+00	1.194822560740234962e+02
1.640000000000000000e+02	1.231085904971450207e+00	1.153474077708958561e+02
1.650000000000000000e+02	1.797956615463834451e+00	1.204592014863315796e+02
1.660000000000000000e+02	1.977230760566101919e+00	1.220758178175544089e+02
1.670000000000000000e+02	2.963452181192057999e+00	1.309691339947210054e+02
1.680000000000000000e+02	1.489450336453334245e+00	1.176772259334783826e+02
1.690000000000000000e+02	2.528812753372287059e+00	1.270497445210968692e+02
1.700000000000000000e+02	2.451544557111541511e+00	1.263529735065816766e+02
1.710000000000000000e+02	2.443268513889373938e+00	1.262783437454232569e+02
1.720000000000000000e+02	2.378019311640172440e+00	1.256899547956661820e+02
1.730000000000000000e+02	2.105071992399321079e+00	1.232286344887332348e+02
1.740000000000000000e+02	1.092693311320182215e+00	1.140994435042733670e+02
1.750000000000000000e+02	1.247552999575419541e+00	1.154959008737321966e+02
1.760000000000000000e+02	2.469963894604165766e+00	1.265190710873783644e+02
1.770000000000000000e+02	2.623089280008176427e+00	1.278998892674215710e+02
1.780000000000000000e+02	1.275471043718758413e+00	1.157476536631384789e+02
1.790000000000000000e+02	1.686391996489858602e+00	1.194531602363950640e+02
1.800000000000000000e+02	1.146587471891799659e+00	1.145854376228782598e+02
1.810000000000000000e+02	1.618362772156185958e+00	1.188397022556276852e+02
1.820000000000000000e+02	2.629772965217645808e+00	1.279601598360315506e+02
1.830000000000000000e+02	1.609428749981553608e+00	1.187591391262217115e+02
1.840000000000000000e+02	1.865352338009209188e+00	1.210669468232805457e+02
1.850000000000000000e+02	1.652595542719065502e+00	1.191483985036191910e+02
1.860000000000000000e+02	2.255199362114113981e+00	1.245824178661746089e+02
1.870000000000000000e+02	1.343724997544693878e+00	1.163631381568037142e+02
1.880000000000000000e+02	1.282412831910386464e+00	1.158102516922746617e+02
1.890000000000000000e+02	2.054114008832940819e+00	1.227691175383520061e+02
1.900000000000000000e+02	2.288779241862140434e+00	1.248852266285323509e+02
1.910000000000000000e+02	1.583446464349750560e+00	1.185248421658267404e+02
1.920000000000000000e+02	1.458508098281274368e+00	1.173982022765812587e+02
1.930000000000000000e+02	9.791754544287452067e-01	1.130757888036391705e+02
1.940000000000000000e+02	1.546768066148268339e+00	1.181940923106159573e+02
1.950000000000000000e+02	3.109375963085481143e+00	1.322850112439926988e+02
1.960000000000000000e+02	1.466393040421923200e+00	1.174693052581520192e+02
1.970000000000000000e+02	2.148960484126320125e+00	1.236244018339805422e+02
1.980000000000000000e+02	1.380530173370382307e+00	1.166950312375343088e+02
1.990000000000000000e+02	2.356363102379492425e+00	1.254946685119512324e+02
2.000000000000000000e+02	1.055328272422060287e+00	1.137625018216619566e+02
2.010000000000000000e+02	1.314503066490993799e+00	1.160996274818855341e+02
2.020000000000000000e+02	2.137690383824273788e+00	1.235227729672389785e+02
2.030000000000000000e+02	2.300406470108597556e+00	1.249900759198752525e+02
2.040000000000000000e+02	1.680475095495761906e+00	1.193998041946087483e+02
2.050000000000000000e+02	1.854822958157249069e+00	1.209719974516541043e+02
2.060000000000000000e+02	1.678904392248646626e+00	1.193856402753255566e+02
2.070000000000000000e+02	1.617615531375483418e+00	1.188329639630046728e+02
2.080000000000000000e+02	2.631596096713560318e+00	1.279766000435616462e+02
2.090000000000000000e+02	2.014655582362653519e+00	1.224132985963632905e+02
2.100000000000000000e+02	1.236758210060193042e+00	1.153985581531046734e+02
2.110000000000000000e+02	1.262638998906825405e+00	1.156319398595996546e+02
2.120000000000000000e+02	3.041449429354214029e+00	1.316724792824503254e+02
2.130000000000000000e+02	1.136576667458888634e+00	1.144951645390172814e+02
2.140000000000000000e+02	2.559247061285317759e+00	1.273241878836553980e+02
2.150000000000000000e+02	9.806981289944554092e-01	1.130895196211458398e+02
2.160000000000000000e+02	2.454480614013617057e+00	1.263794495917672265e+02
2.170000000000000000e+02	2.517559825119924266e+00	1.269482705044366924e+02
2.180000000000000000e+02	2.049810417373852722e+00	1.227303096208371755e+02
2.190000000000000000e+02	3.527120664338736944e+00	1.360520514155833780e+02
2.200000000000000000e+02	1.631972251227513215e+00	1.189624266234588106e+02
2.210000000000000000e+02	1.971546894204009082e+00	1.220245631808068367e+02
2.220000000000000000e+02	1.766808138983726240e+00	1.201783180619999314e+02
2.230000000000000000e+02	2.183831040260874268e+00	1.239388493550873136e+02
2.240000000000000000e+02	2.211162471648328687e+00	1.241853123255923492e+02
2.250000000000000000e+02	2.108405200029381366e+00	1.232586919065892204e+02
2.260000000000000000e+02	2.108771992922724881e+00	1.232619994854998140e+02
2.270000000000000000e+02	1.064379476516564837e+00	1.138441216466961805e+02
2.280000000000000000e+02	1.876975558958744017e+00	1.211717599785612975e+02
2.290000000000000000e+02	3.087935295614506526e+00	1.320916686224667558e+02
2.300000000000000000e+02	2.204233444187090107e+00	1.241228293671772320e+02
2.310000000000000000e+02	1.254108481975475753e+00	1.155550153651215197e+02
2.320000000000000000e+02	2.911148475984280282e+00	1.304974819114040088e+02
2.330000000000000000e+02	1.120332878308998303e+00	1.143486851077213089e+02
2.340000000000000000e+02	1.581817318185254617e+00	1.185101512337128469e+02
2.350000000000000000e+02	2.958525608467306167e+00	1.309247083028888312e+02
2.360000000000000000e+02	2.091756641086413904e+00	1.231085624372049239e+02
2.370000000000000000e+02	2.433305765468950277e+00	1.261885040097986064e+02
2.380000000000000000e+02	1.440119468771961397e+00	1.172323816070329485e+02
2.390000000000000000e+02	1.914596870177997845e+00	1.215110126135933513e+02
2.400000000000000000e+02	1.885027717748301246e+00	1.212443708472025747e+02
2.410000000000000000e+02	2.393321096177682961e+00	1.258279396387459315e+02
2.420000000000000000e+02	1.362704175226572278e+00	1.165342841331306545e+02
2.430000000000000000e+02	1.261569718545422436e+00	1.156222975539904780e+02
2.440000000000000000e+02	2.188513229182110997e+00	1.239810712999841940e+02
2.450000000000000000e+02	1.487531551900528770e+00	1.176599231682503301e+02
2.460000000000000000e+02	2.096343618696725475e+00	1.231499258078769969e+02
2.470000000000000000e+02	2.021539220590861774e+00	1.224753722544002699e+02
2.480000000000000000e+02	2.493310849570267163e+00	1.267296037810972109e+02
2.490000000000000000e+02	2.130416914748686885e+00	1.234571839840337759e+02
2.500000000000000000e+02	9.800284402441727938e-01	1.130834806590304424e+02
2.510000000000000000e+02	1.814638435634702507e+00	1.206096308910143478e+02
2.520000000000000000e+02	1.254385225413669591e+00	1.155575109171794423e+02
2.530000000000000000e+02	2.177947871525748091e+00	1.238857974961529465e+02
2.540000000000000000e+02	1.604117386295710546e+00	1.187112435567256341e+02
2.550000000000000000e+02	2.135160769469101716e+00	1.234999620043087987e+02
2.560000000000000000e+02	1.966766095763128552e+00	1.219814520181157320e+02
2.570000000000000000e+02	2.473444200224651723e+00	1.265504549709858679e+02
2.580000000000000000e+02	7.765097549206019245e-01	1.112482376003317057e+02
2.590000000000000000e+02	2.495870334932090984e+00	1.267526841077839777e+02
2.600000000000000000e+02	2.314211728307214333e+00	1.251145657387942123e+02
2.610000000000000000e+02	2.110579554643720712e+00	1.232782992915660429e+02
2.620000000000000000e+02	2.627432387085011811e+00	1.279390535196044851e+02
2.630000000000000000e+02	1.632766384224880296e+00	1.189695877697132005e+02
2.640000000000000000e+02	2.704850104157308532e+00	1.286371728478192153e+02
2.650000000000000000e+02	2.815952531213666621e+00	1.296390462519028972e+02
2.660000000000000000e+02	1.142070481754892119e+00	1.145447053688260581e+02
2.670000000000000000e+02	2.116987325971792622e+00	1.233360817887007670e+02
2.680000000000000000e+02	1.552733221200385927e+00	1.182478834865271864e+02
2.690000000000000000e+02	1.425366075959446199e+00	1.170993419222080547e+02
2.700000000000000000e+02	1.783482339178952270e+00	1.203286787530538646e+02
2.710000000000000000e+02	2.757238248461154395e+00	1.291095863662088448e+02
2.720000000000000000e+02	1.777332287169077318e+00	1.202732202567304682e+02
2.730000000000000000e+02	1.591516258673698836e+00	1.185976120640530667e+02
2.740000000000000000e+02	2.129510072272083665e+00	1.234490064726771550e+02
2.750000000000000000e+02	1.899718282410905790e+00	1.213768439750755590e+02
2.760000000000000000e+02	2.131452472591119029e+00	1.234665221946220868e+02
2.770000000000000000e+02	1.517237020145235205e+00	1.179277941714204729e+02
2.780000000000000000e+02	2.752242283849870574e+00	1.290645349285003931e+02
2.790000000000000000e+02	1.320612994500084181e+00	1.161547241574070171e+02
2.800000000000000000e+02	2.257450121130163634e+00	1.246027142328420894e+02
2.810000000000000000e+02	1.159081104890221869e+00	1.146980997757505065e+02
2.820000000000000000e+02	2.325565675644206021e+00	1.252169507016585044e+02
2.830000000000000000e+02	2.540960469214669004e+00	1.271592873433853157e+02
2.840000000000000000e+02	2.211979989902221000e+00	1.241926843499272621e+02
2.850000000000000000e+02	1.823995781034747354e+00	1.206940113652984508e+02
2.860000000000000000e+02	1.490312983504269662e+00	1.176850049096928643e+02
2.870000000000000000e+02	2.025207959891153653e+00	1.225084553510423859e+02
2.880000000000000000e+02	1.684443340005334688e+00	1.194355880990685819e+02
2.890000000000000000e+02	1.511879196952048421e+00	1.178794796502776308e+02
2.900000000000000000e+02	3.734583383954937830e+00	1.379228600615269045e+02
2.910000000000000000e+02	1.315825949126122385e+00	1.161115566625881854e+02
2.920000000000000000e+02	1.857224784844911714e+00	1.209936560809328938e+02
2.930000000000000000e+02	1.900426796843599053e+00	1.213832330503219907e+02
2.940000000000000000e+02	1.181465342568235322e+00	1.148999511033449465e+02
2.950000000000000000e+02	1.603902643513154702e+00	1.187093070996358790e+02
2.960000000000000000e+02	1.606660962730082964e+00	1.187341804236183691e+02
2.970000000000000000e+02	1.957114825342959330e+00	1.218944210557346679e+02
2.980000000000000000e+02	1.584905867853123596e+00	1.185380024323897175e+02
2.990000000000000000e+02	1.704849568955405292e+00	1.196196026035613471e+02
3.000000000000000000e+02	2.200056193928721537e+00	1.240851607397048753e+02
3.010000000000000000e+02	1.375347395985835774e+00	1.166482952034220233e+02
3.020000000000000000e+02	1.247880938730229428e+00	1.154988580865138346e+02
3.030000000000000000e+02	2.116346147354777774e+00	1.233302999185771824e+02
3.040000000000000000e+02	2.848362880666311270e+00	1.299313086983136429e+02
3.050000000000000000e+02	1.307797878143759140e+00	1.160391630073240634e+02
3.060000000000000000e+02	1.826406218317377927e+00	1.207157476411806556e+02
3.070000000000000000e+02	1.429354954271378375e+00	1.171353118933304955e+02
3.080000000000000000e+02	1.170924191251646151e+00	1.148048955817661465e+02
3.090000000000000000e+02	2.289990461221993456e+00	1.248961488783454286e+02
3.100000000000000000e+02	2.194127075120750892e+00	1.240316945229826615e+02
3.110000000000000000e+02	1.329084396265680201e+00	1.162311155770107689e+02
3.120000000000000000e+02	1.349617091135716374e+00	1.164162704962099752e+02
3.130000000000000000e+02	2.959112794432380067e+00	1.309300032907414391e+02
3.140000000000000000e+02	2.659029523083456414e+00	1.282239827604931577e+02
3.150000000000000000e+02	1.727306244943629610e+00	1.198221071483568778e+02
3.160000000000000000e+02	1.759395794036569205e+00	1.201114767565378543e+02
3.170000000000000000e+02	3.354179311839699640e+00	1.344925414559390617e+02
3.180000000000000000e+02	1.554664580684476549e+00	1.182652996470207256e+02
3.190000000000000000e+02	1.390227999418765181e+00	1.167824820183383707e+02
3.200000000000000000e+02	2.551372795929354176e+00	1.272531811806889834e+02
3.210000000000000000e+02	2.058132059741478948e+00	1.228053505752727688e+02
3.220000000000000000e+02	2.254257139295519963e+00	1.245739213102695686e+02
3.230000000000000000e+02	1.451568422191182872e+00	1.173356232934588661e+02
3.240000000000000000e+02	3.125252339589109862e+00	1.324281775077155885e+02
3.250000000000000000e+02	2.029325939374182930e+00	1.225455895004207605e+02
3.260000000000000000e+02	1.694272240256257112e+00	1.195242208500686729e+02
3.270000000000000000e+02	1.799118563728081099e+00	1.204696794308167966e+02
3.280000000000000000e+02	1.926192935319223309e+00	1.216155808895962025e+02
3.290000000000000000e+02	1.511844781903093127e+00	1.178791693103223110e+02
3.300000000000000000e+02	1.184226588293928017e+00	1.149248508173116647e+02
3.310000000000000000e+02	1.375019041265957753e+00	1.166453342432552063e+02
3.320000000000000000e+02	1.210490638067305724e+00	1.151616886042857573e+02
3.330000000000000000e+02	1.993655871880486874e+00	1.222239323333304526e+02
3.340000000000000000e+02	2.147931401220054770e+00	1.236151220115527138e+02
3.350000000000000000e+02	1.844324155191203074e+00	1.208773238090966800e+02
3.360000000000000000e+02	2.729188145081916872e+00	1.288566427240037910e+02
3.370000000000000000e+02	1.154306910013817244e+00	1.146550481611340615e+02
3.380000000000000000e+02	1.488952228227195640e+00	1.176727342099639202e+02
3.390000000000000000e+02	1.994565739470032462e+00	1.222321371238409426e+02
3.400000000000000000e+02	2.467741855117222549e+00	1.264990337009433858e+02
3.410000000000000000e+02	2.008019061274861183e+00	1.223534533333059215e+02
3.420000000000000000e+02	2.408437269852237161e+00	1.259642507237266784e+02
3.430000000000000000e+02	1.265456003181570477e+00	1.156573423799300713e+02
3.440000000000000000e+02	1.100116319261666753e+00	1.141663809639843237e+02
3.450000000000000000e+02	1.459999149228617066e+00	1.174116479260405583e+02
3.460000000000000000e+02	1.369262120554714857e+00	1.165934208341351024e+02
3.470000000000000000e+02	1.492480571137539069e+00	1.177045512729752090e+02
3.480000000000000000e+02	1.889675783181717472e+00	1.212862850813157394e+02
3.490000000000000000e+02	1.960549653890789390e+00	1.219253948468644779e+02
3.500000000000000000e+02	1.949074913194077885e+00	1.218219206219768438e+02
3.510000000000000000e+02	1.583157009406748861e+00	1.185222319869426428e+02
3.520000000000000000e+02	3.440037718460857707e+00	1.352667752543339930e+02
3.530000000000000000e+02	1.991234043923700181e+00	1.222020933412988910e+02
3.540000000000000000e+02	1.314087702013698955e+00	1.160958819055391871e+02
3.550000000000000000e+02	1.719837374158060594e+00	1.197547561174491193e+02
3.560000000000000000e+02	1.216870471677496734e+00	1.152192191712218516e+02
3.570000000000000000e+02	2.337833720238882140e+00	1.253275785963424340e+02
3.580000000000000000e+02	1.635476595599293592e+00	1.189940272780786898e+02
3.590000000000000000e+02	1.579241817568138195e+00	1.184869264884138005e+02
3.600000000000000000e+02	1.367981391505988853e+00	1.165818717761554240e+02
3.610000000000000000e+02	1.490703464783556420e+00	1.176885261001733625e+02
3.620000000000000000e+02	1.807645064057249229e+00	1.205465677053220048e+02
3.630000000000000000e+02	1.412981666956285132e+00	1.169876647038582860e+02
3.640000000000000000e+02	2.152143473387256201e+00	1.236531046478659590e+02
3.650000000000000000e+02	1.473541206340409415e+00	1.175337643119409847e+02
3.660000000000000000e+02	1.143038713131899087e+00	1.145534364586080187e+02
3.670000000000000000e+02	1.504070333585592500e+00	1.178090627140300768e+02
3.680000000000000000e+02	1.212219496283987397e+00	1.151772786963531985e+02
3.690000000000000000e+02	1.899103431207322057e+00	1.213712995141248712e+02
3.700000000000000000e+02	2.183259778499045733e+00	1.239336979647791992e+02
3.710000000000000000e+02	1.518493754062662848e+00	1.179391268517339455e+02
3.720000000000000000e+02	1.456204422793992759e+00	1.173774287321727741e+02
3.730000000000000000e+02	1.382814329456365732e+00	1.167156287644646824e+02
3.740000000000000000e+02	1.824931701046875521e+00	1.207024510852338608e+02
3.750000000000000000e+02	2.072303720089416323e+00	1.229331444495425387e+02
3.760000000000000000e+02	2.187738089613770143e+00	1.239740814282185681e+02
3.770000000000000000e+02	3.160130312782625239e+00	1.327426919126367579e+02
3.780000000000000000e+02	1.933007772566836868e+00	1.216770341302898544e+02
3.790000000000000000e+02	1.102199983530333771e+00	1.141851705428362607e+02
3.800000000000000000e+02	1.588261565996366143e+00	1.185682626599196112e+02
3.810000000000000000e+02	1.444532917043000131e+00	1.172721801655361702e+02
3.820000000000000000e+02	1.247930716684708230e+00	1.154993069624747193e+02
3.830000000000000000e+02	1.748256257351703535e+00	1.200110252557554276e+02
3.840000000000000000e+02	1.031026169510347312e+00	1.135433560188596545e+02
3.850000000000000000e+02	1.549599386837134940e+00	1.182196239301472644e+02
3.860000000000000000e+02	1.591016593678920232e+00	1.185931063022755438e+02
3.870000000000000000e+02	1.078201434844024531e+00	1.139687620601194595e+02
3.880000000000000000e+02	1.938624567749427374e+00	1.217276839482885862e+02
3.890000000000000000e+02	1.525701842003772457e+00	1.180041262562818929e+02
3.900000000000000000e+02	1.521311451737201059e+00	1.179645356248423553e+02
3.910000000000000000e+02	1.908939900663945810e+00	1.214600005209325388e+02
3.920000000000000000e+02	1.866891870427544564e+00	1.210808296575760750e+02
3.930000000000000000e+02	8.803632637789966520e-01	1.121847434103552530e+02
3.940000000000000000e+02	1.505517672252174810e+00	1.178221141851380338e+02
3.950000000000000000e+02	1.367206676541544486e+00	1.165748857332832245e+02
3.960000000000000000e+02	1.984681709622845291e+00	1.221430072381000684e+02
3.970000000000000000e+02	2.270711273885551496e+00	1.247222975453324096e+02
3.980000000000000000e+02	1.407985541584257705e+00	1.169426118164792996e+02
3.990000000000000000e+02	1.857427167628859177e+00	1.209954810809266235e+02
4.000000000000000000e+02	1.873706480439686350e+00	1.211422808491589933e+02
4.010000000000000000e+02	1.105594281315740224e+00	1.142157788451644791e+02
4.020000000000000000e+02	2.436234691296059296e+00	1.262149157900491616e+02
4.030000000000000000e+02	1.454268186935588014e+00	1.173599685986548451e+02
4.040000000000000000e+02	2.696429626600707063e+00	1.285612406406014259e+02
4.050000000000000000e+02	1.744492667357720794e+00	1.199770868367780139e+02
4.060000000000000000e+02	3.849561733850939138e+00	1.389596848533723517e+02
4.070000000000000000e+02	2.555727927612556183e+00	1.272924538655464346e+02
4.080000000000000000e+02	3.211153982842496202e+00	1.332028011952701263e+02
4.090000000000000000e+02	2.729033616693036901e+00	1.288552492541481342e+02
4.100000000000000000e+02	1.971904331902603946e+00	1.220277863986367919e+02
4.110000000000000000e+02	1.518834172546504213e+00	1.179421965976815017e+02
4.120000000000000000e+02	1.580016015390045769e+00	1.184939078679193614e+02
4.130000000000000000e+02	1.979926659553397084e+00	1.221001282630327722e+02
4.140000000000000000e+02	1.722547331848678587e+00	1.197791933382043936e+02
4.150000000000000000e+02	2.399617100272845693e+00	1.258847142675463004e+02
4.160000000000000000e+02	1.438278352256580517e+00	1.172157792184132603e+02
4.170000000000000000e+02	1.739242563966001853e+00	1.199297436859917099e+02
4.180000000000000000e+02	2.349146044257808708e+00	1.254295882182131692e+02
4.190000000000000000e+02	1.791032428103175533e+00	1.203967621738400737e+02
4.200000000000000000e+02	2.472568387897136066e+00	1.265425572760285746e+02
4.210000000000000000e+02	1.328121880761552021e+00	1.162224360304864206e+02
4.220000000000000000e+02	3.136631654471161657e+00	1.325307912240769781e+02
4.230000000000000000e+02	1.744317683317306189e+00	1.199755089067464553e+02
4.240000000000000000e+02	1.927886968311567806e+00	1.216308569429249928e+02
4.250000000000000000e+02	2.045311521188336812e+00	1.226897405301753139e+02
4.260000000000000000e+02	3.102113523083499746e+00	1.322195217161802532e+02
4.270000000000000000e+02	3.274057146507744154e+00	1.337700345886231617e+02
4.280000000000000000e+02	1.846985891997326323e+00	1.209013261948715012e+02
4.290000000000000000e+02	1.857919283849989389e+00	1.209999187711439390e+02
4.300000000000000000e+02	1.309075725165278925e+00	1.160506860764348573e+02
4.310000000000000000e+02	2.076808710146893056e+00	1.229737684920934555e+02
4.320000000000000000e+02	2.069996773083534691e+00	1.229123414040010402e+02
4.330000000000000000e+02	2.192516161157529897e+00	1.240171680009364934e+02
4.340000000000000000e+02	2.641452540079612721e+00	1.280654811664042256e+02
4.350000000000000000e+02	2.725068920092935443e+00	1.288194973431940298e+02
4.360000000000000000e+02	1.219700020655958284e+00	1.152447348142386829e+02
4.370000000000000000e+02	2.091099509436479931e+00	1.231026367095633702e+02
4.380000000000000000e+02	2.018861995891473526e+00	1.224512302055347561e+02
4.390000000000000000e+02	3.209241658533924735e+00	1.331855566857170743e+02
4.400000000000000000e+02	1.876622278465339910e+00	1.211685742486011179e+02
4.410000000000000000e+02	1.473184493441006104e+00	1.175305476300351444e+02
4.420000000000000000e+02	2.039192664882336192e+00	1.226345633431523652e+02
4.430000000000000000e+02	1.709957288229979167e+00	1.196656617962567992e+02
4.440000000000000000e+02	1.395464242667594945e+00	1.168297001843794618e+02
4.450000000000000000e+02	1.681028236836882739e+00	1.194047921828377241e+02
4.460000000000000000e+02	1.073961037847612543e+00	1.139305240028058677e+02
4.470000000000000000e+02	1.726219241526831816e+00	1.198123050239362755e+02
4.480000000000000000e+02	1.544292776453980887e+00	1.181717712238691291e+02
4.490000000000000000e+02	2.972629561083695915e+00	1.310518916182600435e+02
4.500000000000000000e+02	1.275053024309637406e+00	1.157438841457707213e+02
4.510000000000000000e+02	1.136118301173806966e+00	1.144910311910561376e+02
4.520000000000000000e+02	2.249018538360412656e+00	1.245266818836382470e+02
4.530000000000000000e+02	1.746653173079812271e+00	1.199965693384630185e+02
4.540000000000000000e+02	1.105450586308960315e+00	1.142144830660406001e+02
4.550000000000000000e+02	9.236524278615905192e-01	1.125751062793622879e+02
4.560000000000000000e+02	1.363248155777418535e+00	1.165391895133340512e+02
4.570000000000000000e+02	2.178430453080533624e+00	1.238901492068927723e+02
4.580000000000000000e+02	1.708199260690203225e+00	1.196498086679101505e+02
4.590000000000000000e+02	1.224459312063879368e+00	1.152876520358531138e+02
4.600000000000000000e+02	2.489243442469811995e+00	1.266929256714870604e+02
4.610000000000000000e+02	1.628787016362974738e+00	1.189337035596960135e+02
4.620000000000000000e+02	1.120261764532286097e+00	1.143480438345876848e+02
4.630000000000000000e+02	2.083767756729828946e+00	1.230365221499022539e+02
4.640000000000000000e+02	3.249805330287701466e+00	1.335513422493526434e+02
4.650000000000000000e+02	1.466362529642042611e+00	1.174690301251985005e+02
4.660000000000000000e+02	1.442961538695269441e+00	1.172580101584890144e+02
4.670000000000000000e+02	1.676986270203477014e+00	1.193683434843034519e+02
4.680000000000000000e+02	1.667995008855720496e+00	1.192872641969093621e+02
4.690000000000000000e+02	1.744486921689981429e+00	1.199770350248433033e+02
4.700000000000000000e+02	2.071879142511068750e+00	1.229293157934547622e+02
4.710000000000000000e+02	1.703046200363504958e+00	1.196033406093110472e+02
4.720000000000000000e+02	1.504952639338936526e+00	1.178170189638795620e+02
4.730000000000000000e+02	1.057952453038191631e+00	1.137861655420366702e+02
4.740000000000000000e+02	1.343725218255069631e+00	1.163631401470739632e+02
4.750000000000000000e+02	1.748180815890438389e+00	1.200103449574432375e+02
4.760000000000000000e+02	1.295230392884859638e+00	1.159258348868616793e+02
4.770000000000000000e+02	1.499202824091857789e+00	1.177651696287473868e+02
4.780000000000000000e+02	1.447870568254588930e+00	1.173022776536792691e+02
4.790000000000000000e+02	1.349736608128718762e+00	1.164173482485129369e+02
4.800000000000000000e+02	1.438886111074577645e+00	1.172212597233129401e+02
4.810000000000000000e+02	1.150759557746109385e+00	1.146230596799991730e+02
4.820000000000000000e+02	1.922156531304107352e+00	1.215791823523362609e+02
4.830000000000000000e+02	1.193724670211683714e+00	1.150105003923509344e+02
4.840000000000000000e+02	1.817216555719582738e+00	1.206328792575353219e+02
4.850000000000000000e+02	1.765038385376923813e+00	1.201623591930767674e+02
4.860000000000000000e+02	1.187648893894853952e+00	1.149557116819485429e+02
4.870000000000000000e+02	1.149725288810492518e+00	1.146137330922124136e+02
4.880000000000000000e+02	1.097389719287116705e+00	1.141417936703449953e+02
4.890000000000000000e+02	1.591826071366611250e+00	1.186004058202787519e+02
4.900000000000000000e+02	1.748572431162548568e+00	1.200138763737782028e+02
4.910000000000000000e+02	2.434704649600874848e+00	1.262011185389704906e+02
4.920000000000000000e+02	2.165307135784437786e+00	1.237718088346735215e+02
4.930000000000000000e+02	1.974879169999077089e+00	1.220546121957798107e+02
4.940000000000000000e+02	1.734708807305588518e+00	1.198888602387169584e+02
4.950000000000000000e+02	1.827399658758976919e+00	1.207247060553516889e+02
4.960000000000000000e+02	1.846386553702913602e+00	1.208959216225940878e+02
4.970000000000000000e+02	2.105800686149368328e+00	1.232352055322940032e+02
4.980000000000000000e+02	1.611999564019987341e+00	1.187823216099909018e+02
4.990000000000000000e+02	2.124585106089109221e+00	1.234045952679405502e+02
5.000000000000000000e+02	2.778486173339064447e+00	1.293011909187929973e+02
5.010000000000000000e+02	1.922934197085666819e+00	1.215861950043948383e+02
5.020000000000000000e+02	1.881177693397364514e+00	1.212096530007569584e+02
5.030000000000000000e+02	2.258758161453223057e+00	1.246145095720247014e+02
5.040000000000000000e+02	2.626144525346450376e+00	1.279274401421276224e+02
5.050000000000000000e+02	2.911827486307746682e+00	1.305036049314153956e+02
5.060000000000000000e+02	1.669391645526553614e+00	1.192998584594538443e+02
5.070000000000000000e+02	1.439103148636091234e+00	1.172232168737220661e+02
5.080000000000000000e+02	1.443734687463780419e+00	1.172649820780869447e+02
5.090000000000000000e+02	2.916383698916685585e+00	1.305446908766749914e+02
5.100000000000000000e+02	1.364501439639290048e+00	1.165504910825458467e+02
5.110000000000000000e+02	1.376912233781005579e+00	1.166624062306085960e+02
5.120000000000000000e+02	1.325999072117948430e+00	1.162032934646727398e+02
5.130000000000000000e+02	2.211549002073114334e+00	1.241887978889839133e+02
5.140000000000000000e+02	1.433205550335478140e+00	1.171700348952369666e+02
5.150000000000000000e+02	1.159086886395160887e+00	1.146981519108495178e+02
5.160000000000000000e+02	2.180480222432477078e+00	1.239086331361158102e+02
5.170000000000000000e+02	1.025294213020404799e+00	1.134916677262382336e+02
5.180000000000000000e+02	2.025748345729305733e+00	1.225133283156889092e+02
5.190000000000000000e+02	1.532930607159288083e+00	1.180693121189633956e+02
5.200000000000000000e+02	1.919028517835651648e+00	1.215509752862559480e+02
5.210000000000000000e+02	1.348523119660706815e+00	1.164064055368686041e+02
5.220000000000000000e+02	3.249417255392027304e+00	1.335478427585938164e+02
5.230000000000000000e+02	2.457113546350922828e+00	1.264031922313601513e+02
5.240000000000000000e+02	1.338602513258911442e+00	1.163169458196537960e+02
5.250000000000000000e+02	1.645914549157803775e+00	1.190881522071230165e+02
5.260000000000000000e+02	2.408255538016074837e+00	1.259626119450055342e+02
5.270000000000000000e+02	1.724558727424747806e+00	1.197973312293931514e+02
5.280000000000000000e+02	1.213255171311728553e+00	1.151866179636676861e+02
5.290000000000000000e+02	2.206429932532607996e+00	1.241426363445229129e+02
5.300000000000000000e+02	1.202257213231765265e+00	1.150874431572167538e+02
5.310000000000000000e+02	1.428187219963630294e+00	1.171247817728194889e+02
5.320000000000000000e+02	2.649303249988280040e+00	1.281362754565836894e+02
5.330000000000000000e+02	1.204936380224041370e+00	1.151116027208354495e+02
5.340000000000000000e+02	1.605930152567538016e+00	1.187275902951694491e+02
5.350000000000000000e+02	1.065601174155872410e+00	1.138551383850796981e+02
5.360000000000000000e+02	2.308134659802312250e+00	1.250597653760013372e+02
5.370000000000000000e+02	1.053294404014556429e+00	1.137441612802456063e+02
5.380000000000000000e+02	1.987480395960832924e+00	1.221682445752374520e+02
5.390000000000000000e+02	1.252841645799856130e+00	1.155435915870339301e+02
5.400000000000000000e+02	2.615753779738324347e+00	1.278337409138641334e+02
5.410000000000000000e+02	2.141152714883760133e+00	1.235539947640668004e+02
5.420000000000000000e+02	1.775727659346576948e+00	1.202587504203694664e+02
5.430000000000000000e+02	2.241384722989402167e+00	1.244578434541409138e+02
5.440000000000000000e+02	1.619508211149334187e+00	1.188500313266807780e+02
5.450000000000000000e+02	2.027837390293143471e+00	1.225321664117045088e+02
5.460000000000000000e+02	2.109646169394118864e+00	1.232698824290175139e+02
5.470000000000000000e+02	1.684769024870182985e+00	1.194385249836430205e+02
5.480000000000000000e+02	2.994399402259118492e+00	1.312482025851997491e+02
5.490000000000000000e+02	2.370283802849328492e+00	1.256201993391029248e+02
5.500000000000000000e+02	1.372526643077464303e+00	1.166228588795426617e+02
5.510000000000000000e+02	2.452087737750791252e+00	1.263578716735299281e+02
5.520000000000000000e+02	3.766483552892025521e+00	1.382105219217635863e+02
5.530000000000000000e+02	1.442321076780494815e+00	1.172522347512747700e+02
5.540000000000000000e+02	3.242035010015869023e+00	1.334812728779822919e+02
5.550000000000000000e+02	1.670915065223114615e+00	1.193135959962266952e+02
5.560000000000000000e+02	1.387111734443000399e+00	1.167543808950594695e+02
5.570000000000000000e+02	1.815422065486215653e+00	1.206166973244638996e+02
5.580000000000000000e+02	1.037253001836564437e+00	1.135995068867084683e+02
5.590000000000000000e+02	1.235923612809397554e+00	1.153910321177979199e+02
5.600000000000000000e+02	1.341405916437032220e+00	1.163422256912056412e+02
5.610000000000000000e+02	1.503903316958368874e+00	1.178075566306681878e+02
5.620000000000000000e+02	3.372472767899039159e+00	1.346575038926761749e+02
5.630000000000000000e+02	2.634756590166797974e+00	1.280051000000295005e+02
5.640000000000000000e+02	9.425590224408693096e-01	1.127455977328132946e+02
5.650000000000000000e+02	1.500465963017949322e+00	1.177765600666454873e+02
5.660000000000000000e+02	2.287061130729964198e+00	1.248697334490024957e+02
5.670000000000000000e+02	1.732804322823084719e+00	1.198716864253083401e+02
5.680000000000000000e+02	1.606725575141922935e+00	1.187347630702689543e+02
5.690000000000000000e+02	1.942288868025711990e+00	1.217607270157413240e+02
5.700000000000000000e+02	1.685171528326377732e+00	1.194421545848902468e+02
5.710000000000000000e+02	2.332864603225707878e+00	1.252827692586062369e+02
5.720000000000000000e+02	2.075759496155161088e+00	1.229643071362854840e+02
5.730000000000000000e+02	3.300552087685730829e+00	1.340089544539427493e+02
5.740000000000000000e+02	2.028495004705866744e+00	1.225380964926910963e+02
5.750000000000000000e+02	1.092270971799624402e+00	1.140956350300181157e+02
5.760000000000000000e+02	1.331645968817639858e+00	1.162542147250711224e+02
5.770000000000000000e+02	2.269995320977769016e+00	1.247158413931502423e+02
5.780000000000000000e+02	1.871168615220867970e+00	1.211193954835261337e+02
5.790000000000000000e+02	2.383993155125002428e+00	1.257438243200877537e+02
5.800000000000000000e+02	1.709563064246418351e+00	1.196621068556956828e+02
5.810000000000000000e+02	2.678382101832093465e+00	1.283984959053667581e+02
5.820000000000000000e+02	1.916808203339350536e+00	1.215309534550369364e+02
5.830000000000000000e+02	1.708381195217301141e+00	1.196514492744100551e+02
5.840000000000000000e+02	1.521984054046549906e+00	1.179706008601672380e+02
5.850000000000000000e+02	2.716394322419708018e+00	1.287412735912005246e+02
5.860000000000000000e+02	1.629286661590107599e+00	1.189382091432175059e+02
5.870000000000000000e+02	1.659558368108545956e+00	1.192111862370632167e+02
5.880000000000000000e+02	1.871729333271971774e+00	1.211244517952330284e+02
5.890000000000000000e+02	1.527487759933003009e+00	1.180202308880399755e+02
5.900000000000000000e+02	1.111701545341756026e+00	1.142708514980443226e+02
5.910000000000000000e+02	1.613845389734268831e+00	1.187989664641197436e+02
5.920000000000000000e+02	1.310063878550826066e+00	1.160595968142320942e+02
5.930000000000000000e+02	2.650746286848177480e+00	1.281492881358684599e+02
5.940000000000000000e+02	2.457293143245823153e+00	1.264048117581087922e+02
5.950000000000000000e+02	1.340210900983549225e+00	1.163314495611782888e+02
5.960000000000000000e+02	2.448266771990825763e+00	1.263234158648293430e+02
5.970000000000000000e+02	1.749839620269801221e+00	1.200253033344498732e+02
5.980000000000000000e+02	2.252713044232302231e+00	1.245599973320253326e+02
5.990000000000000000e+02	2.367299968738717286e+00	1.255932924198139062e+02
6.000000000000000000e+02	1.555996648888595679e+00	1.182773116591926623e+02
6.010000000000000000e+02	1.602157502091098307e+00	1.186935701726987560e+02
6.020000000000000000e+02	2.360237216327774501e+00	1.255296035879168102e+02
6.030000000000000000e+02	1.683148552168410417e+00	1.194239122650466385e+02
6.040000000000000000e+02	2.126054089921178392e+00	1.234178419257442840e+02
6.050000000000000000e+02	1.028922622332165249e+00	1.135243871445704542e+02
6.060000000000000000e+02	1.307082441789006788e+00	1.160327115131926377e+02
6.070000000000000000e+02	1.720158908201999015e+00	1.197576555717244702e+02
6.080000000000000000e+02	1.298284228381239913e+00	1.159533730482262257e+02
6.090000000000000000e+02	2.404331295650254052e+00	1.259272248327554991e+02
6.100000000000000000e+02	1.769313677349472425e+00	1.202009119181204539e+02
6.110000000000000000e+02	1.870859894702300297e+00	1.211166115760540549e+02
6.120000000000000000e+02	1.613757705811017740e+00	1.187981757686057165e+02
6.130000000000000000e+02	1.835537273520552182e+00	1.207980875288110099e+02
6.140000000000000000e+02	1.866483858017714770e+00	1.210771503789790557e+02
6.150000000000000000e+02	1.476790179138545822e+00	1.175630621366896094e+02
6.160000000000000000e+02	2.545295084313865974e+00	1.271983750186043380e+02
6.170000000000000000e+02	2.209049193574182723e+00	1.241662557023122275e+02
6.180000000000000000e+02	1.847846527922862858e+00	1.209090870356311314e+02
6.190000000000000000e+02	1.856536822535963527e+00	1.209874523358068075e+02
6.200000000000000000e+02	2.235357140430655143e+00	1.244034893341047763e+02
6.210000000000000000e+02	2.714643922498507056e+00	1.287254892454033666e+02
6.220000000000000000e+02	2.181584767207873199e+00	1.239185934408851040e+02
6.230000000000000000e+02	3.111493142044606142e+00	1.323041030437582890e+02
6.240000000000000000e+02	1.489207934156221436e+00	1.176750400549066740e+02
6.250000000000000000e+02	2.015916515813998888e+00	1.224246691462485899e+02
6.260000000000000000e+02	1.250163676032976179e+00	1.155194428194735536e+02
6.270000000000000000e+02	2.143904910010642872e+00	1.235788128636666841e+02
6.280000000000000000e+02	1.070421784485751093e+00	1.138986085540842623e+02
6.290000000000000000e+02	2.084303300296143302e+00	1.230413514490457061e+02
6.300000000000000000e+02	1.607220965698213933e+00	1.187392302870177758e+02
6.310000000000000000e+02	1.916471776255430637e+00	1.215279197017992772e+02
6.320000000000000000e+02	2.045180476330998864e+00	1.226885588246015715e+02
6.330000000000000000e+02	2.174985405801260097e+00	1.238590832676836726e+02
6.340000000000000000e+02	2.033491560595213521e+00	1.225831532622881639e+02
6.350000000000000000e+02	2.251836314418411700e+00	1.245520913635746325e+02
6.360000000000000000e+02	1.988596440900876949e+00	1.221783085834937594e+02
6.370000000000000000e+02	1.563045934326674935e+00	1.183408790517809734e+02
6.380000000000000000e+02	2.047108483883551600e+00	1.227059447588331835e+02
6.390000000000000000e+02	1.230356222999263061e+00	1.153408278159772919e+02
6.400000000000000000e+02	1.734644931271149604e+00	1.198882842323977655e+02
6.410000000000000000e+02	1.172012698219272897e+00	1.148147112645547168e+02
6.420000000000000000e+02	2.264999107552735591e+00	1.246707877117475221e+02
6.430000000000000000e+02	2.636089177026400332e+00	1.280171166892111785e+02
6.440000000000000000e+02	2.247781051952885800e+00	1.245155227690044342e+02
6.450000000000000000e+02	1.632583841490141907e+00	1.189679416786611057e+02
6.460000000000000000e+02	1.482275270594635597e+00	1.176125243077188287e+02
6.470000000000000000e+02	2.785654742283421914e+00	1.293658339582024723e+02
6.480000000000000000e+02	2.168730312630348323e+00	1.238026775558190451e+02
6.490000000000000000e+02	2.187770497209093890e+00	1.239743736658294324e+02
6.500000000000000000e+02	1.966581163647378450e+00	1.219797843806640572e+02
6.510000000000000000e+02	1.212352421810198866e+00	1.151784773609815318e+02
6.520000000000000000e+02	1.092407812270823841e+00	1.140968689979189890e+02
6.530000000000000000e+02	2.001615655052714438e+00	1.222957101987994406e+02
6.540000000000000000e+02	1.665708424677898147e+00	1.192666447745019980e+02
6.550000000000000000e+02	2.177885151020874321e+00	1.238852319098972004e+02
6.560000000000000000e+02	2.427583094872749925e+00	1.261368994533314947e+02
6.570000000000000000e+02	1.383458196095949333e+00	1.167214348740076133e+02
6.580000000000000000e+02	2.485451809937563539e+00	1.266587343770863470e+02
6.590000000000000000e+02	2.601297466811685943e+00	1.277033801663445161e+02
6.600000000000000000e+02	1.931033638341388414e+00	1.216592322457678819e+02
6.610000000000000000e+02	2.804133783048801121e+00	1.295324699171668783e+02
6.620000000000000000e+02	2.689746535834571350e+00	1.285009754324231039e+02
6.630000000000000000e+02	2.972911313397583744e+00	1.310544323381822096e+02
6.640000000000000000e+02	1.581468801973213489e+00	1.185070084659715235e+02
6.650000000000000000e+02	2.256517851817511744e+00	1.245943074333280123e+02
6.660000000000000000e+02	1.946059697100847918e+00	1.217947307136066115e+02
6.670000000000000000e+02	2.415188184154707596e+00	1.260251275350807703e+02
6.680000000000000000e+02	1.411473879237227003e+00	1.169740681294651665e+02
6.690000000000000000e+02	1.568690658815785843e+00	1.183917807241283384e+02
6.700000000000000000e+02	2.021664994469134946e+00	1.224765064285754761e+02
6.710000000000000000e+02	1.288374784330241551e+00	1.158640139882399467e+02
6.720000000000000000e+02	2.213057136507332157e+00	1.242023975899036685e+02
6.730000000000000000e+02	1.740761708662876606e+00	1.199434426726752463e+02
6.740000000000000000e+02	2.354138826629192494e+00	1.254746109598651458e+02
6.750000000000000000e+02	1.440417058724071664e+00	1.172350651438938485e+02
6.760000000000000000e+02	2.293161288199287551e+00	1.249247420180424513e+02
6.770000000000000000e+02	1.547768942711863716e+00	1.182031177805035753e+02
6.780000000000000000e+02	1.937125280465479271e+00	1.217141640271251504e+02
6.790000000000000000e+02	2.486716768302739577e+00	1.266701412218954204e+02
6.800000000000000000e+02	1.852244626520848314e+00	1.209487471774534555e+02
6.810000000000000000e+02	2.152220704811290464e+00	1.236538010872845206e+02
6.820000000000000000e+02	1.169545702006685728e+00	1.147924649648216615e+02
6.830000000000000000e+02	2.094999522458347752e+00	1.231378053321192709e+02
6.840000000000000000e+02	1.496851420595356252e+00	1.177439656938934860e+02
6.850000000000000000e+02	1.062935787732414816e+00	1.138311030886418109e+02
6.860000000000000000e+02	2.074433962655124919e+00	1.229523540512351047e+02
6.870000000000000000e+02	8.199471639370459197e-01	1.116399372777276398e+02
6.880000000000000000e+02	2.329560855235079497e+00	1.252529774949760366e+02
6.890000000000000000e+02	2.758383382073577916e+00	1.291199126834712843e+02
6.900000000000000000e+02	1.503270981688266339e+00	1.178018545060039060e+02
6.910000000000000000e+02	2.257752984160197318e+00	1.246054453200281245e+02
6.920000000000000000e+02	4.029756178813396872e+00	1.405846000487886727e+02
6.930000000000000000e+02	1.405890304200896113e+00	1.169237178763085154e+02
6.940000000000000000e+02	1.207711500166361862e+00	1.151366275464582429e+02
6.950000000000000000e+02	1.611729625802183818e+00	1.187798874244530367e+02
6.960000000000000000e+02	3.630897273918846313e+00	1.369878637813343971e+02
6.970000000000000000e+02	3.156007728220026287e+00	1.327055162366521301e+02
6.980000000000000000e+02	2.101491218099046154e+00	1.231963446222332834e+02
6.990000000000000000e+02	2.117311456879010567e+00	1.233390046603606152e+02
7.000000000000000000e+02	2.236592374063555155e+00	1.244146281341960218e+02
7.010000000000000000e+02	1.985736101010632026e+00	1.221525152814156598e+02
7.020000000000000000e+02	1.880690467548206346e+00	1.212052594097888090e+02
7.030000000000000000e+02	1.852222497239076615e+00	1.209485476252074250e+02
7.040000000000000000e+02	1.807393634087513856e+00	1.205443004191218677e+02
7.050000000000000000e+02	2.483187492841179456e+00	1.266383157495425138e+02
7.060000000000000000e+02	2.775583807390929802e+00	1.292750186439886022e+02
7.070000000000000000e+02	1.679493854766317629e+00	1.193909557921401330e+02
7.080000000000000000e+02	1.773398004907892567e+00	1.202377426090672117e+02
7.090000000000000000e+02	2.436664025281865875e+00	1.262187873373523530e+02
7.100000000000000000e+02	2.115522012901005944e+00	1.233228682322270373e+02
7.110000000000000000e+02	1.295034963817253360e+00	1.159240725924599644e+02
7.120000000000000000e+02	1.681854409106648740e+00	1.194122422453269081e+02
7.130000000000000000e+02	1.873244100946153790e+00	1.211381113118280979e+02
7.140000000000000000e+02	1.352451447551031416e+00	1.164418294906031122e+02
7.150000000000000000e+02	1.524726016336747314e+00	1.179953266844928805e+02
7.160000000000000000e+02	3.387070481762989971e+00	1.347891397323981835e+02
7.170000000000000000e+02	9.913234770514096628e-01	1.131853343923388735e+02
7.180000000000000000e+02	2.144209915700265423e+00	1.235815632724257256e+02
7.190000000000000000e+02	1.557837864889229262e+00	1.182939149449271099e+02
7.200000000000000000e+02	1.591554710835238584e+00	1.185979588089352177e+02
7.210000000000000000e+02	1.501932991545822382e+00	1.177897890923657229e+02
7.220000000000000000e+02	1.069339622744677643e+00	1.138888500897912337e+02
7.230000000000000000e+02	2.574743959827987538e+00	1.274639321800406435e+02
7.240000000000000000e+02	2.476472761711980386e+00	1.265777652223204086e+02
7.250000000000000000e+02	3.701383333468487358e+00	1.376234764343831216e+02
7.260000000000000000e+02	2.542244756817722440e+00	1.271708684908614373e+02
7.270000000000000000e+02	1.133311465574753818e+00	1.144657203674239980e+02
7.280000000000000000e+02	2.193319822993611279e+00	1.240244150741173428e+02
7.290000000000000000e+02	1.951208602671632431e+00	1.218411613064224639e+02
7.300000000000000000e+02	1.725853334788918003e+00	1.198090054359902297e+02
7.310000000000000000e+02	1.564241026061815365e+00	1.183516558696831567e+02
7.320000000000000000e+02	2.541380533948375486e+00	1.271630753046013211e+02
7.330000000000000000e+02	2.378601181879858473e+00	1.256952018486173586e+02
7.340000000000000000e+02	1.504122877568008665e+00	1.178095365328288437e+02
7.350000000000000000e+02	1.495551130646853633e+00	1.177322402442204350e+02
7.360000000000000000e+02	2.224353038570692220e+00	1.243042591257157881e+02
7.370000000000000000e+02	7.390167539606784519e-01	1.109101420114569692e+02
7.380000000000000000e+02	1.564986902280911973e+00	1.183583818572826232e+02
7.390000000000000000e+02	1.406547766389905529e+00	1.169296465846077950e+02
7.400000000000000000e+02	1.925943056565951661e+00	1.216133275915919967e+02
7.410000000000000000e+02	2.396732731744403377e+00	1.258587042856513420e+02
7.420000000000000000e+02	2.961560778501252766e+00	1.309520781472247961e+02
7.430000000000000000e+02	1.980205528321071551e+00	1.221026429803883246e+02
7.440000000000000000e+02	1.976089333133057346e+00	1.220655249210069826e+02
7.450000000000000000e+02	2.277637402577325165e+00	1.247847543639042414e+02
7.460000000000000000e+02	1.489894664620130982e+00	1.176812326917895462e+02
7.470000000000000000e+02	2.853409197613466564e+00	1.299768141915047863e+02
7.480000000000000000e+02	1.237903798293277902e+00	1.154088885699386537e+02
7.490000000000000000e+02	2.648975504695204819e+00	1.281333199919629351e+02
7.500000000000000000e+02	1.883349799279705472e+00	1.212292401076458788e+02
7.510000000000000000e+02	2.071608130591545915e+00	1.229268719257413807e+02
7.520000000000000000e+02	1.615704572860067190e+00	1.188157317695807365e+02
7.530000000000000000e+02	2.055955622071392597e+00	1.227857244062044799e+02
7.540000000000000000e+02	2.180304417581461429e+00	1.239070478043709613e+02
7.550000000000000000e+02	1.640220642747073354e+00	1.190368070335800610e+02
7.560000000000000000e+02	1.391469335115716355e+00	1.167936758441913696e+02
7.570000000000000000e+02	2.269265278542810904e+00	1.247092581877350597e+02
7.580000000000000000e+02	1.488942400693441526e+00	1.176726455895353922e+02
7.590000000000000000e+02	2.082376273544380929e+00	1.230239743592493795e+02
7.600000000000000000e+02	1.687933797693549565e+00	1.194670635296109680e+02
7.610000000000000000e+02	1.810471965642533876e+00	1.205720594752976638e+02
7.620000000000000000e+02	1.671687571223966717e+00	1.193205621196252224e+02
7.630000000000000000e+02	1.842320764831894886e+00	1.208592581054737423e+02
7.640000000000000000e+02	1.202404283750325709e+00	1.150887693752389396e+02
7.650000000000000000e+02	9.727045886388863138e-01	1.130174373480677588e+02
7.660000000000000000e+02	1.828374563079920634e+00	1.207334973188421259e+02
7.670000000000000000e+02	1.309728343780647286e+00	1.160565711074919761e+02
7.680000000000000000e+02	1.417464761151836949e+00	1.170280912990419040e+02
7.690000000000000000e+02	1.197894460379239412e+00	1.150481017479663564e+02
7.700000000000000000e+02	1.779679540395417980e+00	1.202943867662517050e+02
7.710000000000000000e+02	1.988225350278856496e+00	1.221749622495336780e+02
7.720000000000000000e+02	1.195987770703324848e+00	1.150309080490819014e+02
7.730000000000000000e+02	2.228218367690415480e+00	1.243391149839151524e+02
7.740000000000000000e+02	1.745954558291062941e+00	1.199902695339034722e+02
7.750000000000000000e+02	1.839072644319985184e+00	1.208299679662719228e+02
7.760000000000000000e+02	2.910558132641945850e+00	1.304921584516953885e+02
7.770000000000000000e+02	1.618047804847801974e+00	1.188368620173197883e+02
7.780000000000000000e+02	1.579491542913750379e+00	1.184891784030544102e+02
7.790000000000000000e+02	2.150936158463489178e+00	1.236422176065607061e+02
7.800000000000000000e+02	1.411086946878337134e+00	1.169705789416065187e+02
7.810000000000000000e+02	2.180585774186414749e+00	1.239095849559619325e+02
7.820000000000000000e+02	2.427872418599366977e+00	1.261395084489632552e+02
7.830000000000000000e+02	1.729700709572871364e+00	1.198436993897922491e+02
7.840000000000000000e+02	2.166984493975568693e+00	1.237869345218915385e+02
7.850000000000000000e+02	2.297908966343852999e+00	1.249675545162948680e+02
7.860000000000000000e+02	1.861567380587393794e+00	1.210328157221248233e+02
7.870000000000000000e+02	3.779830607524401476e+00	1.383308798600492082e+02
7.880000000000000000e+02	1.643386164388019210e+00	1.190653523320595042e+02
7.890000000000000000e+02	1.762517504284604630e+00	1.201396269829156864e+02
7.900000000000000000e+02	1.856643245799855180e+00	1.209884120145509598e+02
7.910000000000000000e+02	1.949612729884736106e+00	1.218267704191677723e+02
7.920000000000000000e+02	1.400799460664789109e+00	1.168778108616886584e+02
7.930000000000000000e+02	1.537996740841200971e+00	1.181149963108565828e+02
7.940000000000000000e+02	2.464191333699620401e+00	1.264670166417920143e+02
7.950000000000000000e+02	1.310003542339418292e+00	1.160590527284986422e+02
7.960000000000000000e+02	2.229894931412907066e+00	1.243542335069602274e+02
7.970000000000000000e+02	1.296911243937452385e+00	1.159409920711864146e+02
7.980000000000000000e+02	1.636722026486427062e+00	1.190052580325770606e+02
7.990000000000000000e+02	2.203113476900552925e+00	1.241127299889048174e+02
8.000000000000000000e+02	1.744764332374908022e+00	1.199795365938422833e+02
8.010000000000000000e+02	8.251597679205886493e-01	1.116869422751475724e+02
8.020000000000000000e+02	1.941685346364044662e+00	1.217552847196760410e+02
8.030000000000000000e+02	3.009394763902207171e+00	1.313834242397834657e+02
8.040000000000000000e+02	1.350566322020531285e+00	1.164248302478106041e+02
8.050000000000000000e+02	2.376507220470362558e+00	1.256763194146243734e+02
8.060000000000000000e+02	1.639602922061426771e+00	1.190312366968871629e+02
8.070000000000000000e+02	2.168515582800859764e+00	1.238007412155344298e+02
8.080000000000000000e+02	1.381844310218511396e+00	1.167068815525305752e+02
8.090000000000000000e+02	1.403555256398748563e+00	1.169026614299984033e+02
8.100000000000000000e+02	2.857598686585323566e+00	1.300145931823766716e+02
8.110000000000000000e+02	2.418191923957908163e+00	1.260522139552548992e+02
8.120000000000000000e+02	2.701916743210868610e+00	1.286107210735899571e+02
8.130000000000000000e+02	1.887398100163791836e+00	1.212657459257000312e+02
8.140000000000000000e+02	2.227242577364616505e+00	1.243303157308179721e+02
8.150000000000000000e+02	1.809027813104012949e+00	1.205590367353079273e+02
8.160000000000000000e+02	1.693617930051312559e+00	1.195183205649918960e+02
8.170000000000000000e+02	1.333143545845951072e+00	1.162677192238924704e+02
8.180000000000000000e+02	1.177093167635949289e+00	1.148605247298739442e+02
8.190000000000000000e+02	1.624966576699600651e+00	1.188992524951058698e+02
8.200000000000000000e+02	2.717697265801024553e+00	1.287530229683775360e+02
8.210000000000000000e+02	2.397564023055722693e+00	1.258662005094326162e+02
8.220000000000000000e+02	1.977300984341176848e+00	1.220764510650400467e+02
8.230000000000000000e+02	3.066557863522993976e+00	1.318988962301118306e+02
8.240000000000000000e+02	2.183075064716958558e+00	1.239320322961656160e+02
8.250000000000000000e+02	2.350966217666435210e+00	1.254460017509976240e+02
8.260000000000000000e+02	3.064077546113637585e+00	1.318765298056154620e+02
8.270000000000000000e+02	2.706491285195371077e+00	1.286519723051927713e+02
8.280000000000000000e+02	2.246746540417457361e+00	1.245061939935579858e+02
8.290000000000000000e+02	2.335280763815993588e+00	1.253045571447896265e+02
8.300000000000000000e+02	1.652817090230797259e+00	1.191503963227994376e+02
8.310000000000000000e+02	1.553013421716225029e+00	1.182504102130089336e+02
8.320000000000000000e+02	1.857928671860266778e+00	1.210000034281407579e+02
8.330000000000000000e+02	3.233619974177187384e+00	1.334053897418118027e+02
8.340000000000000000e+02	1.204001970423076884e+00	1.151031766193279964e+02
8.350000000000000000e+02	1.097455954784509080e+00	1.141423909532757364e+02
8.360000000000000000e+02	1.741959133884824151e+00	1.199542405329473667e+02
8.370000000000000000e+02	1.406511814874458643e+00	1.169293223894653693e+02
8.380000000000000000e+02	1.771682943671219590e+00	1.202222769321695637e+02
8.390000000000000000e+02	1.555518158879203972e+00	1.182729968442310877e+02
8.400000000000000000e+02	2.722708917118159988e+00	1.287982158619822144e+02
8.410000000000000000e+02	2.800985683397536175e+00	1.295040817226191052e+02
8.420000000000000000e+02	2.283928426871485673e+00	1.248414840870233036e+02
8.430000000000000000e+02	1.304086407518145307e+00	1.160056945781604583e+02
8.440000000000000000e+02	2.536596475497137515e+00	1.271199347445535608e+02
8.450000000000000000e+02	1.668918184500475910e+00	1.192955889936782796e+02
8.460000000000000000e+02	1.581652801601266756e+00	1.185086676946543918e+02
8.470000000000000000e+02	2.068313291375325491e+00	1.228971604975671994e+02
8.480000000000000000e+02	1.896121462532541768e+00	1.213444094165255080e+02
8.490000000000000000e+02	2.594013657446780918e+00	1.276376979389039548e+02
8.500000000000000000e+02	1.360000671836636865e+00	1.165099051144540141e+02
8.510000000000000000e+02	1.585094875387287106e+00	1.185397068201935440e+02
8.520000000000000000e+02	2.211632357309048391e+00	1.241895495502768938e+02
8.530000000000000000e+02	1.994574690573554854e+00	1.222322178410025231e+02
8.540000000000000000e+02	2.096503280574523398e+00	1.231513655693048008e+02
8.550000000000000000e+02	2.113506898451617655e+00	1.233046968058548316e+02
8.560000000000000000e+02	2.233051244941256730e+00	1.243826957706819769e+02
8.570000000000000000e+02	1.873975713074260252e+00	1.211447086720539374e+02
8.580000000000000000e+02	2.530622802799518567e+00	1.270660667602168274e+02
8.590000000000000000e+02	1.168725264795998475e+00	1.147850666186028832e+02
8.600000000000000000e+02	1.543609111293032132e+00	1.181656062285562427e+02
8.610000000000000000e+02	1.937535615342889983e+00	1.217178642487255047e+02
8.620000000000000000e+02	2.088124545106453400e+00	1.230758097741010317e+02
8.630000000000000000e+02	1.962104660363125141e+00	1.219394172194542421e+02
8.640000000000000000e+02	1.447990836449185803e+00	1.173033621799917512e+02
8.650000000000000000e+02	1.484232984358570206e+00	1.176301781196549001e+02
8.660000000000000000e+02	2.159289557139839388e+00	1.237175449255876600e+02
8.670000000000000000e+02	2.092792793628520442e+00	1.231179060105364300e+02
8.680000000000000000e+02	1.999200459273814623e+00	1.222739310128658303e+02
8.690000000000000000e+02	2.047355108207336905e+00	1.227081687098065998e+02
8.700000000000000000e+02	1.859487023536495753e+00	1.210140559663254720e+02
8.710000000000000000e+02	1.763544365461624075e+00	1.201488867707547001e+02
8.720000000000000000e+02	1.962473134833543131e+00	1.219427399620961125e+02
8.730000000000000000e+02	9.741158881585709750e-01	1.130301638338109598e+02
8.740000000000000000e+02	2.157386642777229913e+00	1.237003852708378986e+02
8.750000000000000000e+02	2.166111411737473347e+00	1.237790614456941825e+02
8.760000000000000000e+02	1.671687023920354509e+00	1.193205571842790960e+02
8.770000000000000000e+02	2.059104730097653047e+00	1.228141216938397520e+02
8.780000000000000000e+02	2.575791674587549984e+00	1.274733800164244428e+02
8.790000000000000000e+02	1.481080650702704782e+00	1.176017517446936438e+02
8.800000000000000000e+02	1.793700811482560109e+00	1.204208244955240730e+02
8.810000000000000000e+02	1.444868421163628902e+00	1.172752055958919613e+02
8.820000000000000000e+02	2.064459829790913581e+00	1.228624116556438537e+02
8.830000000000000000e+02	1.918140083161163023e+00	1.215429637684590887e+02
8.840000000000000000e+02	1.566695933483774006e+00	1.183737931579559017e+02
8.850000000000000000e+02	2.092934217204270197e+00	1.231191813068824104e+02
8.860000000000000000e+02	1.731413711463280602e+00	1.198591464964002427e+02
8.870000000000000000e+02	1.561028095835013119e+00	1.183226830611793758e+02
8.880000000000000000e+02	1.921853818285911286e+00	1.215764526178917748e+02
8.890000000000000000e+02	1.865191034966881434e+00	1.210654922625442254e+02
8.900000000000000000e+02	1.415431413843130537e+00	1.170097554566680458e+02
8.910000000000000000e+02	1.476062445642249310e+00	1.175564997522798478e+02
8.920000000000000000e+02	1.838472703594480784e+00	1.208245579615327330e+02
8.930000000000000000e+02	1.598346697417915463e+00	1.186592059922629545e+02
8.940000000000000000e+02	1.628320710855035491e+00	1.189294986192733887e+02
8.950000000000000000e+02	1.604895843176187498e+00	1.187182633425704523e+02
8.960000000000000000e+02	1.499675407775095781e+00	1.177694311830264837e+02
8.970000000000000000e+02	2.543723961442916348e+00	1.271842073153357831e+02
8.980000000000000000e+02	3.321226648967800621e+00	1.341953886627931070e+02
8.990000000000000000e+02	1.883322467414725976e+00	1.212289936407654238e+02
9.000000000000000000e+02	1.327933314980307422e+00	1.162207356262184419e+02
9.010000000000000000e+02	2.280203002862827066e+00	1.248078898323152970e+02
9.020000000000000000e+02	1.414648897928281190e+00	1.170026990682152359e+02
9.030000000000000000e+02	2.153178962447713563e+00	1.236624422382082855e+02
9.040000000000000000e+02	2.475380782495863130e+00	1.265679182283039381e+02
9.050000000000000000e+02	2.944765442914008879e+00	1.308006251098489088e+02
9.060000000000000000e+02	1.181169955782761294e+00	1.148972874336833172e+02
9.070000000000000000e+02	2.199620489733824513e+00	1.240812317486244751e+02
9.080000000000000000e+02	1.052363940327151637e+00	1.137357707630753225e+02
9.090000000000000000e+02	1.288717152838267710e+00	1.158671013186581433e+02
9.100000000000000000e+02	1.273678837476815318e+00	1.157314923261091337e+02
9.110000000000000000e+02	1.929770403720645344e+00	1.216478409449370020e+02
9.120000000000000000e+02	2.068179673429758392e+00	1.228959555890020283e+02
9.130000000000000000e+02	1.255206579567306857e+00	1.155649175319912416e+02
9.140000000000000000e+02	2.009882208353490629e+00	1.223702543839708881e+02
9.150000000000000000e+02	1.532816481327000213e+00	1.180682829818048560e+02
9.160000000000000000e+02	2.469358808403591787e+00	1.265136146829811423e+02
9.170000000000000000e+02	1.953154929087402625e+00	1.218587124322015427e+02
9.180000000000000000e+02	1.740451904532837935e+00	1.199406489936658460e+02
9.190000000000000000e+02	1.900480154530558963e+00	1.213837142067547035e+02
9.200000000000000000e+02	1.741742411241089528e+00	1.199522862223299171e+02
9.210000000000000000e+02	2.443481908534504310e+00	1.262802680455955766e+02
9.220000000000000000e+02	1.633052797506181042e+00	1.189721705202139219e+02
9.230000000000000000e+02	1.140050709485878055e+00	1.145264919402606836e+02
9.240000000000000000e+02	1.671771569194600238e+00	1.193213195768203860e+02
9.250000000000000000e+02	2.640102025100131033e+00	1.280533028092287111e+02
9.260000000000000000e+02	1.000277213069398874e+00	1.132660752926169465e+02
9.270000000000000000e+02	1.755231952601628009e+00	1.200739290440079401e+02
9.280000000000000000e+02	1.906939983033468788e+00	1.214419661328690125e+02
9.290000000000000000e+02	2.284631867166714070e+00	1.248478274059032174e+02
9.300000000000000000e+02	1.531066920847887980e+00	1.180525062057316461e+02
9.310000000000000000e+02	2.226768548005508386e+00	1.243260411400621308e+02
9.320000000000000000e+02	1.794443674587662851e+00	1.204275233121709903e+02
9.330000000000000000e+02	1.688624601251132340e+00	1.194732928958824800e+02
9.340000000000000000e+02	1.382387989963324237e+00	1.167117842201958808e+02
9.350000000000000000e+02	2.456275207069093636e+00	1.263956324520437420e+02
9.360000000000000000e+02	2.041700944280067986e+00	1.226571819167081401e+02
9.370000000000000000e+02	3.471467811110005908e+00	1.355501981708927417e+02
9.380000000000000000e+02	3.462155692420084474e+00	1.354662255314258346e+02
9.390000000000000000e+02	1.901224397050931492e+00	1.213904254623690520e+02
9.400000000000000000e+02	1.549932586411462143e+00	1.182226285791060292e+02
9.410000000000000000e+02	1.204767183925099960e+00	1.151100769821412655e+02
9.420000000000000000e+02	2.615002787998359501e+00	1.278269687967205925e+02
9.430000000000000000e+02	1.750512584082084544e+00	1.200313718296511070e+02
9.440000000000000000e+02	1.843880781497659438e+00	1.208733256578105113e+02
9.450000000000000000e+02	2.187521429883084068e+00	1.239721276849236489e+02
9.460000000000000000e+02	1.191051391855583619e+00	1.149863939298941631e+02
9.470000000000000000e+02	1.582228437012889177e+00	1.185138585246356371e+02
9.480000000000000000e+02	1.323633609998010163e+00	1.161819627552623047e+02
9.490000000000000000e+02	1.418681713901736030e+00	1.170390652500747848e+02
9.500000000000000000e+02	1.061261245823603261e+00	1.138160027974338533e+02
9.510000000000000000e+02	1.460502033532882216e+00	1.174161827181519726e+02
9.520000000000000000e+02	2.617260521784650518e+00	1.278473280588349894e+02
9.530000000000000000e+02	1.559102327805822696e+00	1.183053173219961849e+02
9.540000000000000000e+02	3.299756746547726660e+00	1.340017824132011413e+02
9.550000000000000000e+02	2.595609255827716400e+00	1.276520863516849573e+02
9.560000000000000000e+02	1.626638009693936349e+00	1.189143247514741688e+02
9.570000000000000000e+02	1.050722776705803829e+00	1.137209714627581150e+02
9.580000000000000000e+02	2.049376006645095671e+00	1.227263922936723048e+02
9.590000000000000000e+02	3.226545700193522492e+00	1.333415970133789870e+02
9.600000000000000000e+02	1.435164333765661659e+00	1.171876983529584209e+02
9.610000000000000000e+02	2.368472687557310330e+00	1.256038674884775332e+02
9.620000000000000000e+02	2.679523554054981549e+00	1.284087890254582192e+02
9.630000000000000000e+02	2.726933302162007688e+00	1.288363095304661101e+02
9.640000000000000000e+02	1.659842852198294860e+00	1.192137515909529242e+02
9.650000000000000000e+02	1.397466011882434023e+00	1.168477512692260945e+02
9.660000000000000000e+02	2.581481853206845756e+00	1.275246915743642830e+02
9.670000000000000000e+02	1.840763486194947562e+00	1.208452152434909550e+02
9.680000000000000000e+02	1.478682432321611229e+00	1.175801256535553847e+02
9.690000000000000000e+02	1.706830276974282246e+00	1.196374637676956070e+02
9.700000000000000000e+02	1.697613605983373741e+00	1.195543518340985401e+02
9.710000000000000000e+02	1.318560132037674304e+00	1.161362123358579908e+02
9.720000000000000000e+02	2.232336670598732198e+00	1.243762520498021900e+02
9.730000000000000000e+02	2.012329646277625006e+00	1.223923243155583691e+02
9.740000000000000000e+02	1.539047878332752806e+00	1.181244750119499969e+02
9.750000000000000000e+02	2.714237029322483341e+00	1.287218200595704047e+02
9.760000000000000000e+02	1.747537166117437035e+00	1.200045408035088883e+02
9.770000000000000000e+02	1.979578173644103378e+00	1.220969857685484499e+02
9.780000000000000000e+02	2.159729091340876206e+00	1.237215084539989789e+02
9.790000000000000000e+02	1.701522803952122409e+00	1.195896032825137922e+02
9.800000000000000000e+02	2.210258377680648589e+00	1.241771595990947361e+02
9.810000000000000000e+02	1.524598636577712885e+00	1.179941780291828621e+02
9.820000000000000000e+02	1.334047085166463642e+00	1.162758669488229657e+02
9.830000000000000000e+02	1.922494135443749030e+00	1.215822267197508779e+02
9.840000000000000000e+02	1.122061816884060370e+00	1.143642759244256979e+02
9.850000000000000000e+02	1.420367368587762691e+00	1.170542657514782547e+02
9.860000000000000000e+02	1.884557424580632246e+00	1.212401299477974703e+02
9.870000000000000000e+02	1.539159731055816938e+00	1.181254836511974133e+02
9.880000000000000000e+02	1.939736010239420771e+00	1.217377064536504889e+02
9.890000000000000000e+02	2.181539044866811494e+00	1.239181811366835007e+02
9.900000000000000000e+02	1.344358570953115173e+00	1.163688514464612780e+02
9.910000000000000000e+02	1.780758076846115312e+00	1.203041125392516051e+02
9.920000000000000000e+02	1.410108094568731429e+00	1.169617520768700558e+02
9.930000000000000000e+02	1.598763976627771255e+00	1.186629688348354250e+02
9.940000000000000000e+02	1.266522164901605407e+00	1.156669565629866980e+02
9.950000000000000000e+02	2.187187104059907572e+00	1.239691128799422160e+02
9.960000000000000000e+02	1.710200916565105089e+00	1.196678587307064845e+02
9.970000000000000000e+02	1.853929333215222908e+00	1.209639391302801812e+02
9.980000000000000000e+02	1.449040336209348911e+00	1.173128261127352516e+02
9.990000000000000000e+02	1.626997184794992224e+00	1.189175636364444699e+02
