0.000000000000000000e+00	1.402599231488123710e+00	1.084620201960013333e+02
1.000000000000000000e+00	2.395508172482562426e+00	1.096464230012917653e+02
2.000000000000000000e+00	2.474905870347884118e+00	1.098254164849273309e+02
3.000000000000000000e+00	2.536467025748446957e+00	1.099641994214360068e+02
4.000000000000000000e+00	3.457446035274486462e+00	1.120404465381966190e+02
5.000000000000000000e+00	2.187333168896273605e+00	1.091771150729817634e+02
6.000000000000000000e+00	1.875961362531765042e+00	1.098848781903708982e+02
7.000000000000000000e+00	2.863135199899568661e+00	1.107006373290358425e+02
8.000000000000000000e+00	1.931608538435284794e+00	1.100521455400506170e+02
9.000000000000000000e+00	2.895048960401930938e+00	1.107725834348022573e+02
1.000000000000000000e+01	2.199396283980912248e+00	1.108570767112529580e+02
1.100000000000000000e+01	4.370219636371047045e+00	1.121277583800247442e+02
1.200000000000000000e+01	2.189864846113670716e+00	1.091828224642130749e+02
1.300000000000000000e+01	2.213359759939850679e+00	1.108990488972273027e+02
1.400000000000000000e+01	3.237313753699764263e+00	1.139769062718249728e+02
1.500000000000000000e+01	3.259594365095324520e+00	1.115944114434693830e+02
1.600000000000000000e+01	3.841866890214445718e+00	1.129070815900665821e+02
1.700000000000000000e+01	2.128547055234003782e+00	1.106441141929053202e+02
1.800000000000000000e+01	2.048838886398730352e+00	1.104045229839639291e+02
1.900000000000000000e+01	3.786689392879719840e+00	1.110753539512071910e+02
2.000000000000000000e+01	1.946375279193713226e+00	1.100965322236507404e+02
2.100000000000000000e+01	2.847621145684199107e+00	1.128055467432560164e+02
2.200000000000000000e+01	2.172435415707180795e+00	1.107760362467911364e+02
2.300000000000000000e+01	2.884376308657746968e+00	1.107485231009804920e+02
2.400000000000000000e+01	1.933285275596572594e+00	1.086043916986954656e+02
2.500000000000000000e+01	4.315897462428717191e+00	1.120297876285897019e+02
2.600000000000000000e+01	2.387283710926093150e+00	1.096278818462633637e+02
2.700000000000000000e+01	2.473942511252530174e+00	1.116823228994855839e+02
2.800000000000000000e+01	3.389790932199944429e+00	1.118879254587369019e+02
2.900000000000000000e+01	2.212240460787775476e+00	1.108956844461185511e+02
3.000000000000000000e+01	2.237030763536384192e+00	1.092891529006783742e+02
3.100000000000000000e+01	5.670896603415569004e+00	1.127689569376290564e+02
3.200000000000000000e+01	2.444870392510210433e+00	1.097577047633615166e+02
3.300000000000000000e+01	3.482679572801120393e+00	1.094802252338899962e+02
3.400000000000000000e+01	1.816816199072138760e+00	1.097070963968182724e+02
3.500000000000000000e+01	2.241094415784301574e+00	1.092983139631738112e+02
3.600000000000000000e+01	3.280285699919360809e+00	1.116410578098099506e+02
3.700000000000000000e+01	3.110626040161382999e+00	1.098560648492318279e+02
3.800000000000000000e+01	2.311353330652364590e+00	1.094567050534296158e+02
3.900000000000000000e+01	2.904467512710343868e+00	1.094842552476765434e+02
4.000000000000000000e+01	4.066213226694543437e+00	1.134128460314432800e+02
4.100000000000000000e+01	2.413408845350083709e+00	1.096867781234442276e+02
4.200000000000000000e+01	1.932243068598593183e+00	1.100540528458030849e+02
4.300000000000000000e+01	3.494254945993533035e+00	1.121234282282905639e+02
4.400000000000000000e+01	2.298582226899836378e+00	1.094279139875423539e+02
4.500000000000000000e+01	2.297370860201866094e+00	1.094251830929313201e+02
4.600000000000000000e+01	1.724062281667633645e+00	1.094282915574934378e+02
4.700000000000000000e+01	2.272815830854128194e+00	1.110777652335503234e+02
4.800000000000000000e+01	2.493925853696458361e+00	1.117423899320719869e+02
4.900000000000000000e+01	2.681652581317425010e+00	1.102915044827104367e+02
5.000000000000000000e+01	1.626338378256131811e+00	1.091345476601869677e+02
5.100000000000000000e+01	1.829537040430538664e+00	1.097453334031922623e+02
5.200000000000000000e+01	3.196612481112922843e+00	1.114524256287287045e+02
5.300000000000000000e+01	3.017562536058348677e+00	1.110487769805721854e+02
5.400000000000000000e+01	2.164856695597071834e+00	1.107532557119985057e+02
5.500000000000000000e+01	3.744514265941532916e+00	1.126876106755668729e+02
5.600000000000000000e+01	2.922011861901268936e+00	1.108333683668348897e+02
5.700000000000000000e+01	2.249930673634507272e+00	1.110089757661069712e+02
5.800000000000000000e+01	2.800728797108245516e+00	1.126645951362929310e+02
5.900000000000000000e+01	1.971573636392329076e+00	1.101722748351393051e+02
6.000000000000000000e+01	2.065278524381457537e+00	1.104539381542833070e+02
6.100000000000000000e+01	2.748785307050650495e+00	1.092034803528843412e+02
6.200000000000000000e+01	2.767562624424241946e+00	1.104851793411560266e+02
6.300000000000000000e+01	3.085660054270616293e+00	1.098110383670326371e+02
6.400000000000000000e+01	2.642648618635190960e+00	1.121894290194009045e+02
6.500000000000000000e+01	2.405777805552711257e+00	1.096695747732991038e+02
6.600000000000000000e+01	1.825277552541325177e+00	1.097325299996294774e+02
6.700000000000000000e+01	2.542816570782086671e+00	1.099785137808649154e+02
6.800000000000000000e+01	2.217247381741842105e+00	1.092445534157977818e+02
6.900000000000000000e+01	2.096437794362096874e+00	1.105475984060929022e+02
7.000000000000000000e+01	1.321151325578995284e+00	1.082171995894353671e+02
7.100000000000000000e+01	1.843108816745075318e+00	1.097861281967773692e+02
7.200000000000000000e+01	2.786170162610111412e+00	1.105271280143709589e+02
7.300000000000000000e+01	1.794447075346010445e+00	1.082913960603748791e+02
7.400000000000000000e+01	1.875912815939601908e+00	1.098847322663473420e+02
7.500000000000000000e+01	2.082077597232853350e+00	1.105044337337499343e+02
7.600000000000000000e+01	2.006335291259947695e+00	1.102767633340753122e+02
7.700000000000000000e+01	3.433413682871873984e+00	1.119862682107116427e+02
7.800000000000000000e+01	2.304886185185206937e+00	1.111741640729370602e+02
7.900000000000000000e+01	1.354694242855729147e+00	1.083180247397203146e+02
8.000000000000000000e+01	2.681319081696728723e+00	1.090818041327568864e+02
8.100000000000000000e+01	3.480042054938502716e+00	1.120913868095735211e+02
8.200000000000000000e+01	3.574685689423746648e+00	1.106930024982509906e+02
8.300000000000000000e+01	1.330971203854346196e+00	1.102470700377310209e+02
8.400000000000000000e+01	4.531665357303676700e+00	1.124189278500192302e+02
8.500000000000000000e+01	1.579000104656371972e+00	1.089922556671993306e+02
8.600000000000000000e+01	2.239276912199849257e+00	1.092942165988062300e+02
8.700000000000000000e+01	2.087868725913490042e+00	1.105218410276572314e+02
8.800000000000000000e+01	2.038347603993575063e+00	1.088412433035183398e+02
8.900000000000000000e+01	2.715856608712861497e+00	1.103686137463601256e+02
9.000000000000000000e+01	2.953673871934953787e+00	1.131243258754985703e+02
9.100000000000000000e+01	2.489693905423385090e+00	1.117296693086059207e+02
9.200000000000000000e+01	2.463551261561059302e+00	1.116510883081962362e+02
9.300000000000000000e+01	2.943368903685416260e+00	1.130933506337248815e+02
9.400000000000000000e+01	1.937622232097912844e+00	1.100702218320528800e+02
9.500000000000000000e+01	2.434846496804899729e+00	1.097351069795449519e+02
9.600000000000000000e+01	2.097318744520944911e+00	1.089741873328888317e+02
9.700000000000000000e+01	2.997111372727797374e+00	1.096513396613339353e+02
9.800000000000000000e+01	2.746307230592674564e+00	1.104372613650654387e+02
9.900000000000000000e+01	3.058578198361924905e+00	1.097621958855729360e+02
1.000000000000000000e+02	2.085470915749029430e+00	1.105146335576512229e+02
1.010000000000000000e+02	2.175512531217147938e+00	1.091504667295931483e+02
1.020000000000000000e+02	1.680332251188590531e+00	1.092968454206342130e+02
1.030000000000000000e+02	2.922939472782191572e+00	1.095175696693459741e+02
1.040000000000000000e+02	2.607450786816687405e+00	1.101242245986988451e+02
1.050000000000000000e+02	1.745301912632875707e+00	1.094921348113881123e+02
1.060000000000000000e+02	2.733422983185798127e+00	1.104082152291019980e+02
1.070000000000000000e+02	2.310523656909311718e+00	1.094548346441162181e+02
1.080000000000000000e+02	2.375992686981546864e+00	1.096024274594992107e+02
1.090000000000000000e+02	4.403503780659640654e+00	1.141732309402600691e+02
1.100000000000000000e+02	2.078919460477469894e+00	1.089327081460120610e+02
1.110000000000000000e+02	1.646228096303129274e+00	1.091943332713986905e+02
1.120000000000000000e+02	1.369370658708076505e+00	1.104202048358113188e+02
1.130000000000000000e+02	2.924502493911935730e+00	1.108389832261069898e+02
1.140000000000000000e+02	2.487431501680828383e+00	1.098536541599141145e+02
1.150000000000000000e+02	1.364394118056245553e+00	1.103977666953695973e+02
1.160000000000000000e+02	1.854503657787416104e+00	1.098203794382865226e+02
1.170000000000000000e+02	2.142401323005567626e+00	1.090758211080635931e+02
1.180000000000000000e+02	3.062019948889404652e+00	1.111490013877024126e+02
1.190000000000000000e+02	1.817650363352698584e+00	1.097096037738080696e+02
1.200000000000000000e+02	2.495255030444869515e+00	1.098712914555215150e+02
1.210000000000000000e+02	3.780515164007403950e+00	1.110642186486547587e+02
1.220000000000000000e+02	2.241002951551838152e+00	1.092981077669988963e+02
1.230000000000000000e+02	2.670705171349168072e+00	1.122737629525685605e+02
1.240000000000000000e+02	3.120232485302203429e+00	1.098733901987302488e+02
1.250000000000000000e+02	1.783802747720526494e+00	1.122887890728136142e+02
1.260000000000000000e+02	2.379041175997297586e+00	1.113970632331777892e+02
1.270000000000000000e+02	2.184659194109635383e+00	1.108127791539243816e+02
1.280000000000000000e+02	1.915951290502149185e+00	1.085653141125593919e+02
1.290000000000000000e+02	2.342929990725663103e+00	1.095278912029031630e+02
1.300000000000000000e+02	2.309122737933487546e+00	1.094516764244887383e+02
1.310000000000000000e+02	2.142293446823789083e+00	1.106854338547129686e+02
1.320000000000000000e+02	2.884176097646805381e+00	1.107480717470083391e+02
1.330000000000000000e+02	2.153916928396157004e+00	1.091017817892980730e+02
1.340000000000000000e+02	1.904501415847109858e+00	1.085395016141268343e+02
1.350000000000000000e+02	2.790483544317992060e+00	1.105368520648019057e+02
1.360000000000000000e+02	4.121169353863113116e+00	1.116785929370454085e+02
1.370000000000000000e+02	3.173093207966811491e+00	1.113994039826837508e+02
1.380000000000000000e+02	2.152469397722645006e+00	1.090985184886623358e+02
1.390000000000000000e+02	3.247446636515639806e+00	1.101028225848637732e+02
1.400000000000000000e+02	1.860989524584577559e+00	1.084414087826462207e+02
1.410000000000000000e+02	2.309146197950576962e+00	1.094517293125484514e+02
1.420000000000000000e+02	2.999482676707903916e+00	1.096556163390872598e+02
1.430000000000000000e+02	2.354166480378393267e+00	1.084917801359428893e+02
1.440000000000000000e+02	1.298327179972464940e+00	1.081485935140627817e+02
1.450000000000000000e+02	1.849516939163309504e+00	1.084155450852586284e+02
1.460000000000000000e+02	2.848497264492536818e+00	1.106676376940063733e+02
1.470000000000000000e+02	3.683503591493764162e+00	1.125500687385590055e+02
1.480000000000000000e+02	1.982288441633758502e+00	1.087148640125533063e+02
1.490000000000000000e+02	3.865879653391899762e+00	1.129612157557717182e+02
1.500000000000000000e+02	1.713828726710403982e+00	1.093975309737314632e+02
1.510000000000000000e+02	2.965472239099206320e+00	1.109313450654536553e+02
1.520000000000000000e+02	1.802952063663103344e+00	1.096654228141464529e+02
1.530000000000000000e+02	2.026554037429239674e+00	1.088146559890168845e+02
1.540000000000000000e+02	2.219882069495869192e+00	1.109186540149266733e+02
1.550000000000000000e+02	2.069365511437369243e+00	1.089111698058946160e+02
1.560000000000000000e+02	1.835429044158484846e+00	1.097630439128789561e+02
1.570000000000000000e+02	1.895631242232802105e+00	1.099440029993605776e+02
1.580000000000000000e+02	3.477096623271147102e+00	1.146976588426533681e+02
1.590000000000000000e+02	2.163614226635801163e+00	1.091236432946116395e+02
1.600000000000000000e+02	2.481034216024029071e+00	1.098392321744371003e+02
1.610000000000000000e+02	2.473358594660084897e+00	1.098219283199937166e+02
1.620000000000000000e+02	1.996417767332696158e+00	1.087467170422540477e+02
1.630000000000000000e+02	2.064394296721931532e+00	1.104512802940285638e+02
1.640000000000000000e+02	1.605861631701742454e+00	1.090729975263193552e+02
1.650000000000000000e+02	2.360120205559272932e+00	1.095666446746062235e+02
1.660000000000000000e+02	2.539394350661540400e+00	1.099707987574119414e+02
1.670000000000000000e+02	3.525615771287496258e+00	1.121941278017035870e+02
1.680000000000000000e+02	2.051613926548772504e+00	1.088711507863929171e+02
1.690000000000000000e+02	3.090976343467725762e+00	1.112142804332975459e+02
1.700000000000000000e+02	3.013708147206980215e+00	1.110400876796687442e+02
1.710000000000000000e+02	2.818044240619665963e+00	1.127166428511618079e+02
1.720000000000000000e+02	2.940182901735610699e+00	1.108743330019398599e+02
1.730000000000000000e+02	2.667235582494759782e+00	1.102590029252066302e+02
1.740000000000000000e+02	1.467469038050474683e+00	1.086570094374451969e+02
1.750000000000000000e+02	1.622328726305712010e+00	1.091224952272647926e+02
1.760000000000000000e+02	3.032127484699604469e+00	1.110816120748679197e+02
1.770000000000000000e+02	3.185252870103615130e+00	1.114268166198787213e+02
1.780000000000000000e+02	1.650246770449050659e+00	1.092064128237335581e+02
1.790000000000000000e+02	2.248555586585297306e+00	1.093151343621221088e+02
1.800000000000000000e+02	1.521363198622092128e+00	1.088190074769801612e+02
1.810000000000000000e+02	1.993138498886478427e+00	1.102370956878966268e+02
1.820000000000000000e+02	3.191936555313084511e+00	1.114418842620312233e+02
1.830000000000000000e+02	2.171592340076991867e+00	1.091416290845787529e+02
1.840000000000000000e+02	2.427515928104647447e+00	1.097185810088434721e+02
1.850000000000000000e+02	2.214759132814503761e+00	1.092389439289281370e+02
1.860000000000000000e+02	2.817362952209552240e+00	1.105974487695669666e+02
1.870000000000000000e+02	2.093276451005278815e+00	1.080212615545856352e+02
1.880000000000000000e+02	1.844576422005824945e+00	1.084044072260919904e+02
1.890000000000000000e+02	2.616277598928379078e+00	1.101441236876113265e+02
1.900000000000000000e+02	2.663554968592432459e+00	1.122522704788648724e+02
1.910000000000000000e+02	1.958222191080042807e+00	1.101321423246296405e+02
1.920000000000000000e+02	2.020671688376712627e+00	1.088013948721686432e+02
1.930000000000000000e+02	1.166563317793891219e+00	1.095057906038351376e+02
1.940000000000000000e+02	2.108931656243706598e+00	1.090003673806773179e+02
1.950000000000000000e+02	3.671539553180920290e+00	1.125230971140215104e+02
1.960000000000000000e+02	1.841168767152215668e+00	1.097802966887380762e+02
1.970000000000000000e+02	2.523736210856612594e+00	1.118319955473476028e+02
1.980000000000000000e+02	1.755305900100674554e+00	1.095222053485321823e+02
1.990000000000000000e+02	3.105914555840077362e+00	1.098475676256151274e+02
2.000000000000000000e+02	1.430103999152352756e+00	1.085446955432413887e+02
2.010000000000000000e+02	1.689278793221286046e+00	1.093237374299825859e+02
2.020000000000000000e+02	2.699853973919712491e+00	1.103325375448330590e+02
2.030000000000000000e+02	2.675182196838890025e+00	1.122872202426458301e+02
2.040000000000000000e+02	2.430026548956346844e+00	1.086285947621466192e+02
2.050000000000000000e+02	2.416986548252687772e+00	1.096948436659368582e+02
2.060000000000000000e+02	2.053680118978938651e+00	1.104190750277959268e+02
2.070000000000000000e+02	1.992391258105775442e+00	1.102348495903556227e+02
2.080000000000000000e+02	3.381147550174144811e+00	1.103439539319372216e+02
2.090000000000000000e+02	2.576819172458092222e+00	1.100551689521141583e+02
2.100000000000000000e+02	1.424146073425339054e+00	1.106671752785678962e+02
2.110000000000000000e+02	1.450026862271971639e+00	1.107838661318153868e+02
2.120000000000000000e+02	3.791000882814798523e+00	1.110831297797149517e+02
2.130000000000000000e+02	1.511352394189181103e+00	1.087889164490264875e+02
2.140000000000000000e+02	3.121410651380756018e+00	1.112828912739371816e+02
2.150000000000000000e+02	1.168085992359601422e+00	1.095126560125884794e+02
2.160000000000000000e+02	3.204032067474201106e+00	1.100245238415783149e+02
2.170000000000000000e+02	3.267111278580508760e+00	1.101382880241122137e+02
2.180000000000000000e+02	2.611974007469291870e+00	1.101344217082326224e+02
2.190000000000000000e+02	4.276672117799321882e+00	1.119590442063415594e+02
2.200000000000000000e+02	2.194135841322951919e+00	1.091924509588880454e+02
2.210000000000000000e+02	2.533710484299447785e+00	1.099579850982250377e+02
2.220000000000000000e+02	2.328971729079164721e+00	1.094964238185233114e+02
2.230000000000000000e+02	2.558606766991166737e+00	1.119368113877165030e+02
2.240000000000000000e+02	2.773326061743767390e+00	1.104981723844214230e+02
2.250000000000000000e+02	2.670568790124819625e+00	1.102665172796706372e+02
2.260000000000000000e+02	2.483547719653016905e+00	1.117111947645206556e+02
2.270000000000000000e+02	1.439155203246857084e+00	1.085719021515861300e+02
2.280000000000000000e+02	2.251751285689036486e+00	1.110144482622078357e+02
2.290000000000000000e+02	3.650098885709945229e+00	1.124747614586400175e+02
2.300000000000000000e+02	2.579009170917382576e+00	1.119981380584131472e+02
2.310000000000000000e+02	1.441496345340621765e+00	1.107454038845763193e+02
2.320000000000000000e+02	3.473312066079719429e+00	1.120762147808743237e+02
2.330000000000000000e+02	1.495108605039290550e+00	1.087400899719278442e+02
2.340000000000000000e+02	2.143980908280693320e+00	1.090793821114515509e+02
2.350000000000000000e+02	3.708077061927890661e+00	1.109335755838026500e+02
2.360000000000000000e+02	2.653920231181852607e+00	1.102289849123245631e+02
2.370000000000000000e+02	3.182857218929535215e+00	1.099863347251846051e+02
2.380000000000000000e+02	1.814895195502253866e+00	1.097013221383650290e+02
2.390000000000000000e+02	2.664148323638582561e+00	1.090508364459435597e+02
2.400000000000000000e+02	2.447191307843739505e+00	1.097629370148239758e+02
2.410000000000000000e+02	2.768096822907974985e+00	1.125665081489360517e+02
2.420000000000000000e+02	1.737479901956864747e+00	1.094686229803976261e+02
2.430000000000000000e+02	1.823733308640860695e+00	1.083574186915209481e+02
2.440000000000000000e+02	2.938064682642695491e+00	1.095448481832217169e+02
2.450000000000000000e+02	2.237083005361113486e+00	1.082806185568749697e+02
2.460000000000000000e+02	2.471119345427017944e+00	1.116738368719797307e+02
2.470000000000000000e+02	2.583702810686300477e+00	1.100706873666233889e+02
2.480000000000000000e+02	3.055474439665705422e+00	1.111342452482976171e+02
2.490000000000000000e+02	2.692580504844125144e+00	1.103161402990317868e+02
2.500000000000000000e+02	1.354804166974465041e+00	1.083183551556975317e+02
2.510000000000000000e+02	2.189414162364994532e+00	1.108270718996921715e+02
2.520000000000000000e+02	1.629160952143962060e+00	1.091430319084138745e+02
2.530000000000000000e+02	2.552723598256040560e+00	1.119191274347383995e+02
2.540000000000000000e+02	2.166280976391148805e+00	1.091296551922047513e+02
2.550000000000000000e+02	2.697324359564539975e+00	1.103268348041005282e+02
2.560000000000000000e+02	2.528929685858567034e+00	1.099472073075522616e+02
2.570000000000000000e+02	3.222995653685236661e+00	1.100587249174220403e+02
2.580000000000000000e+02	9.638976182857481589e-01	1.085920150021813981e+02
2.590000000000000000e+02	3.058033925027529687e+00	1.111400153299693159e+02
2.600000000000000000e+02	2.876375318402653036e+00	1.107304857377218781e+02
2.610000000000000000e+02	2.672743144739158971e+00	1.102714191259148322e+02
2.620000000000000000e+02	3.189595977180450070e+00	1.114366076829244605e+02
2.630000000000000000e+02	2.007542110955172987e+00	1.102803908592584747e+02
2.640000000000000000e+02	3.267013694252747236e+00	1.116111375149781253e+02
2.650000000000000000e+02	3.565503984674251559e+00	1.106764431736054632e+02
2.660000000000000000e+02	1.516846208485184366e+00	1.088054300589627559e+02
2.670000000000000000e+02	2.679150916067230881e+00	1.102858647501985132e+02
2.680000000000000000e+02	2.114896811295824186e+00	1.090138151746551358e+02
2.690000000000000000e+02	1.800141802689738224e+00	1.096569755767567358e+02
2.700000000000000000e+02	2.158258065909244294e+00	1.107334211870386866e+02
2.710000000000000000e+02	3.132013975191446864e+00	1.136603903914236895e+02
2.720000000000000000e+02	2.339495877264515578e+00	1.095201493672059456e+02
2.730000000000000000e+02	1.966291985403991527e+00	1.101563989573717635e+02
2.740000000000000000e+02	2.691673662367522368e+00	1.103140959211926173e+02
2.750000000000000000e+02	2.461881872506344049e+00	1.097960552967922183e+02
2.760000000000000000e+02	2.506228199321411942e+00	1.117793690008947607e+02
2.770000000000000000e+02	2.079400610240673686e+00	1.089337928458784575e+02
2.780000000000000000e+02	3.127018010580163043e+00	1.136453732455208439e+02
2.790000000000000000e+02	1.695388721230376650e+00	1.093421029884897280e+02
2.800000000000000000e+02	2.819613711225602337e+00	1.106025228612338509e+02
2.810000000000000000e+02	1.721244694985660573e+00	1.081263692469609623e+02
2.820000000000000000e+02	2.887729265739644724e+00	1.107560819784379476e+02
2.830000000000000000e+02	3.103124059310107263e+00	1.112416661388696468e+02
2.840000000000000000e+02	2.961531443362805494e+00	1.095871707932103334e+02
2.850000000000000000e+02	2.386159371130185836e+00	1.096253471443479270e+02
2.860000000000000000e+02	2.052476573599708143e+00	1.088730955304465482e+02
2.870000000000000000e+02	2.587371549986592356e+00	1.100789581407839250e+02
2.880000000000000000e+02	2.059219066735626935e+00	1.104357243023769257e+02
2.890000000000000000e+02	1.886654923682340890e+00	1.099170214861132848e+02
2.900000000000000000e+02	4.296746974050376089e+00	1.139325593184050547e+02
2.910000000000000000e+02	1.690601675856414854e+00	1.093277138235501411e+02
2.920000000000000000e+02	2.419388374940350417e+00	1.097002583232565627e+02
2.930000000000000000e+02	2.462590386939037757e+00	1.097976525656038262e+02
2.940000000000000000e+02	1.743628932663674025e+00	1.081768320788595616e+02
2.950000000000000000e+02	1.978678370243447171e+00	1.101936306358993534e+02
2.960000000000000000e+02	1.981436689460375433e+00	1.102019217438935215e+02
2.970000000000000000e+02	2.519278415438397811e+00	1.099254495669569991e+02
2.980000000000000000e+02	1.959681594583415842e+00	1.101365290801506376e+02
2.990000000000000000e+02	2.267013159050843996e+00	1.093567449539136760e+02
3.000000000000000000e+02	2.762219784024160241e+00	1.104731344879495509e+02
3.010000000000000000e+02	1.750123122716127799e+00	1.095066266704947537e+02
3.020000000000000000e+02	1.622656665460521896e+00	1.091234809648586861e+02
3.030000000000000000e+02	2.678509737450216033e+00	1.102844192826676277e+02
3.040000000000000000e+02	3.785302197492041998e+00	1.099350451197448564e+02
3.050000000000000000e+02	1.682573604874051609e+00	1.093035826051287671e+02
3.060000000000000000e+02	2.388569808412816187e+00	1.096307812133184854e+02
3.070000000000000000e+02	1.991518544366817078e+00	1.087356722763559560e+02
3.080000000000000000e+02	1.545699917981938620e+00	1.088921601299427948e+02
3.090000000000000000e+02	2.852154051317432604e+00	1.106758815226096857e+02
3.100000000000000000e+02	2.756290665216189595e+00	1.104597679337690010e+02
3.110000000000000000e+02	1.703860122995972670e+00	1.093675667950243309e+02
3.120000000000000000e+02	1.537004954500862386e+00	1.111760314501205471e+02
3.130000000000000000e+02	3.333888521162672092e+00	1.142671960329345353e+02
3.140000000000000000e+02	3.221193113178895118e+00	1.115078399931466038e+02
3.150000000000000000e+02	2.289469835039068535e+00	1.094073710901125480e+02
3.160000000000000000e+02	2.134171520766861452e+00	1.106610205215333593e+02
3.170000000000000000e+02	3.916342901935138343e+00	1.130749796670080940e+02
3.180000000000000000e+02	1.929440307414768796e+00	1.100456281516943022e+02
3.190000000000000000e+02	1.577615862783911194e+00	1.113591372111847306e+02
3.200000000000000000e+02	3.113536386024792435e+00	1.112651395981955744e+02
3.210000000000000000e+02	2.432907786471771416e+00	1.115589784611116642e+02
3.220000000000000000e+02	2.629032866025812432e+00	1.121485020394439260e+02
3.230000000000000000e+02	1.826344148921475119e+00	1.097357360338403396e+02
3.240000000000000000e+02	3.874803793049694356e+00	1.112342694247679873e+02
3.250000000000000000e+02	2.778877392834768312e+00	1.092577518233090359e+02
3.260000000000000000e+02	2.256435830351695593e+00	1.093328995155405039e+02
3.270000000000000000e+02	2.361282153823519359e+00	1.095692641607275277e+02
3.280000000000000000e+02	2.113580798684369544e+00	1.137756866468136536e+02
3.290000000000000000e+02	2.074008371998531608e+00	1.089216366306038992e+02
3.300000000000000000e+02	1.746390178389366499e+00	1.081830570073512376e+02
3.310000000000000000e+02	1.749794767996250222e+00	1.095056396837724719e+02
3.320000000000000000e+02	1.585266364797598193e+00	1.090110911374493270e+02
3.330000000000000000e+02	2.368431598610778899e+00	1.113651723804642160e+02
3.340000000000000000e+02	2.710094991315493473e+00	1.103556248059115035e+02
3.350000000000000000e+02	2.031712018556349086e+00	1.134065581065638924e+02
3.360000000000000000e+02	3.291351735177355575e+00	1.116660049840242692e+02
3.370000000000000000e+02	1.529082636744109491e+00	1.088422109897320951e+02
3.380000000000000000e+02	1.863727954957487665e+00	1.098481063393420385e+02
3.390000000000000000e+02	2.556729329565470721e+00	1.100098785839835642e+02
3.400000000000000000e+02	3.029905445212660808e+00	1.110766027282591608e+02
3.410000000000000000e+02	2.382794788005153208e+00	1.114083460471227198e+02
3.420000000000000000e+02	2.970600859947675865e+00	1.109429069839549982e+02
3.430000000000000000e+02	1.640231729911862946e+00	1.091763090626640889e+02
3.440000000000000000e+02	1.474892045991959222e+00	1.086793219240154968e+02
3.450000000000000000e+02	1.834774875958909535e+00	1.097610775780342465e+02
3.460000000000000000e+02	1.931425710650153116e+00	1.086001995115571077e+02
3.470000000000000000e+02	1.867256297867831316e+00	1.098587120270124728e+02
3.480000000000000000e+02	2.451839373277155953e+00	1.097734155733522527e+02
3.490000000000000000e+02	2.522713243986227649e+00	1.099331930147394587e+02
3.500000000000000000e+02	2.511238503289516366e+00	1.099073244585175360e+02
3.510000000000000000e+02	1.957932736137041330e+00	1.101312722650016411e+02
3.520000000000000000e+02	4.002201308556296411e+00	1.132685381166068339e+02
3.530000000000000000e+02	2.553397634019138440e+00	1.100023676383480478e+02
3.540000000000000000e+02	1.688863428743990980e+00	1.093224889045338131e+02
3.550000000000000000e+02	2.282000964253499298e+00	1.093905333323856155e+02
3.560000000000000000e+02	1.779034061772935216e+00	1.082566490958288057e+02
3.570000000000000000e+02	2.899997310334320844e+00	1.107837389521089335e+02
3.580000000000000000e+02	2.197640185694732295e+00	1.092003511225430117e+02
3.590000000000000000e+02	2.141405407663576455e+00	1.090735759251267751e+02
3.600000000000000000e+02	2.117532844966572902e+00	1.080650082784559771e+02
3.610000000000000000e+02	1.865479191513848889e+00	1.098533703027452049e+02
3.620000000000000000e+02	2.369808654152687932e+00	1.095884862293538333e+02
3.630000000000000000e+02	1.975145257051723391e+00	1.086987604789878930e+02
3.640000000000000000e+02	2.714307063482694904e+00	1.103651204649898148e+02
3.650000000000000000e+02	1.848316933070701884e+00	1.098017830400010553e+02
3.660000000000000000e+02	1.705202303227337790e+00	1.080902034176753261e+02
3.670000000000000000e+02	2.066233923681031204e+00	1.089041099815308513e+02
3.680000000000000000e+02	1.586995223014279643e+00	1.090162878348051407e+02
3.690000000000000000e+02	2.461267021302760760e+00	1.097946691815545535e+02
3.700000000000000000e+02	2.932811231959630227e+00	1.095353735161807265e+02
3.710000000000000000e+02	1.705881617427808861e+00	1.119374596278825322e+02
3.720000000000000000e+02	2.018368012889431018e+00	1.087962014860665221e+02
3.730000000000000000e+02	1.944977919551804213e+00	1.086307514941394885e+02
3.740000000000000000e+02	2.199707427777167545e+00	1.108580119644320234e+02
3.750000000000000000e+02	2.634467310184854583e+00	1.101851304154089632e+02
3.760000000000000000e+02	2.749901679709208402e+00	1.104453646600779706e+02
3.770000000000000000e+02	4.097069629608355967e+00	1.104036089887986947e+02
3.780000000000000000e+02	2.495171362662275349e+00	1.098711028355957922e+02
3.790000000000000000e+02	1.476975710260626018e+00	1.086855851169661520e+02
3.800000000000000000e+02	1.963037292726658611e+00	1.101466158226605927e+02
3.810000000000000000e+02	2.006696507138438612e+00	1.087698893444073747e+02
3.820000000000000000e+02	1.622706443415000255e+00	1.091236305901789621e+02
3.830000000000000000e+02	2.310419847447142239e+00	1.094546006169621961e+02
3.840000000000000000e+02	1.405801896240639559e+00	1.084716469423072880e+02
3.850000000000000000e+02	2.111762976932573643e+00	1.090067502855601447e+02
3.860000000000000000e+02	1.965792320409212479e+00	1.101548970367792464e+02
3.870000000000000000e+02	1.452977161574316778e+00	1.086134489560605516e+02
3.880000000000000000e+02	2.688176021210011868e+00	1.090941707128826010e+02
3.890000000000000000e+02	2.087865432099211382e+00	1.089528758670937947e+02
3.900000000000000000e+02	2.083475041832639540e+00	1.089429782092339138e+02
3.910000000000000000e+02	2.283715627394237835e+00	1.111105284429982447e+02
3.920000000000000000e+02	2.241667597157836589e+00	1.109841381552127615e+02
3.930000000000000000e+02	1.255138990509288899e+00	1.080187760728058066e+02
3.940000000000000000e+02	2.067681262347613291e+00	1.089073728493078477e+02
3.950000000000000000e+02	1.741982403271836732e+00	1.094821568471151494e+02
3.960000000000000000e+02	2.546845299718283773e+00	1.099875961125483457e+02
3.970000000000000000e+02	3.020262727346136433e+00	1.096930934322913629e+02
3.980000000000000000e+02	1.782761268314549952e+00	1.096047322081805078e+02
3.990000000000000000e+02	2.419590757724297880e+00	1.097007145732549702e+02
4.000000000000000000e+02	2.248482207169978597e+00	1.110046218857403915e+02
4.010000000000000000e+02	1.480370008046032471e+00	1.086957878844089009e+02
4.020000000000000000e+02	2.811010418026351765e+00	1.126955001993704428e+02
4.030000000000000000e+02	1.829043913665880261e+00	1.097438511355723563e+02
4.040000000000000000e+02	3.258593216696145767e+00	1.115921544631736850e+02
4.050000000000000000e+02	2.306656257453159498e+00	1.094461160122178285e+02
4.060000000000000000e+02	4.599113187311524520e+00	1.125405708938993428e+02
4.070000000000000000e+02	3.117891517707994886e+00	1.112749577694099372e+02
4.080000000000000000e+02	3.585929709572788227e+00	1.150247953344441072e+02
4.090000000000000000e+02	3.103809343423329814e+00	1.135756113540701193e+02
4.100000000000000000e+02	2.534067921998042205e+00	1.099587909026825230e+02
4.110000000000000000e+02	1.893609899276796238e+00	1.099379271352479037e+02
4.120000000000000000e+02	1.954791742120338238e+00	1.101218308919938522e+02
4.130000000000000000e+02	2.354702386283689108e+00	1.113239043570316653e+02
4.140000000000000000e+02	2.097323058578970834e+00	1.105502593820888677e+02
4.150000000000000000e+02	2.961780690368284397e+00	1.109230228699099143e+02
4.160000000000000000e+02	1.813054078986872764e+00	1.096957880088251613e+02
4.170000000000000000e+02	1.926630427331148088e+00	1.129327680450114144e+02
4.180000000000000000e+02	2.911309634353247411e+00	1.108092413575766102e+02
4.190000000000000000e+02	2.353196018198613793e+00	1.095510348464833470e+02
4.200000000000000000e+02	3.034731977992574770e+00	1.110874836220304758e+02
4.210000000000000000e+02	1.702897607491844267e+00	1.093646736128495576e+02
4.220000000000000000e+02	3.886183107931746594e+00	1.112547921680402823e+02
4.230000000000000000e+02	1.931705546682452423e+00	1.129556506553887800e+02
4.240000000000000000e+02	2.490050558407006509e+00	1.098595585387545839e+02
4.250000000000000000e+02	2.420087247918629281e+00	1.115204417794125078e+02
4.260000000000000000e+02	3.851664976544084240e+00	1.111925382664609288e+02
4.270000000000000000e+02	3.836220736603182857e+00	1.128943529501791119e+02
4.280000000000000000e+02	2.596537345457910817e+00	1.089288991621992011e+02
4.290000000000000000e+02	2.420082873945427870e+00	1.097018239958093204e+02
4.300000000000000000e+02	1.871239315260717406e+00	1.084645158221320287e+02
4.310000000000000000e+02	2.826360163607477549e+00	1.093433876216435721e+02
4.320000000000000000e+02	2.632160363178972950e+00	1.101799296540235957e+02
4.330000000000000000e+02	2.754679751252968600e+00	1.104561363032574661e+02
4.340000000000000000e+02	3.203616130175051424e+00	1.114682145946243850e+02
4.350000000000000000e+02	3.287232510188373702e+00	1.116567186388218289e+02
4.360000000000000000e+02	1.594475747386250530e+00	1.090387732074336213e+02
4.370000000000000000e+02	2.653263099531918634e+00	1.102275034804141711e+02
4.380000000000000000e+02	2.581025585986912230e+00	1.100646518544070318e+02
4.390000000000000000e+02	3.958793111994509228e+00	1.113857452603682958e+02
4.400000000000000000e+02	2.438785868560778169e+00	1.097439878651736080e+02
4.410000000000000000e+02	2.035348083536444364e+00	1.088344812105321182e+02
4.420000000000000000e+02	2.788744118342921130e+00	1.092755465918553739e+02
4.430000000000000000e+02	2.272120878325417870e+00	1.093682597520875248e+02
4.440000000000000000e+02	1.770239969397887192e+00	1.095670949974805666e+02
4.450000000000000000e+02	2.243191826932321220e+00	1.093030423487327596e+02
4.460000000000000000e+02	1.261348901212758777e+00	1.099331582034184862e+02
4.470000000000000000e+02	2.288382831622270075e+00	1.094049205590073939e+02
4.480000000000000000e+02	2.293844229914565602e+00	1.083829881679987039e+02
4.490000000000000000e+02	3.347405287813987940e+00	1.143078254754407652e+02
4.500000000000000000e+02	1.649828751039929875e+00	1.092051563179443150e+02
4.510000000000000000e+02	1.510894027904099435e+00	1.087875386663727824e+02
4.520000000000000000e+02	2.811182128455850915e+00	1.105835147739328903e+02
4.530000000000000000e+02	2.308816763175250752e+00	1.094509866376390903e+02
4.540000000000000000e+02	1.480226313039252783e+00	1.086953559580342699e+02
4.550000000000000000e+02	1.111040291226736754e+00	1.092554493416967034e+02
4.560000000000000000e+02	1.738023882507710782e+00	1.094702581071320964e+02
4.570000000000000000e+02	2.553206179810826093e+00	1.119205780049849892e+02
4.580000000000000000e+02	2.270362850785641928e+00	1.093642964700008662e+02
4.590000000000000000e+02	1.411847175429025381e+00	1.106117222199421235e+02
4.600000000000000000e+02	3.051407032565250255e+00	1.111250757208950972e+02
4.610000000000000000e+02	2.003562743093266985e+00	1.102684294559193887e+02
4.620000000000000000e+02	1.495037491262578344e+00	1.087398762142166220e+02
4.630000000000000000e+02	2.645931346825267649e+00	1.102109748404988920e+02
4.640000000000000000e+02	3.999356783748286404e+00	1.114589023730954125e+02
4.650000000000000000e+02	2.028526119737481537e+00	1.088191018343229501e+02
4.660000000000000000e+02	2.005125128790707922e+00	1.087663468426455893e+02
4.670000000000000000e+02	2.239149860298915939e+00	1.092939301740991880e+02
4.680000000000000000e+02	2.042770735586012965e+00	1.103862830016571905e+02
4.690000000000000000e+02	2.306650511785419688e+00	1.094461030592341473e+02
4.700000000000000000e+02	2.634042732606507453e+00	1.101841732513870085e+02
4.710000000000000000e+02	2.265209790458943218e+00	1.093526794553510939e+02
4.720000000000000000e+02	2.067116229434375008e+00	1.089060990439932226e+02
4.730000000000000000e+02	1.245340316403337866e+00	1.098609789730338946e+02
4.740000000000000000e+02	1.531113081620215866e+00	1.111494662755525269e+02
4.750000000000000000e+02	2.122956542620730858e+00	1.106273099218351490e+02
4.760000000000000000e+02	1.482618256250005873e+00	1.109308136454463920e+02
4.770000000000000000e+02	1.873978550822150257e+00	1.098789181456032082e+02
4.780000000000000000e+02	2.010034158350027411e+00	1.087774137164431494e+02
4.790000000000000000e+02	1.724512334859011009e+00	1.094296443521917155e+02
4.800000000000000000e+02	1.813661837804869670e+00	1.096976148437917118e+02
4.810000000000000000e+02	1.712923147841547866e+00	1.081076092230231325e+02
4.820000000000000000e+02	2.296932258034399599e+00	1.111502557201328187e+02
4.830000000000000000e+02	1.381112533576829726e+00	1.104731463981910053e+02
4.840000000000000000e+02	2.379380145815020775e+00	1.096100641174071484e+02
4.850000000000000000e+02	2.327201975472362072e+00	1.094924341012925169e+02
4.860000000000000000e+02	1.562424620625145977e+00	1.089424321633369033e+02
4.870000000000000000e+02	1.524501015540784765e+00	1.088284393000915315e+02
4.880000000000000000e+02	1.284777582652262939e+00	1.100387930371880572e+02
4.890000000000000000e+02	2.153989661462049732e+00	1.091019457580930094e+02
4.900000000000000000e+02	2.498123884623133062e+00	1.087514091979805073e+02
4.910000000000000000e+02	2.809480376331166873e+00	1.126909011156775620e+02
4.920000000000000000e+02	2.727470725879876490e+00	1.103947965116917089e+02
4.930000000000000000e+02	2.349654896729369558e+00	1.113087323346140209e+02
4.940000000000000000e+02	2.109484534035880543e+00	1.105868150155930607e+02
4.950000000000000000e+02	2.389563248854415622e+00	1.096330208168612614e+02
4.960000000000000000e+02	2.221162280433206071e+00	1.109225021435520944e+02
4.970000000000000000e+02	2.667964276244807031e+00	1.102606456860968365e+02
4.980000000000000000e+02	2.174163154115426266e+00	1.091474247055210611e+02
4.990000000000000000e+02	2.686748696184547924e+00	1.103029931200084661e+02
5.000000000000000000e+02	3.528037626799649384e+00	1.106088721069834975e+02
5.010000000000000000e+02	2.485097787181105300e+00	1.098483930541220417e+02
5.020000000000000000e+02	2.068565556762510749e+00	1.135727227023940316e+02
5.030000000000000000e+02	2.820921751548661760e+00	1.106054716960294968e+02
5.040000000000000000e+02	3.188308115441889079e+00	1.114337043385552306e+02
5.050000000000000000e+02	3.286603213038039151e+00	1.141250632464925303e+02
5.060000000000000000e+02	2.231555235621992317e+00	1.092768089178867825e+02
5.070000000000000000e+02	2.001266738731529937e+00	1.087576485214538451e+02
5.080000000000000000e+02	1.818510414194072888e+00	1.097121889620497086e+02
5.090000000000000000e+02	3.291159425646977610e+00	1.141387585615790812e+02
5.100000000000000000e+02	1.739277166369582073e+00	1.094740252968693568e+02
5.110000000000000000e+02	1.939075823876444282e+00	1.086174458606754740e+02
5.120000000000000000e+02	1.700774798848240899e+00	1.093582927575783259e+02
5.130000000000000000e+02	2.773712592168553037e+00	1.104990437752693140e+02
5.140000000000000000e+02	1.807981277065770609e+00	1.096805399010997206e+02
5.150000000000000000e+02	1.533862613125453356e+00	1.088565789063039091e+02
5.160000000000000000e+02	2.742643812527915337e+00	1.104290025870522811e+02
5.170000000000000000e+02	1.400069939750697268e+00	1.084544175114334763e+02
5.180000000000000000e+02	2.400524072459598202e+00	1.114616377079170348e+02
5.190000000000000000e+02	1.907706333889580552e+00	1.099802989756752112e+02
5.200000000000000000e+02	2.293804244565944117e+00	1.111408533647727381e+02
5.210000000000000000e+02	1.910686709756145518e+00	1.085534456872404832e+02
5.220000000000000000e+02	3.811580845487466007e+00	1.128388049926717827e+02
5.230000000000000000e+02	3.019277136446361531e+00	1.110526423608633593e+02
5.240000000000000000e+02	1.713378239989204133e+00	1.093961768759053257e+02
5.250000000000000000e+02	2.020690275888096021e+00	1.103199123383950706e+02
5.260000000000000000e+02	2.783031264746366862e+00	1.126113989176892431e+02
5.270000000000000000e+02	2.286722317520186287e+00	1.094011771103716057e+02
5.280000000000000000e+02	1.775418761407167256e+00	1.082484987939402572e+02
5.290000000000000000e+02	2.768593522628046699e+00	1.104875033891540568e+02
5.300000000000000000e+02	1.389645076596911277e+00	1.105116177806239364e+02
5.310000000000000000e+02	1.990350810059068554e+00	1.087330397462282008e+02
5.320000000000000000e+02	3.398854703448864978e+00	1.103758890145416274e+02
5.330000000000000000e+02	1.579712106954333617e+00	1.089943958429658863e+02
5.340000000000000000e+02	1.980705879297830485e+00	1.101997250344105481e+02
5.350000000000000000e+02	1.440376900886164657e+00	1.085755743977139787e+02
5.360000000000000000e+02	2.870298249897750953e+00	1.107167856470236700e+02
5.370000000000000000e+02	1.428070130744848676e+00	1.085385820294359291e+02
5.380000000000000000e+02	2.549643986056271405e+00	1.099939054468326844e+02
5.390000000000000000e+02	1.627617372530148598e+00	1.091383921316987227e+02
5.400000000000000000e+02	3.365305233198909285e+00	1.103153821059976991e+02
5.410000000000000000e+02	2.703316304979198392e+00	1.103403429940400287e+02
5.420000000000000000e+02	2.337891249442015429e+00	1.095165319081156952e+02
5.430000000000000000e+02	2.803548313084840427e+00	1.105663051665585641e+02
5.440000000000000000e+02	2.181671801244772890e+00	1.091643521346935159e+02
5.450000000000000000e+02	2.402613117023435940e+00	1.114679170732555775e+02
5.460000000000000000e+02	2.859197622854703358e+00	1.094026104090283695e+02
5.470000000000000000e+02	2.059544751600475010e+00	1.104367032639017481e+02
5.480000000000000000e+02	3.743950855719702986e+00	1.109982744402648223e+02
5.490000000000000000e+02	2.932447392944766751e+00	1.108568941377990598e+02
5.500000000000000000e+02	1.747302369807756772e+00	1.094981478958682857e+02
5.510000000000000000e+02	2.826863464481083277e+00	1.127431521605307125e+02
5.520000000000000000e+02	4.516035006352609571e+00	1.123907383075776067e+02
5.530000000000000000e+02	1.817096803510787062e+00	1.097079398531123360e+02
5.540000000000000000e+02	3.991586463476453961e+00	1.114448884988213422e+02
5.550000000000000000e+02	2.045690791953406862e+00	1.103950602680963016e+02
5.560000000000000000e+02	1.761887461173292646e+00	1.095419885677072216e+02
5.570000000000000000e+02	2.190197792216507899e+00	1.108294273775087078e+02
5.580000000000000000e+02	1.224640865201710671e+00	1.097676496453698007e+02
5.590000000000000000e+02	1.610699339539689801e+00	1.090875389752867051e+02
5.600000000000000000e+02	1.716181643167324689e+00	1.094046034997559644e+02
5.610000000000000000e+02	2.066066907053807356e+00	1.089037334606903755e+02
5.620000000000000000e+02	3.747248494629331628e+00	1.155096962335794615e+02
5.630000000000000000e+02	3.571695906992528258e+00	1.096140103366975040e+02
5.640000000000000000e+02	1.317334749171161556e+00	1.082057275136251633e+02
5.650000000000000000e+02	2.062629553113387804e+00	1.088959843196847004e+02
5.660000000000000000e+02	2.849224720825402457e+00	1.106692776652739525e+02
5.670000000000000000e+02	2.294967912918523645e+00	1.094197659093504029e+02
5.680000000000000000e+02	1.794113438507069169e+00	1.123352777371500224e+02
5.690000000000000000e+02	2.317064594756004237e+00	1.112107706079345206e+02
5.700000000000000000e+02	2.059947255056670201e+00	1.104379131309841569e+02
5.710000000000000000e+02	3.269803920051438606e+00	1.091602885464602792e+02
5.720000000000000000e+02	2.637923086250599791e+00	1.101929210870947031e+02
5.730000000000000000e+02	3.862715677781169532e+00	1.129540829165090230e+02
5.740000000000000000e+02	2.590658594801305448e+00	1.100863684261960884e+02
5.750000000000000000e+02	1.467046698529916871e+00	1.086557399460267703e+02
5.760000000000000000e+02	1.706421695547931883e+00	1.093752665110444440e+02
5.770000000000000000e+02	2.832158911073207719e+00	1.106308046513108962e+02
5.780000000000000000e+02	2.245944341951160439e+00	1.109969934305294572e+02
5.790000000000000000e+02	2.758768881855294453e+00	1.125384697093833211e+02
5.800000000000000000e+02	2.459114517707003067e+00	1.086810552943640289e+02
5.810000000000000000e+02	3.240545691927532168e+00	1.115514682793650252e+02
5.820000000000000000e+02	2.478971793434789017e+00	1.098345826667825662e+02
5.830000000000000000e+02	2.083156921947593609e+00	1.105076780274907406e+02
5.840000000000000000e+02	1.896759780776842153e+00	1.099473952227431397e+02
5.850000000000000000e+02	3.091170049150000487e+00	1.135376194664209066e+02
5.860000000000000000e+02	2.191450251685546302e+00	1.091863965888277050e+02
5.870000000000000000e+02	2.034334094838837981e+00	1.103609236817084707e+02
5.880000000000000000e+02	2.246505060002264464e+00	1.109986788677650793e+02
5.890000000000000000e+02	1.714875623298149021e+00	1.119780116460355401e+02
5.900000000000000000e+02	1.486477272072048272e+00	1.087141454353688488e+02
5.910000000000000000e+02	2.176008979829707091e+00	1.091515859190532751e+02
5.920000000000000000e+02	1.872227468646264548e+00	1.084667435065813521e+02
5.930000000000000000e+02	3.400297740308762418e+00	1.103784915503985786e+02
5.940000000000000000e+02	2.832068869976115622e+00	1.127587988553903386e+02
5.950000000000000000e+02	1.902374491078987706e+00	1.085347066933179008e+02
5.960000000000000000e+02	3.010430362086264022e+00	1.110326982692306501e+02
5.970000000000000000e+02	2.124615347000093912e+00	1.106322960475040276e+02
5.980000000000000000e+02	2.814876634327740490e+00	1.105918436360296653e+02
5.990000000000000000e+02	2.929463558834155990e+00	1.108501674079767980e+02
6.000000000000000000e+02	1.930772375618888148e+00	1.100496321557516239e+02
6.010000000000000000e+02	1.789545365456244541e+00	1.123146812883649375e+02
6.020000000000000000e+02	3.109788669788358995e+00	1.098545546408082316e+02
6.030000000000000000e+02	2.245312142263848898e+00	1.093078223692849775e+02
6.040000000000000000e+02	2.875605543381763329e+00	1.094322023083737321e+02
6.050000000000000000e+02	1.216310485697311483e+00	1.097300897743007795e+02
6.060000000000000000e+02	1.869246031884445269e+00	1.084600221813214915e+02
6.070000000000000000e+02	2.469710361662583509e+00	1.087001650375697892e+02
6.080000000000000000e+02	1.673059955111532160e+00	1.092749859520961309e+02
6.090000000000000000e+02	2.966494885745692756e+00	1.109336505112122069e+02
6.100000000000000000e+02	2.331477267444911128e+00	1.095020722825534278e+02
6.110000000000000000e+02	2.620411348162884568e+00	1.089719562384356806e+02
6.120000000000000000e+02	1.988533432541310209e+00	1.102232535255559895e+02
6.130000000000000000e+02	2.397700863615990663e+00	1.096513661852260810e+02
6.140000000000000000e+02	2.428647448113153473e+00	1.097211318977680889e+02
6.150000000000000000e+02	1.851565905868838069e+00	1.098115489815839396e+02
6.160000000000000000e+02	3.294846537774450912e+00	1.101883089269457514e+02
6.170000000000000000e+02	2.583824920304475192e+00	1.120126135034581267e+02
6.180000000000000000e+02	2.222622254653154883e+00	1.109268906145644564e+02
6.190000000000000000e+02	2.231312549266255552e+00	1.109530123812896676e+02
6.200000000000000000e+02	2.797520730526093402e+00	1.105527166365495191e+02
6.210000000000000000e+02	3.276807512593945759e+00	1.116332166143741631e+02
6.220000000000000000e+02	2.743748357303312346e+00	1.104314926632445975e+02
6.230000000000000000e+02	4.048432458870336426e+00	1.103305108439856355e+02
6.240000000000000000e+02	1.863983660886513682e+00	1.098488749543229659e+02
6.250000000000000000e+02	2.578080105909437592e+00	1.100580115895854760e+02
6.260000000000000000e+02	1.624939402763268426e+00	1.091303425425119258e+02
6.270000000000000000e+02	2.706068500106081576e+00	1.103465475189399854e+02
6.280000000000000000e+02	1.445197511216043562e+00	1.085900644540488287e+02
6.290000000000000000e+02	2.459079027026435327e+00	1.116376454190359624e+02
6.300000000000000000e+02	2.169384555793652414e+00	1.091366518747777690e+02
6.310000000000000000e+02	2.478635366350869340e+00	1.098338242284731621e+02
6.320000000000000000e+02	2.607344066426437124e+00	1.101239840091737250e+02
6.330000000000000000e+02	2.924536859261845034e+00	1.095204505767616183e+02
6.340000000000000000e+02	2.408267287325505990e+00	1.114849126901167864e+02
6.350000000000000000e+02	2.626612041148704169e+00	1.121412253905456140e+02
6.360000000000000000e+02	2.363372167631169418e+00	1.113499644638520039e+02
6.370000000000000000e+02	1.937821661056967404e+00	1.100708212866143896e+02
6.380000000000000000e+02	2.609272073978989859e+00	1.101283304927316209e+02
6.390000000000000000e+02	1.605131949729555085e+00	1.090708042080131719e+02
6.400000000000000000e+02	2.296808521366588085e+00	1.094239153611227664e+02
6.410000000000000000e+02	1.546788424949565144e+00	1.088954320242056468e+02
6.420000000000000000e+02	3.014550561013320085e+00	1.096827914655743825e+02
6.430000000000000000e+02	3.198252767121839479e+00	1.114561234753261232e+02
6.440000000000000000e+02	2.809944642048324503e+00	1.105807249952744371e+02
6.450000000000000000e+02	1.819971704855287920e+00	1.124518670413461052e+02
6.460000000000000000e+02	1.857050997324928066e+00	1.098280363719270127e+02
6.470000000000000000e+02	3.347818332378860617e+00	1.117933027925739395e+02
6.480000000000000000e+02	2.730893902725786582e+00	1.104025136919780721e+02
6.490000000000000000e+02	2.562546223939386358e+00	1.119486528246305426e+02
6.500000000000000000e+02	2.528744753742817153e+00	1.099467903981893500e+02
6.510000000000000000e+02	1.587128148540490891e+00	1.090166873896812376e+02
6.520000000000000000e+02	1.467183539001116088e+00	1.086561512686603947e+02
6.530000000000000000e+02	2.563779245148153141e+00	1.100257718527231958e+02
6.540000000000000000e+02	2.227872014773336851e+00	1.092685054966488281e+02
6.550000000000000000e+02	2.927436604481458815e+00	1.095256803052043324e+02
6.560000000000000000e+02	3.177134548333334862e+00	1.099760138138911714e+02
6.570000000000000000e+02	1.945621786191388036e+00	1.086322030215252283e+02
6.580000000000000000e+02	3.235003263398148476e+00	1.100803807986421532e+02
6.590000000000000000e+02	3.163461056907124203e+00	1.113776893446094505e+02
6.600000000000000000e+02	2.493197228436827118e+00	1.098666523644652955e+02
6.610000000000000000e+02	3.553685236509386058e+00	1.106551279066582509e+02
6.620000000000000000e+02	3.439297989295156288e+00	1.104488290097095131e+02
6.630000000000000000e+02	3.347687040127876212e+00	1.143086723820814683e+02
6.640000000000000000e+02	2.143632392068652415e+00	1.090785964195162023e+02
6.650000000000000000e+02	3.006069305278096238e+00	1.096674954098904919e+02
6.660000000000000000e+02	2.320835423831140609e+00	1.112221051738896023e+02
6.670000000000000000e+02	3.164739637615292089e+00	1.099536594302410322e+02
6.680000000000000000e+02	1.973637469332665484e+00	1.086953613353896202e+02
6.690000000000000000e+02	2.130854248911224325e+00	1.090497894840554238e+02
6.700000000000000000e+02	2.396440721199426971e+00	1.114493637455458952e+02
6.710000000000000000e+02	1.663150511060533798e+00	1.092451995987673854e+02
6.720000000000000000e+02	2.775220726602770416e+00	1.105024437004992421e+02
6.730000000000000000e+02	2.302925298758315087e+00	1.094377049711921472e+02
6.740000000000000000e+02	2.916302416724630753e+00	1.108204970429896150e+02
6.750000000000000000e+02	1.815192785454363911e+00	1.097022166506520193e+02
6.760000000000000000e+02	3.042712741659872488e+00	1.097335823268333570e+02
6.770000000000000000e+02	2.109932532807302419e+00	1.090026237481492188e+02
6.780000000000000000e+02	2.499288870560917530e+00	1.098803853098046091e+02
6.790000000000000000e+02	2.674104631667885812e+00	1.163029668129632626e+02
6.800000000000000000e+02	2.227020353251140783e+00	1.109401106618385597e+02
6.810000000000000000e+02	2.714384294906729167e+00	1.103652945748444552e+02
6.820000000000000000e+02	1.544321428736978419e+00	1.088880165909612856e+02
6.830000000000000000e+02	2.657163112553786455e+00	1.102362956360531427e+02
6.840000000000000000e+02	2.059015010690794512e+00	1.088878357264967036e+02
6.850000000000000000e+02	1.437711514462707063e+00	1.085675626322346687e+02
6.860000000000000000e+02	2.636597552750563622e+00	1.101899328158320941e+02
6.870000000000000000e+02	1.007335027302191932e+00	1.087878648408793651e+02
6.880000000000000000e+02	2.891724445330518201e+00	1.107650886767673342e+02
6.890000000000000000e+02	3.320546972169016620e+00	1.117318224738911425e+02
6.900000000000000000e+02	1.878046708418558808e+00	1.098911464380220337e+02
6.910000000000000000e+02	2.819916574255636021e+00	1.106032056330303703e+02
6.920000000000000000e+02	4.779307632273981810e+00	1.128655539329826070e+02
6.930000000000000000e+02	1.968053894296334372e+00	1.086827737721004610e+02
6.940000000000000000e+02	1.582487226896654331e+00	1.090027374515068033e+02
6.950000000000000000e+02	1.986505352532475843e+00	1.102171574108384107e+02
6.960000000000000000e+02	4.193060864014285016e+00	1.136988102483569207e+02
6.970000000000000000e+02	3.530783454950318756e+00	1.148590336815714323e+02
6.980000000000000000e+02	2.288879081464192389e+00	1.145660685131321941e+02
6.990000000000000000e+02	2.679475046974449270e+00	1.102865954681134895e+02
7.000000000000000000e+02	2.986143827524140093e+00	1.096315595500640967e+02
7.010000000000000000e+02	2.547899691106070730e+00	1.099899731233772400e+02
7.020000000000000000e+02	2.255466194278498815e+00	1.110256147392836823e+02
7.030000000000000000e+02	2.414386087334515096e+00	1.096889812093251919e+02
7.040000000000000000e+02	2.369557224182952559e+00	1.095879194078037955e+02
7.050000000000000000e+02	3.045351082936617715e+00	1.111114232404089677e+02
7.060000000000000000e+02	3.150359534121221827e+00	1.137155344840169278e+02
7.070000000000000000e+02	2.241657444861756332e+00	1.092995832510583796e+02
7.080000000000000000e+02	1.960785868273038801e+00	1.130867675065491511e+02
7.090000000000000000e+02	2.998827615377304134e+00	1.110065411373614097e+02
7.100000000000000000e+02	2.677685602996444203e+00	1.102825613610800843e+02
7.110000000000000000e+02	1.669810690547545828e+00	1.092652191335073866e+02
7.120000000000000000e+02	1.869242272471794974e+00	1.126740173246789993e+02
7.130000000000000000e+02	2.622795554406738283e+00	1.089762561855905005e+02
7.140000000000000000e+02	1.727227174281323885e+00	1.094378047662217597e+02
7.150000000000000000e+02	1.899501743067039339e+00	1.099556371641850347e+02
7.160000000000000000e+02	4.136621935223574020e+00	1.117064618697045262e+02
7.170000000000000000e+02	1.366099203781701910e+00	1.083523064001336849e+02
7.180000000000000000e+02	2.518985642430557448e+00	1.118177160268293022e+02
7.190000000000000000e+02	2.120001454984667522e+00	1.090253230392551131e+02
7.200000000000000000e+02	1.778942574200384819e+00	1.122668756064831541e+02
7.210000000000000000e+02	1.876708718276114851e+00	1.098871246334759775e+02
7.220000000000000000e+02	1.444115349474969889e+00	1.085868116326178097e+02
7.230000000000000000e+02	2.949519686558280007e+00	1.131118389960342796e+02
7.240000000000000000e+02	3.038636351807419089e+00	1.110962856086034236e+02
7.250000000000000000e+02	4.450934786929072295e+00	1.122733292101015223e+02
7.260000000000000000e+02	3.104408346913161143e+00	1.112445614257386808e+02
7.270000000000000000e+02	1.508087192305046287e+00	1.087791017251620502e+02
7.280000000000000000e+02	2.755483413089050426e+00	1.104579480715526643e+02
7.290000000000000000e+02	2.513372192767071134e+00	1.099121346296289374e+02
7.300000000000000000e+02	2.100629061519210694e+00	1.105601967480174750e+02
7.310000000000000000e+02	2.126404616157253624e+00	1.090397582704441106e+02
7.320000000000000000e+02	3.103544124043813746e+00	1.112426131291736624e+02
7.330000000000000000e+02	2.753376908610150942e+00	1.125222622188932036e+02
7.340000000000000000e+02	1.878898604298300912e+00	1.098937071136303416e+02
7.350000000000000000e+02	2.057714720742292336e+00	1.088849043640784373e+02
7.360000000000000000e+02	2.786516628666130480e+00	1.105279090844522756e+02
7.370000000000000000e+02	9.264046173258246863e-01	1.084229672077440370e+02
7.380000000000000000e+02	2.127150492376350677e+00	1.090414397673439879e+02
7.390000000000000000e+02	1.781323493120197998e+00	1.096004104642233301e+02
7.400000000000000000e+02	2.300718783296244130e+00	1.111616374665513973e+02
7.410000000000000000e+02	2.958896321839842081e+00	1.109165203744361605e+02
7.420000000000000000e+02	3.711112231961837260e+00	1.109390495526698430e+02
7.430000000000000000e+02	2.542369118416510254e+00	1.099775050481204062e+02
7.440000000000000000e+02	2.538252923228496272e+00	1.099682255332750742e+02
7.450000000000000000e+02	3.027188856037909659e+00	1.097055847960057235e+02
7.460000000000000000e+02	2.052058254715569241e+00	1.088721524759707222e+02
7.470000000000000000e+02	3.415572787708905267e+00	1.119460478508995322e+02
7.480000000000000000e+02	1.612679525023570148e+00	1.090934911260002877e+02
7.490000000000000000e+02	3.211139094790643078e+00	1.114851743010140552e+02
7.500000000000000000e+02	2.445513389375144175e+00	1.097591543299348018e+02
7.510000000000000000e+02	2.633771720686984619e+00	1.101835622844586737e+02
7.520000000000000000e+02	1.990480299590359436e+00	1.102291055258809820e+02
7.530000000000000000e+02	2.618119212166831300e+00	1.101482754045744343e+02
7.540000000000000000e+02	2.929855871042046367e+00	1.095300434840990675e+02
7.550000000000000000e+02	2.014996369477365601e+00	1.103027972805474093e+02
7.560000000000000000e+02	1.953632925211154614e+00	1.086502632640711710e+02
7.570000000000000000e+02	3.018816732003394954e+00	1.096904855607718901e+02
7.580000000000000000e+02	1.863718127423733995e+00	1.098480767991991911e+02
7.590000000000000000e+02	2.457152000274673398e+00	1.116318530557705344e+02
7.600000000000000000e+02	2.250097387788987824e+00	1.093186101854260812e+02
7.610000000000000000e+02	2.372635555737972357e+00	1.095948591718477303e+02
7.620000000000000000e+02	2.046463297954259186e+00	1.103973823092291440e+02
7.630000000000000000e+02	2.029708628197041342e+00	1.133975252547524235e+02
7.640000000000000000e+02	1.577180010480617955e+00	1.089867847277670450e+02
7.650000000000000000e+02	1.347480315369178783e+00	1.082963407187099847e+02
7.660000000000000000e+02	2.390538153175358893e+00	1.096352186327338529e+02
7.670000000000000000e+02	1.497116207145793521e+00	1.109961817557615404e+02
7.680000000000000000e+02	1.979628351247275653e+00	1.087088671277838046e+02
7.690000000000000000e+02	1.760058050474677671e+00	1.082138697400149283e+02
7.700000000000000000e+02	2.341843130490856240e+00	1.095254409945862477e+02
7.710000000000000000e+02	2.363001077009148965e+00	1.113488490191986244e+02
7.720000000000000000e+02	1.758151360798763330e+00	1.082095713152938146e+02
7.730000000000000000e+02	2.602994094420707505e+00	1.120702332639924492e+02
7.740000000000000000e+02	2.308118148386501645e+00	1.094494116864992037e+02
7.750000000000000000e+02	2.026460507685131418e+00	1.133828801851515067e+02
7.760000000000000000e+02	3.472721722737384553e+00	1.120748839159471828e+02
7.770000000000000000e+02	1.992823531578094221e+00	1.102361489417939993e+02
7.780000000000000000e+02	1.954267269644042848e+00	1.101202544037055304e+02
7.790000000000000000e+02	2.713099748558927882e+00	1.103623987046635193e+02
7.800000000000000000e+02	1.785862673608629603e+00	1.096140545832229236e+02
7.810000000000000000e+02	2.930137227646999243e+00	1.095305509144172618e+02
7.820000000000000000e+02	2.990036008694805680e+00	1.109867214152641424e+02
7.830000000000000000e+02	2.291864299668310068e+00	1.094127691504713908e+02
7.840000000000000000e+02	2.541760220705861162e+00	1.118861731099845684e+02
7.850000000000000000e+02	2.860072556439292146e+00	1.106937329320970491e+02
7.860000000000000000e+02	2.611118834047978510e+00	1.089551970676498485e+02
7.870000000000000000e+02	4.341994197619840179e+00	1.140345642680356235e+02
7.880000000000000000e+02	2.205549754483457914e+00	1.092181823860382082e+02
7.890000000000000000e+02	2.137293231014897099e+00	1.106704039303259606e+02
7.900000000000000000e+02	2.418806835895293439e+00	1.096989473066610685e+02
7.910000000000000000e+02	2.324388456615028353e+00	1.112327850757433225e+02
7.920000000000000000e+02	1.962963050760227368e+00	1.086712970184454861e+02
7.930000000000000000e+02	2.100160330936639674e+00	1.089805933807374743e+02
7.940000000000000000e+02	3.026354923795059104e+00	1.110685984634713321e+02
7.950000000000000000e+02	1.872167132434856551e+00	1.084666074851479891e+02
7.960000000000000000e+02	2.792058521508345770e+00	1.105404026797633747e+02
7.970000000000000000e+02	1.859074834032890644e+00	1.084370923208199287e+02
7.980000000000000000e+02	2.198885616581865321e+00	1.092031588111675973e+02
7.990000000000000000e+02	2.765277066995991628e+00	1.104800268002495329e+02
8.000000000000000000e+02	2.306927922470346282e+00	1.094467284514838923e+02
8.010000000000000000e+02	1.012547631285734884e+00	1.088113673395893386e+02
8.020000000000000000e+02	2.503848936459482921e+00	1.098906654829423388e+02
8.030000000000000000e+02	3.758946217362791220e+00	1.110253187711815883e+02
8.040000000000000000e+02	1.725342048750823309e+00	1.094321383519575903e+02
8.050000000000000000e+02	2.938670810565801261e+00	1.108709241566794219e+02
8.060000000000000000e+02	2.201766512156865474e+00	1.092096534772451264e+02
8.070000000000000000e+02	2.730679172896298024e+00	1.104020296069069360e+02
8.080000000000000000e+02	1.756620036948803865e+00	1.095261554535309187e+02
8.090000000000000000e+02	1.778330983129040810e+00	1.095914154126868851e+02
8.100000000000000000e+02	3.419762276680762270e+00	1.119554925986174965e+02
8.110000000000000000e+02	3.167743377418493100e+00	1.099590767142758523e+02
8.120000000000000000e+02	3.076692469941161079e+00	1.134941019605507222e+02
8.130000000000000000e+02	2.262173826894084527e+00	1.110457769112540944e+02
8.140000000000000000e+02	2.602018304094908974e+00	1.120673001796267272e+02
8.150000000000000000e+02	2.183803539834305418e+00	1.108102071811233600e+02
8.160000000000000000e+02	2.443169383511897053e+00	1.086522980362232857e+02
8.170000000000000000e+02	1.895307135941389776e+00	1.085187741089964533e+02
8.180000000000000000e+02	1.551868894366241758e+00	1.089107031793120512e+02
8.190000000000000000e+02	2.187130166795039354e+00	1.091766574267997925e+02
8.200000000000000000e+02	3.279860855896463256e+00	1.116401000451177055e+02
8.210000000000000000e+02	3.147115476516306742e+00	1.099218740251114212e+02
8.220000000000000000e+02	2.539464574436615329e+00	1.099709570692833296e+02
8.230000000000000000e+02	3.441333590253286445e+00	1.145901603460579992e+02
8.240000000000000000e+02	2.745238654812397705e+00	1.104348523770647290e+02
8.250000000000000000e+02	2.913129807761873913e+00	1.108133447407727488e+02
8.260000000000000000e+02	3.626241136209076288e+00	1.124209767544271870e+02
8.270000000000000000e+02	3.268654875290809336e+00	1.116148373793215285e+02
8.280000000000000000e+02	2.996297993878042298e+00	1.096498727219364753e+02
8.290000000000000000e+02	2.897444353911431847e+00	1.107779835892207529e+02
8.300000000000000000e+02	2.214980680326235962e+00	1.092394433837231844e+02
8.310000000000000000e+02	2.115177011811663288e+00	1.090144468562755549e+02
8.320000000000000000e+02	2.232704398590558803e+00	1.109571960787343272e+02
8.330000000000000000e+02	3.795783564272626087e+00	1.128031917384762721e+02
8.340000000000000000e+02	1.578777697153369131e+00	1.089915871424634020e+02
8.350000000000000000e+02	1.284843818149655092e+00	1.100390916786534206e+02
8.360000000000000000e+02	2.304122723980262855e+00	1.094404044362601667e+02
8.370000000000000000e+02	1.781287541604750668e+00	1.096003023991758596e+02
8.380000000000000000e+02	2.146458670401512059e+00	1.106979539134105863e+02
8.390000000000000000e+02	2.305069612339788243e+00	1.084032332920711070e+02
8.400000000000000000e+02	3.472260370578744038e+00	1.105082770956213380e+02
8.410000000000000000e+02	3.550537136858120668e+00	1.106494502677486906e+02
8.420000000000000000e+02	2.658704153601777698e+00	1.122376896316951758e+02
8.430000000000000000e+02	1.491474270883291320e+00	1.109707434910957744e+02
8.440000000000000000e+02	2.911372202227429984e+00	1.129971731842052662e+02
8.450000000000000000e+02	2.231081774595914613e+00	1.092757415514429056e+02
8.460000000000000000e+02	2.143816391696705459e+00	1.090790112266869301e+02
8.470000000000000000e+02	2.630476881470763750e+00	1.101761344274151355e+02
8.480000000000000000e+02	2.458285052627980249e+00	1.097879466571547056e+02
8.490000000000000000e+02	3.343565110907365412e+00	1.102761735110056804e+02
8.500000000000000000e+02	1.547388535201783100e+00	1.112228487592425665e+02
8.510000000000000000e+02	2.147258465482725587e+00	1.090867710080717075e+02
8.520000000000000000e+02	2.586408084039340416e+00	1.120203781194463630e+02
8.530000000000000000e+02	2.556738280668993113e+00	1.100098987632739522e+02
8.540000000000000000e+02	2.471279007304815423e+00	1.116743167924556701e+02
8.550000000000000000e+02	2.675670488547055914e+00	1.102780185044870365e+02
8.560000000000000000e+02	2.795214835036695433e+00	1.105475182456938228e+02
8.570000000000000000e+02	2.248751439804552721e+00	1.110054311600387109e+02
8.580000000000000000e+02	3.092786392894957270e+00	1.112183609930775390e+02
8.590000000000000000e+02	1.543500991526290722e+00	1.088855504755550356e+02
8.600000000000000000e+02	1.918384838023324601e+00	1.100123970122061365e+02
8.610000000000000000e+02	2.124923478708036217e+00	1.138268283263783047e+02
8.620000000000000000e+02	2.462900271836745425e+00	1.116491315273877518e+02
8.630000000000000000e+02	2.524268250458563401e+00	1.099366986078868820e+02
8.640000000000000000e+02	2.010154426544624506e+00	1.087776848480212664e+02
8.650000000000000000e+02	1.671620847723716441e+00	1.117829852618430095e+02
8.660000000000000000e+02	2.721453147235277648e+00	1.103812305344202542e+02
8.670000000000000000e+02	2.467568520358812911e+00	1.116631636061995465e+02
8.680000000000000000e+02	2.373976186004107092e+00	1.113818386069760180e+02
8.690000000000000000e+02	2.609518698302775608e+00	1.101288864804749750e+02
8.700000000000000000e+02	2.421650613631934235e+00	1.097053582946046930e+02
8.710000000000000000e+02	2.325707955557062334e+00	1.094890659957119965e+02
8.720000000000000000e+02	2.524636724928981835e+00	1.099375292935473567e+02
8.730000000000000000e+02	1.161503751523717209e+00	1.094829781189210394e+02
8.740000000000000000e+02	2.719550232872668616e+00	1.103769406207328103e+02
8.750000000000000000e+02	2.728275001832911606e+00	1.103966096644468848e+02
8.760000000000000000e+02	2.233850614015793212e+00	1.092819835990931097e+02
8.770000000000000000e+02	2.433880456827945071e+00	1.115619021673006586e+02
8.780000000000000000e+02	2.950567401317842453e+00	1.131149882748288746e+02
8.790000000000000000e+02	1.855856377432997029e+00	1.098244455175852750e+02
8.800000000000000000e+02	2.355864401577998368e+00	1.095570504269043539e+02
8.810000000000000000e+02	1.819644147893921371e+00	1.097155968013180569e+02
8.820000000000000000e+02	2.439235556521206050e+00	1.115779988212353402e+02
8.830000000000000000e+02	2.480303673256601282e+00	1.098375852451380865e+02
8.840000000000000000e+02	2.316247386944358055e+00	1.084233925548160613e+02
8.850000000000000000e+02	2.655097807299708901e+00	1.102316396297439240e+02
8.860000000000000000e+02	2.106189438193572627e+00	1.105769104348208174e+02
8.870000000000000000e+02	2.123191685930451378e+00	1.090325150683181761e+02
8.880000000000000000e+02	2.484017408381349767e+00	1.098459574574962687e+02
8.890000000000000000e+02	2.427354625062320359e+00	1.097182173686593813e+02
8.900000000000000000e+02	1.790207140573422784e+00	1.096271134215767660e+02
8.910000000000000000e+02	1.850838172372541557e+00	1.098093615201140238e+02
8.920000000000000000e+02	2.588024157055064833e+00	1.089135455155314247e+02
8.930000000000000000e+02	2.160510287513353944e+00	1.091166458010890778e+02
8.940000000000000000e+02	2.190484300950473973e+00	1.091842189578416651e+02
8.950000000000000000e+02	2.167059433271625757e+00	1.091314101386659274e+02
8.960000000000000000e+02	1.874451134505387806e+00	1.098803386636962358e+02
8.970000000000000000e+02	2.918499688173208817e+00	1.130185973744659833e+02
8.980000000000000000e+02	3.883390239063239324e+00	1.130006914687215982e+02
8.990000000000000000e+02	2.258098194145018223e+00	1.110335261496092016e+02
9.000000000000000000e+02	1.702709041710599891e+00	1.093641068114268791e+02
9.010000000000000000e+02	2.842366592958265770e+00	1.106538167611021493e+02
9.020000000000000000e+02	1.976812488023719672e+00	1.087025190700771589e+02
9.030000000000000000e+02	2.527954689178006031e+00	1.118446756820901697e+02
9.040000000000000000e+02	3.037544372591301389e+00	1.110938238600993060e+02
9.050000000000000000e+02	3.319541169644301348e+00	1.142240699726370394e+02
9.060000000000000000e+02	1.555945682513053541e+00	1.089229574139151708e+02
9.070000000000000000e+02	2.949171943194409451e+00	1.095648802729497930e+02
9.080000000000000000e+02	1.427139667057443884e+00	1.085357851903791726e+02
9.090000000000000000e+02	1.663492879568559957e+00	1.092462287089067985e+02
9.100000000000000000e+02	1.835842427572253577e+00	1.083847173845506120e+02
9.110000000000000000e+02	2.491933993816084048e+00	1.098638045392575862e+02
9.120000000000000000e+02	2.630343263525197095e+00	1.101758332002738427e+02
9.130000000000000000e+02	1.629982306297599326e+00	1.091455007800178123e+02
9.140000000000000000e+02	2.572045798448929332e+00	1.100444078990160506e+02
9.150000000000000000e+02	2.094980071422438694e+00	1.089689150484745426e+02
9.160000000000000000e+02	3.031522398499030935e+00	1.110802479737686070e+02
9.170000000000000000e+02	2.140542792452548859e+00	1.138972524181163237e+02
9.180000000000000000e+02	2.302615494628276416e+00	1.094370065514397794e+02
9.190000000000000000e+02	2.462643744625997666e+00	1.097977728547120080e+02
9.200000000000000000e+02	2.303906001336528231e+00	1.094399158586058149e+02
9.210000000000000000e+02	2.818257635264796335e+00	1.127172842845525906e+02
9.220000000000000000e+02	2.007828524236473289e+00	1.102812517760920485e+02
9.230000000000000000e+02	1.514826436216170302e+00	1.087993589161076216e+02
9.240000000000000000e+02	1.859159432559746472e+00	1.126285559904257525e+02
9.250000000000000000e+02	3.202265615195569737e+00	1.114651700053304921e+02
9.260000000000000000e+02	1.187665076434544886e+00	1.096009338483240185e+02
9.270000000000000000e+02	2.130007679331920034e+00	1.106485046173567071e+02
9.280000000000000000e+02	2.469103573128907492e+00	1.098123358362405781e+02
9.290000000000000000e+02	2.659407593897006095e+00	1.122398040713218137e+02
9.300000000000000000e+02	2.280618374308472696e+00	1.083591351643711960e+02
9.310000000000000000e+02	2.788932138100946645e+00	1.105333545880388613e+02
9.320000000000000000e+02	2.169219401317954876e+00	1.107663693734110666e+02
9.330000000000000000e+02	2.250788191346570599e+00	1.093201675269939557e+02
9.340000000000000000e+02	1.757163716693616262e+00	1.095277896760860159e+02
9.350000000000000000e+02	2.831050933799386105e+00	1.127557390867019791e+02
9.360000000000000000e+02	2.791252397740652480e+00	1.092800703065665147e+02
9.370000000000000000e+02	4.033631401205444611e+00	1.133393938457465140e+02
9.380000000000000000e+02	4.399095009245815646e+00	1.108575312585968931e+02
9.390000000000000000e+02	2.463387987146369973e+00	1.097994506686156058e+02
9.400000000000000000e+02	2.112096176506900846e+00	1.090075014477998252e+02
9.410000000000000000e+02	1.579542910655391985e+00	1.089938872634011631e+02
9.420000000000000000e+02	3.364554241458944439e+00	1.103140276825690052e+02
9.430000000000000000e+02	2.125288310812376569e+00	1.106343188792377674e+02
9.440000000000000000e+02	2.218656508227951907e+00	1.109149701552909164e+02
9.450000000000000000e+02	2.562297156613376536e+00	1.119479041643286337e+02
9.460000000000000000e+02	1.378439255220729631e+00	1.104610931669626268e+02
9.470000000000000000e+02	1.957004163743181646e+00	1.101284811108992727e+02
9.480000000000000000e+02	1.885797200093448645e+00	1.084973349918388976e+02
9.490000000000000000e+02	1.793457440632028277e+00	1.096368833527123314e+02
9.500000000000000000e+02	1.436036972553895730e+00	1.085625292018320209e+02
9.510000000000000000e+02	2.022665623628320475e+00	1.088058899825613253e+02
9.520000000000000000e+02	3.366811975245235011e+00	1.103180995349918874e+02
9.530000000000000000e+02	1.933878054536114943e+00	1.100589673766861125e+02
9.540000000000000000e+02	3.861920336643164919e+00	1.129522899063236139e+02
9.550000000000000000e+02	3.345160709288300893e+00	1.102790511935618980e+02
9.560000000000000000e+02	2.188801599789374830e+00	1.091804254908918637e+02
9.570000000000000000e+02	1.612886366801242533e+00	1.078820871687128573e+02
9.580000000000000000e+02	2.798927460105680609e+00	1.092939123819593590e+02
9.590000000000000000e+02	3.601321426923814961e+00	1.150710606071470608e+02
9.600000000000000000e+02	1.809940060495954128e+00	1.096864277203402054e+02
9.610000000000000000e+02	2.743248414287602355e+00	1.124918174321799142e+02
9.620000000000000000e+02	3.241687144150420252e+00	1.115540415593878834e+02
9.630000000000000000e+02	3.101709028892300157e+00	1.135692981128427732e+02
9.640000000000000000e+02	2.034618578928586885e+00	1.103617787996716970e+02
9.650000000000000000e+02	1.959629601977872948e+00	1.086637821203298415e+02
9.660000000000000000e+02	2.956257579937138225e+00	1.131320921274755023e+02
9.670000000000000000e+02	2.402927076290386044e+00	1.096631481138960709e+02
9.680000000000000000e+02	1.853458159051903698e+00	1.098172368205392075e+02
9.690000000000000000e+02	2.081606003704574270e+00	1.105030161919192579e+02
9.700000000000000000e+02	2.259777196078812000e+00	1.093404322615479600e+02
9.710000000000000000e+02	1.693335858767966773e+00	1.093359323813067476e+02
9.720000000000000000e+02	2.981888124059317136e+00	1.096238843331853303e+02
9.730000000000000000e+02	2.574493236373063709e+00	1.100499253819129137e+02
9.740000000000000000e+02	1.913823605063045052e+00	1.099986866066707449e+02
9.750000000000000000e+02	3.276400619417922044e+00	1.116322993179159226e+02
9.760000000000000000e+02	2.309700756212875739e+00	1.094529795039005506e+02
9.770000000000000000e+02	2.354353900374395625e+00	1.113228568588702245e+02
9.780000000000000000e+02	2.909280544801460699e+00	1.094929356140246739e+02
9.790000000000000000e+02	2.076298530682414434e+00	1.104870626968586720e+02
9.800000000000000000e+02	2.772421967776086849e+00	1.104961342027970090e+02
9.810000000000000000e+02	1.899374363308004909e+00	1.099552542790817000e+02
9.820000000000000000e+02	1.896210675261901901e+00	1.085208110402290629e+02
9.830000000000000000e+02	2.484657725539187734e+00	1.098474009829610338e+02
9.840000000000000000e+02	1.684225406979498851e+00	1.080429132841297388e+02
9.850000000000000000e+02	1.982530958683200950e+00	1.087154107408929065e+02
9.860000000000000000e+02	2.446721014676071171e+00	1.097618767899726890e+02
9.870000000000000000e+02	2.288711184516401431e+00	1.083737306534643778e+02
9.880000000000000000e+02	2.501899600334859031e+00	1.098862709164359472e+02
9.890000000000000000e+02	2.743702634962249753e+00	1.104313895871942179e+02
9.900000000000000000e+02	1.719134297683407420e+00	1.094134787515078386e+02
9.910000000000000000e+02	2.342921666941553127e+00	1.095278724378362227e+02
9.920000000000000000e+02	1.784883821299023898e+00	1.096111122949774170e+02
9.930000000000000000e+02	1.973539703358063502e+00	1.101781845476325401e+02
9.940000000000000000e+02	1.641297891631897876e+00	1.091795137903496311e+02
9.950000000000000000e+02	2.749350694155346275e+00	1.104441225230088861e+02
9.960000000000000000e+02	1.897588779930251324e+00	1.128018255673687946e+02
9.970000000000000000e+02	2.041317196580369142e+00	1.134498657671556430e+02
9.980000000000000000e+02	1.823816062939641380e+00	1.097281369735991490e+02
9.990000000000000000e+02	2.189160774890430705e+00	1.091812352121344389e+02
