0.000000000000000000e+00	1.262058333964264145e+00	1.135144757799417903e+02
1.000000000000000000e+00	2.067579411593556404e+00	1.207783147930737613e+02
2.000000000000000000e+00	2.146977109458878097e+00	1.214942887276160377e+02
3.000000000000000000e+00	2.208538264859440936e+00	1.220494204736507271e+02
4.000000000000000000e+00	3.129517274385480441e+00	1.303544089406931903e+02
5.000000000000000000e+00	1.859404408007267806e+00	1.189010830798337537e+02
6.000000000000000000e+00	1.735420465007905255e+00	1.177830497630504993e+02
7.000000000000000000e+00	2.535206439010562640e+00	1.249951721040500559e+02
8.000000000000000000e+00	1.791067640911425007e+00	1.182848518120896415e+02
9.000000000000000000e+00	2.567120199512924472e+00	1.252829565271157435e+02
1.000000000000000000e+01	2.058855386457052905e+00	1.206996453256967072e+02
1.100000000000000000e+01	3.854903012116895233e+00	1.368956222839992165e+02
1.200000000000000000e+01	1.861936085224664694e+00	1.189239126447589854e+02
1.300000000000000000e+01	2.072818862415990893e+00	1.208255618836196561e+02
1.400000000000000000e+01	3.096772856175904476e+00	1.300591340074126947e+02
1.500000000000000000e+01	2.931665604206318498e+00	1.285702685617841894e+02
1.600000000000000000e+01	3.513938129325439697e+00	1.338209491481730140e+02
1.700000000000000000e+01	1.988006157710143995e+00	1.200607577706538081e+02
1.800000000000000000e+01	1.908297988874870788e+00	1.193419841438295776e+02
1.900000000000000000e+01	3.271372768625568472e+00	1.316336001399115219e+02
2.000000000000000000e+01	1.805834381669853661e+00	1.184180118628900118e+02
2.100000000000000000e+01	2.707080248160339320e+00	1.265450554217058254e+02
2.200000000000000000e+01	2.031894518183320564e+00	1.204565239323111854e+02
2.300000000000000000e+01	2.556447547768740947e+00	1.251867151918286254e+02
2.400000000000000000e+01	1.605356514707566795e+00	1.166101895826885340e+02
2.500000000000000000e+01	3.800580838174565823e+00	1.364057685268241187e+02
2.600000000000000000e+01	2.059354950037087573e+00	1.207041501729601407e+02
2.700000000000000000e+01	2.333401613728670831e+00	1.231753838903945280e+02
2.800000000000000000e+01	3.061862171310938852e+00	1.297443246228542932e+02
2.900000000000000000e+01	2.071699563263915689e+00	1.208154685302934723e+02
3.000000000000000000e+01	1.909102002647378393e+00	1.193492343906201683e+02
3.100000000000000000e+01	4.968192115796271402e+00	1.469347796056187292e+02
3.200000000000000000e+01	2.116941631621204856e+00	1.212234418413527521e+02
3.300000000000000000e+01	2.779975085181822347e+00	1.272023893831843964e+02
3.400000000000000000e+01	1.676275301548279195e+00	1.172497043823926646e+02
3.500000000000000000e+01	1.913165654895295997e+00	1.193858786406019306e+02
3.600000000000000000e+01	2.952356939030355232e+00	1.287568540271464883e+02
3.700000000000000000e+01	2.595309415907230743e+00	1.255371546300346779e+02
3.800000000000000000e+01	1.983424569763359013e+00	1.200194430016251772e+02
3.900000000000000000e+01	2.389150888456191613e+00	1.236781066222582126e+02
4.000000000000000000e+01	3.738284465805537859e+00	1.358440069136798343e+02
4.100000000000000000e+01	2.085480084461077688e+00	1.209397352816835536e+02
4.200000000000000000e+01	1.791702171074733840e+00	1.182905737293470025e+02
4.300000000000000000e+01	3.166326185104527013e+00	1.306863357010689697e+02
4.400000000000000000e+01	1.970653466010830135e+00	1.199042787380761723e+02
4.500000000000000000e+01	1.969442099312860073e+00	1.198933551596319944e+02
4.600000000000000000e+01	1.583521384143774080e+00	1.164132898644180898e+02
4.700000000000000000e+01	2.132274933330268407e+00	1.213617108925887607e+02
4.800000000000000000e+01	2.353384956172598574e+00	1.233555849881537370e+02
4.900000000000000000e+01	2.353723820428418989e+00	1.233586407187484326e+02
5.000000000000000000e+01	1.485797480732272025e+00	1.155320581724986795e+02
5.100000000000000000e+01	1.688996142906678877e+00	1.173644154015145489e+02
5.200000000000000000e+01	2.868683720223916822e+00	1.280023253028215038e+02
5.300000000000000000e+01	2.689633775169343100e+00	1.263877307101954557e+02
5.400000000000000000e+01	2.024315798073211603e+00	1.203881823279332650e+02
5.500000000000000000e+01	3.416585505052526894e+00	1.329430654901741775e+02
5.600000000000000000e+01	2.594083101012262915e+00	1.255260962552461876e+02
5.700000000000000000e+01	2.109389776110647929e+00	1.211553424902587182e+02
5.800000000000000000e+01	2.660187899584385729e+00	1.261222006008166545e+02
5.900000000000000000e+01	1.831032738868469290e+00	1.186452396973556631e+02
6.000000000000000000e+01	1.924737626857598194e+00	1.194902296547877114e+02
6.100000000000000000e+01	2.233468682796498683e+00	1.222742321482972159e+02
6.200000000000000000e+01	2.439633863535235925e+00	1.241333401525307494e+02
6.300000000000000000e+01	2.570343430016464481e+00	1.253120222190388517e+02
6.400000000000000000e+01	2.502107721111331173e+00	1.246967022501404898e+02
6.500000000000000000e+01	2.077849044663705680e+00	1.208709218811031008e+02
6.600000000000000000e+01	1.684736655017465612e+00	1.173260051908262085e+02
6.700000000000000000e+01	2.214887809893080650e+00	1.221066779113663614e+02
6.800000000000000000e+01	1.889318620852836306e+00	1.191708364510978271e+02
6.900000000000000000e+01	1.955896896838237531e+00	1.197712104102164830e+02
7.000000000000000000e+01	1.180610428055135497e+00	1.127800139602438776e+02
7.100000000000000000e+01	1.702567919221215753e+00	1.174867997822698840e+02
7.200000000000000000e+01	2.458241401721105390e+00	1.243011348453905072e+02
7.300000000000000000e+01	1.466518314457004646e+00	1.153582070294062021e+02
7.400000000000000000e+01	1.735371918415742343e+00	1.177826119909798450e+02
7.500000000000000000e+01	1.941536699708993563e+00	1.196417163931875791e+02
7.600000000000000000e+01	1.865794393736088130e+00	1.189587051941637270e+02
7.700000000000000000e+01	3.105484921982868407e+00	1.301376956307532566e+02
7.800000000000000000e+01	2.164345287661347150e+00	1.216509074107489852e+02
7.900000000000000000e+01	1.214153345331869360e+00	1.130824894110987202e+02
8.000000000000000000e+01	2.166002457442576024e+00	1.216658510476600128e+02
8.100000000000000000e+01	3.152113294049496695e+00	1.305581700262007701e+02
8.200000000000000000e+01	3.059369065169594837e+00	1.297218428751306192e+02
8.300000000000000000e+01	1.377818169695632866e+00	1.145583476714309370e+02
8.400000000000000000e+01	4.016348733049524000e+00	1.383514696339717602e+02
8.500000000000000000e+01	1.438459207132512407e+00	1.151051821935357964e+02
8.600000000000000000e+01	1.911348151310843679e+00	1.193694891831316056e+02
8.700000000000000000e+01	1.947327828389630699e+00	1.196939382749095131e+02
8.800000000000000000e+01	1.710418843104569042e+00	1.175575960019800732e+02
8.900000000000000000e+01	2.387927847823855920e+00	1.236670777733472022e+02
9.000000000000000000e+01	2.813132974411094001e+00	1.275013928184334588e+02
9.100000000000000000e+01	2.349153007899525747e+00	1.233174231177555384e+02
9.200000000000000000e+01	2.323010364037199516e+00	1.230816801165264991e+02
9.300000000000000000e+01	2.802828006161556917e+00	1.274084670931124492e+02
9.400000000000000000e+01	1.797081334574053280e+00	1.183390806880964448e+02
9.500000000000000000e+01	2.106917735915894596e+00	1.211330507060864932e+02
9.600000000000000000e+01	1.769389983631939112e+00	1.180893721194620412e+02
9.700000000000000000e+01	2.481794748473645562e+00	1.245135286905453142e+02
9.800000000000000000e+01	2.418378469703668987e+00	1.239416682481683978e+02
9.900000000000000000e+01	2.543261574107772649e+00	1.250678098117402897e+02
1.000000000000000000e+02	1.944930018225169643e+00	1.196723158648914449e+02
1.010000000000000000e+02	1.847583770328142361e+00	1.187944897062792933e+02
1.020000000000000000e+02	1.539791353664730966e+00	1.160189514538404580e+02
1.030000000000000000e+02	2.407622848528038872e+00	1.238446787306055086e+02
1.040000000000000000e+02	2.279522025927681383e+00	1.226895211827020802e+02
1.050000000000000000e+02	1.604761015109016142e+00	1.166048196261021843e+02
1.060000000000000000e+02	2.405494222296792550e+00	1.238254837043146921e+02
1.070000000000000000e+02	1.982594896020305697e+00	1.200119613643715581e+02
1.080000000000000000e+02	2.048063926092541287e+00	1.206023326259035429e+02
1.090000000000000000e+02	4.075575019770635521e+00	1.388855465489469623e+02
1.100000000000000000e+02	1.750990699588464317e+00	1.179234553719549154e+02
1.110000000000000000e+02	1.505687198779269931e+00	1.157114150061338478e+02
1.120000000000000000e+02	1.416217624549363174e+00	1.149046172675915045e+02
1.130000000000000000e+02	2.596573733022929709e+00	1.255485556923346451e+02
1.140000000000000000e+02	2.159502740791822806e+00	1.216072394275631154e+02
1.150000000000000000e+02	1.411241083897532000e+00	1.148597409867080898e+02
1.160000000000000000e+02	1.713962760263556540e+00	1.175895535067973583e+02
1.170000000000000000e+02	1.814472562116561827e+00	1.184959072201610297e+02
1.180000000000000000e+02	2.734091188000399075e+00	1.267886283387163076e+02
1.190000000000000000e+02	1.677109465828839019e+00	1.172572265133620135e+02
1.200000000000000000e+02	2.167326269555863938e+00	1.216777886099927741e+02
1.210000000000000000e+02	3.265198539753251694e+00	1.315779236271494597e+02
1.220000000000000000e+02	1.913074190662832574e+00	1.193850538559022851e+02
1.230000000000000000e+02	2.530164273825308729e+00	1.249497040496434579e+02
1.240000000000000000e+02	2.604915861048051173e+00	1.256237813775268393e+02
1.250000000000000000e+02	1.830649713561812941e+00	1.186417857415961237e+02
1.260000000000000000e+02	2.238500278473438243e+00	1.223196048914711440e+02
1.270000000000000000e+02	2.044118296585775596e+00	1.205667526537109495e+02
1.280000000000000000e+02	1.588022529613143607e+00	1.164538792381442533e+02
1.290000000000000000e+02	2.015001229836657082e+00	1.203041875995193379e+02
1.300000000000000000e+02	1.981193977044481525e+00	1.199993284858616960e+02
1.310000000000000000e+02	2.001752549299929296e+00	1.201847167560766820e+02
1.320000000000000000e+02	2.556247336757800248e+00	1.251849097759400422e+02
1.330000000000000000e+02	1.825988167507150983e+00	1.185997499450990063e+02
1.340000000000000000e+02	1.576572654958104280e+00	1.163506292444140797e+02
1.350000000000000000e+02	2.462554783428986482e+00	1.243400310471142944e+02
1.360000000000000000e+02	3.605852729608961749e+00	1.346497950691026517e+02
1.370000000000000000e+02	2.845164447077805470e+00	1.277902387186416888e+02
1.380000000000000000e+02	1.824540636833639207e+00	1.185866967425559864e+02
1.390000000000000000e+02	2.732130012261487995e+00	1.267709433081944042e+02
1.400000000000000000e+02	1.533060763695571760e+00	1.159582579184915545e+02
1.410000000000000000e+02	1.981217437061570941e+00	1.199995400381005055e+02
1.420000000000000000e+02	2.484166052453751661e+00	1.245349120793119795e+02
1.430000000000000000e+02	1.838849856124241455e+00	1.187157310635900700e+02
1.440000000000000000e+02	1.157786282448605153e+00	1.125741957341261354e+02
1.450000000000000000e+02	1.521588178274303926e+00	1.158548031289412279e+02
1.460000000000000000e+02	2.520568503603530797e+00	1.248631735639321079e+02
1.470000000000000000e+02	3.355574830604759029e+00	1.323928977421427078e+02
1.480000000000000000e+02	1.654359680744752925e+00	1.170520788381199111e+02
1.490000000000000000e+02	3.537950892502894185e+00	1.340374858109936156e+02
1.500000000000000000e+02	1.573287829186544418e+00	1.163210081131321658e+02
1.510000000000000000e+02	2.637543478210200742e+00	1.259180030497212783e+02
1.520000000000000000e+02	1.662411166139243557e+00	1.171246836343771349e+02
1.530000000000000000e+02	1.698625276540234097e+00	1.174512467439741670e+02
1.540000000000000000e+02	2.079341171972009406e+00	1.208843772367177678e+02
1.550000000000000000e+02	1.741436750548363444e+00	1.178373020114851784e+02
1.560000000000000000e+02	1.694888146634625503e+00	1.174175469305746304e+02
1.570000000000000000e+02	1.755090344708942762e+00	1.179604241900195660e+02
1.580000000000000000e+02	3.336555725747287315e+00	1.322213917198979232e+02
1.590000000000000000e+02	1.835685465746795364e+00	1.186871959663532436e+02
1.600000000000000000e+02	2.153105455135023050e+00	1.215495514856550443e+02
1.610000000000000000e+02	2.145429833771078876e+00	1.214803360678815807e+02
1.620000000000000000e+02	1.668489006443690359e+00	1.171794909569228764e+02
1.630000000000000000e+02	1.923853399198071523e+00	1.194822560740234962e+02
1.640000000000000000e+02	1.465320734177882889e+00	1.153474077708958561e+02
1.650000000000000000e+02	2.032191444670266911e+00	1.204592014863315796e+02
1.660000000000000000e+02	2.211465589772534379e+00	1.220758178175544089e+02
1.670000000000000000e+02	3.197687010398490681e+00	1.309691339947210054e+02
1.680000000000000000e+02	1.723685165659766927e+00	1.176772259334783826e+02
1.690000000000000000e+02	2.763047582578719741e+00	1.270497445210968692e+02
1.700000000000000000e+02	2.685779386317974193e+00	1.263529735065816766e+02
1.710000000000000000e+02	2.677503343095806621e+00	1.262783437454232569e+02
1.720000000000000000e+02	2.612254140846605122e+00	1.256899547956661820e+02
1.730000000000000000e+02	2.339306821605753761e+00	1.232286344887332348e+02
1.740000000000000000e+02	1.326928140526614897e+00	1.140994435042733670e+02
1.750000000000000000e+02	1.481787828781852223e+00	1.154959008737321966e+02
1.760000000000000000e+02	2.704198723810598448e+00	1.265190710873783644e+02
1.770000000000000000e+02	2.857324109214609109e+00	1.278998892674215710e+02
1.780000000000000000e+02	1.509705872925191095e+00	1.157476536631384789e+02
1.790000000000000000e+02	1.920626825696291284e+00	1.194531602363950640e+02
1.800000000000000000e+02	1.380822301098232341e+00	1.145854376228782598e+02
1.810000000000000000e+02	1.852597601362618640e+00	1.188397022556276852e+02
1.820000000000000000e+02	2.864007794424078490e+00	1.279601598360315506e+02
1.830000000000000000e+02	1.843663579187986290e+00	1.187591391262217115e+02
1.840000000000000000e+02	2.099587167215641870e+00	1.210669468232805457e+02
1.850000000000000000e+02	1.886830371925498184e+00	1.191483985036191910e+02
1.860000000000000000e+02	2.489434191320546663e+00	1.245824178661746089e+02
1.870000000000000000e+02	1.577959826751126560e+00	1.163631381568037142e+02
1.880000000000000000e+02	1.516647661116819146e+00	1.158102516922746617e+02
1.890000000000000000e+02	2.288348838039373501e+00	1.227691175383520061e+02
1.900000000000000000e+02	2.523014071068573116e+00	1.248852266285323509e+02
1.910000000000000000e+02	1.817681293556183242e+00	1.185248421658267404e+02
1.920000000000000000e+02	1.692742927487707050e+00	1.173982022765812587e+02
1.930000000000000000e+02	1.213410283635177889e+00	1.130757888036391705e+02
1.940000000000000000e+02	1.781002895354701021e+00	1.181940923106159573e+02
1.950000000000000000e+02	3.343610792291913825e+00	1.322850112439926988e+02
1.960000000000000000e+02	1.700627869628355882e+00	1.174693052581520192e+02
1.970000000000000000e+02	2.383195313332752807e+00	1.236244018339805422e+02
1.980000000000000000e+02	1.614765002576814990e+00	1.166950312375343088e+02
1.990000000000000000e+02	2.590597931585925107e+00	1.254946685119512324e+02
2.000000000000000000e+02	1.289563101628492969e+00	1.137625018216619566e+02
2.010000000000000000e+02	1.548737895697426481e+00	1.160996274818855341e+02
2.020000000000000000e+02	2.371925213030706914e+00	1.235227729672389785e+02
2.030000000000000000e+02	2.534641299315030238e+00	1.249900759198752525e+02
2.040000000000000000e+02	1.914709924702194588e+00	1.193998041946087483e+02
2.050000000000000000e+02	2.089057787363681751e+00	1.209719974516541043e+02
2.060000000000000000e+02	1.913139221455079308e+00	1.193856402753255566e+02
2.070000000000000000e+02	1.851850360581916100e+00	1.188329639630046728e+02
2.080000000000000000e+02	2.865830925919993000e+00	1.279766000435616462e+02
2.090000000000000000e+02	2.248890411569086201e+00	1.224132985963632905e+02
2.100000000000000000e+02	1.470993039266625724e+00	1.153985581531046734e+02
2.110000000000000000e+02	1.496873828113258087e+00	1.156319398595996546e+02
2.120000000000000000e+02	3.275684258560646711e+00	1.316724792824503254e+02
2.130000000000000000e+02	1.370811496665321538e+00	1.144951645390172814e+02
2.140000000000000000e+02	2.793481890491750441e+00	1.273241878836553980e+02
2.150000000000000000e+02	1.214932958200888091e+00	1.130895196211458398e+02
2.160000000000000000e+02	2.688715443220049739e+00	1.263794495917672265e+02
2.170000000000000000e+02	2.751794654326356948e+00	1.269482705044366924e+02
2.180000000000000000e+02	2.284045246580285848e+00	1.227303096208371755e+02
2.190000000000000000e+02	3.761355493545169626e+00	1.360520514155833780e+02
2.200000000000000000e+02	1.866207080433945897e+00	1.189624266234588106e+02
2.210000000000000000e+02	2.205781723410441764e+00	1.220245631808068367e+02
2.220000000000000000e+02	2.001042968190159144e+00	1.201783180619999314e+02
2.230000000000000000e+02	2.418065869467307394e+00	1.239388493550873136e+02
2.240000000000000000e+02	2.445397300854761369e+00	1.241853123255923492e+02
2.250000000000000000e+02	2.342640029235814048e+00	1.232586919065892204e+02
2.260000000000000000e+02	2.343006822129157563e+00	1.232619994854998140e+02
2.270000000000000000e+02	1.298614305722997520e+00	1.138441216466961805e+02
2.280000000000000000e+02	2.111210388165176699e+00	1.211717599785612975e+02
2.290000000000000000e+02	3.322170124820939208e+00	1.320916686224667558e+02
2.300000000000000000e+02	2.438468273393522789e+00	1.241228293671772320e+02
2.310000000000000000e+02	1.488343311181908435e+00	1.155550153651215197e+02
2.320000000000000000e+02	3.145383305190712964e+00	1.304974819114040088e+02
2.330000000000000000e+02	1.354567707515430985e+00	1.143486851077213089e+02
2.340000000000000000e+02	1.816052147391687299e+00	1.185101512337128469e+02
2.350000000000000000e+02	3.192760437673738849e+00	1.309247083028888312e+02
2.360000000000000000e+02	2.325991470292846586e+00	1.231085624372049239e+02
2.370000000000000000e+02	2.667540594675382959e+00	1.261885040097986064e+02
2.380000000000000000e+02	1.674354297978394079e+00	1.172323816070329485e+02
2.390000000000000000e+02	2.148831699384430749e+00	1.215110126135933513e+02
2.400000000000000000e+02	2.119262546954733928e+00	1.212443708472025747e+02
2.410000000000000000e+02	2.627555925384115643e+00	1.258279396387459315e+02
2.420000000000000000e+02	1.596939004433004961e+00	1.165342841331306545e+02
2.430000000000000000e+02	1.495804547751855118e+00	1.156222975539904780e+02
2.440000000000000000e+02	2.422748058388543679e+00	1.239810712999841940e+02
2.450000000000000000e+02	1.721766381106961452e+00	1.176599231682503301e+02
2.460000000000000000e+02	2.330578447903158157e+00	1.231499258078769969e+02
2.470000000000000000e+02	2.255774049797294456e+00	1.224753722544002699e+02
2.480000000000000000e+02	2.727545678776699845e+00	1.267296037810972109e+02
2.490000000000000000e+02	2.364651743955119567e+00	1.234571839840337759e+02
2.500000000000000000e+02	1.214263269450605476e+00	1.130834806590304424e+02
2.510000000000000000e+02	2.048873264841135189e+00	1.206096308910143478e+02
2.520000000000000000e+02	1.488620054620102273e+00	1.155575109171794423e+02
2.530000000000000000e+02	2.412182700732180773e+00	1.238857974961529465e+02
2.540000000000000000e+02	1.838352215502143228e+00	1.187112435567256341e+02
2.550000000000000000e+02	2.369395598675534398e+00	1.234999620043087987e+02
2.560000000000000000e+02	2.201000924969561012e+00	1.219814520181157320e+02
2.570000000000000000e+02	2.707679029431084405e+00	1.265504549709858679e+02
2.580000000000000000e+02	1.010744584127034607e+00	1.112482376003317057e+02
2.590000000000000000e+02	2.730105164138523666e+00	1.267526841077839777e+02
2.600000000000000000e+02	2.548446557513647015e+00	1.251145657387942123e+02
2.610000000000000000e+02	2.344814383850153394e+00	1.232782992915660429e+02
2.620000000000000000e+02	2.861667216291444493e+00	1.279390535196044851e+02
2.630000000000000000e+02	1.867001213431312978e+00	1.189695877697132005e+02
2.640000000000000000e+02	2.939084933363741214e+00	1.286371728478192153e+02
2.650000000000000000e+02	3.050187360420099303e+00	1.296390462519028972e+02
2.660000000000000000e+02	1.376305310961324802e+00	1.145447053688260581e+02
2.670000000000000000e+02	2.351222155178225748e+00	1.233360817887007670e+02
2.680000000000000000e+02	1.786968050406818609e+00	1.182478834865271864e+02
2.690000000000000000e+02	1.659600905165878881e+00	1.170993419222080547e+02
2.700000000000000000e+02	2.017717168385384952e+00	1.203286787530538646e+02
2.710000000000000000e+02	2.991473077667587077e+00	1.291095863662088448e+02
2.720000000000000000e+02	2.011567116375510000e+00	1.202732202567304682e+02
2.730000000000000000e+02	1.825751087880131518e+00	1.185976120640530667e+02
2.740000000000000000e+02	2.363744901478516347e+00	1.234490064726771550e+02
2.750000000000000000e+02	2.133953111617338472e+00	1.213768439750755590e+02
2.760000000000000000e+02	2.365687301797551712e+00	1.234665221946220868e+02
2.770000000000000000e+02	1.751471849351667887e+00	1.179277941714204729e+02
2.780000000000000000e+02	2.986477113056303256e+00	1.290645349285003931e+02
2.790000000000000000e+02	1.554847823706516863e+00	1.161547241574070171e+02
2.800000000000000000e+02	2.491684950336596316e+00	1.246027142328420894e+02
2.810000000000000000e+02	1.393315934096654551e+00	1.146980997757505065e+02
2.820000000000000000e+02	2.559800504850638703e+00	1.252169507016585044e+02
2.830000000000000000e+02	2.775195298421101686e+00	1.271592873433853157e+02
2.840000000000000000e+02	2.446214819108653682e+00	1.241926843499272621e+02
2.850000000000000000e+02	2.058230610241180258e+00	1.206940113652984508e+02
2.860000000000000000e+02	1.724547812710702344e+00	1.176850049096928643e+02
2.870000000000000000e+02	2.259442789097586335e+00	1.225084553510423859e+02
2.880000000000000000e+02	1.918678169211767370e+00	1.194355880990685819e+02
2.890000000000000000e+02	1.746114026158481103e+00	1.178794796502776308e+02
2.900000000000000000e+02	3.968818213161370512e+00	1.379228600615269045e+02
2.910000000000000000e+02	1.550060778332555067e+00	1.161115566625881854e+02
2.920000000000000000e+02	2.091459614051344396e+00	1.209936560809328938e+02
2.930000000000000000e+02	2.134661626050031735e+00	1.213832330503219907e+02
2.940000000000000000e+02	1.415700171774668004e+00	1.148999511033449465e+02
2.950000000000000000e+02	1.838137472719587384e+00	1.187093070996358790e+02
2.960000000000000000e+02	1.840895791936515646e+00	1.187341804236183691e+02
2.970000000000000000e+02	2.191349654549392234e+00	1.218944210557346679e+02
2.980000000000000000e+02	1.819140697059556278e+00	1.185380024323897175e+02
2.990000000000000000e+02	1.939084398161837974e+00	1.196196026035613471e+02
3.000000000000000000e+02	2.434291023135154219e+00	1.240851607397048753e+02
3.010000000000000000e+02	1.609582225192268456e+00	1.166482952034220233e+02
3.020000000000000000e+02	1.482115767936662110e+00	1.154988580865138346e+02
3.030000000000000000e+02	2.350580976561210456e+00	1.233302999185771824e+02
3.040000000000000000e+02	3.082597709872743952e+00	1.299313086983136429e+02
3.050000000000000000e+02	1.542032707350191822e+00	1.160391630073240634e+02
3.060000000000000000e+02	2.060641047523810609e+00	1.207157476411806556e+02
3.070000000000000000e+02	1.663589783477811057e+00	1.171353118933304955e+02
3.080000000000000000e+02	1.405159020458078833e+00	1.148048955817661465e+02
3.090000000000000000e+02	2.524225290428426138e+00	1.248961488783454286e+02
3.100000000000000000e+02	2.428361904327183574e+00	1.240316945229826615e+02
3.110000000000000000e+02	1.563319225472112883e+00	1.162311155770107689e+02
3.120000000000000000e+02	1.583851920342149056e+00	1.164162704962099752e+02
3.130000000000000000e+02	3.193347623638812749e+00	1.309300032907414391e+02
3.140000000000000000e+02	2.893264352289889096e+00	1.282239827604931577e+02
3.150000000000000000e+02	1.961541074150062292e+00	1.198221071483568778e+02
3.160000000000000000e+02	1.993630623243001887e+00	1.201114767565378543e+02
3.170000000000000000e+02	3.588414141046132322e+00	1.344925414559390617e+02
3.180000000000000000e+02	1.788899409890909231e+00	1.182652996470207256e+02
3.190000000000000000e+02	1.624462828625197863e+00	1.167824820183383707e+02
3.200000000000000000e+02	2.785607625135786858e+00	1.272531811806889834e+02
3.210000000000000000e+02	2.292366888947912074e+00	1.228053505752727688e+02
3.220000000000000000e+02	2.488491968501952645e+00	1.245739213102695686e+02
3.230000000000000000e+02	1.685803251397615554e+00	1.173356232934588661e+02
3.240000000000000000e+02	3.359487168795542544e+00	1.324281775077155885e+02
3.250000000000000000e+02	2.263560768580616056e+00	1.225455895004207605e+02
3.260000000000000000e+02	1.928507069462689794e+00	1.195242208500686729e+02
3.270000000000000000e+02	2.033353392934513781e+00	1.204696794308167966e+02
3.280000000000000000e+02	2.160427764525655991e+00	1.216155808895962025e+02
3.290000000000000000e+02	1.746079611109525809e+00	1.178791693103223110e+02
3.300000000000000000e+02	1.418461417500360700e+00	1.149248508173116647e+02
3.310000000000000000e+02	1.609253870472390435e+00	1.166453342432552063e+02
3.320000000000000000e+02	1.444725467273738406e+00	1.151616886042857573e+02
3.330000000000000000e+02	2.227890701086919556e+00	1.222239323333304526e+02
3.340000000000000000e+02	2.382166230426487452e+00	1.236151220115527138e+02
3.350000000000000000e+02	2.078558984397635534e+00	1.208773238090966800e+02
3.360000000000000000e+02	2.963422974288349554e+00	1.288566427240037910e+02
3.370000000000000000e+02	1.388541739220249926e+00	1.146550481611340615e+02
3.380000000000000000e+02	1.723187057433628322e+00	1.176727342099639202e+02
3.390000000000000000e+02	2.228800568676465144e+00	1.222321371238409426e+02
3.400000000000000000e+02	2.701976684323655231e+00	1.264990337009433858e+02
3.410000000000000000e+02	2.242253890481293865e+00	1.223534533333059215e+02
3.420000000000000000e+02	2.642672099058669843e+00	1.259642507237266784e+02
3.430000000000000000e+02	1.499690832388003159e+00	1.156573423799300713e+02
3.440000000000000000e+02	1.334351148468099435e+00	1.141663809639843237e+02
3.450000000000000000e+02	1.694233978435049748e+00	1.174116479260405583e+02
3.460000000000000000e+02	1.603496949761147539e+00	1.165934208341351024e+02
3.470000000000000000e+02	1.726715400343971751e+00	1.177045512729752090e+02
3.480000000000000000e+02	2.123910612388150376e+00	1.212862850813157394e+02
3.490000000000000000e+02	2.194784483097222072e+00	1.219253948468644779e+02
3.500000000000000000e+02	2.183309742400510345e+00	1.218219206219768438e+02
3.510000000000000000e+02	1.817391838613181543e+00	1.185222319869426428e+02
3.520000000000000000e+02	3.674272547667290389e+00	1.352667752543339930e+02
3.530000000000000000e+02	2.225468873130132863e+00	1.222020933412988910e+02
3.540000000000000000e+02	1.548322531220131637e+00	1.160958819055391871e+02
3.550000000000000000e+02	1.954072203364493276e+00	1.197547561174491193e+02
3.560000000000000000e+02	1.451105300883929416e+00	1.152192191712218516e+02
3.570000000000000000e+02	2.572068549445314822e+00	1.253275785963424340e+02
3.580000000000000000e+02	1.869711424805726274e+00	1.189940272780786898e+02
3.590000000000000000e+02	1.813476646774570877e+00	1.184869264884138005e+02
3.600000000000000000e+02	1.602216220712421535e+00	1.165818717761554240e+02
3.610000000000000000e+02	1.724938293989989102e+00	1.176885261001733625e+02
3.620000000000000000e+02	2.041879893263681911e+00	1.205465677053220048e+02
3.630000000000000000e+02	1.647216496162717814e+00	1.169876647038582860e+02
3.640000000000000000e+02	2.386378302593688883e+00	1.236531046478659590e+02
3.650000000000000000e+02	1.707776035546842097e+00	1.175337643119409847e+02
3.660000000000000000e+02	1.377273542338331769e+00	1.145534364586080187e+02
3.670000000000000000e+02	1.738305162792025182e+00	1.178090627140300768e+02
3.680000000000000000e+02	1.446454325490420079e+00	1.151772786963531985e+02
3.690000000000000000e+02	2.133338260413754739e+00	1.213712995141248712e+02
3.700000000000000000e+02	2.417494607705478415e+00	1.239336979647791992e+02
3.710000000000000000e+02	1.752728583269095530e+00	1.179391268517339455e+02
3.720000000000000000e+02	1.690439252000425441e+00	1.173774287321727741e+02
3.730000000000000000e+02	1.617049158662798414e+00	1.167156287644646824e+02
3.740000000000000000e+02	2.059166530253308203e+00	1.207024510852338608e+02
3.750000000000000000e+02	2.306538549295849005e+00	1.229331444495425387e+02
3.760000000000000000e+02	2.421972918820202825e+00	1.239740814282185681e+02
3.770000000000000000e+02	3.394365141989057921e+00	1.327426919126367579e+02
3.780000000000000000e+02	2.167242601773269328e+00	1.216770341302898544e+02
3.790000000000000000e+02	1.336434812736766453e+00	1.141851705428362607e+02
3.800000000000000000e+02	1.822496395202798825e+00	1.185682626599196112e+02
3.810000000000000000e+02	1.678767746249432813e+00	1.172721801655361702e+02
3.820000000000000000e+02	1.482165545891140912e+00	1.154993069624747193e+02
3.830000000000000000e+02	1.982491086558136217e+00	1.200110252557554276e+02
3.840000000000000000e+02	1.265260998716779994e+00	1.135433560188596545e+02
3.850000000000000000e+02	1.783834216043567622e+00	1.182196239301472644e+02
3.860000000000000000e+02	1.825251422885352914e+00	1.185931063022755438e+02
3.870000000000000000e+02	1.312436264050457213e+00	1.139687620601194595e+02
3.880000000000000000e+02	2.172859396955860056e+00	1.217276839482885862e+02
3.890000000000000000e+02	1.759936671210205139e+00	1.180041262562818929e+02
3.900000000000000000e+02	1.755546280943633741e+00	1.179645356248423553e+02
3.910000000000000000e+02	2.143174729870378492e+00	1.214600005209325388e+02
3.920000000000000000e+02	2.101126699633977246e+00	1.210808296575760750e+02
3.930000000000000000e+02	1.114598092985429334e+00	1.121847434103552530e+02
3.940000000000000000e+02	1.739752501458607492e+00	1.178221141851380338e+02
3.950000000000000000e+02	1.601441505747977168e+00	1.165748857332832245e+02
3.960000000000000000e+02	2.218916538829278196e+00	1.221430072381000684e+02
3.970000000000000000e+02	2.504946103091984178e+00	1.247222975453324096e+02
3.980000000000000000e+02	1.642220370790690387e+00	1.169426118164792996e+02
3.990000000000000000e+02	2.091661996835291859e+00	1.209954810809266235e+02
4.000000000000000000e+02	2.107941309646118810e+00	1.211422808491589933e+02
4.010000000000000000e+02	1.339829110522172906e+00	1.142157788451644791e+02
4.020000000000000000e+02	2.670469520502491978e+00	1.262149157900491616e+02
4.030000000000000000e+02	1.688503016142020696e+00	1.173599685986548451e+02
4.040000000000000000e+02	2.930664455807139746e+00	1.285612406406014259e+02
4.050000000000000000e+02	1.978727496564153476e+00	1.199770868367780139e+02
4.060000000000000000e+02	4.083796563057371820e+00	1.389596848533723517e+02
4.070000000000000000e+02	2.789962756818988865e+00	1.272924538655464346e+02
4.080000000000000000e+02	3.445388812048928884e+00	1.332028011952701263e+02
4.090000000000000000e+02	2.963268445899469583e+00	1.288552492541481342e+02
4.100000000000000000e+02	2.206139161109036628e+00	1.220277863986367919e+02
4.110000000000000000e+02	1.753069001752936895e+00	1.179421965976815017e+02
4.120000000000000000e+02	1.814250844596478451e+00	1.184939078679193614e+02
4.130000000000000000e+02	2.214161488759829766e+00	1.221001282630327722e+02
4.140000000000000000e+02	1.956782161055111269e+00	1.197791933382043936e+02
4.150000000000000000e+02	2.633851929479278375e+00	1.258847142675463004e+02
4.160000000000000000e+02	1.672513181463013199e+00	1.172157792184132603e+02
4.170000000000000000e+02	1.973477393172434535e+00	1.199297436859917099e+02
4.180000000000000000e+02	2.583380873464241390e+00	1.254295882182131692e+02
4.190000000000000000e+02	2.025267257309608215e+00	1.203967621738400737e+02
4.200000000000000000e+02	2.706803217103568748e+00	1.265425572760285746e+02
4.210000000000000000e+02	1.562356709967984703e+00	1.162224360304864206e+02
4.220000000000000000e+02	3.370866483677594339e+00	1.325307912240769781e+02
4.230000000000000000e+02	1.978552512523738871e+00	1.199755089067464553e+02
4.240000000000000000e+02	2.162121797518000488e+00	1.216308569429249928e+02
4.250000000000000000e+02	2.279546350394769494e+00	1.226897405301753139e+02
4.260000000000000000e+02	3.336348352289932429e+00	1.322195217161802532e+02
4.270000000000000000e+02	3.508291975714176836e+00	1.337700345886231617e+02
4.280000000000000000e+02	2.081220721203759005e+00	1.209013261948715012e+02
4.290000000000000000e+02	2.092154113056421849e+00	1.209999187711439390e+02
4.300000000000000000e+02	1.543310554371711607e+00	1.160506860764348573e+02
4.310000000000000000e+02	2.311043539353325738e+00	1.229737684920934555e+02
4.320000000000000000e+02	2.304231602289967373e+00	1.229123414040010402e+02
4.330000000000000000e+02	2.426750990363962579e+00	1.240171680009364934e+02
4.340000000000000000e+02	2.875687369286045403e+00	1.280654811664042256e+02
4.350000000000000000e+02	2.959303749299368125e+00	1.288194973431940298e+02
4.360000000000000000e+02	1.453934849862390966e+00	1.152447348142386829e+02
4.370000000000000000e+02	2.325334338642912613e+00	1.231026367095633702e+02
4.380000000000000000e+02	2.253096825097906208e+00	1.224512302055347561e+02
4.390000000000000000e+02	3.443476487740357417e+00	1.331855566857170743e+02
4.400000000000000000e+02	2.110857107671772592e+00	1.211685742486011179e+02
4.410000000000000000e+02	1.707419322647438786e+00	1.175305476300351444e+02
4.420000000000000000e+02	2.273427494088768874e+00	1.226345633431523652e+02
4.430000000000000000e+02	1.944192117436411849e+00	1.196656617962567992e+02
4.440000000000000000e+02	1.629699071874027627e+00	1.168297001843794618e+02
4.450000000000000000e+02	1.915263066043315421e+00	1.194047921828377241e+02
4.460000000000000000e+02	1.308195867054045447e+00	1.139305240028058677e+02
4.470000000000000000e+02	1.960454070733264498e+00	1.198123050239362755e+02
4.480000000000000000e+02	1.778527605660413569e+00	1.181717712238691291e+02
4.490000000000000000e+02	3.206864390290128597e+00	1.310518916182600435e+02
4.500000000000000000e+02	1.509287853516070088e+00	1.157438841457707213e+02
4.510000000000000000e+02	1.370353130380239648e+00	1.144910311910561376e+02
4.520000000000000000e+02	2.483253367566845338e+00	1.245266818836382470e+02
4.530000000000000000e+02	1.980888002286244953e+00	1.199965693384630185e+02
4.540000000000000000e+02	1.339685415515392997e+00	1.142144830660406001e+02
4.550000000000000000e+02	1.157887257068023423e+00	1.125751062793622879e+02
4.560000000000000000e+02	1.597482984983851217e+00	1.165391895133340512e+02
4.570000000000000000e+02	2.412665282286966306e+00	1.238901492068927723e+02
4.580000000000000000e+02	1.942434089896635907e+00	1.196498086679101505e+02
4.590000000000000000e+02	1.458694141270312050e+00	1.152876520358531138e+02
4.600000000000000000e+02	2.723478271676244677e+00	1.266929256714870604e+02
4.610000000000000000e+02	1.863021845569407420e+00	1.189337035596960135e+02
4.620000000000000000e+02	1.354496593738718779e+00	1.143480438345876848e+02
4.630000000000000000e+02	2.318002585936261628e+00	1.230365221499022539e+02
4.640000000000000000e+02	3.484040159494134148e+00	1.335513422493526434e+02
4.650000000000000000e+02	1.700597358848475293e+00	1.174690301251985005e+02
4.660000000000000000e+02	1.677196367901702123e+00	1.172580101584890144e+02
4.670000000000000000e+02	1.911221099409909696e+00	1.193683434843034519e+02
4.680000000000000000e+02	1.902229838062153178e+00	1.192872641969093621e+02
4.690000000000000000e+02	1.978721750896414111e+00	1.199770350248433033e+02
4.700000000000000000e+02	2.306113971717501876e+00	1.229293157934547622e+02
4.710000000000000000e+02	1.937281029569937640e+00	1.196033406093110472e+02
4.720000000000000000e+02	1.739187468545369208e+00	1.178170189638795620e+02
4.730000000000000000e+02	1.292187282244624313e+00	1.137861655420366702e+02
4.740000000000000000e+02	1.577960047461502313e+00	1.163631401470739632e+02
4.750000000000000000e+02	1.982415645096871071e+00	1.200103449574432375e+02
4.760000000000000000e+02	1.529465222091292320e+00	1.159258348868616793e+02
4.770000000000000000e+02	1.733437653298290471e+00	1.177651696287473868e+02
4.780000000000000000e+02	1.682105397461021612e+00	1.173022776536792691e+02
4.790000000000000000e+02	1.583971437335151444e+00	1.164173482485129369e+02
4.800000000000000000e+02	1.673120940281010327e+00	1.172212597233129401e+02
4.810000000000000000e+02	1.384994386952542067e+00	1.146230596799991730e+02
4.820000000000000000e+02	2.156391360510539812e+00	1.215791823523362609e+02
4.830000000000000000e+02	1.427959499418116396e+00	1.150105003923509344e+02
4.840000000000000000e+02	2.051451384926015642e+00	1.206328792575353219e+02
4.850000000000000000e+02	1.999273214583356495e+00	1.201623591930767674e+02
4.860000000000000000e+02	1.421883723101286634e+00	1.149557116819485429e+02
4.870000000000000000e+02	1.383960118016925200e+00	1.146137330922124136e+02
4.880000000000000000e+02	1.331624548493549387e+00	1.141417936703449953e+02
4.890000000000000000e+02	1.826060900573043932e+00	1.186004058202787519e+02
4.900000000000000000e+02	1.982807260368981250e+00	1.200138763737782028e+02
4.910000000000000000e+02	2.668939478807307530e+00	1.262011185389704906e+02
4.920000000000000000e+02	2.399541964990870468e+00	1.237718088346735215e+02
4.930000000000000000e+02	2.209113999205509771e+00	1.220546121957798107e+02
4.940000000000000000e+02	1.968943636512021200e+00	1.198888602387169584e+02
4.950000000000000000e+02	2.061634487965409601e+00	1.207247060553516889e+02
4.960000000000000000e+02	2.080621382909346284e+00	1.208959216225940878e+02
4.970000000000000000e+02	2.340035515355801010e+00	1.232352055322940032e+02
4.980000000000000000e+02	1.846234393226420023e+00	1.187823216099909018e+02
4.990000000000000000e+02	2.358819935295541903e+00	1.234045952679405502e+02
5.000000000000000000e+02	3.012721002545497129e+00	1.293011909187929973e+02
5.010000000000000000e+02	2.157169026292099723e+00	1.215861950043948383e+02
5.020000000000000000e+02	2.115412522603797196e+00	1.212096530007569584e+02
5.030000000000000000e+02	2.492992990659655739e+00	1.246145095720247014e+02
5.040000000000000000e+02	2.860379354552883058e+00	1.279274401421276224e+02
5.050000000000000000e+02	3.146062315514179364e+00	1.305036049314153956e+02
5.060000000000000000e+02	1.903626474732986296e+00	1.192998584594538443e+02
5.070000000000000000e+02	1.673337977842523916e+00	1.172232168737220661e+02
5.080000000000000000e+02	1.677969516670213102e+00	1.172649820780869447e+02
5.090000000000000000e+02	3.150618528123118267e+00	1.305446908766749914e+02
5.100000000000000000e+02	1.598736268845722730e+00	1.165504910825458467e+02
5.110000000000000000e+02	1.611147062987438261e+00	1.166624062306085960e+02
5.120000000000000000e+02	1.560233901324381112e+00	1.162032934646727398e+02
5.130000000000000000e+02	2.445783831279547016e+00	1.241887978889839133e+02
5.140000000000000000e+02	1.667440379541910822e+00	1.171700348952369666e+02
5.150000000000000000e+02	1.393321715601593569e+00	1.146981519108495178e+02
5.160000000000000000e+02	2.414715051638909760e+00	1.239086331361158102e+02
5.170000000000000000e+02	1.259529042226837703e+00	1.134916677262382336e+02
5.180000000000000000e+02	2.259983174935738415e+00	1.225133283156889092e+02
5.190000000000000000e+02	1.767165436365720765e+00	1.180693121189633956e+02
5.200000000000000000e+02	2.153263347042084330e+00	1.215509752862559480e+02
5.210000000000000000e+02	1.582757948867139497e+00	1.164064055368686041e+02
5.220000000000000000e+02	3.483652084598459986e+00	1.335478427585938164e+02
5.230000000000000000e+02	2.691348375557355510e+00	1.264031922313601513e+02
5.240000000000000000e+02	1.572837342465344124e+00	1.163169458196537960e+02
5.250000000000000000e+02	1.880149378364236457e+00	1.190881522071230165e+02
5.260000000000000000e+02	2.642490367222507519e+00	1.259626119450055342e+02
5.270000000000000000e+02	1.958793556631180488e+00	1.197973312293931514e+02
5.280000000000000000e+02	1.447490000518161235e+00	1.151866179636676861e+02
5.290000000000000000e+02	2.440664761739040678e+00	1.241426363445229129e+02
5.300000000000000000e+02	1.436492042438197947e+00	1.150874431572167538e+02
5.310000000000000000e+02	1.662422049170062976e+00	1.171247817728194889e+02
5.320000000000000000e+02	2.883538079194712722e+00	1.281362754565836894e+02
5.330000000000000000e+02	1.439171209430474052e+00	1.151116027208354495e+02
5.340000000000000000e+02	1.840164981773970698e+00	1.187275902951694491e+02
5.350000000000000000e+02	1.299836003362305092e+00	1.138551383850796981e+02
5.360000000000000000e+02	2.542369489008744932e+00	1.250597653760013372e+02
5.370000000000000000e+02	1.287529233220989111e+00	1.137441612802456063e+02
5.380000000000000000e+02	2.221715225167265828e+00	1.221682445752374520e+02
5.390000000000000000e+02	1.487076475006288812e+00	1.155435915870339301e+02
5.400000000000000000e+02	2.849988608944757029e+00	1.278337409138641334e+02
5.410000000000000000e+02	2.375387544090192815e+00	1.235539947640668004e+02
5.420000000000000000e+02	2.009962488553009408e+00	1.202587504203694664e+02
5.430000000000000000e+02	2.475619552195834849e+00	1.244578434541409138e+02
5.440000000000000000e+02	1.853743040355766869e+00	1.188500313266807780e+02
5.450000000000000000e+02	2.262072219499576153e+00	1.225321664117045088e+02
5.460000000000000000e+02	2.343880998600551546e+00	1.232698824290175139e+02
5.470000000000000000e+02	1.919003854076615667e+00	1.194385249836430205e+02
5.480000000000000000e+02	3.228634231465551174e+00	1.312482025851997491e+02
5.490000000000000000e+02	2.604518632055761174e+00	1.256201993391029248e+02
5.500000000000000000e+02	1.606761472283896985e+00	1.166228588795426617e+02
5.510000000000000000e+02	2.686322566957223934e+00	1.263578716735299281e+02
5.520000000000000000e+02	4.000718382098458648e+00	1.382105219217635863e+02
5.530000000000000000e+02	1.676555905986927497e+00	1.172522347512747700e+02
5.540000000000000000e+02	3.476269839222301705e+00	1.334812728779822919e+02
5.550000000000000000e+02	1.905149894429547297e+00	1.193135959962266952e+02
5.560000000000000000e+02	1.621346563649433081e+00	1.167543808950594695e+02
5.570000000000000000e+02	2.049656894692648557e+00	1.206166973244638996e+02
5.580000000000000000e+02	1.271487831042997119e+00	1.135995068867084683e+02
5.590000000000000000e+02	1.470158442015830236e+00	1.153910321177979199e+02
5.600000000000000000e+02	1.575640745643464902e+00	1.163422256912056412e+02
5.610000000000000000e+02	1.738138146164801556e+00	1.178075566306681878e+02
5.620000000000000000e+02	3.606707597105471841e+00	1.346575038926761749e+02
5.630000000000000000e+02	2.868991419373230656e+00	1.280051000000295005e+02
5.640000000000000000e+02	1.176793851647301992e+00	1.127455977328132946e+02
5.650000000000000000e+02	1.734700792224382004e+00	1.177765600666454873e+02
5.660000000000000000e+02	2.521295959936396880e+00	1.248697334490024957e+02
5.670000000000000000e+02	1.967039152029517401e+00	1.198716864253083401e+02
5.680000000000000000e+02	1.840960404348355617e+00	1.187347630702689543e+02
5.690000000000000000e+02	2.176523697232144450e+00	1.217607270157413240e+02
5.700000000000000000e+02	1.919406357532810414e+00	1.194421545848902468e+02
5.710000000000000000e+02	2.567099432432140560e+00	1.252827692586062369e+02
5.720000000000000000e+02	2.309994325361594214e+00	1.229643071362854840e+02
5.730000000000000000e+02	3.534786916892163511e+00	1.340089544539427493e+02
5.740000000000000000e+02	2.262729833912299426e+00	1.225380964926910963e+02
5.750000000000000000e+02	1.326505801006057084e+00	1.140956350300181157e+02
5.760000000000000000e+02	1.565880798024072540e+00	1.162542147250711224e+02
5.770000000000000000e+02	2.504230150184201698e+00	1.247158413931502423e+02
5.780000000000000000e+02	2.105403444427300652e+00	1.211193954835261337e+02
5.790000000000000000e+02	2.618227984331435110e+00	1.257438243200877537e+02
5.800000000000000000e+02	1.943797893452851033e+00	1.196621068556956828e+02
5.810000000000000000e+02	2.912616931038526147e+00	1.283984959053667581e+02
5.820000000000000000e+02	2.151043032545783440e+00	1.215309534550369364e+02
5.830000000000000000e+02	1.942616024423733823e+00	1.196514492744100551e+02
5.840000000000000000e+02	1.756218883252982588e+00	1.179706008601672380e+02
5.850000000000000000e+02	2.950629151626140700e+00	1.287412735912005246e+02
5.860000000000000000e+02	1.863521490796540281e+00	1.189382091432175059e+02
5.870000000000000000e+02	1.893793197314978638e+00	1.192111862370632167e+02
5.880000000000000000e+02	2.105964162478404234e+00	1.211244517952330284e+02
5.890000000000000000e+02	1.761722589139435691e+00	1.180202308880399755e+02
5.900000000000000000e+02	1.345936374548188708e+00	1.142708514980443226e+02
5.910000000000000000e+02	1.848080218940701513e+00	1.187989664641197436e+02
5.920000000000000000e+02	1.544298707757258748e+00	1.160595968142320942e+02
5.930000000000000000e+02	2.884981116054610162e+00	1.281492881358684599e+02
5.940000000000000000e+02	2.691527972452255835e+00	1.264048117581087922e+02
5.950000000000000000e+02	1.574445730189981907e+00	1.163314495611782888e+02
5.960000000000000000e+02	2.682501601197258445e+00	1.263234158648293430e+02
5.970000000000000000e+02	1.984074449476233903e+00	1.200253033344498732e+02
5.980000000000000000e+02	2.486947873438734913e+00	1.245599973320253326e+02
5.990000000000000000e+02	2.601534797945149968e+00	1.255932924198139062e+02
6.000000000000000000e+02	1.790231478095028361e+00	1.182773116591926623e+02
6.010000000000000000e+02	1.836392331297530989e+00	1.186935701726987560e+02
6.020000000000000000e+02	2.594472045534207183e+00	1.255296035879168102e+02
6.030000000000000000e+02	1.917383381374843099e+00	1.194239122650466385e+02
6.040000000000000000e+02	2.360288919127611074e+00	1.234178419257442840e+02
6.050000000000000000e+02	1.263157451538598153e+00	1.135243871445704542e+02
6.060000000000000000e+02	1.541317270995439470e+00	1.160327115131926377e+02
6.070000000000000000e+02	1.954393737408431697e+00	1.197576555717244702e+02
6.080000000000000000e+02	1.532519057587672595e+00	1.159533730482262257e+02
6.090000000000000000e+02	2.638566124856686734e+00	1.259272248327554991e+02
6.100000000000000000e+02	2.003548506555905107e+00	1.202009119181204539e+02
6.110000000000000000e+02	2.105094723908733201e+00	1.211166115760540549e+02
6.120000000000000000e+02	1.847992535017450422e+00	1.187981757686057165e+02
6.130000000000000000e+02	2.069772102726984642e+00	1.207980875288110099e+02
6.140000000000000000e+02	2.100718687224147452e+00	1.210771503789790557e+02
6.150000000000000000e+02	1.711025008344978504e+00	1.175630621366896094e+02
6.160000000000000000e+02	2.779529913520298656e+00	1.271983750186043380e+02
6.170000000000000000e+02	2.443284022780615405e+00	1.241662557023122275e+02
6.180000000000000000e+02	2.082081357129295540e+00	1.209090870356311314e+02
6.190000000000000000e+02	2.090771651742396209e+00	1.209874523358068075e+02
6.200000000000000000e+02	2.469591969637087825e+00	1.244034893341047763e+02
6.210000000000000000e+02	2.948878751704939738e+00	1.287254892454033666e+02
6.220000000000000000e+02	2.415819596414305881e+00	1.239185934408851040e+02
6.230000000000000000e+02	3.345727971251038824e+00	1.323041030437582890e+02
6.240000000000000000e+02	1.723442763362654118e+00	1.176750400549066740e+02
6.250000000000000000e+02	2.250151345020431570e+00	1.224246691462485899e+02
6.260000000000000000e+02	1.484398505239408861e+00	1.155194428194735536e+02
6.270000000000000000e+02	2.378139739217075999e+00	1.235788128636666841e+02
6.280000000000000000e+02	1.304656613692183775e+00	1.138986085540842623e+02
6.290000000000000000e+02	2.318538129502575984e+00	1.230413514490457061e+02
6.300000000000000000e+02	1.841455794904646615e+00	1.187392302870177758e+02
6.310000000000000000e+02	2.150706605461863319e+00	1.215279197017992772e+02
6.320000000000000000e+02	2.279415305537431991e+00	1.226885588246015715e+02
6.330000000000000000e+02	2.409220235007692779e+00	1.238590832676836726e+02
6.340000000000000000e+02	2.267726389801646203e+00	1.225831532622881639e+02
6.350000000000000000e+02	2.486071143624844382e+00	1.245520913635746325e+02
6.360000000000000000e+02	2.222831270107309631e+00	1.221783085834937594e+02
6.370000000000000000e+02	1.797280763533107617e+00	1.183408790517809734e+02
6.380000000000000000e+02	2.281343313089984282e+00	1.227059447588331835e+02
6.390000000000000000e+02	1.464591052205695743e+00	1.153408278159772919e+02
6.400000000000000000e+02	1.968879760477582286e+00	1.198882842323977655e+02
6.410000000000000000e+02	1.406247527425705801e+00	1.148147112645547168e+02
6.420000000000000000e+02	2.499233936759168273e+00	1.246707877117475221e+02
6.430000000000000000e+02	2.870324006232833014e+00	1.280171166892111785e+02
6.440000000000000000e+02	2.482015881159318482e+00	1.245155227690044342e+02
6.450000000000000000e+02	1.866818670696574589e+00	1.189679416786611057e+02
6.460000000000000000e+02	1.716510099801068279e+00	1.176125243077188287e+02
6.470000000000000000e+02	3.019889571489854596e+00	1.293658339582024723e+02
6.480000000000000000e+02	2.402965141836781005e+00	1.238026775558190451e+02
6.490000000000000000e+02	2.422005326415526572e+00	1.239743736658294324e+02
6.500000000000000000e+02	2.200815992853811132e+00	1.219797843806640572e+02
6.510000000000000000e+02	1.446587251016631548e+00	1.151784773609815318e+02
6.520000000000000000e+02	1.326642641477256523e+00	1.140968689979189890e+02
6.530000000000000000e+02	2.235850484259147120e+00	1.222957101987994406e+02
6.540000000000000000e+02	1.899943253884330829e+00	1.192666447745019980e+02
6.550000000000000000e+02	2.412119980227307003e+00	1.238852319098972004e+02
6.560000000000000000e+02	2.661817924079182607e+00	1.261368994533314947e+02
6.570000000000000000e+02	1.617693025302382015e+00	1.167214348740076133e+02
6.580000000000000000e+02	2.719686639143996221e+00	1.266587343770863470e+02
6.590000000000000000e+02	2.835532296018118625e+00	1.277033801663445161e+02
6.600000000000000000e+02	2.165268467547821096e+00	1.216592322457678819e+02
6.610000000000000000e+02	3.038368612255233803e+00	1.295324699171668783e+02
6.620000000000000000e+02	2.923981365041004032e+00	1.285009754324231039e+02
6.630000000000000000e+02	3.207146142604016426e+00	1.310544323381822096e+02
6.640000000000000000e+02	1.815703631179646171e+00	1.185070084659715235e+02
6.650000000000000000e+02	2.490752681023944426e+00	1.245943074333280123e+02
6.660000000000000000e+02	2.180294526307280378e+00	1.217947307136066115e+02
6.670000000000000000e+02	2.649423013361140278e+00	1.260251275350807703e+02
6.680000000000000000e+02	1.645708708443659685e+00	1.169740681294651665e+02
6.690000000000000000e+02	1.802925488022218525e+00	1.183917807241283384e+02
6.700000000000000000e+02	2.255899823675567628e+00	1.224765064285754761e+02
6.710000000000000000e+02	1.522609613536674233e+00	1.158640139882399467e+02
6.720000000000000000e+02	2.447291965713764839e+00	1.242023975899036685e+02
6.730000000000000000e+02	1.974996537869309288e+00	1.199434426726752463e+02
6.740000000000000000e+02	2.588373655835625176e+00	1.254746109598651458e+02
6.750000000000000000e+02	1.674651887930504346e+00	1.172350651438938485e+02
6.760000000000000000e+02	2.527396117405720233e+00	1.249247420180424513e+02
6.770000000000000000e+02	1.782003771918296398e+00	1.182031177805035753e+02
6.780000000000000000e+02	2.171360109671911953e+00	1.217141640271251504e+02
6.790000000000000000e+02	2.720951597509172259e+00	1.266701412218954204e+02
6.800000000000000000e+02	2.086479455727280996e+00	1.209487471774534555e+02
6.810000000000000000e+02	2.386455534017723146e+00	1.236538010872845206e+02
6.820000000000000000e+02	1.403780531213118632e+00	1.147924649648216615e+02
6.830000000000000000e+02	2.329234351664780434e+00	1.231378053321192709e+02
6.840000000000000000e+02	1.731086249801788934e+00	1.177439656938934860e+02
6.850000000000000000e+02	1.297170616938847498e+00	1.138311030886418109e+02
6.860000000000000000e+02	2.308668791861557601e+00	1.229523540512351047e+02
6.870000000000000000e+02	1.054181993143478602e+00	1.116399372777276398e+02
6.880000000000000000e+02	2.563795684441512179e+00	1.252529774949760366e+02
6.890000000000000000e+02	2.992618211280010598e+00	1.291199126834712843e+02
6.900000000000000000e+02	1.737505810894699021e+00	1.178018545060039060e+02
6.910000000000000000e+02	2.491987813366630000e+00	1.246054453200281245e+02
6.920000000000000000e+02	4.263991008019829998e+00	1.405846000487886727e+02
6.930000000000000000e+02	1.640125133407328795e+00	1.169237178763085154e+02
6.940000000000000000e+02	1.441946329372794544e+00	1.151366275464582429e+02
6.950000000000000000e+02	1.845964455008616500e+00	1.187798874244530367e+02
6.960000000000000000e+02	3.865132103125278995e+00	1.369878637813343971e+02
6.970000000000000000e+02	3.390242557426458969e+00	1.327055162366521301e+02
6.980000000000000000e+02	2.335726047305478836e+00	1.231963446222332834e+02
6.990000000000000000e+02	2.351546286085443249e+00	1.233390046603606152e+02
7.000000000000000000e+02	2.470827203269987837e+00	1.244146281341960218e+02
7.010000000000000000e+02	2.219970930217064709e+00	1.221525152814156598e+02
7.020000000000000000e+02	2.114925296754639028e+00	1.212052594097888090e+02
7.030000000000000000e+02	2.086457326445509075e+00	1.209485476252074250e+02
7.040000000000000000e+02	2.041628463293946538e+00	1.205443004191218677e+02
7.050000000000000000e+02	2.717422322047612138e+00	1.266383157495425138e+02
7.060000000000000000e+02	3.009818636597362485e+00	1.292750186439886022e+02
7.070000000000000000e+02	1.913728683972750311e+00	1.193909557921401330e+02
7.080000000000000000e+02	2.007632834114325249e+00	1.202377426090672117e+02
7.090000000000000000e+02	2.670898854488298557e+00	1.262187873373523530e+02
7.100000000000000000e+02	2.349756842107438626e+00	1.233228682322270373e+02
7.110000000000000000e+02	1.529269793023686042e+00	1.159240725924599644e+02
7.120000000000000000e+02	1.916089238313081422e+00	1.194122422453269081e+02
7.130000000000000000e+02	2.107478930152586472e+00	1.211381113118280979e+02
7.140000000000000000e+02	1.586686276757464098e+00	1.164418294906031122e+02
7.150000000000000000e+02	1.758960845543179996e+00	1.179953266844928805e+02
7.160000000000000000e+02	3.621305310969422653e+00	1.347891397323981835e+02
7.170000000000000000e+02	1.225558306257842345e+00	1.131853343923388735e+02
7.180000000000000000e+02	2.378444744906698105e+00	1.235815632724257256e+02
7.190000000000000000e+02	1.792072694095661944e+00	1.182939149449271099e+02
7.200000000000000000e+02	1.825789540041671266e+00	1.185979588089352177e+02
7.210000000000000000e+02	1.736167820752255064e+00	1.177897890923657229e+02
7.220000000000000000e+02	1.303574451951110325e+00	1.138888500897912337e+02
7.230000000000000000e+02	2.808978789034420220e+00	1.274639321800406435e+02
7.240000000000000000e+02	2.710707590918413068e+00	1.265777652223204086e+02
7.250000000000000000e+02	3.935618162674920040e+00	1.376234764343831216e+02
7.260000000000000000e+02	2.776479586024155122e+00	1.271708684908614373e+02
7.270000000000000000e+02	1.367546294781186500e+00	1.144657203674239980e+02
7.280000000000000000e+02	2.427554652200043961e+00	1.240244150741173428e+02
7.290000000000000000e+02	2.185443431878065113e+00	1.218411613064224639e+02
7.300000000000000000e+02	1.960088163995350685e+00	1.198090054359902297e+02
7.310000000000000000e+02	1.798475855268248047e+00	1.183516558696831567e+02
7.320000000000000000e+02	2.775615363154808168e+00	1.271630753046013211e+02
7.330000000000000000e+02	2.612836011086291155e+00	1.256952018486173586e+02
7.340000000000000000e+02	1.738357706774441347e+00	1.178095365328288437e+02
7.350000000000000000e+02	1.729785959853286315e+00	1.177322402442204350e+02
7.360000000000000000e+02	2.458587867777124902e+00	1.243042591257157881e+02
7.370000000000000000e+02	9.732515831671111339e-01	1.109101420114569692e+02
7.380000000000000000e+02	1.799221731487344655e+00	1.183583818572826232e+02
7.390000000000000000e+02	1.640782595596338211e+00	1.169296465846077950e+02
7.400000000000000000e+02	2.160177885772384343e+00	1.216133275915919967e+02
7.410000000000000000e+02	2.630967560950836059e+00	1.258587042856513420e+02
7.420000000000000000e+02	3.195795607707685448e+00	1.309520781472247961e+02
7.430000000000000000e+02	2.214440357527504233e+00	1.221026429803883246e+02
7.440000000000000000e+02	2.210324162339490250e+00	1.220655249210069826e+02
7.450000000000000000e+02	2.511872231783757847e+00	1.247847543639042414e+02
7.460000000000000000e+02	1.724129493826563664e+00	1.176812326917895462e+02
7.470000000000000000e+02	3.087644026819899246e+00	1.299768141915047863e+02
7.480000000000000000e+02	1.472138627499710584e+00	1.154088885699386537e+02
7.490000000000000000e+02	2.883210333901637501e+00	1.281333199919629351e+02
7.500000000000000000e+02	2.117584628486138154e+00	1.212292401076458788e+02
7.510000000000000000e+02	2.305842959797978597e+00	1.229268719257413807e+02
7.520000000000000000e+02	1.849939402066499872e+00	1.188157317695807365e+02
7.530000000000000000e+02	2.290190451277825279e+00	1.227857244062044799e+02
7.540000000000000000e+02	2.414539246787894111e+00	1.239070478043709613e+02
7.550000000000000000e+02	1.874455471953506036e+00	1.190368070335800610e+02
7.560000000000000000e+02	1.625704164322149037e+00	1.167936758441913696e+02
7.570000000000000000e+02	2.503500107749243586e+00	1.247092581877350597e+02
7.580000000000000000e+02	1.723177229899874208e+00	1.176726455895353922e+02
7.590000000000000000e+02	2.316611102750814055e+00	1.230239743592493795e+02
7.600000000000000000e+02	1.922168626899982247e+00	1.194670635296109680e+02
7.610000000000000000e+02	2.044706794848966780e+00	1.205720594752976638e+02
7.620000000000000000e+02	1.905922400430399399e+00	1.193205621196252224e+02
7.630000000000000000e+02	2.076555594038327790e+00	1.208592581054737423e+02
7.640000000000000000e+02	1.436639112956758391e+00	1.150887693752389396e+02
7.650000000000000000e+02	1.206939417845318996e+00	1.130174373480677588e+02
7.660000000000000000e+02	2.062609392286353316e+00	1.207334973188421259e+02
7.670000000000000000e+02	1.543963172987079968e+00	1.160565711074919761e+02
7.680000000000000000e+02	1.651699590358269631e+00	1.170280912990419040e+02
7.690000000000000000e+02	1.432129289585672094e+00	1.150481017479663564e+02
7.700000000000000000e+02	2.013914369601850662e+00	1.202943867662517050e+02
7.710000000000000000e+02	2.222460179485289178e+00	1.221749622495336780e+02
7.720000000000000000e+02	1.430222599909757530e+00	1.150309080490819014e+02
7.730000000000000000e+02	2.462453196896848162e+00	1.243391149839151524e+02
7.740000000000000000e+02	1.980189387497495623e+00	1.199902695339034722e+02
7.750000000000000000e+02	2.073307473526417866e+00	1.208299679662719228e+02
7.760000000000000000e+02	3.144792961848378532e+00	1.304921584516953885e+02
7.770000000000000000e+02	1.852282634054234656e+00	1.188368620173197883e+02
7.780000000000000000e+02	1.813726372120183061e+00	1.184891784030544102e+02
7.790000000000000000e+02	2.385170987669922305e+00	1.236422176065607061e+02
7.800000000000000000e+02	1.645321776084769816e+00	1.169705789416065187e+02
7.810000000000000000e+02	2.414820603392847431e+00	1.239095849559619325e+02
7.820000000000000000e+02	2.662107247805799659e+00	1.261395084489632552e+02
7.830000000000000000e+02	1.963935538779304046e+00	1.198436993897922491e+02
7.840000000000000000e+02	2.401219323182001375e+00	1.237869345218915385e+02
7.850000000000000000e+02	2.532143795550285681e+00	1.249675545162948680e+02
7.860000000000000000e+02	2.095802209793826698e+00	1.210328157221248233e+02
7.870000000000000000e+02	4.014065436730834158e+00	1.383308798600492082e+02
7.880000000000000000e+02	1.877620993594451893e+00	1.190653523320595042e+02
7.890000000000000000e+02	1.996752333491037312e+00	1.201396269829156864e+02
7.900000000000000000e+02	2.090878075006287862e+00	1.209884120145509598e+02
7.910000000000000000e+02	2.183847559091169011e+00	1.218267704191677723e+02
7.920000000000000000e+02	1.635034289871221791e+00	1.168778108616886584e+02
7.930000000000000000e+02	1.772231570047633653e+00	1.181149963108565828e+02
7.940000000000000000e+02	2.698426162906053083e+00	1.264670166417920143e+02
7.950000000000000000e+02	1.544238371545850974e+00	1.160590527284986422e+02
7.960000000000000000e+02	2.464129760619339748e+00	1.243542335069602274e+02
7.970000000000000000e+02	1.531146073143885067e+00	1.159409920711864146e+02
7.980000000000000000e+02	1.870956855692859744e+00	1.190052580325770606e+02
7.990000000000000000e+02	2.437348306106985607e+00	1.241127299889048174e+02
8.000000000000000000e+02	1.978999161581340704e+00	1.199795365938422833e+02
8.010000000000000000e+02	1.059394597127021331e+00	1.116869422751475724e+02
8.020000000000000000e+02	2.175920175570477344e+00	1.217552847196760410e+02
8.030000000000000000e+02	3.243629593108639853e+00	1.313834242397834657e+02
8.040000000000000000e+02	1.584801151226963967e+00	1.164248302478106041e+02
8.050000000000000000e+02	2.610742049676795240e+00	1.256763194146243734e+02
8.060000000000000000e+02	1.873837751267859453e+00	1.190312366968871629e+02
8.070000000000000000e+02	2.402750412007292447e+00	1.238007412155344298e+02
8.080000000000000000e+02	1.616079139424944078e+00	1.167068815525305752e+02
8.090000000000000000e+02	1.637790085605181245e+00	1.169026614299984033e+02
8.100000000000000000e+02	3.091833515791756248e+00	1.300145931823766716e+02
8.110000000000000000e+02	2.652426753164340845e+00	1.260522139552548992e+02
8.120000000000000000e+02	2.936151572417301292e+00	1.286107210735899571e+02
8.130000000000000000e+02	2.121632929370224296e+00	1.212657459257000312e+02
8.140000000000000000e+02	2.461477406571049187e+00	1.243303157308179721e+02
8.150000000000000000e+02	2.043262642310445631e+00	1.205590367353079273e+02
8.160000000000000000e+02	1.927852759257745241e+00	1.195183205649918960e+02
8.170000000000000000e+02	1.567378375052383754e+00	1.162677192238924704e+02
8.180000000000000000e+02	1.411327996842381971e+00	1.148605247298739442e+02
8.190000000000000000e+02	1.859201405906033333e+00	1.188992524951058698e+02
8.200000000000000000e+02	2.951932095007457235e+00	1.287530229683775360e+02
8.210000000000000000e+02	2.631798852262155375e+00	1.258662005094326162e+02
8.220000000000000000e+02	2.211535813547609308e+00	1.220764510650400467e+02
8.230000000000000000e+02	3.300792692729426658e+00	1.318988962301118306e+02
8.240000000000000000e+02	2.417309893923391240e+00	1.239320322961656160e+02
8.250000000000000000e+02	2.585201046872867892e+00	1.254460017509976240e+02
8.260000000000000000e+02	3.298312375320070267e+00	1.318765298056154620e+02
8.270000000000000000e+02	2.940726114401803759e+00	1.286519723051927713e+02
8.280000000000000000e+02	2.480981369623890043e+00	1.245061939935579858e+02
8.290000000000000000e+02	2.569515593022426270e+00	1.253045571447896265e+02
8.300000000000000000e+02	1.887051919437229941e+00	1.191503963227994376e+02
8.310000000000000000e+02	1.787248250922657711e+00	1.182504102130089336e+02
8.320000000000000000e+02	2.092163501066699460e+00	1.210000034281407579e+02
8.330000000000000000e+02	3.467854803383620066e+00	1.334053897418118027e+02
8.340000000000000000e+02	1.438236799629509566e+00	1.151031766193279964e+02
8.350000000000000000e+02	1.331690783990941762e+00	1.141423909532757364e+02
8.360000000000000000e+02	1.976193963091256833e+00	1.199542405329473667e+02
8.370000000000000000e+02	1.640746644080891326e+00	1.169293223894653693e+02
8.380000000000000000e+02	2.005917772877652272e+00	1.202222769321695637e+02
8.390000000000000000e+02	1.789752988085636654e+00	1.182729968442310877e+02
8.400000000000000000e+02	2.956943746324592670e+00	1.287982158619822144e+02
8.410000000000000000e+02	3.035220512603968857e+00	1.295040817226191052e+02
8.420000000000000000e+02	2.518163256077918355e+00	1.248414840870233036e+02
8.430000000000000000e+02	1.538321236724577989e+00	1.160056945781604583e+02
8.440000000000000000e+02	2.770831304703570197e+00	1.271199347445535608e+02
8.450000000000000000e+02	1.903153013706908592e+00	1.192955889936782796e+02
8.460000000000000000e+02	1.815887630807699438e+00	1.185086676946543918e+02
8.470000000000000000e+02	2.302548120581758173e+00	1.228971604975671994e+02
8.480000000000000000e+02	2.130356291738974228e+00	1.213444094165255080e+02
8.490000000000000000e+02	2.828248486653213600e+00	1.276376979389039548e+02
8.500000000000000000e+02	1.594235501043069547e+00	1.165099051144540141e+02
8.510000000000000000e+02	1.819329704593719788e+00	1.185397068201935440e+02
8.520000000000000000e+02	2.445867186515481073e+00	1.241895495502768938e+02
8.530000000000000000e+02	2.228809519779987536e+00	1.222322178410025231e+02
8.540000000000000000e+02	2.330738109780956080e+00	1.231513655693048008e+02
8.550000000000000000e+02	2.347741727658050337e+00	1.233046968058548316e+02
8.560000000000000000e+02	2.467286074147689412e+00	1.243826957706819769e+02
8.570000000000000000e+02	2.108210542280692934e+00	1.211447086720539374e+02
8.580000000000000000e+02	2.764857632005951249e+00	1.270660667602168274e+02
8.590000000000000000e+02	1.402960094002431157e+00	1.147850666186028832e+02
8.600000000000000000e+02	1.777843940499464814e+00	1.181656062285562427e+02
8.610000000000000000e+02	2.171770444549322665e+00	1.217178642487255047e+02
8.620000000000000000e+02	2.322359374312886082e+00	1.230758097741010317e+02
8.630000000000000000e+02	2.196339489569557824e+00	1.219394172194542421e+02
8.640000000000000000e+02	1.682225665655618485e+00	1.173033621799917512e+02
8.650000000000000000e+02	1.718467813565002889e+00	1.176301781196549001e+02
8.660000000000000000e+02	2.393524386346272070e+00	1.237175449255876600e+02
8.670000000000000000e+02	2.327027622834953124e+00	1.231179060105364300e+02
8.680000000000000000e+02	2.233435288480247305e+00	1.222739310128658303e+02
8.690000000000000000e+02	2.281589937413769587e+00	1.227081687098065998e+02
8.700000000000000000e+02	2.093721852742928213e+00	1.210140559663254720e+02
8.710000000000000000e+02	1.997779194668056757e+00	1.201488867707547001e+02
8.720000000000000000e+02	2.196707964039975813e+00	1.219427399620961125e+02
8.730000000000000000e+02	1.208350717365003657e+00	1.130301638338109598e+02
8.740000000000000000e+02	2.391621471983662595e+00	1.237003852708378986e+02
8.750000000000000000e+02	2.400346240943906029e+00	1.237790614456941825e+02
8.760000000000000000e+02	1.905921853126787191e+00	1.193205571842790960e+02
8.770000000000000000e+02	2.293339559304085729e+00	1.228141216938397520e+02
8.780000000000000000e+02	2.810026503793982666e+00	1.274733800164244428e+02
8.790000000000000000e+02	1.715315479909137464e+00	1.176017517446936438e+02
8.800000000000000000e+02	2.027935640688992791e+00	1.204208244955240730e+02
8.810000000000000000e+02	1.679103250370061584e+00	1.172752055958919613e+02
8.820000000000000000e+02	2.298694658997346707e+00	1.228624116556438537e+02
8.830000000000000000e+02	2.152374912367595705e+00	1.215429637684590887e+02
8.840000000000000000e+02	1.800930762690206688e+00	1.183737931579559017e+02
8.850000000000000000e+02	2.327169046410703324e+00	1.231191813068824104e+02
8.860000000000000000e+02	1.965648540669713285e+00	1.198591464964002427e+02
8.870000000000000000e+02	1.795262925041445801e+00	1.183226830611793758e+02
8.880000000000000000e+02	2.156088647492343746e+00	1.215764526178917748e+02
8.890000000000000000e+02	2.099425864173314338e+00	1.210654922625442254e+02
8.900000000000000000e+02	1.649666243049563219e+00	1.170097554566680458e+02
8.910000000000000000e+02	1.710297274848681992e+00	1.175564997522798478e+02
8.920000000000000000e+02	2.072707532800913466e+00	1.208245579615327330e+02
8.930000000000000000e+02	1.832581526624348145e+00	1.186592059922629545e+02
8.940000000000000000e+02	1.862555540061468173e+00	1.189294986192733887e+02
8.950000000000000000e+02	1.839130672382620180e+00	1.187182633425704523e+02
8.960000000000000000e+02	1.733910236981528463e+00	1.177694311830264837e+02
8.970000000000000000e+02	2.777958790649349030e+00	1.271842073153357831e+02
8.980000000000000000e+02	3.555461478174233303e+00	1.341953886627931070e+02
8.990000000000000000e+02	2.117557296621158436e+00	1.212289936407654238e+02
9.000000000000000000e+02	1.562168144186740104e+00	1.162207356262184419e+02
9.010000000000000000e+02	2.514437832069259748e+00	1.248078898323152970e+02
9.020000000000000000e+02	1.648883727134713872e+00	1.170026990682152359e+02
9.030000000000000000e+02	2.387413791654146245e+00	1.236624422382082855e+02
9.040000000000000000e+02	2.709615611702295812e+00	1.265679182283039381e+02
9.050000000000000000e+02	3.179000272120441561e+00	1.308006251098489088e+02
9.060000000000000000e+02	1.415404784989193976e+00	1.148972874336833172e+02
9.070000000000000000e+02	2.433855318940257195e+00	1.240812317486244751e+02
9.080000000000000000e+02	1.286598769533584319e+00	1.137357707630753225e+02
9.090000000000000000e+02	1.522951982044700392e+00	1.158671013186581433e+02
9.100000000000000000e+02	1.507913666683248000e+00	1.157314923261091337e+02
9.110000000000000000e+02	2.164005232927078026e+00	1.216478409449370020e+02
9.120000000000000000e+02	2.302414502636191074e+00	1.228959555890020283e+02
9.130000000000000000e+02	1.489441408773739539e+00	1.155649175319912416e+02
9.140000000000000000e+02	2.244117037559923311e+00	1.223702543839708881e+02
9.150000000000000000e+02	1.767051310533432895e+00	1.180682829818048560e+02
9.160000000000000000e+02	2.703593637610024469e+00	1.265136146829811423e+02
9.170000000000000000e+02	2.187389758293835307e+00	1.218587124322015427e+02
9.180000000000000000e+02	1.974686733739270617e+00	1.199406489936658460e+02
9.190000000000000000e+02	2.134714983736991645e+00	1.213837142067547035e+02
9.200000000000000000e+02	1.975977240447522210e+00	1.199522862223299171e+02
9.210000000000000000e+02	2.677716737740936992e+00	1.262802680455955766e+02
9.220000000000000000e+02	1.867287626712613724e+00	1.189721705202139219e+02
9.230000000000000000e+02	1.374285538692310737e+00	1.145264919402606836e+02
9.240000000000000000e+02	1.906006398401032920e+00	1.193213195768203860e+02
9.250000000000000000e+02	2.874336854306563716e+00	1.280533028092287111e+02
9.260000000000000000e+02	1.234512042275831556e+00	1.132660752926169465e+02
9.270000000000000000e+02	1.989466781808060691e+00	1.200739290440079401e+02
9.280000000000000000e+02	2.141174812239901470e+00	1.214419661328690125e+02
9.290000000000000000e+02	2.518866696373146752e+00	1.248478274059032174e+02
9.300000000000000000e+02	1.765301750054320662e+00	1.180525062057316461e+02
9.310000000000000000e+02	2.461003377211941068e+00	1.243260411400621308e+02
9.320000000000000000e+02	2.028678503794095533e+00	1.204275233121709903e+02
9.330000000000000000e+02	1.922859430457565022e+00	1.194732928958824800e+02
9.340000000000000000e+02	1.616622819169756919e+00	1.167117842201958808e+02
9.350000000000000000e+02	2.690510036275526318e+00	1.263956324520437420e+02
9.360000000000000000e+02	2.275935773486500668e+00	1.226571819167081401e+02
9.370000000000000000e+02	3.705702640316438590e+00	1.355501981708927417e+02
9.380000000000000000e+02	3.696390521626517156e+00	1.354662255314258346e+02
9.390000000000000000e+02	2.135459226257363952e+00	1.213904254623690520e+02
9.400000000000000000e+02	1.784167415617894825e+00	1.182226285791060292e+02
9.410000000000000000e+02	1.439002013131532642e+00	1.151100769821412655e+02
9.420000000000000000e+02	2.849237617204792183e+00	1.278269687967205925e+02
9.430000000000000000e+02	1.984747413288517226e+00	1.200313718296511070e+02
9.440000000000000000e+02	2.078115610704092120e+00	1.208733256578105113e+02
9.450000000000000000e+02	2.421756259089516750e+00	1.239721276849236489e+02
9.460000000000000000e+02	1.425286221062016301e+00	1.149863939298941631e+02
9.470000000000000000e+02	1.816463266219321859e+00	1.185138585246356371e+02
9.480000000000000000e+02	1.557868439204442845e+00	1.161819627552623047e+02
9.490000000000000000e+02	1.652916543108168712e+00	1.170390652500747848e+02
9.500000000000000000e+02	1.295496075030035943e+00	1.138160027974338533e+02
9.510000000000000000e+02	1.694736862739314898e+00	1.174161827181519726e+02
9.520000000000000000e+02	2.851495350991083200e+00	1.278473280588349894e+02
9.530000000000000000e+02	1.793337157012255378e+00	1.183053173219961849e+02
9.540000000000000000e+02	3.533991575754159342e+00	1.340017824132011413e+02
9.550000000000000000e+02	2.829844085034149082e+00	1.276520863516849573e+02
9.560000000000000000e+02	1.860872838900369031e+00	1.189143247514741688e+02
9.570000000000000000e+02	1.284957605912236511e+00	1.137209714627581150e+02
9.580000000000000000e+02	2.283610835851528797e+00	1.227263922936723048e+02
9.590000000000000000e+02	3.460780529399955174e+00	1.333415970133789870e+02
9.600000000000000000e+02	1.669399162972094341e+00	1.171876983529584209e+02
9.610000000000000000e+02	2.602707516763743012e+00	1.256038674884775332e+02
9.620000000000000000e+02	2.913758383261414231e+00	1.284087890254582192e+02
9.630000000000000000e+02	2.961168131368440370e+00	1.288363095304661101e+02
9.640000000000000000e+02	1.894077681404727542e+00	1.192137515909529242e+02
9.650000000000000000e+02	1.631700841088866705e+00	1.168477512692260945e+02
9.660000000000000000e+02	2.815716682413278438e+00	1.275246915743642830e+02
9.670000000000000000e+02	2.074998315401380466e+00	1.208452152434909550e+02
9.680000000000000000e+02	1.712917261528043911e+00	1.175801256535553847e+02
9.690000000000000000e+02	1.941065106180714928e+00	1.196374637676956070e+02
9.700000000000000000e+02	1.931848435189806423e+00	1.195543518340985401e+02
9.710000000000000000e+02	1.552794961244106986e+00	1.161362123358579908e+02
9.720000000000000000e+02	2.466571499805164880e+00	1.243762520498021900e+02
9.730000000000000000e+02	2.246564475484057688e+00	1.223923243155583691e+02
9.740000000000000000e+02	1.773282707539185488e+00	1.181244750119499969e+02
9.750000000000000000e+02	2.948471858528916023e+00	1.287218200595704047e+02
9.760000000000000000e+02	1.981771995323869717e+00	1.200045408035088883e+02
9.770000000000000000e+02	2.213813002850535838e+00	1.220969857685484499e+02
9.780000000000000000e+02	2.393963920547308888e+00	1.237215084539989789e+02
9.790000000000000000e+02	1.935757633158555091e+00	1.195896032825137922e+02
9.800000000000000000e+02	2.444493206887081271e+00	1.241771595990947361e+02
9.810000000000000000e+02	1.758833465784145567e+00	1.179941780291828621e+02
9.820000000000000000e+02	1.568281914372896324e+00	1.162758669488229657e+02
9.830000000000000000e+02	2.156728964650181712e+00	1.215822267197508779e+02
9.840000000000000000e+02	1.356296646090493052e+00	1.143642759244256979e+02
9.850000000000000000e+02	1.654602197794195373e+00	1.170542657514782547e+02
9.860000000000000000e+02	2.118792253787065150e+00	1.212401299477974703e+02
9.870000000000000000e+02	1.773394560262249620e+00	1.181254836511974133e+02
9.880000000000000000e+02	2.173970839445853453e+00	1.217377064536504889e+02
9.890000000000000000e+02	2.415773874073244176e+00	1.239181811366835007e+02
9.900000000000000000e+02	1.578593400159547855e+00	1.163688514464612780e+02
9.910000000000000000e+02	2.014992906052547994e+00	1.203041125392516051e+02
9.920000000000000000e+02	1.644342923775164111e+00	1.169617520768700558e+02
9.930000000000000000e+02	1.832998805834203937e+00	1.186629688348354250e+02
9.940000000000000000e+02	1.500756994108038089e+00	1.156669565629866980e+02
9.950000000000000000e+02	2.421421933266340254e+00	1.239691128799422160e+02
9.960000000000000000e+02	1.944435745771537771e+00	1.196678587307064845e+02
9.970000000000000000e+02	2.088164162421655590e+00	1.209639391302801812e+02
9.980000000000000000e+02	1.683275165415781593e+00	1.173128261127352516e+02
9.990000000000000000e+02	1.861232014001424906e+00	1.189175636364444699e+02
