Poisson Boltzmann Decomposition Energies

Total Energy Decomposition:
Frame #,Residue,Internal,van der Waals,Electrostatic,Polar Solvation,Non-Polar Solv.,TOTAL
1,121,105.934,-10.358,-83.836,-7.881,0.0,3.8589999999999947
2,121,105.192,-9.703,-79.065,-10.07,0.0,6.353999999999992
3,121,102.546,-10.403,-76.342,-12.123,0.0,3.6780000000000026
4,121,104.182,-11.656,-75.819,-12.658,0.0,4.048999999999994
5,121,102.986,-11.776,-76.934,-12.579,0.0,1.6970000000000098
6,121,101.037,-10.161,-77.645,-13.017,0.0,0.2140000000000093
7,121,101.211,-10.053,-75.273,-13.577,0.0,2.308000000000005
8,121,99.986,-9.696,-75.735,-12.017,0.0,2.5380000000000074
9,121,105.858,-10.695,-76.462,-12.845,0.0,5.856000000000007
10,121,100.023,-10.93,-76.427,-11.438,0.0,1.227999999999982
11,121,104.391,-11.557,-78.361,-12.62,0.0,1.8529999999999998
12,121,102.349,-10.083,-77.508,-13.201,0.0,1.5570000000000093
13,121,107.532,-9.31,-77.473,-12.865,0.0,7.883999999999995
14,121,107.894,-10.414,-77.008,-11.887,0.0,8.585000000000008
15,121,103.306,-11.349,-77.806,-13.416,0.0,0.7349999999999959
16,121,108.766,-11.508,-76.098,-12.267,0.0,8.893000000000011
17,121,103.889,-9.144,-76.3,-13.092,0.0,5.352999999999993
18,121,106.024,-11.177,-74.776,-13.935,0.0,6.136000000000012
19,121,104.412,-10.33,-76.308,-12.794,0.0,4.98
20,121,100.019,-12.333,-75.316,-11.096,0.0,1.2740000000000045
21,121,104.749,-9.107,-77.519,-12.444,0.0,5.67899999999999
22,121,104.856,-10.381,-76.909,-12.213,0.0,5.352999999999989
23,121,101.521,-10.478,-76.862,-14.369,0.0,-0.18799999999998818
24,121,103.747,-11.083,-74.261,-13.513,0.0,4.890000000000006
25,121,105.734,-10.997,-78.011,-12.653,0.0,4.072999999999999
26,121,101.238,-11.418,-76.767,-13.024,0.0,0.02899999999999814
27,121,97.743,-11.666,-75.317,-10.794,0.0,-0.03399999999999537
28,121,110.811,-10.401,-78.653,-12.362,0.0,9.395000000000005
29,121,106.826,-11.242,-79.119,-7.338,0.0,9.126999999999988
30,121,107.909,-11.975,-82.285,-7.967,0.0,5.6820000000000155
31,121,106.372,-11.596,-83.11,-4.316,0.0,7.349999999999997
32,121,97.782,-11.285,-74.816,-9.878,0.0,1.8029999999999973
33,121,105.442,-9.598,-87.045,-6.965,0.0,1.8339999999999925
34,121,105.175,-11.283,-80.415,-9.269,0.0,4.2079999999999895
35,121,108.724,-10.564,-77.416,-11.162,0.0,9.581999999999999
36,121,102.107,-11.521,-74.725,-12.418,0.0,3.443000000000005
37,121,104.93,-10.463,-77.722,-11.051,0.0,5.694000000000019
38,121,103.458,-10.145,-76.372,-11.399,0.0,5.542000000000003
39,121,97.975,-11.417,-74.365,-12.665,0.0,-0.4720000000000013
40,121,98.71,-11.013,-76.238,-12.275,0.0,-0.8160000000000114
41,121,103.661,-11.002,-74.879,-12.478,0.0,5.302000000000001
42,121,101.936,-12.018,-72.638,-12.679,0.0,4.601000000000001
43,121,100.227,-11.431,-75.692,-12.931,0.0,0.17300000000001425
44,121,106.479,-10.647,-73.274,-14.381,0.0,8.176999999999992
45,121,104.676,-12.355,-73.766,-12.89,0.0,5.664999999999992
46,121,109.475,-11.412,-77.419,-11.54,0.0,9.103999999999992
47,121,108.632,-11.502,-78.446,-9.235,0.0,9.449000000000012
48,121,103.854,-11.886,-74.957,-12.211,0.0,4.80000000000001
49,121,102.833,-9.934,-76.954,-11.881,0.0,4.064000000000007
50,121,105.47,-11.502,-75.431,-14.064,0.0,4.473000000000006
51,121,102.275,-10.866,-78.054,-12.47,0.0,0.8850000000000033
52,121,101.693,-10.131,-76.55,-11.66,0.0,3.3520000000000003
53,121,101.734,-11.123,-77.367,-12.397,0.0,0.8469999999999853
54,121,105.125,-9.181,-76.44,-13.77,0.0,5.734000000000005
55,121,105.465,-11.276,-79.345,-9.387,0.0,5.457000000000008
56,121,102.899,-11.685,-75.308,-11.332,0.0,4.573999999999991
57,121,104.781,-12.356,-77.942,-12.796,0.0,1.687000000000019
58,121,107.582,-11.102,-77.525,-10.69,0.0,8.264999999999985
59,121,112.429,-10.88,-82.199,-7.142,0.0,12.208000000000009
60,121,105.726,-10.748,-78.772,-13.319,0.0,2.886999999999988
61,121,99.186,-9.637,-75.937,-12.265,0.0,1.3470000000000084
62,121,108.059,-9.974,-77.245,-12.112,0.0,8.727999999999989
63,121,108.169,-10.578,-78.047,-11.297,0.0,8.246999999999996
64,121,104.544,-10.451,-76.652,-10.487,0.0,6.953999999999988
65,121,107.448,-10.842,-79.497,-8.593,0.0,8.515999999999995
66,121,101.686,-10.124,-78.031,-11.286,0.0,2.2450000000000063
67,121,113.375,-11.493,-76.15,-13.132,0.0,12.6
68,121,103.432,-9.775,-75.753,-13.192,0.0,4.711999999999996
69,121,100.634,-10.67,-75.628,-9.197,0.0,5.138999999999999
70,121,97.913,-10.196,-83.692,-6.456,0.0,-2.4309999999999947
71,121,99.918,-10.991,-77.324,-9.177,0.0,2.426000000000009
72,121,102.296,-11.653,-73.681,-12.102,0.0,4.860000000000003
73,121,105.867,-10.768,-76.063,-11.35,0.0,7.686000000000002
74,121,111.402,-9.472,-77.912,-10.628,0.0,13.39
75,121,102.273,-11.343,-78.719,-11.703,0.0,0.5079999999999991
76,121,99.166,-10.687,-82.605,-6.441,0.0,-0.5670000000000046
77,121,107.402,-10.545,-83.107,-6.233,0.0,7.517
78,121,105.375,-11.707,-78.598,-10.937,0.0,4.133000000000008
79,121,98.632,-10.234,-82.932,-6.038,0.0,-0.5719999999999921
80,121,102.874,-12.886,-78.761,-7.723,0.0,3.504000000000004
81,121,107.029,-11.347,-75.567,-14.753,0.0,5.362000000000009
82,121,105.62,-11.634,-82.036,-7.403,0.0,4.547000000000003
83,121,103.782,-9.868,-80.446,-8.247,0.0,5.221000000000004
84,121,103.488,-10.874,-76.212,-13.171,0.0,3.2310000000000016
85,121,101.588,-10.362,-83.844,-7.312,0.0,0.07000000000000473
86,121,102.94,-11.485,-79.095,-9.696,0.0,2.6639999999999997
87,121,108.653,-11.503,-79.157,-12.656,0.0,5.337000000000009
88,121,103.152,-11.645,-79.303,-9.576,0.0,2.628000000000007
89,121,102.993,-11.974,-75.476,-13.719,0.0,1.8239999999999927
90,121,107.637,-10.927,-85.156,-6.961,0.0,4.593000000000002
91,121,102.636,-11.22,-78.012,-10.026,0.0,3.3779999999999966
92,121,102.233,-11.4,-81.382,-8.025,0.0,1.425999999999993
93,121,107.951,-10.585,-82.345,-5.722,0.0,9.298999999999985
94,121,110.903,-10.349,-74.978,-13.457,0.0,12.119000000000007
95,121,102.963,-9.405,-78.847,-8.497,0.0,6.213999999999999
96,121,104.357,-10.537,-76.872,-12.901,0.0,4.0469999999999935
97,121,107.462,-12.086,-77.368,-11.769,0.0,6.23900000000001
98,121,106.18,-11.132,-76.178,-11.984,0.0,6.886000000000005
99,121,97.963,-10.823,-74.782,-12.524,0.0,-0.16600000000000925
100,121,100.015,-9.006,-77.355,-10.792,0.0,2.8619999999999965
101,121,105.62,-10.531,-75.227,-12.706,0.0,7.155999999999995
102,121,111.031,-10.631,-76.811,-13.783,0.0,9.806
103,121,102.334,-11.315,-78.428,-11.94,0.0,0.6510000000000087
104,121,108.434,-10.506,-74.803,-11.682,0.0,11.443
105,121,104.252,-9.81,-76.005,-13.774,0.0,4.6629999999999985
106,121,101.515,-10.859,-76.466,-11.999,0.0,2.1910000000000114
107,121,103.505,-10.534,-77.271,-12.536,0.0,3.163999999999989
108,121,102.847,-11.048,-75.607,-13.197,0.0,2.994999999999994
109,121,102.573,-9.543,-85.745,-5.476,0.0,1.8089999999999966
110,121,109.012,-11.007,-78.638,-9.702,0.0,9.66499999999999
111,121,103.61,-11.162,-78.405,-12.136,0.0,1.906999999999993
112,121,97.369,-10.48,-78.073,-8.968,0.0,-0.15199999999999747
113,121,108.357,-10.135,-78.826,-9.341,0.0,10.055000000000001
114,121,104.619,-11.339,-77.283,-13.09,0.0,2.907
115,121,100.062,-10.999,-79.992,-7.842,0.0,1.2289999999999983
116,121,102.929,-10.432,-85.536,-5.979,0.0,0.9819999999999984
117,121,102.529,-9.843,-84.593,-6.275,0.0,1.817999999999989
118,121,98.677,-11.98,-82.7,-6.616,0.0,-2.6189999999999998
119,121,108.077,-12.501,-83.349,-6.588,0.0,5.63899999999999
120,121,103.127,-10.022,-79.685,-10.921,0.0,2.498999999999988
121,121,108.034,-10.317,-74.343,-13.968,0.0,9.40600000000001
122,121,106.416,-10.748,-79.522,-10.711,0.0,5.434999999999986
123,121,108.217,-11.824,-75.968,-14.317,0.0,6.107999999999997
124,121,104.531,-12.478,-73.655,-13.119,0.0,5.279000000000011
125,121,109.37,-10.492,-80.111,-11.008,0.0,7.758999999999997
126,121,105.797,-11.287,-77.289,-12.567,0.0,4.653999999999989
127,121,102.096,-10.483,-77.932,-11.918,0.0,1.7629999999999981
128,121,104.199,-10.787,-78.01,-9.856,0.0,5.545999999999987
129,121,106.987,-11.414,-76.5,-13.077,0.0,5.995999999999993
130,121,105.478,-11.667,-79.521,-11.324,0.0,2.965999999999992
131,121,102.484,-10.219,-75.708,-12.059,0.0,4.498000000000003
132,121,98.224,-11.074,-76.481,-11.977,0.0,-1.3079999999999892
133,121,103.759,-10.051,-78.525,-11.104,0.0,4.0789999999999935
134,121,111.31,-10.64,-76.529,-11.739,0.0,12.402000000000005
135,121,100.952,-11.052,-77.601,-11.801,0.0,0.49800000000000644
136,121,104.552,-12.169,-74.977,-13.386,0.0,4.020000000000007
137,121,105.208,-11.987,-71.238,-12.697,0.0,9.286000000000005
138,121,101.574,-11.36,-72.689,-13.932,0.0,3.5930000000000053
139,121,106.355,-10.89,-75.255,-13.626,0.0,6.5840000000000085
140,121,105.31,-10.667,-78.513,-10.886,0.0,5.243999999999996
141,121,100.274,-10.835,-77.578,-11.867,0.0,-0.0060000000000108855
142,121,106.856,-11.008,-74.801,-13.774,0.0,7.272999999999998
143,121,107.854,-10.59,-78.65,-11.623,0.0,6.990999999999991
144,121,100.207,-10.662,-75.432,-11.228,0.0,2.8849999999999856
145,121,104.43,-11.628,-75.812,-13.041,0.0,3.9490000000000087
146,121,107.333,-10.492,-78.264,-12.525,0.0,6.051999999999998
147,121,108.133,-11.469,-76.991,-12.564,0.0,7.109000000000002
148,121,103.882,-10.222,-74.9,-12.278,0.0,6.482000000000005
149,121,104.577,-10.026,-78.332,-12.727,0.0,3.492000000000008
150,121,104.328,-10.196,-77.391,-12.235,0.0,4.506
151,121,102.334,-10.884,-75.324,-12.397,0.0,3.7290000000000045
152,121,109.606,-10.475,-76.293,-11.948,0.0,10.889999999999993
153,121,109.099,-10.409,-76.123,-12.298,0.0,10.268999999999993
154,121,106.889,-11.326,-74.661,-13.61,0.0,7.291999999999987
155,121,103.019,-11.077,-76.935,-10.775,0.0,4.232000000000005
156,121,101.64,-11.74,-73.768,-13.315,0.0,2.8170000000000055
157,121,100.472,-9.744,-75.894,-12.035,0.0,2.798999999999989
158,121,105.423,-11.289,-76.142,-11.377,0.0,6.615000000000004
159,121,102.662,-11.334,-76.915,-12.337,0.0,2.075999999999997
160,121,101.504,-10.411,-72.525,-14.637,0.0,3.9309999999999974
161,121,106.69,-10.98,-77.319,-11.31,0.0,7.080999999999991
162,121,103.449,-10.003,-77.174,-12.072,0.0,4.199999999999992
163,121,104.463,-11.215,-76.182,-12.345,0.0,4.720999999999988
164,121,99.63,-9.927,-78.695,-9.929,0.0,1.0790000000000095
165,121,105.337,-11.451,-81.803,-6.165,0.0,5.917999999999998
166,121,111.467,-9.695,-86.44,-6.748,0.0,8.583999999999993
167,121,108.828,-10.392,-87.54,-6.709,0.0,4.187000000000001
168,121,100.327,-10.498,-76.658,-11.012,0.0,2.158999999999992
169,121,105.298,-11.48,-79.043,-9.725,0.0,5.049999999999992
170,121,104.728,-10.699,-81.572,-8.118,0.0,4.338999999999993
171,121,104.125,-10.877,-77.027,-12.967,0.0,3.254000000000003
172,121,103.499,-11.836,-74.186,-14.716,0.0,2.7609999999999904
173,121,100.715,-10.613,-76.151,-12.798,0.0,1.1530000000000076
174,121,99.079,-10.679,-74.768,-12.136,0.0,1.4959999999999916
175,121,105.095,-10.451,-76.792,-10.976,0.0,6.876000000000003
176,121,104.271,-10.651,-78.836,-11.105,0.0,3.6790000000000056
177,121,102.184,-10.726,-79.267,-9.847,0.0,2.344000000000003
178,121,106.487,-10.513,-74.739,-13.493,0.0,7.741999999999985
179,121,110.959,-11.72,-76.613,-12.282,0.0,10.344000000000005
180,121,107.417,-11.506,-74.577,-13.643,0.0,7.6910000000000025
181,121,102.005,-10.934,-79.022,-11.196,0.0,0.8529999999999927
182,121,108.035,-10.742,-78.536,-12.432,0.0,6.32499999999999
183,121,101.83,-10.758,-78.46,-10.389,0.0,2.2230000000000096
184,121,99.63,-10.573,-74.803,-12.257,0.0,1.996999999999991
185,121,99.913,-9.983,-75.933,-11.849,0.0,2.1479999999999855
186,121,103.175,-10.847,-75.457,-13.973,0.0,2.8980000000000086
187,121,105.595,-9.927,-76.361,-12.982,0.0,6.325000000000003
188,121,106.565,-11.62,-76.797,-10.591,0.0,7.556999999999997
189,121,107.98,-11.136,-74.577,-11.568,0.0,10.69900000000001
190,121,110.427,-10.938,-76.879,-13.146,0.0,9.463999999999999
191,121,98.867,-11.829,-78.524,-10.443,0.0,-1.9289999999999896
192,121,110.029,-11.481,-78.197,-11.796,0.0,8.555
193,121,106.47,-10.759,-76.326,-13.295,0.0,6.090000000000005
194,121,106.783,-11.47,-74.247,-12.822,0.0,8.244000000000003
195,121,98.972,-10.801,-74.293,-13.61,0.0,0.26799999999998647
196,121,113.571,-11.387,-78.191,-11.46,0.0,12.532999999999994
197,121,111.804,-9.713,-74.631,-13.257,0.0,14.203000000000008
198,121,105.479,-9.328,-76.38,-11.715,0.0,8.056000000000001
199,121,98.15,-10.93,-76.585,-12.358,0.0,-1.7229999999999954
200,121,101.484,-9.54,-77.702,-11.615,0.0,2.62699999999999
201,121,114.459,-10.747,-79.947,-11.202,0.0,12.563
202,121,97.166,-9.941,-75.193,-12.195,0.0,-0.1630000000000038
203,121,111.727,-10.113,-76.141,-12.403,0.0,13.069999999999999
204,121,104.974,-11.342,-76.558,-9.578,0.0,7.495999999999999
205,121,102.286,-8.705,-82.429,-7.714,0.0,3.4380000000000006
206,121,99.995,-10.527,-76.85,-10.095,0.0,2.5230000000000086
207,121,110.481,-10.064,-77.63,-10.447,0.0,12.340000000000007
208,121,112.056,-11.541,-74.473,-12.999,0.0,13.043000000000001
209,121,103.42,-10.587,-77.247,-11.171,0.0,4.414999999999999
210,121,106.055,-10.191,-78.021,-11.85,0.0,5.993000000000004
211,121,103.637,-10.252,-75.658,-13.269,0.0,4.458000000000004
212,121,114.649,-11.029,-73.66,-11.909,0.0,18.05100000000001
213,121,104.113,-7.891,-76.942,-10.882,0.0,8.398000000000001
214,121,103.895,-11.56,-74.724,-12.384,0.0,5.22699999999999
215,121,107.411,-11.105,-74.66,-12.009,0.0,9.637
216,121,105.316,-10.472,-78.435,-11.547,0.0,4.862000000000005
217,121,102.125,-10.366,-74.591,-11.381,0.0,5.787000000000006
218,121,97.421,-10.998,-76.52,-12.752,0.0,-2.848999999999995
219,121,103.262,-11.651,-76.361,-12.216,0.0,3.0340000000000007
220,121,111.11,-11.033,-77.309,-11.51,0.0,11.258000000000001
221,121,101.458,-11.489,-76.231,-12.299,0.0,1.439
222,121,107.272,-11.176,-75.913,-12.258,0.0,7.925000000000008
223,121,104.221,-11.426,-76.338,-11.242,0.0,5.215000000000007
224,121,105.702,-10.271,-76.17,-13.899,0.0,5.3619999999999965
225,121,109.828,-10.937,-71.91,-13.084,0.0,13.89700000000001
226,121,105.777,-10.744,-76.369,-13.412,0.0,5.252000000000001
227,121,104.884,-11.242,-76.963,-12.129,0.0,4.5500000000000025
228,121,103.012,-12.106,-76.341,-11.532,0.0,3.033000000000012
229,121,100.789,-10.514,-77.646,-10.263,0.0,2.366000000000005
230,121,105.777,-11.001,-77.81,-12.04,0.0,4.925999999999995
231,121,100.002,-11.328,-76.775,-13.238,0.0,-1.3390000000000128
232,121,99.924,-11.662,-76.922,-13.073,0.0,-1.732999999999997
233,121,101.834,-10.977,-75.284,-13.565,0.0,2.007999999999994
234,121,103.814,-11.414,-77.668,-12.158,0.0,2.5739999999999856
235,121,110.257,-9.894,-78.096,-11.778,0.0,10.488999999999995
236,121,106.044,-11.118,-74.324,-12.653,0.0,7.949000000000003
237,121,105.1,-12.559,-76.383,-11.707,0.0,4.4510000000000005
238,121,104.567,-10.6,-84.696,-6.383,0.0,2.888000000000001
239,121,106.341,-9.587,-78.938,-10.698,0.0,7.117999999999988
240,121,106.471,-10.391,-75.889,-13.835,0.0,6.356000000000002
241,121,99.641,-11.172,-76.358,-12.58,0.0,-0.46899999999999586
242,121,106.678,-11.261,-73.866,-13.762,0.0,7.7890000000000015
243,121,101.762,-10.852,-77.952,-11.158,0.0,1.799999999999999
244,121,111.226,-9.785,-75.077,-11.739,0.0,14.625000000000004
245,121,99.873,-10.199,-77.879,-12.256,0.0,-0.4609999999999985
246,121,102.924,-10.585,-76.632,-11.879,0.0,3.827999999999994
247,121,105.373,-8.927,-76.536,-14.495,0.0,5.414999999999997
248,121,105.666,-10.333,-79.176,-11.809,0.0,4.347999999999997
249,121,104.823,-10.464,-75.328,-11.757,0.0,7.273999999999992
250,121,99.061,-10.336,-77.21,-11.689,0.0,-0.17399999999998528
251,121,100.053,-10.503,-75.796,-11.351,0.0,2.40299999999999
252,121,104.548,-10.923,-78.69,-10.11,0.0,4.825000000000003
253,121,110.233,-10.802,-82.294,-7.234,0.0,9.903000000000015
254,121,101.769,-10.653,-79.054,-9.557,0.0,2.5049999999999972
255,121,98.067,-10.723,-78.849,-8.568,0.0,-0.07300000000000928
256,121,104.487,-11.414,-78.098,-9.07,0.0,5.904999999999994
257,121,108.745,-11.12,-81.454,-6.946,0.0,9.225000000000007
258,121,108.045,-10.327,-80.636,-6.205,0.0,10.877000000000008
259,121,103.931,-10.773,-74.487,-14.33,0.0,4.341000000000006
260,121,101.334,-9.748,-76.264,-11.894,0.0,3.4280000000000026
261,121,100.028,-11.449,-77.213,-10.433,0.0,0.933000000000014
262,121,105.404,-11.603,-80.032,-9.115,0.0,4.654000000000005
263,121,98.272,-12.124,-82.488,-6.042,0.0,-2.381999999999989
264,121,104.627,-11.267,-83.384,-7.966,0.0,2.009999999999999
265,121,106.999,-11.153,-78.746,-10.099,0.0,7.000999999999994
266,121,105.897,-10.153,-80.767,-7.383,0.0,7.594000000000004
267,121,111.155,-10.502,-86.573,-5.456,0.0,8.624000000000013
268,121,102.84,-10.968,-76.391,-8.426,0.0,7.054999999999994
269,121,104.669,-9.502,-86.665,-6.347,0.0,2.154999999999995
270,121,100.288,-10.742,-74.012,-12.139,0.0,3.3949999999999925
271,121,102.944,-11.566,-83.273,-7.88,0.0,0.22500000000000409
272,121,102.52,-11.057,-83.842,-6.871,0.0,0.7499999999999947
273,121,99.754,-9.81,-76.139,-11.152,0.0,2.6530000000000076
274,121,99.615,-10.084,-82.384,-6.937,0.0,0.20999999999999108
275,121,105.58,-9.326,-85.921,-6.599,0.0,3.733999999999984
276,121,104.126,-12.202,-84.388,-6.268,0.0,1.2680000000000016
277,121,102.125,-10.757,-76.319,-11.167,0.0,3.8819999999999926
278,121,102.275,-10.64,-79.263,-10.692,0.0,1.6799999999999997
279,121,103.65,-12.039,-81.487,-9.475,0.0,0.6490000000000098
280,121,106.988,-11.24,-81.241,-7.497,0.0,7.010000000000005
281,121,108.944,-10.873,-75.409,-12.674,0.0,9.987999999999992
282,121,100.328,-10.488,-76.833,-12.838,0.0,0.1690000000000058
283,121,105.295,-11.682,-73.213,-12.801,0.0,7.5990000000000055
284,121,103.201,-11.131,-74.152,-13.663,0.0,4.254999999999992
285,121,102.738,-10.588,-73.508,-15.104,0.0,3.538000000000011
286,121,106.92,-11.318,-74.229,-13.091,0.0,8.282000000000005
287,121,104.963,-11.484,-77.231,-12.03,0.0,4.218000000000005
288,121,110.436,-10.61,-74.434,-14.985,0.0,10.40700000000001
289,121,102.043,-11.683,-74.85,-14.461,0.0,1.049000000000019
290,121,104.448,-9.879,-76.235,-11.519,0.0,6.814999999999989
291,121,111.524,-10.133,-79.133,-10.957,0.0,11.301000000000009
292,121,106.429,-11.811,-78.577,-12.145,0.0,3.8959999999999972
293,121,102.624,-9.526,-75.167,-11.518,0.0,6.412999999999997
294,121,103.797,-10.983,-78.511,-11.113,0.0,3.1899999999999977
295,121,100.553,-9.441,-75.35,-12.177,0.0,3.585000000000001
296,121,101.171,-11.867,-78.597,-11.49,0.0,-0.7829999999999924
297,121,105.995,-11.799,-79.258,-6.627,0.0,8.311000000000003
298,121,99.263,-11.417,-82.242,-6.816,0.0,-1.2120000000000006
299,121,106.564,-10.117,-76.501,-13.031,0.0,6.914999999999983
300,121,105.995,-11.682,-74.181,-13.713,0.0,6.419000000000006
301,121,105.456,-11.217,-79.096,-11.482,0.0,3.6610000000000014
302,121,100.426,-11.95,-76.609,-12.028,0.0,-0.16099999999999604
303,121,102.143,-12.37,-75.634,-12.787,0.0,1.351999999999995
304,121,96.927,-11.203,-76.472,-14.221,0.0,-4.9689999999999905
305,121,98.103,-10.322,-72.382,-13.049,0.0,2.349999999999987
306,121,104.539,-10.347,-75.919,-13.016,0.0,5.25700000000001
307,121,106.429,-11.789,-74.58,-11.516,0.0,8.544000000000002
308,121,104.299,-11.205,-77.255,-12.226,0.0,3.613000000000012
309,121,105.695,-11.56,-74.831,-13.699,0.0,5.604999999999988
310,121,103.525,-11.693,-77.053,-12.325,0.0,2.4540000000000113
311,121,100.636,-11.878,-73.358,-11.008,0.0,4.391999999999992
312,121,103.698,-11.906,-74.972,-12.269,0.0,4.550999999999993
313,121,103.836,-11.245,-75.738,-12.238,0.0,4.614999999999995
314,121,101.079,-11.354,-72.884,-12.311,0.0,4.529999999999994
315,121,100.881,-11.761,-75.084,-12.122,0.0,1.9140000000000015
316,121,98.033,-11.539,-73.44,-11.905,0.0,1.1490000000000027
317,121,101.433,-10.29,-75.293,-11.745,0.0,4.104999999999995
318,121,102.809,-12.231,-76.38,-10.981,0.0,3.2170000000000076
319,121,107.664,-10.214,-77.511,-14.754,0.0,5.185000000000008
320,121,107.586,-10.616,-78.242,-13.18,0.0,5.547999999999995
321,121,104.805,-10.987,-75.408,-12.081,0.0,6.329000000000011
322,121,104.508,-11.454,-73.836,-12.792,0.0,6.426000000000004
323,121,103.823,-11.527,-77.092,-12.049,0.0,3.154999999999994
324,121,103.422,-10.49,-73.548,-13.928,0.0,5.4559999999999995
325,121,101.612,-9.248,-75.267,-10.677,0.0,6.419999999999995
326,121,100.188,-11.493,-77.001,-11.849,0.0,-0.15499999999999758
327,121,105.433,-10.884,-75.262,-13.636,0.0,5.651000000000007
328,121,100.27,-10.89,-77.194,-12.671,0.0,-0.48500000000000654
329,121,99.247,-10.632,-75.759,-12.768,0.0,0.08799999999999386
330,121,100.613,-11.594,-74.401,-12.378,0.0,2.240000000000009
331,121,102.188,-10.056,-75.489,-11.668,0.0,4.975000000000001
332,121,102.332,-10.669,-74.596,-12.88,0.0,4.186999999999992
333,121,103.553,-11.724,-75.774,-11.229,0.0,4.825999999999993
334,121,102.639,-11.708,-76.476,-11.066,0.0,3.3889999999999976
335,121,107.319,-10.867,-77.96,-13.19,0.0,5.302000000000005
336,121,106.012,-10.328,-75.224,-12.284,0.0,8.175999999999993
337,121,103.244,-10.616,-75.793,-12.499,0.0,4.335999999999993
338,121,103.576,-11.88,-75.711,-12.909,0.0,3.0759999999999987
339,121,108.025,-10.958,-72.564,-12.8,0.0,11.703000000000014
340,121,98.104,-11.661,-74.241,-12.382,0.0,-0.1800000000000015
341,121,104.022,-11.464,-73.077,-13.813,0.0,5.668000000000008
342,121,102.683,-10.253,-75.105,-13.536,0.0,3.7890000000000033
343,121,104.361,-12.304,-74.12,-12.747,0.0,5.189999999999998
344,121,96.887,-10.209,-77.066,-11.691,0.0,-2.079000000000006
345,121,107.76,-10.296,-78.168,-12.42,0.0,6.875999999999992
346,121,103.831,-10.558,-74.82,-12.679,0.0,5.774000000000003
347,121,99.367,-11.48,-76.308,-12.062,0.0,-0.48300000000000587
348,121,108.943,-11.781,-74.692,-12.387,0.0,10.082999999999998
349,121,102.134,-10.762,-77.816,-10.004,0.0,3.551999999999998
350,121,108.786,-10.219,-74.997,-12.301,0.0,11.269000000000007
351,121,104.718,-11.871,-78.087,-11.711,0.0,3.049000000000005
352,121,109.051,-11.346,-75.282,-11.646,0.0,10.777000000000001
353,121,99.626,-10.43,-74.498,-14.501,0.0,0.19699999999999385
354,121,105.717,-10.586,-76.222,-11.284,0.0,7.625000000000005
355,121,107.679,-12.601,-76.709,-11.011,0.0,7.3580000000000005
356,121,106.636,-11.643,-79.829,-8.452,0.0,6.7120000000000015
357,121,105.988,-12.234,-76.343,-13.491,0.0,3.9200000000000017
358,121,105.627,-10.679,-75.458,-12.554,0.0,6.935999999999995
359,121,101.474,-11.16,-75.409,-12.25,0.0,2.655000000000001
360,121,99.14,-11.537,-77.737,-11.157,0.0,-1.2910000000000004
361,121,108.191,-11.908,-76.713,-10.023,0.0,9.547000000000008
362,121,106.861,-11.354,-75.641,-11.042,0.0,8.824
363,121,108.066,-11.519,-76.651,-11.754,0.0,8.142000000000001
364,121,109.179,-11.585,-74.905,-11.057,0.0,11.631999999999993
365,121,103.984,-11.787,-74.835,-13.2,0.0,4.1619999999999955
366,121,104.798,-10.735,-74.254,-11.156,0.0,8.652999999999997
367,121,111.525,-10.757,-80.381,-8.936,0.0,11.451
368,121,106.768,-11.724,-77.426,-12.308,0.0,5.309999999999995
369,121,104.035,-11.089,-74.844,-11.896,0.0,6.206000000000003
370,121,104.424,-11.221,-75.365,-10.953,0.0,6.885000000000009
371,121,102.059,-11.682,-74.42,-11.807,0.0,4.149999999999993
372,121,106.343,-11.361,-74.305,-12.753,0.0,7.923999999999992
373,121,104.08,-11.913,-74.072,-12.62,0.0,5.475
374,121,101.896,-11.688,-77.347,-11.882,0.0,0.9790000000000045
375,121,112.134,-11.195,-77.162,-12.465,0.0,11.311999999999987
376,121,112.511,-9.715,-76.237,-12.046,0.0,14.512999999999998
377,121,96.724,-9.491,-73.962,-11.073,0.0,2.1980000000000004
378,121,100.851,-10.754,-76.863,-11.922,0.0,1.311999999999994
379,121,104.424,-13.092,-73.585,-12.971,0.0,4.776000000000014
380,121,105.187,-12.498,-77.62,-11.615,0.0,3.453999999999988
381,121,105.953,-12.331,-76.012,-13.305,0.0,4.305
382,121,104.806,-10.728,-77.311,-11.898,0.0,4.868999999999996
383,121,106.084,-11.59,-75.898,-13.872,0.0,4.724000000000004
384,121,102.251,-11.156,-72.754,-14.499,0.0,3.8419999999999934
385,121,104.43,-10.406,-74.708,-13.271,0.0,6.045000000000002
386,121,109.518,-11.161,-78.929,-11.361,0.0,8.066999999999997
387,121,106.467,-10.608,-77.832,-12.292,0.0,5.735000000000001
388,121,103.904,-12.504,-77.337,-11.966,0.0,2.096999999999989
389,121,103.424,-10.129,-75.92,-11.833,0.0,5.542
390,121,100.691,-10.45,-77.636,-11.864,0.0,0.7410000000000032
391,121,101.156,-11.57,-75.023,-12.129,0.0,2.434000000000017
392,121,104.985,-9.038,-78.289,-11.361,0.0,6.297000000000001
393,121,104.578,-10.095,-76.968,-12.567,0.0,4.948
394,121,104.727,-11.185,-77.434,-11.403,0.0,4.705000000000004
395,121,114.914,-12.099,-78.217,-13.166,0.0,11.431999999999999
396,121,105.351,-10.834,-80.297,-10.651,0.0,3.568999999999999
397,121,108.16,-9.984,-75.948,-11.824,0.0,10.404000000000009
398,121,101.6,-10.022,-77.287,-11.957,0.0,2.333999999999982
399,121,99.125,-10.696,-76.071,-12.548,0.0,-0.18999999999999595
400,121,105.65,-10.916,-75.84,-9.665,0.0,9.229000000000006
401,121,106.965,-11.309,-77.976,-12.38,0.0,5.300000000000006


Sidechain Energy Decomposition:
Frame #,Residue,Internal,van der Waals,Electrostatic,Polar Solvation,Non-Polar Solv.,TOTAL
1,121,105.934,-10.358,-83.836,-7.881,0.0,3.8589999999999947
2,121,105.192,-9.703,-79.065,-10.07,0.0,6.353999999999992
3,121,102.546,-10.403,-76.342,-12.123,0.0,3.6780000000000026
4,121,104.182,-11.656,-75.819,-12.658,0.0,4.048999999999994
5,121,102.986,-11.776,-76.934,-12.579,0.0,1.6970000000000098
6,121,101.037,-10.161,-77.645,-13.017,0.0,0.2140000000000093
7,121,101.211,-10.053,-75.273,-13.577,0.0,2.308000000000005
8,121,99.986,-9.696,-75.735,-12.017,0.0,2.5380000000000074
9,121,105.858,-10.695,-76.462,-12.845,0.0,5.856000000000007
10,121,100.023,-10.93,-76.427,-11.438,0.0,1.227999999999982
11,121,104.391,-11.557,-78.361,-12.62,0.0,1.8529999999999998
12,121,102.349,-10.083,-77.508,-13.201,0.0,1.5570000000000093
13,121,107.532,-9.31,-77.473,-12.865,0.0,7.883999999999995
14,121,107.894,-10.414,-77.008,-11.887,0.0,8.585000000000008
15,121,103.306,-11.349,-77.806,-13.416,0.0,0.7349999999999959
16,121,108.766,-11.508,-76.098,-12.267,0.0,8.893000000000011
17,121,103.889,-9.144,-76.3,-13.092,0.0,5.352999999999993
18,121,106.024,-11.177,-74.776,-13.935,0.0,6.136000000000012
19,121,104.412,-10.33,-76.308,-12.794,0.0,4.98
20,121,100.019,-12.333,-75.316,-11.096,0.0,1.2740000000000045
21,121,104.749,-9.107,-77.519,-12.444,0.0,5.67899999999999
22,121,104.856,-10.381,-76.909,-12.213,0.0,5.352999999999989
23,121,101.521,-10.478,-76.862,-14.369,0.0,-0.18799999999998818
24,121,103.747,-11.083,-74.261,-13.513,0.0,4.890000000000006
25,121,105.734,-10.997,-78.011,-12.653,0.0,4.072999999999999
26,121,101.238,-11.418,-76.767,-13.024,0.0,0.02899999999999814
27,121,97.743,-11.666,-75.317,-10.794,0.0,-0.03399999999999537
28,121,110.811,-10.401,-78.653,-12.362,0.0,9.395000000000005
29,121,106.826,-11.242,-79.119,-7.338,0.0,9.126999999999988
30,121,107.909,-11.975,-82.285,-7.967,0.0,5.6820000000000155
31,121,106.372,-11.596,-83.11,-4.316,0.0,7.349999999999997
32,121,97.782,-11.285,-74.816,-9.878,0.0,1.8029999999999973
33,121,105.442,-9.598,-87.045,-6.965,0.0,1.8339999999999925
34,121,105.175,-11.283,-80.415,-9.269,0.0,4.2079999999999895
35,121,108.724,-10.564,-77.416,-11.162,0.0,9.581999999999999
36,121,102.107,-11.521,-74.725,-12.418,0.0,3.443000000000005
37,121,104.93,-10.463,-77.722,-11.051,0.0,5.694000000000019
38,121,103.458,-10.145,-76.372,-11.399,0.0,5.542000000000003
39,121,97.975,-11.417,-74.365,-12.665,0.0,-0.4720000000000013
40,121,98.71,-11.013,-76.238,-12.275,0.0,-0.8160000000000114
41,121,103.661,-11.002,-74.879,-12.478,0.0,5.302000000000001
42,121,101.936,-12.018,-72.638,-12.679,0.0,4.601000000000001
43,121,100.227,-11.431,-75.692,-12.931,0.0,0.17300000000001425
44,121,106.479,-10.647,-73.274,-14.381,0.0,8.176999999999992
45,121,104.676,-12.355,-73.766,-12.89,0.0,5.664999999999992
46,121,109.475,-11.412,-77.419,-11.54,0.0,9.103999999999992
47,121,108.632,-11.502,-78.446,-9.235,0.0,9.449000000000012
48,121,103.854,-11.886,-74.957,-12.211,0.0,4.80000000000001
49,121,102.833,-9.934,-76.954,-11.881,0.0,4.064000000000007
50,121,105.47,-11.502,-75.431,-14.064,0.0,4.473000000000006
51,121,102.275,-10.866,-78.054,-12.47,0.0,0.8850000000000033
52,121,101.693,-10.131,-76.55,-11.66,0.0,3.3520000000000003
53,121,101.734,-11.123,-77.367,-12.397,0.0,0.8469999999999853
54,121,105.125,-9.181,-76.44,-13.77,0.0,5.734000000000005
55,121,105.465,-11.276,-79.345,-9.387,0.0,5.457000000000008
56,121,102.899,-11.685,-75.308,-11.332,0.0,4.573999999999991
57,121,104.781,-12.356,-77.942,-12.796,0.0,1.687000000000019
58,121,107.582,-11.102,-77.525,-10.69,0.0,8.264999999999985
59,121,112.429,-10.88,-82.199,-7.142,0.0,12.208000000000009
60,121,105.726,-10.748,-78.772,-13.319,0.0,2.886999999999988
61,121,99.186,-9.637,-75.937,-12.265,0.0,1.3470000000000084
62,121,108.059,-9.974,-77.245,-12.112,0.0,8.727999999999989
63,121,108.169,-10.578,-78.047,-11.297,0.0,8.246999999999996
64,121,104.544,-10.451,-76.652,-10.487,0.0,6.953999999999988
65,121,107.448,-10.842,-79.497,-8.593,0.0,8.515999999999995
66,121,101.686,-10.124,-78.031,-11.286,0.0,2.2450000000000063
67,121,113.375,-11.493,-76.15,-13.132,0.0,12.6
68,121,103.432,-9.775,-75.753,-13.192,0.0,4.711999999999996
69,121,100.634,-10.67,-75.628,-9.197,0.0,5.138999999999999
70,121,97.913,-10.196,-83.692,-6.456,0.0,-2.4309999999999947
71,121,99.918,-10.991,-77.324,-9.177,0.0,2.426000000000009
72,121,102.296,-11.653,-73.681,-12.102,0.0,4.860000000000003
73,121,105.867,-10.768,-76.063,-11.35,0.0,7.686000000000002
74,121,111.402,-9.472,-77.912,-10.628,0.0,13.39
75,121,102.273,-11.343,-78.719,-11.703,0.0,0.5079999999999991
76,121,99.166,-10.687,-82.605,-6.441,0.0,-0.5670000000000046
77,121,107.402,-10.545,-83.107,-6.233,0.0,7.517
78,121,105.375,-11.707,-78.598,-10.937,0.0,4.133000000000008
79,121,98.632,-10.234,-82.932,-6.038,0.0,-0.5719999999999921
80,121,102.874,-12.886,-78.761,-7.723,0.0,3.504000000000004
81,121,107.029,-11.347,-75.567,-14.753,0.0,5.362000000000009
82,121,105.62,-11.634,-82.036,-7.403,0.0,4.547000000000003
83,121,103.782,-9.868,-80.446,-8.247,0.0,5.221000000000004
84,121,103.488,-10.874,-76.212,-13.171,0.0,3.2310000000000016
85,121,101.588,-10.362,-83.844,-7.312,0.0,0.07000000000000473
86,121,102.94,-11.485,-79.095,-9.696,0.0,2.6639999999999997
87,121,108.653,-11.503,-79.157,-12.656,0.0,5.337000000000009
88,121,103.152,-11.645,-79.303,-9.576,0.0,2.628000000000007
89,121,102.993,-11.974,-75.476,-13.719,0.0,1.8239999999999927
90,121,107.637,-10.927,-85.156,-6.961,0.0,4.593000000000002
91,121,102.636,-11.22,-78.012,-10.026,0.0,3.3779999999999966
92,121,102.233,-11.4,-81.382,-8.025,0.0,1.425999999999993
93,121,107.951,-10.585,-82.345,-5.722,0.0,9.298999999999985
94,121,110.903,-10.349,-74.978,-13.457,0.0,12.119000000000007
95,121,102.963,-9.405,-78.847,-8.497,0.0,6.213999999999999
96,121,104.357,-10.537,-76.872,-12.901,0.0,4.0469999999999935
97,121,107.462,-12.086,-77.368,-11.769,0.0,6.23900000000001
98,121,106.18,-11.132,-76.178,-11.984,0.0,6.886000000000005
99,121,97.963,-10.823,-74.782,-12.524,0.0,-0.16600000000000925
100,121,100.015,-9.006,-77.355,-10.792,0.0,2.8619999999999965
101,121,105.62,-10.531,-75.227,-12.706,0.0,7.155999999999995
102,121,111.031,-10.631,-76.811,-13.783,0.0,9.806
103,121,102.334,-11.315,-78.428,-11.94,0.0,0.6510000000000087
104,121,108.434,-10.506,-74.803,-11.682,0.0,11.443
105,121,104.252,-9.81,-76.005,-13.774,0.0,4.6629999999999985
106,121,101.515,-10.859,-76.466,-11.999,0.0,2.1910000000000114
107,121,103.505,-10.534,-77.271,-12.536,0.0,3.163999999999989
108,121,102.847,-11.048,-75.607,-13.197,0.0,2.994999999999994
109,121,102.573,-9.543,-85.745,-5.476,0.0,1.8089999999999966
110,121,109.012,-11.007,-78.638,-9.702,0.0,9.66499999999999
111,121,103.61,-11.162,-78.405,-12.136,0.0,1.906999999999993
112,121,97.369,-10.48,-78.073,-8.968,0.0,-0.15199999999999747
113,121,108.357,-10.135,-78.826,-9.341,0.0,10.055000000000001
114,121,104.619,-11.339,-77.283,-13.09,0.0,2.907
115,121,100.062,-10.999,-79.992,-7.842,0.0,1.2289999999999983
116,121,102.929,-10.432,-85.536,-5.979,0.0,0.9819999999999984
117,121,102.529,-9.843,-84.593,-6.275,0.0,1.817999999999989
118,121,98.677,-11.98,-82.7,-6.616,0.0,-2.6189999999999998
119,121,108.077,-12.501,-83.349,-6.588,0.0,5.63899999999999
120,121,103.127,-10.022,-79.685,-10.921,0.0,2.498999999999988
121,121,108.034,-10.317,-74.343,-13.968,0.0,9.40600000000001
122,121,106.416,-10.748,-79.522,-10.711,0.0,5.434999999999986
123,121,108.217,-11.824,-75.968,-14.317,0.0,6.107999999999997
124,121,104.531,-12.478,-73.655,-13.119,0.0,5.279000000000011
125,121,109.37,-10.492,-80.111,-11.008,0.0,7.758999999999997
126,121,105.797,-11.287,-77.289,-12.567,0.0,4.653999999999989
127,121,102.096,-10.483,-77.932,-11.918,0.0,1.7629999999999981
128,121,104.199,-10.787,-78.01,-9.856,0.0,5.545999999999987
129,121,106.987,-11.414,-76.5,-13.077,0.0,5.995999999999993
130,121,105.478,-11.667,-79.521,-11.324,0.0,2.965999999999992
131,121,102.484,-10.219,-75.708,-12.059,0.0,4.498000000000003
132,121,98.224,-11.074,-76.481,-11.977,0.0,-1.3079999999999892
133,121,103.759,-10.051,-78.525,-11.104,0.0,4.0789999999999935
134,121,111.31,-10.64,-76.529,-11.739,0.0,12.402000000000005
135,121,100.952,-11.052,-77.601,-11.801,0.0,0.49800000000000644
136,121,104.552,-12.169,-74.977,-13.386,0.0,4.020000000000007
137,121,105.208,-11.987,-71.238,-12.697,0.0,9.286000000000005
138,121,101.574,-11.36,-72.689,-13.932,0.0,3.5930000000000053
139,121,106.355,-10.89,-75.255,-13.626,0.0,6.5840000000000085
140,121,105.31,-10.667,-78.513,-10.886,0.0,5.243999999999996
141,121,100.274,-10.835,-77.578,-11.867,0.0,-0.0060000000000108855
142,121,106.856,-11.008,-74.801,-13.774,0.0,7.272999999999998
143,121,107.854,-10.59,-78.65,-11.623,0.0,6.990999999999991
144,121,100.207,-10.662,-75.432,-11.228,0.0,2.8849999999999856
145,121,104.43,-11.628,-75.812,-13.041,0.0,3.9490000000000087
146,121,107.333,-10.492,-78.264,-12.525,0.0,6.051999999999998
147,121,108.133,-11.469,-76.991,-12.564,0.0,7.109000000000002
148,121,103.882,-10.222,-74.9,-12.278,0.0,6.482000000000005
149,121,104.577,-10.026,-78.332,-12.727,0.0,3.492000000000008
150,121,104.328,-10.196,-77.391,-12.235,0.0,4.506
151,121,102.334,-10.884,-75.324,-12.397,0.0,3.7290000000000045
152,121,109.606,-10.475,-76.293,-11.948,0.0,10.889999999999993
153,121,109.099,-10.409,-76.123,-12.298,0.0,10.268999999999993
154,121,106.889,-11.326,-74.661,-13.61,0.0,7.291999999999987
155,121,103.019,-11.077,-76.935,-10.775,0.0,4.232000000000005
156,121,101.64,-11.74,-73.768,-13.315,0.0,2.8170000000000055
157,121,100.472,-9.744,-75.894,-12.035,0.0,2.798999999999989
158,121,105.423,-11.289,-76.142,-11.377,0.0,6.615000000000004
159,121,102.662,-11.334,-76.915,-12.337,0.0,2.075999999999997
160,121,101.504,-10.411,-72.525,-14.637,0.0,3.9309999999999974
161,121,106.69,-10.98,-77.319,-11.31,0.0,7.080999999999991
162,121,103.449,-10.003,-77.174,-12.072,0.0,4.199999999999992
163,121,104.463,-11.215,-76.182,-12.345,0.0,4.720999999999988
164,121,99.63,-9.927,-78.695,-9.929,0.0,1.0790000000000095
165,121,105.337,-11.451,-81.803,-6.165,0.0,5.917999999999998
166,121,111.467,-9.695,-86.44,-6.748,0.0,8.583999999999993
167,121,108.828,-10.392,-87.54,-6.709,0.0,4.187000000000001
168,121,100.327,-10.498,-76.658,-11.012,0.0,2.158999999999992
169,121,105.298,-11.48,-79.043,-9.725,0.0,5.049999999999992
170,121,104.728,-10.699,-81.572,-8.118,0.0,4.338999999999993
171,121,104.125,-10.877,-77.027,-12.967,0.0,3.254000000000003
172,121,103.499,-11.836,-74.186,-14.716,0.0,2.7609999999999904
173,121,100.715,-10.613,-76.151,-12.798,0.0,1.1530000000000076
174,121,99.079,-10.679,-74.768,-12.136,0.0,1.4959999999999916
175,121,105.095,-10.451,-76.792,-10.976,0.0,6.876000000000003
176,121,104.271,-10.651,-78.836,-11.105,0.0,3.6790000000000056
177,121,102.184,-10.726,-79.267,-9.847,0.0,2.344000000000003
178,121,106.487,-10.513,-74.739,-13.493,0.0,7.741999999999985
179,121,110.959,-11.72,-76.613,-12.282,0.0,10.344000000000005
180,121,107.417,-11.506,-74.577,-13.643,0.0,7.6910000000000025
181,121,102.005,-10.934,-79.022,-11.196,0.0,0.8529999999999927
182,121,108.035,-10.742,-78.536,-12.432,0.0,6.32499999999999
183,121,101.83,-10.758,-78.46,-10.389,0.0,2.2230000000000096
184,121,99.63,-10.573,-74.803,-12.257,0.0,1.996999999999991
185,121,99.913,-9.983,-75.933,-11.849,0.0,2.1479999999999855
186,121,103.175,-10.847,-75.457,-13.973,0.0,2.8980000000000086
187,121,105.595,-9.927,-76.361,-12.982,0.0,6.325000000000003
188,121,106.565,-11.62,-76.797,-10.591,0.0,7.556999999999997
189,121,107.98,-11.136,-74.577,-11.568,0.0,10.69900000000001
190,121,110.427,-10.938,-76.879,-13.146,0.0,9.463999999999999
191,121,98.867,-11.829,-78.524,-10.443,0.0,-1.9289999999999896
192,121,110.029,-11.481,-78.197,-11.796,0.0,8.555
193,121,106.47,-10.759,-76.326,-13.295,0.0,6.090000000000005
194,121,106.783,-11.47,-74.247,-12.822,0.0,8.244000000000003
195,121,98.972,-10.801,-74.293,-13.61,0.0,0.26799999999998647
196,121,113.571,-11.387,-78.191,-11.46,0.0,12.532999999999994
197,121,111.804,-9.713,-74.631,-13.257,0.0,14.203000000000008
198,121,105.479,-9.328,-76.38,-11.715,0.0,8.056000000000001
199,121,98.15,-10.93,-76.585,-12.358,0.0,-1.7229999999999954
200,121,101.484,-9.54,-77.702,-11.615,0.0,2.62699999999999
201,121,114.459,-10.747,-79.947,-11.202,0.0,12.563
202,121,97.166,-9.941,-75.193,-12.195,0.0,-0.1630000000000038
203,121,111.727,-10.113,-76.141,-12.403,0.0,13.069999999999999
204,121,104.974,-11.342,-76.558,-9.578,0.0,7.495999999999999
205,121,102.286,-8.705,-82.429,-7.714,0.0,3.4380000000000006
206,121,99.995,-10.527,-76.85,-10.095,0.0,2.5230000000000086
207,121,110.481,-10.064,-77.63,-10.447,0.0,12.340000000000007
208,121,112.056,-11.541,-74.473,-12.999,0.0,13.043000000000001
209,121,103.42,-10.587,-77.247,-11.171,0.0,4.414999999999999
210,121,106.055,-10.191,-78.021,-11.85,0.0,5.993000000000004
211,121,103.637,-10.252,-75.658,-13.269,0.0,4.458000000000004
212,121,114.649,-11.029,-73.66,-11.909,0.0,18.05100000000001
213,121,104.113,-7.891,-76.942,-10.882,0.0,8.398000000000001
214,121,103.895,-11.56,-74.724,-12.384,0.0,5.22699999999999
215,121,107.411,-11.105,-74.66,-12.009,0.0,9.637
216,121,105.316,-10.472,-78.435,-11.547,0.0,4.862000000000005
217,121,102.125,-10.366,-74.591,-11.381,0.0,5.787000000000006
218,121,97.421,-10.998,-76.52,-12.752,0.0,-2.848999999999995
219,121,103.262,-11.651,-76.361,-12.216,0.0,3.0340000000000007
220,121,111.11,-11.033,-77.309,-11.51,0.0,11.258000000000001
221,121,101.458,-11.489,-76.231,-12.299,0.0,1.439
222,121,107.272,-11.176,-75.913,-12.258,0.0,7.925000000000008
223,121,104.221,-11.426,-76.338,-11.242,0.0,5.215000000000007
224,121,105.702,-10.271,-76.17,-13.899,0.0,5.3619999999999965
225,121,109.828,-10.937,-71.91,-13.084,0.0,13.89700000000001
226,121,105.777,-10.744,-76.369,-13.412,0.0,5.252000000000001
227,121,104.884,-11.242,-76.963,-12.129,0.0,4.5500000000000025
228,121,103.012,-12.106,-76.341,-11.532,0.0,3.033000000000012
229,121,100.789,-10.514,-77.646,-10.263,0.0,2.366000000000005
230,121,105.777,-11.001,-77.81,-12.04,0.0,4.925999999999995
231,121,100.002,-11.328,-76.775,-13.238,0.0,-1.3390000000000128
232,121,99.924,-11.662,-76.922,-13.073,0.0,-1.732999999999997
233,121,101.834,-10.977,-75.284,-13.565,0.0,2.007999999999994
234,121,103.814,-11.414,-77.668,-12.158,0.0,2.5739999999999856
235,121,110.257,-9.894,-78.096,-11.778,0.0,10.488999999999995
236,121,106.044,-11.118,-74.324,-12.653,0.0,7.949000000000003
237,121,105.1,-12.559,-76.383,-11.707,0.0,4.4510000000000005
238,121,104.567,-10.6,-84.696,-6.383,0.0,2.888000000000001
239,121,106.341,-9.587,-78.938,-10.698,0.0,7.117999999999988
240,121,106.471,-10.391,-75.889,-13.835,0.0,6.356000000000002
241,121,99.641,-11.172,-76.358,-12.58,0.0,-0.46899999999999586
242,121,106.678,-11.261,-73.866,-13.762,0.0,7.7890000000000015
243,121,101.762,-10.852,-77.952,-11.158,0.0,1.799999999999999
244,121,111.226,-9.785,-75.077,-11.739,0.0,14.625000000000004
245,121,99.873,-10.199,-77.879,-12.256,0.0,-0.4609999999999985
246,121,102.924,-10.585,-76.632,-11.879,0.0,3.827999999999994
247,121,105.373,-8.927,-76.536,-14.495,0.0,5.414999999999997
248,121,105.666,-10.333,-79.176,-11.809,0.0,4.347999999999997
249,121,104.823,-10.464,-75.328,-11.757,0.0,7.273999999999992
250,121,99.061,-10.336,-77.21,-11.689,0.0,-0.17399999999998528
251,121,100.053,-10.503,-75.796,-11.351,0.0,2.40299999999999
252,121,104.548,-10.923,-78.69,-10.11,0.0,4.825000000000003
253,121,110.233,-10.802,-82.294,-7.234,0.0,9.903000000000015
254,121,101.769,-10.653,-79.054,-9.557,0.0,2.5049999999999972
255,121,98.067,-10.723,-78.849,-8.568,0.0,-0.07300000000000928
256,121,104.487,-11.414,-78.098,-9.07,0.0,5.904999999999994
257,121,108.745,-11.12,-81.454,-6.946,0.0,9.225000000000007
258,121,108.045,-10.327,-80.636,-6.205,0.0,10.877000000000008
259,121,103.931,-10.773,-74.487,-14.33,0.0,4.341000000000006
260,121,101.334,-9.748,-76.264,-11.894,0.0,3.4280000000000026
261,121,100.028,-11.449,-77.213,-10.433,0.0,0.933000000000014
262,121,105.404,-11.603,-80.032,-9.115,0.0,4.654000000000005
263,121,98.272,-12.124,-82.488,-6.042,0.0,-2.381999999999989
264,121,104.627,-11.267,-83.384,-7.966,0.0,2.009999999999999
265,121,106.999,-11.153,-78.746,-10.099,0.0,7.000999999999994
266,121,105.897,-10.153,-80.767,-7.383,0.0,7.594000000000004
267,121,111.155,-10.502,-86.573,-5.456,0.0,8.624000000000013
268,121,102.84,-10.968,-76.391,-8.426,0.0,7.054999999999994
269,121,104.669,-9.502,-86.665,-6.347,0.0,2.154999999999995
270,121,100.288,-10.742,-74.012,-12.139,0.0,3.3949999999999925
271,121,102.944,-11.566,-83.273,-7.88,0.0,0.22500000000000409
272,121,102.52,-11.057,-83.842,-6.871,0.0,0.7499999999999947
273,121,99.754,-9.81,-76.139,-11.152,0.0,2.6530000000000076
274,121,99.615,-10.084,-82.384,-6.937,0.0,0.20999999999999108
275,121,105.58,-9.326,-85.921,-6.599,0.0,3.733999999999984
276,121,104.126,-12.202,-84.388,-6.268,0.0,1.2680000000000016
277,121,102.125,-10.757,-76.319,-11.167,0.0,3.8819999999999926
278,121,102.275,-10.64,-79.263,-10.692,0.0,1.6799999999999997
279,121,103.65,-12.039,-81.487,-9.475,0.0,0.6490000000000098
280,121,106.988,-11.24,-81.241,-7.497,0.0,7.010000000000005
281,121,108.944,-10.873,-75.409,-12.674,0.0,9.987999999999992
282,121,100.328,-10.488,-76.833,-12.838,0.0,0.1690000000000058
283,121,105.295,-11.682,-73.213,-12.801,0.0,7.5990000000000055
284,121,103.201,-11.131,-74.152,-13.663,0.0,4.254999999999992
285,121,102.738,-10.588,-73.508,-15.104,0.0,3.538000000000011
286,121,106.92,-11.318,-74.229,-13.091,0.0,8.282000000000005
287,121,104.963,-11.484,-77.231,-12.03,0.0,4.218000000000005
288,121,110.436,-10.61,-74.434,-14.985,0.0,10.40700000000001
289,121,102.043,-11.683,-74.85,-14.461,0.0,1.049000000000019
290,121,104.448,-9.879,-76.235,-11.519,0.0,6.814999999999989
291,121,111.524,-10.133,-79.133,-10.957,0.0,11.301000000000009
292,121,106.429,-11.811,-78.577,-12.145,0.0,3.8959999999999972
293,121,102.624,-9.526,-75.167,-11.518,0.0,6.412999999999997
294,121,103.797,-10.983,-78.511,-11.113,0.0,3.1899999999999977
295,121,100.553,-9.441,-75.35,-12.177,0.0,3.585000000000001
296,121,101.171,-11.867,-78.597,-11.49,0.0,-0.7829999999999924
297,121,105.995,-11.799,-79.258,-6.627,0.0,8.311000000000003
298,121,99.263,-11.417,-82.242,-6.816,0.0,-1.2120000000000006
299,121,106.564,-10.117,-76.501,-13.031,0.0,6.914999999999983
300,121,105.995,-11.682,-74.181,-13.713,0.0,6.419000000000006
301,121,105.456,-11.217,-79.096,-11.482,0.0,3.6610000000000014
302,121,100.426,-11.95,-76.609,-12.028,0.0,-0.16099999999999604
303,121,102.143,-12.37,-75.634,-12.787,0.0,1.351999999999995
304,121,96.927,-11.203,-76.472,-14.221,0.0,-4.9689999999999905
305,121,98.103,-10.322,-72.382,-13.049,0.0,2.349999999999987
306,121,104.539,-10.347,-75.919,-13.016,0.0,5.25700000000001
307,121,106.429,-11.789,-74.58,-11.516,0.0,8.544000000000002
308,121,104.299,-11.205,-77.255,-12.226,0.0,3.613000000000012
309,121,105.695,-11.56,-74.831,-13.699,0.0,5.604999999999988
310,121,103.525,-11.693,-77.053,-12.325,0.0,2.4540000000000113
311,121,100.636,-11.878,-73.358,-11.008,0.0,4.391999999999992
312,121,103.698,-11.906,-74.972,-12.269,0.0,4.550999999999993
313,121,103.836,-11.245,-75.738,-12.238,0.0,4.614999999999995
314,121,101.079,-11.354,-72.884,-12.311,0.0,4.529999999999994
315,121,100.881,-11.761,-75.084,-12.122,0.0,1.9140000000000015
316,121,98.033,-11.539,-73.44,-11.905,0.0,1.1490000000000027
317,121,101.433,-10.29,-75.293,-11.745,0.0,4.104999999999995
318,121,102.809,-12.231,-76.38,-10.981,0.0,3.2170000000000076
319,121,107.664,-10.214,-77.511,-14.754,0.0,5.185000000000008
320,121,107.586,-10.616,-78.242,-13.18,0.0,5.547999999999995
321,121,104.805,-10.987,-75.408,-12.081,0.0,6.329000000000011
322,121,104.508,-11.454,-73.836,-12.792,0.0,6.426000000000004
323,121,103.823,-11.527,-77.092,-12.049,0.0,3.154999999999994
324,121,103.422,-10.49,-73.548,-13.928,0.0,5.4559999999999995
325,121,101.612,-9.248,-75.267,-10.677,0.0,6.419999999999995
326,121,100.188,-11.493,-77.001,-11.849,0.0,-0.15499999999999758
327,121,105.433,-10.884,-75.262,-13.636,0.0,5.651000000000007
328,121,100.27,-10.89,-77.194,-12.671,0.0,-0.48500000000000654
329,121,99.247,-10.632,-75.759,-12.768,0.0,0.08799999999999386
330,121,100.613,-11.594,-74.401,-12.378,0.0,2.240000000000009
331,121,102.188,-10.056,-75.489,-11.668,0.0,4.975000000000001
332,121,102.332,-10.669,-74.596,-12.88,0.0,4.186999999999992
333,121,103.553,-11.724,-75.774,-11.229,0.0,4.825999999999993
334,121,102.639,-11.708,-76.476,-11.066,0.0,3.3889999999999976
335,121,107.319,-10.867,-77.96,-13.19,0.0,5.302000000000005
336,121,106.012,-10.328,-75.224,-12.284,0.0,8.175999999999993
337,121,103.244,-10.616,-75.793,-12.499,0.0,4.335999999999993
338,121,103.576,-11.88,-75.711,-12.909,0.0,3.0759999999999987
339,121,108.025,-10.958,-72.564,-12.8,0.0,11.703000000000014
340,121,98.104,-11.661,-74.241,-12.382,0.0,-0.1800000000000015
341,121,104.022,-11.464,-73.077,-13.813,0.0,5.668000000000008
342,121,102.683,-10.253,-75.105,-13.536,0.0,3.7890000000000033
343,121,104.361,-12.304,-74.12,-12.747,0.0,5.189999999999998
344,121,96.887,-10.209,-77.066,-11.691,0.0,-2.079000000000006
345,121,107.76,-10.296,-78.168,-12.42,0.0,6.875999999999992
346,121,103.831,-10.558,-74.82,-12.679,0.0,5.774000000000003
347,121,99.367,-11.48,-76.308,-12.062,0.0,-0.48300000000000587
348,121,108.943,-11.781,-74.692,-12.387,0.0,10.082999999999998
349,121,102.134,-10.762,-77.816,-10.004,0.0,3.551999999999998
350,121,108.786,-10.219,-74.997,-12.301,0.0,11.269000000000007
351,121,104.718,-11.871,-78.087,-11.711,0.0,3.049000000000005
352,121,109.051,-11.346,-75.282,-11.646,0.0,10.777000000000001
353,121,99.626,-10.43,-74.498,-14.501,0.0,0.19699999999999385
354,121,105.717,-10.586,-76.222,-11.284,0.0,7.625000000000005
355,121,107.679,-12.601,-76.709,-11.011,0.0,7.3580000000000005
356,121,106.636,-11.643,-79.829,-8.452,0.0,6.7120000000000015
357,121,105.988,-12.234,-76.343,-13.491,0.0,3.9200000000000017
358,121,105.627,-10.679,-75.458,-12.554,0.0,6.935999999999995
359,121,101.474,-11.16,-75.409,-12.25,0.0,2.655000000000001
360,121,99.14,-11.537,-77.737,-11.157,0.0,-1.2910000000000004
361,121,108.191,-11.908,-76.713,-10.023,0.0,9.547000000000008
362,121,106.861,-11.354,-75.641,-11.042,0.0,8.824
363,121,108.066,-11.519,-76.651,-11.754,0.0,8.142000000000001
364,121,109.179,-11.585,-74.905,-11.057,0.0,11.631999999999993
365,121,103.984,-11.787,-74.835,-13.2,0.0,4.1619999999999955
366,121,104.798,-10.735,-74.254,-11.156,0.0,8.652999999999997
367,121,111.525,-10.757,-80.381,-8.936,0.0,11.451
368,121,106.768,-11.724,-77.426,-12.308,0.0,5.309999999999995
369,121,104.035,-11.089,-74.844,-11.896,0.0,6.206000000000003
370,121,104.424,-11.221,-75.365,-10.953,0.0,6.885000000000009
371,121,102.059,-11.682,-74.42,-11.807,0.0,4.149999999999993
372,121,106.343,-11.361,-74.305,-12.753,0.0,7.923999999999992
373,121,104.08,-11.913,-74.072,-12.62,0.0,5.475
374,121,101.896,-11.688,-77.347,-11.882,0.0,0.9790000000000045
375,121,112.134,-11.195,-77.162,-12.465,0.0,11.311999999999987
376,121,112.511,-9.715,-76.237,-12.046,0.0,14.512999999999998
377,121,96.724,-9.491,-73.962,-11.073,0.0,2.1980000000000004
378,121,100.851,-10.754,-76.863,-11.922,0.0,1.311999999999994
379,121,104.424,-13.092,-73.585,-12.971,0.0,4.776000000000014
380,121,105.187,-12.498,-77.62,-11.615,0.0,3.453999999999988
381,121,105.953,-12.331,-76.012,-13.305,0.0,4.305
382,121,104.806,-10.728,-77.311,-11.898,0.0,4.868999999999996
383,121,106.084,-11.59,-75.898,-13.872,0.0,4.724000000000004
384,121,102.251,-11.156,-72.754,-14.499,0.0,3.8419999999999934
385,121,104.43,-10.406,-74.708,-13.271,0.0,6.045000000000002
386,121,109.518,-11.161,-78.929,-11.361,0.0,8.066999999999997
387,121,106.467,-10.608,-77.832,-12.292,0.0,5.735000000000001
388,121,103.904,-12.504,-77.337,-11.966,0.0,2.096999999999989
389,121,103.424,-10.129,-75.92,-11.833,0.0,5.542
390,121,100.691,-10.45,-77.636,-11.864,0.0,0.7410000000000032
391,121,101.156,-11.57,-75.023,-12.129,0.0,2.434000000000017
392,121,104.985,-9.038,-78.289,-11.361,0.0,6.297000000000001
393,121,104.578,-10.095,-76.968,-12.567,0.0,4.948
394,121,104.727,-11.185,-77.434,-11.403,0.0,4.705000000000004
395,121,114.914,-12.099,-78.217,-13.166,0.0,11.431999999999999
396,121,105.351,-10.834,-80.297,-10.651,0.0,3.568999999999999
397,121,108.16,-9.984,-75.948,-11.824,0.0,10.404000000000009
398,121,101.6,-10.022,-77.287,-11.957,0.0,2.333999999999982
399,121,99.125,-10.696,-76.071,-12.548,0.0,-0.18999999999999595
400,121,105.65,-10.916,-75.84,-9.665,0.0,9.229000000000006
401,121,106.965,-11.309,-77.976,-12.38,0.0,5.300000000000006

Backbone Energy Decomposition:
Frame #,Residue,Internal,van der Waals,Electrostatic,Polar Solvation,Non-Polar Solv.,TOTAL
1,121,0.0,0.0,0.0,0.0,0.0,0.0
2,121,0.0,0.0,0.0,0.0,0.0,0.0
3,121,0.0,0.0,0.0,0.0,0.0,0.0
4,121,0.0,0.0,0.0,0.0,0.0,0.0
5,121,0.0,0.0,0.0,0.0,0.0,0.0
6,121,0.0,0.0,0.0,0.0,0.0,0.0
7,121,0.0,0.0,0.0,0.0,0.0,0.0
8,121,0.0,0.0,0.0,0.0,0.0,0.0
9,121,0.0,0.0,0.0,0.0,0.0,0.0
10,121,0.0,0.0,0.0,0.0,0.0,0.0
11,121,0.0,0.0,0.0,0.0,0.0,0.0
12,121,0.0,0.0,0.0,0.0,0.0,0.0
13,121,0.0,0.0,0.0,0.0,0.0,0.0
14,121,0.0,0.0,0.0,0.0,0.0,0.0
15,121,0.0,0.0,0.0,0.0,0.0,0.0
16,121,0.0,0.0,0.0,0.0,0.0,0.0
17,121,0.0,0.0,0.0,0.0,0.0,0.0
18,121,0.0,0.0,0.0,0.0,0.0,0.0
19,121,0.0,0.0,0.0,0.0,0.0,0.0
20,121,0.0,0.0,0.0,0.0,0.0,0.0
21,121,0.0,0.0,0.0,0.0,0.0,0.0
22,121,0.0,0.0,0.0,0.0,0.0,0.0
23,121,0.0,0.0,0.0,0.0,0.0,0.0
24,121,0.0,0.0,0.0,0.0,0.0,0.0
25,121,0.0,0.0,0.0,0.0,0.0,0.0
26,121,0.0,0.0,0.0,0.0,0.0,0.0
27,121,0.0,0.0,0.0,0.0,0.0,0.0
28,121,0.0,0.0,0.0,0.0,0.0,0.0
29,121,0.0,0.0,0.0,0.0,0.0,0.0
30,121,0.0,0.0,0.0,0.0,0.0,0.0
31,121,0.0,0.0,0.0,0.0,0.0,0.0
32,121,0.0,0.0,0.0,0.0,0.0,0.0
33,121,0.0,0.0,0.0,0.0,0.0,0.0
34,121,0.0,0.0,0.0,0.0,0.0,0.0
35,121,0.0,0.0,0.0,0.0,0.0,0.0
36,121,0.0,0.0,0.0,0.0,0.0,0.0
37,121,0.0,0.0,0.0,0.0,0.0,0.0
38,121,0.0,0.0,0.0,0.0,0.0,0.0
39,121,0.0,0.0,0.0,0.0,0.0,0.0
40,121,0.0,0.0,0.0,0.0,0.0,0.0
41,121,0.0,0.0,0.0,0.0,0.0,0.0
42,121,0.0,0.0,0.0,0.0,0.0,0.0
43,121,0.0,0.0,0.0,0.0,0.0,0.0
44,121,0.0,0.0,0.0,0.0,0.0,0.0
45,121,0.0,0.0,0.0,0.0,0.0,0.0
46,121,0.0,0.0,0.0,0.0,0.0,0.0
47,121,0.0,0.0,0.0,0.0,0.0,0.0
48,121,0.0,0.0,0.0,0.0,0.0,0.0
49,121,0.0,0.0,0.0,0.0,0.0,0.0
50,121,0.0,0.0,0.0,0.0,0.0,0.0
51,121,0.0,0.0,0.0,0.0,0.0,0.0
52,121,0.0,0.0,0.0,0.0,0.0,0.0
53,121,0.0,0.0,0.0,0.0,0.0,0.0
54,121,0.0,0.0,0.0,0.0,0.0,0.0
55,121,0.0,0.0,0.0,0.0,0.0,0.0
56,121,0.0,0.0,0.0,0.0,0.0,0.0
57,121,0.0,0.0,0.0,0.0,0.0,0.0
58,121,0.0,0.0,0.0,0.0,0.0,0.0
59,121,0.0,0.0,0.0,0.0,0.0,0.0
60,121,0.0,0.0,0.0,0.0,0.0,0.0
61,121,0.0,0.0,0.0,0.0,0.0,0.0
62,121,0.0,0.0,0.0,0.0,0.0,0.0
63,121,0.0,0.0,0.0,0.0,0.0,0.0
64,121,0.0,0.0,0.0,0.0,0.0,0.0
65,121,0.0,0.0,0.0,0.0,0.0,0.0
66,121,0.0,0.0,0.0,0.0,0.0,0.0
67,121,0.0,0.0,0.0,0.0,0.0,0.0
68,121,0.0,0.0,0.0,0.0,0.0,0.0
69,121,0.0,0.0,0.0,0.0,0.0,0.0
70,121,0.0,0.0,0.0,0.0,0.0,0.0
71,121,0.0,0.0,0.0,0.0,0.0,0.0
72,121,0.0,0.0,0.0,0.0,0.0,0.0
73,121,0.0,0.0,0.0,0.0,0.0,0.0
74,121,0.0,0.0,0.0,0.0,0.0,0.0
75,121,0.0,0.0,0.0,0.0,0.0,0.0
76,121,0.0,0.0,0.0,0.0,0.0,0.0
77,121,0.0,0.0,0.0,0.0,0.0,0.0
78,121,0.0,0.0,0.0,0.0,0.0,0.0
79,121,0.0,0.0,0.0,0.0,0.0,0.0
80,121,0.0,0.0,0.0,0.0,0.0,0.0
81,121,0.0,0.0,0.0,0.0,0.0,0.0
82,121,0.0,0.0,0.0,0.0,0.0,0.0
83,121,0.0,0.0,0.0,0.0,0.0,0.0
84,121,0.0,0.0,0.0,0.0,0.0,0.0
85,121,0.0,0.0,0.0,0.0,0.0,0.0
86,121,0.0,0.0,0.0,0.0,0.0,0.0
87,121,0.0,0.0,0.0,0.0,0.0,0.0
88,121,0.0,0.0,0.0,0.0,0.0,0.0
89,121,0.0,0.0,0.0,0.0,0.0,0.0
90,121,0.0,0.0,0.0,0.0,0.0,0.0
91,121,0.0,0.0,0.0,0.0,0.0,0.0
92,121,0.0,0.0,0.0,0.0,0.0,0.0
93,121,0.0,0.0,0.0,0.0,0.0,0.0
94,121,0.0,0.0,0.0,0.0,0.0,0.0
95,121,0.0,0.0,0.0,0.0,0.0,0.0
96,121,0.0,0.0,0.0,0.0,0.0,0.0
97,121,0.0,0.0,0.0,0.0,0.0,0.0
98,121,0.0,0.0,0.0,0.0,0.0,0.0
99,121,0.0,0.0,0.0,0.0,0.0,0.0
100,121,0.0,0.0,0.0,0.0,0.0,0.0
101,121,0.0,0.0,0.0,0.0,0.0,0.0
102,121,0.0,0.0,0.0,0.0,0.0,0.0
103,121,0.0,0.0,0.0,0.0,0.0,0.0
104,121,0.0,0.0,0.0,0.0,0.0,0.0
105,121,0.0,0.0,0.0,0.0,0.0,0.0
106,121,0.0,0.0,0.0,0.0,0.0,0.0
107,121,0.0,0.0,0.0,0.0,0.0,0.0
108,121,0.0,0.0,0.0,0.0,0.0,0.0
109,121,0.0,0.0,0.0,0.0,0.0,0.0
110,121,0.0,0.0,0.0,0.0,0.0,0.0
111,121,0.0,0.0,0.0,0.0,0.0,0.0
112,121,0.0,0.0,0.0,0.0,0.0,0.0
113,121,0.0,0.0,0.0,0.0,0.0,0.0
114,121,0.0,0.0,0.0,0.0,0.0,0.0
115,121,0.0,0.0,0.0,0.0,0.0,0.0
116,121,0.0,0.0,0.0,0.0,0.0,0.0
117,121,0.0,0.0,0.0,0.0,0.0,0.0
118,121,0.0,0.0,0.0,0.0,0.0,0.0
119,121,0.0,0.0,0.0,0.0,0.0,0.0
120,121,0.0,0.0,0.0,0.0,0.0,0.0
121,121,0.0,0.0,0.0,0.0,0.0,0.0
122,121,0.0,0.0,0.0,0.0,0.0,0.0
123,121,0.0,0.0,0.0,0.0,0.0,0.0
124,121,0.0,0.0,0.0,0.0,0.0,0.0
125,121,0.0,0.0,0.0,0.0,0.0,0.0
126,121,0.0,0.0,0.0,0.0,0.0,0.0
127,121,0.0,0.0,0.0,0.0,0.0,0.0
128,121,0.0,0.0,0.0,0.0,0.0,0.0
129,121,0.0,0.0,0.0,0.0,0.0,0.0
130,121,0.0,0.0,0.0,0.0,0.0,0.0
131,121,0.0,0.0,0.0,0.0,0.0,0.0
132,121,0.0,0.0,0.0,0.0,0.0,0.0
133,121,0.0,0.0,0.0,0.0,0.0,0.0
134,121,0.0,0.0,0.0,0.0,0.0,0.0
135,121,0.0,0.0,0.0,0.0,0.0,0.0
136,121,0.0,0.0,0.0,0.0,0.0,0.0
137,121,0.0,0.0,0.0,0.0,0.0,0.0
138,121,0.0,0.0,0.0,0.0,0.0,0.0
139,121,0.0,0.0,0.0,0.0,0.0,0.0
140,121,0.0,0.0,0.0,0.0,0.0,0.0
141,121,0.0,0.0,0.0,0.0,0.0,0.0
142,121,0.0,0.0,0.0,0.0,0.0,0.0
143,121,0.0,0.0,0.0,0.0,0.0,0.0
144,121,0.0,0.0,0.0,0.0,0.0,0.0
145,121,0.0,0.0,0.0,0.0,0.0,0.0
146,121,0.0,0.0,0.0,0.0,0.0,0.0
147,121,0.0,0.0,0.0,0.0,0.0,0.0
148,121,0.0,0.0,0.0,0.0,0.0,0.0
149,121,0.0,0.0,0.0,0.0,0.0,0.0
150,121,0.0,0.0,0.0,0.0,0.0,0.0
151,121,0.0,0.0,0.0,0.0,0.0,0.0
152,121,0.0,0.0,0.0,0.0,0.0,0.0
153,121,0.0,0.0,0.0,0.0,0.0,0.0
154,121,0.0,0.0,0.0,0.0,0.0,0.0
155,121,0.0,0.0,0.0,0.0,0.0,0.0
156,121,0.0,0.0,0.0,0.0,0.0,0.0
157,121,0.0,0.0,0.0,0.0,0.0,0.0
158,121,0.0,0.0,0.0,0.0,0.0,0.0
159,121,0.0,0.0,0.0,0.0,0.0,0.0
160,121,0.0,0.0,0.0,0.0,0.0,0.0
161,121,0.0,0.0,0.0,0.0,0.0,0.0
162,121,0.0,0.0,0.0,0.0,0.0,0.0
163,121,0.0,0.0,0.0,0.0,0.0,0.0
164,121,0.0,0.0,0.0,0.0,0.0,0.0
165,121,0.0,0.0,0.0,0.0,0.0,0.0
166,121,0.0,0.0,0.0,0.0,0.0,0.0
167,121,0.0,0.0,0.0,0.0,0.0,0.0
168,121,0.0,0.0,0.0,0.0,0.0,0.0
169,121,0.0,0.0,0.0,0.0,0.0,0.0
170,121,0.0,0.0,0.0,0.0,0.0,0.0
171,121,0.0,0.0,0.0,0.0,0.0,0.0
172,121,0.0,0.0,0.0,0.0,0.0,0.0
173,121,0.0,0.0,0.0,0.0,0.0,0.0
174,121,0.0,0.0,0.0,0.0,0.0,0.0
175,121,0.0,0.0,0.0,0.0,0.0,0.0
176,121,0.0,0.0,0.0,0.0,0.0,0.0
177,121,0.0,0.0,0.0,0.0,0.0,0.0
178,121,0.0,0.0,0.0,0.0,0.0,0.0
179,121,0.0,0.0,0.0,0.0,0.0,0.0
180,121,0.0,0.0,0.0,0.0,0.0,0.0
181,121,0.0,0.0,0.0,0.0,0.0,0.0
182,121,0.0,0.0,0.0,0.0,0.0,0.0
183,121,0.0,0.0,0.0,0.0,0.0,0.0
184,121,0.0,0.0,0.0,0.0,0.0,0.0
185,121,0.0,0.0,0.0,0.0,0.0,0.0
186,121,0.0,0.0,0.0,0.0,0.0,0.0
187,121,0.0,0.0,0.0,0.0,0.0,0.0
188,121,0.0,0.0,0.0,0.0,0.0,0.0
189,121,0.0,0.0,0.0,0.0,0.0,0.0
190,121,0.0,0.0,0.0,0.0,0.0,0.0
191,121,0.0,0.0,0.0,0.0,0.0,0.0
192,121,0.0,0.0,0.0,0.0,0.0,0.0
193,121,0.0,0.0,0.0,0.0,0.0,0.0
194,121,0.0,0.0,0.0,0.0,0.0,0.0
195,121,0.0,0.0,0.0,0.0,0.0,0.0
196,121,0.0,0.0,0.0,0.0,0.0,0.0
197,121,0.0,0.0,0.0,0.0,0.0,0.0
198,121,0.0,0.0,0.0,0.0,0.0,0.0
199,121,0.0,0.0,0.0,0.0,0.0,0.0
200,121,0.0,0.0,0.0,0.0,0.0,0.0
201,121,0.0,0.0,0.0,0.0,0.0,0.0
202,121,0.0,0.0,0.0,0.0,0.0,0.0
203,121,0.0,0.0,0.0,0.0,0.0,0.0
204,121,0.0,0.0,0.0,0.0,0.0,0.0
205,121,0.0,0.0,0.0,0.0,0.0,0.0
206,121,0.0,0.0,0.0,0.0,0.0,0.0
207,121,0.0,0.0,0.0,0.0,0.0,0.0
208,121,0.0,0.0,0.0,0.0,0.0,0.0
209,121,0.0,0.0,0.0,0.0,0.0,0.0
210,121,0.0,0.0,0.0,0.0,0.0,0.0
211,121,0.0,0.0,0.0,0.0,0.0,0.0
212,121,0.0,0.0,0.0,0.0,0.0,0.0
213,121,0.0,0.0,0.0,0.0,0.0,0.0
214,121,0.0,0.0,0.0,0.0,0.0,0.0
215,121,0.0,0.0,0.0,0.0,0.0,0.0
216,121,0.0,0.0,0.0,0.0,0.0,0.0
217,121,0.0,0.0,0.0,0.0,0.0,0.0
218,121,0.0,0.0,0.0,0.0,0.0,0.0
219,121,0.0,0.0,0.0,0.0,0.0,0.0
220,121,0.0,0.0,0.0,0.0,0.0,0.0
221,121,0.0,0.0,0.0,0.0,0.0,0.0
222,121,0.0,0.0,0.0,0.0,0.0,0.0
223,121,0.0,0.0,0.0,0.0,0.0,0.0
224,121,0.0,0.0,0.0,0.0,0.0,0.0
225,121,0.0,0.0,0.0,0.0,0.0,0.0
226,121,0.0,0.0,0.0,0.0,0.0,0.0
227,121,0.0,0.0,0.0,0.0,0.0,0.0
228,121,0.0,0.0,0.0,0.0,0.0,0.0
229,121,0.0,0.0,0.0,0.0,0.0,0.0
230,121,0.0,0.0,0.0,0.0,0.0,0.0
231,121,0.0,0.0,0.0,0.0,0.0,0.0
232,121,0.0,0.0,0.0,0.0,0.0,0.0
233,121,0.0,0.0,0.0,0.0,0.0,0.0
234,121,0.0,0.0,0.0,0.0,0.0,0.0
235,121,0.0,0.0,0.0,0.0,0.0,0.0
236,121,0.0,0.0,0.0,0.0,0.0,0.0
237,121,0.0,0.0,0.0,0.0,0.0,0.0
238,121,0.0,0.0,0.0,0.0,0.0,0.0
239,121,0.0,0.0,0.0,0.0,0.0,0.0
240,121,0.0,0.0,0.0,0.0,0.0,0.0
241,121,0.0,0.0,0.0,0.0,0.0,0.0
242,121,0.0,0.0,0.0,0.0,0.0,0.0
243,121,0.0,0.0,0.0,0.0,0.0,0.0
244,121,0.0,0.0,0.0,0.0,0.0,0.0
245,121,0.0,0.0,0.0,0.0,0.0,0.0
246,121,0.0,0.0,0.0,0.0,0.0,0.0
247,121,0.0,0.0,0.0,0.0,0.0,0.0
248,121,0.0,0.0,0.0,0.0,0.0,0.0
249,121,0.0,0.0,0.0,0.0,0.0,0.0
250,121,0.0,0.0,0.0,0.0,0.0,0.0
251,121,0.0,0.0,0.0,0.0,0.0,0.0
252,121,0.0,0.0,0.0,0.0,0.0,0.0
253,121,0.0,0.0,0.0,0.0,0.0,0.0
254,121,0.0,0.0,0.0,0.0,0.0,0.0
255,121,0.0,0.0,0.0,0.0,0.0,0.0
256,121,0.0,0.0,0.0,0.0,0.0,0.0
257,121,0.0,0.0,0.0,0.0,0.0,0.0
258,121,0.0,0.0,0.0,0.0,0.0,0.0
259,121,0.0,0.0,0.0,0.0,0.0,0.0
260,121,0.0,0.0,0.0,0.0,0.0,0.0
261,121,0.0,0.0,0.0,0.0,0.0,0.0
262,121,0.0,0.0,0.0,0.0,0.0,0.0
263,121,0.0,0.0,0.0,0.0,0.0,0.0
264,121,0.0,0.0,0.0,0.0,0.0,0.0
265,121,0.0,0.0,0.0,0.0,0.0,0.0
266,121,0.0,0.0,0.0,0.0,0.0,0.0
267,121,0.0,0.0,0.0,0.0,0.0,0.0
268,121,0.0,0.0,0.0,0.0,0.0,0.0
269,121,0.0,0.0,0.0,0.0,0.0,0.0
270,121,0.0,0.0,0.0,0.0,0.0,0.0
271,121,0.0,0.0,0.0,0.0,0.0,0.0
272,121,0.0,0.0,0.0,0.0,0.0,0.0
273,121,0.0,0.0,0.0,0.0,0.0,0.0
274,121,0.0,0.0,0.0,0.0,0.0,0.0
275,121,0.0,0.0,0.0,0.0,0.0,0.0
276,121,0.0,0.0,0.0,0.0,0.0,0.0
277,121,0.0,0.0,0.0,0.0,0.0,0.0
278,121,0.0,0.0,0.0,0.0,0.0,0.0
279,121,0.0,0.0,0.0,0.0,0.0,0.0
280,121,0.0,0.0,0.0,0.0,0.0,0.0
281,121,0.0,0.0,0.0,0.0,0.0,0.0
282,121,0.0,0.0,0.0,0.0,0.0,0.0
283,121,0.0,0.0,0.0,0.0,0.0,0.0
284,121,0.0,0.0,0.0,0.0,0.0,0.0
285,121,0.0,0.0,0.0,0.0,0.0,0.0
286,121,0.0,0.0,0.0,0.0,0.0,0.0
287,121,0.0,0.0,0.0,0.0,0.0,0.0
288,121,0.0,0.0,0.0,0.0,0.0,0.0
289,121,0.0,0.0,0.0,0.0,0.0,0.0
290,121,0.0,0.0,0.0,0.0,0.0,0.0
291,121,0.0,0.0,0.0,0.0,0.0,0.0
292,121,0.0,0.0,0.0,0.0,0.0,0.0
293,121,0.0,0.0,0.0,0.0,0.0,0.0
294,121,0.0,0.0,0.0,0.0,0.0,0.0
295,121,0.0,0.0,0.0,0.0,0.0,0.0
296,121,0.0,0.0,0.0,0.0,0.0,0.0
297,121,0.0,0.0,0.0,0.0,0.0,0.0
298,121,0.0,0.0,0.0,0.0,0.0,0.0
299,121,0.0,0.0,0.0,0.0,0.0,0.0
300,121,0.0,0.0,0.0,0.0,0.0,0.0
301,121,0.0,0.0,0.0,0.0,0.0,0.0
302,121,0.0,0.0,0.0,0.0,0.0,0.0
303,121,0.0,0.0,0.0,0.0,0.0,0.0
304,121,0.0,0.0,0.0,0.0,0.0,0.0
305,121,0.0,0.0,0.0,0.0,0.0,0.0
306,121,0.0,0.0,0.0,0.0,0.0,0.0
307,121,0.0,0.0,0.0,0.0,0.0,0.0
308,121,0.0,0.0,0.0,0.0,0.0,0.0
309,121,0.0,0.0,0.0,0.0,0.0,0.0
310,121,0.0,0.0,0.0,0.0,0.0,0.0
311,121,0.0,0.0,0.0,0.0,0.0,0.0
312,121,0.0,0.0,0.0,0.0,0.0,0.0
313,121,0.0,0.0,0.0,0.0,0.0,0.0
314,121,0.0,0.0,0.0,0.0,0.0,0.0
315,121,0.0,0.0,0.0,0.0,0.0,0.0
316,121,0.0,0.0,0.0,0.0,0.0,0.0
317,121,0.0,0.0,0.0,0.0,0.0,0.0
318,121,0.0,0.0,0.0,0.0,0.0,0.0
319,121,0.0,0.0,0.0,0.0,0.0,0.0
320,121,0.0,0.0,0.0,0.0,0.0,0.0
321,121,0.0,0.0,0.0,0.0,0.0,0.0
322,121,0.0,0.0,0.0,0.0,0.0,0.0
323,121,0.0,0.0,0.0,0.0,0.0,0.0
324,121,0.0,0.0,0.0,0.0,0.0,0.0
325,121,0.0,0.0,0.0,0.0,0.0,0.0
326,121,0.0,0.0,0.0,0.0,0.0,0.0
327,121,0.0,0.0,0.0,0.0,0.0,0.0
328,121,0.0,0.0,0.0,0.0,0.0,0.0
329,121,0.0,0.0,0.0,0.0,0.0,0.0
330,121,0.0,0.0,0.0,0.0,0.0,0.0
331,121,0.0,0.0,0.0,0.0,0.0,0.0
332,121,0.0,0.0,0.0,0.0,0.0,0.0
333,121,0.0,0.0,0.0,0.0,0.0,0.0
334,121,0.0,0.0,0.0,0.0,0.0,0.0
335,121,0.0,0.0,0.0,0.0,0.0,0.0
336,121,0.0,0.0,0.0,0.0,0.0,0.0
337,121,0.0,0.0,0.0,0.0,0.0,0.0
338,121,0.0,0.0,0.0,0.0,0.0,0.0
339,121,0.0,0.0,0.0,0.0,0.0,0.0
340,121,0.0,0.0,0.0,0.0,0.0,0.0
341,121,0.0,0.0,0.0,0.0,0.0,0.0
342,121,0.0,0.0,0.0,0.0,0.0,0.0
343,121,0.0,0.0,0.0,0.0,0.0,0.0
344,121,0.0,0.0,0.0,0.0,0.0,0.0
345,121,0.0,0.0,0.0,0.0,0.0,0.0
346,121,0.0,0.0,0.0,0.0,0.0,0.0
347,121,0.0,0.0,0.0,0.0,0.0,0.0
348,121,0.0,0.0,0.0,0.0,0.0,0.0
349,121,0.0,0.0,0.0,0.0,0.0,0.0
350,121,0.0,0.0,0.0,0.0,0.0,0.0
351,121,0.0,0.0,0.0,0.0,0.0,0.0
352,121,0.0,0.0,0.0,0.0,0.0,0.0
353,121,0.0,0.0,0.0,0.0,0.0,0.0
354,121,0.0,0.0,0.0,0.0,0.0,0.0
355,121,0.0,0.0,0.0,0.0,0.0,0.0
356,121,0.0,0.0,0.0,0.0,0.0,0.0
357,121,0.0,0.0,0.0,0.0,0.0,0.0
358,121,0.0,0.0,0.0,0.0,0.0,0.0
359,121,0.0,0.0,0.0,0.0,0.0,0.0
360,121,0.0,0.0,0.0,0.0,0.0,0.0
361,121,0.0,0.0,0.0,0.0,0.0,0.0
362,121,0.0,0.0,0.0,0.0,0.0,0.0
363,121,0.0,0.0,0.0,0.0,0.0,0.0
364,121,0.0,0.0,0.0,0.0,0.0,0.0
365,121,0.0,0.0,0.0,0.0,0.0,0.0
366,121,0.0,0.0,0.0,0.0,0.0,0.0
367,121,0.0,0.0,0.0,0.0,0.0,0.0
368,121,0.0,0.0,0.0,0.0,0.0,0.0
369,121,0.0,0.0,0.0,0.0,0.0,0.0
370,121,0.0,0.0,0.0,0.0,0.0,0.0
371,121,0.0,0.0,0.0,0.0,0.0,0.0
372,121,0.0,0.0,0.0,0.0,0.0,0.0
373,121,0.0,0.0,0.0,0.0,0.0,0.0
374,121,0.0,0.0,0.0,0.0,0.0,0.0
375,121,0.0,0.0,0.0,0.0,0.0,0.0
376,121,0.0,0.0,0.0,0.0,0.0,0.0
377,121,0.0,0.0,0.0,0.0,0.0,0.0
378,121,0.0,0.0,0.0,0.0,0.0,0.0
379,121,0.0,0.0,0.0,0.0,0.0,0.0
380,121,0.0,0.0,0.0,0.0,0.0,0.0
381,121,0.0,0.0,0.0,0.0,0.0,0.0
382,121,0.0,0.0,0.0,0.0,0.0,0.0
383,121,0.0,0.0,0.0,0.0,0.0,0.0
384,121,0.0,0.0,0.0,0.0,0.0,0.0
385,121,0.0,0.0,0.0,0.0,0.0,0.0
386,121,0.0,0.0,0.0,0.0,0.0,0.0
387,121,0.0,0.0,0.0,0.0,0.0,0.0
388,121,0.0,0.0,0.0,0.0,0.0,0.0
389,121,0.0,0.0,0.0,0.0,0.0,0.0
390,121,0.0,0.0,0.0,0.0,0.0,0.0
391,121,0.0,0.0,0.0,0.0,0.0,0.0
392,121,0.0,0.0,0.0,0.0,0.0,0.0
393,121,0.0,0.0,0.0,0.0,0.0,0.0
394,121,0.0,0.0,0.0,0.0,0.0,0.0
395,121,0.0,0.0,0.0,0.0,0.0,0.0
396,121,0.0,0.0,0.0,0.0,0.0,0.0
397,121,0.0,0.0,0.0,0.0,0.0,0.0
398,121,0.0,0.0,0.0,0.0,0.0,0.0
399,121,0.0,0.0,0.0,0.0,0.0,0.0
400,121,0.0,0.0,0.0,0.0,0.0,0.0
401,121,0.0,0.0,0.0,0.0,0.0,0.0

