GENERALIZED BORN:
Frame #,BOND,ANGLE,DIHED,UB,IMP,CMAP,VDWAALS,EEL,1-4 VDW,1-4 EEL,EGB,ESURF,ESCF,G gas,G solv,TOTAL
0,501.1546,1456.2999,-1125.9479,0.0,0.0,0.0,-1272.2576,-15859.3982,588.2679,11467.672,-1956.0702,58.63415904,-0.7495,-4244.209299999999,-1897.4360409600001,-6142.394840959999
1,492.1712,1371.9284,-1070.4802,0.0,0.0,0.0,-1273.6063,-16016.0435,601.6507,11597.23,-1931.8345,57.86882136,6.3559,-4297.1497,-1873.9656786399999,-6164.75947864
2,491.6361,1411.8754,-1083.8362,0.0,0.0,0.0,-1248.2918,-16012.107,608.5536,11578.2889,-1970.5551,61.338399120000005,8.3978,-4253.881000000001,-1909.21670088,-6154.699900880001
3,500.5989,1401.7952,-1086.7541,0.0,0.0,0.0,-1263.5517,-16077.1052,604.3625,11548.4427,-1839.6075,58.453222319999995,14.371,-4372.2117,-1781.1542776800002,-6138.9949776799995
4,514.5304,1384.3145,-1062.4559,0.0,0.0,0.0,-1273.9174,-16070.1442,599.2244,11595.6132,-1858.7166,57.604350239999995,13.7093,-4312.835000000003,-1801.11224976,-6100.237949760002
5,470.3671,1438.8826,-1098.6912,0.0,0.0,0.0,-1251.6552,-15979.676,612.1409,11514.4423,-1925.3714,57.98807712,14.8347,-4294.1895,-1867.38332288,-6146.73812288
6,516.7783,1446.0472,-1100.8882,0.0,0.0,0.0,-1272.2719,-15997.1968,611.9936,11472.0728,-1829.2988,55.64569248,9.4709,-4323.465,-1773.65310752,-6087.64720752
7,483.7316,1372.9656,-1115.3331,0.0,0.0,0.0,-1268.6282,-15940.9299,596.7201,11531.6245,-1940.0047,57.1919724,10.9596,-4339.849399999999,-1882.8127276,-6211.702527599999
8,522.7067,1420.7328,-1083.1459,0.0,0.0,0.0,-1246.2624,-16029.275,587.4444,11555.2782,-1921.3886,57.75161688,13.8584,-4272.521199999999,-1863.63698312,-6122.299783119999
9,492.406,1408.6754,-1083.7359,0.0,0.0,0.0,-1275.2297,-16116.5124,590.9582,11547.5216,-1824.1039,55.902895199999996,4.3817,-4435.916799999999,-1768.2010048,-6199.736104799999
10,494.5754,1382.4327,-1096.9624,0.0,0.0,0.0,-1262.5896,-16069.5437,609.2071,11580.5661,-1858.2235,56.985526799999995,7.3251,-4362.314399999999,-1801.2379732000002,-6156.227273199999
11,491.494,1398.2813,-1052.02,0.0,0.0,0.0,-1286.06,-16087.9637,606.9415,11578.6243,-1892.9703,57.568453919999996,12.7285,-4350.7026000000005,-1835.40184608,-6173.37594608
12,511.5531,1365.9208,-1080.0001,0.0,0.0,0.0,-1239.2173,-16016.2528,613.7739,11567.2513,-1950.4904,60.087143520000005,11.5805,-4276.971099999999,-1890.40325648,-6155.793856479999
13,480.0212,1449.3198,-1092.0386,0.0,0.0,0.0,-1247.1462,-16092.3554,594.6359,11543.9042,-1863.6291,59.23557,17.996,-4363.659099999999,-1804.39353,-6150.056629999999
14,495.4713,1397.2321,-1079.2905,0.0,0.0,0.0,-1273.5312,-16020.0142,613.8095,11588.9762,-1933.2835,57.331298159999996,23.1342,-4277.346800000001,-1875.95220184,-6130.16480184
15,504.6134,1415.343,-1077.4301,0.0,0.0,0.0,-1268.6377,-15998.2386,606.0792,11558.6761,-1935.7798,58.59971928,25.007,-4259.5947000000015,-1877.18008072,-6111.7677807200025
16,493.9076,1453.1385,-1079.1362,0.0,0.0,0.0,-1273.391,-15969.1365,588.3209,11566.0802,-1971.9373,57.163986720000004,13.3756,-4220.2165,-1914.7733132800001,-6121.61421328
17,536.0716,1420.9259,-1100.2592,0.0,0.0,0.0,-1269.1498,-15756.705,589.8397,11533.6204,-2141.3657,60.21137016,24.0832,-4045.6564,-2081.1543298399997,-6102.72752984
18,498.88,1356.0984,-1051.5002,0.0,0.0,0.0,-1266.0616,-15772.3688,605.7119,11553.1581,-2110.1211,59.07236543999999,10.6648,-4076.082199999999,-2051.04873456,-6116.46613456
19,520.9037,1434.4183,-1077.6634,0.0,0.0,0.0,-1285.8977,-15842.1177,597.8409,11527.2364,-2045.4201,58.10498784,8.0356,-4125.279500000002,-1987.3151121600001,-6104.559012160003
20,524.4608,1357.7238,-1096.5034,0.0,0.0,0.0,-1243.0894,-15943.1463,606.5453,11554.291,-1977.069,59.367952079999995,20.6534,-4239.718200000003,-1917.70104792,-6136.765847920003
21,520.6118,1366.1659,-1099.4218,0.0,0.0,0.0,-1247.4739,-15937.7279,608.7282,11544.4294,-1974.5339,58.1236092,20.3142,-4244.6883,-1916.4102908,-6140.7843908
22,499.0631,1408.8082,-1094.6929,0.0,0.0,0.0,-1261.0272,-15815.5232,601.1579,11556.3481,-2102.9435,57.94749504,11.3222,-4105.866,-2044.99600496,-6139.53980496
23,516.9205,1451.5387,-1091.593,0.0,0.0,0.0,-1261.2019,-15888.0357,608.7565,11585.9477,-2052.0144,59.55309216,12.4669,-4077.6672,-1992.46130784,-6057.661607839999
24,512.9662,1414.9254,-1077.2663,0.0,0.0,0.0,-1264.1923,-15918.5294,609.5688,11533.5266,-1984.5809,58.748016959999994,19.6153,-4189.000999999998,-1925.8328830399998,-6095.218583039998
25,495.1,1434.092,-1082.9991,0.0,0.0,0.0,-1260.7613,-15900.5908,605.8906,11552.0816,-2015.686,56.792358719999996,6.3393,-4157.187,-1958.8936412799999,-6109.74134128
26,497.7536,1432.3357,-1075.4795,0.0,0.0,0.0,-1255.8749,-15830.6712,599.0951,11462.1819,-2019.1602,59.52708,13.6377,-4170.659300000001,-1959.63312,-6116.654720000001
27,528.2322,1378.8301,-1073.5956,0.0,0.0,0.0,-1251.5023,-15789.3458,603.8505,11451.8161,-2052.0358,58.06675728,14.3489,-4151.714799999998,-1993.96904272,-6131.334942719997
28,495.1278,1394.5307,-1116.7922,0.0,0.0,0.0,-1284.2135,-16019.9253,598.8258,11559.7564,-1927.6111,58.79698704,7.992,-4372.690299999998,-1868.81411296,-6233.512412959998
29,518.044,1433.7683,-1114.0134,0.0,0.0,0.0,-1268.4746,-15952.7911,608.9128,11620.8756,-2040.568,60.374427839999996,2.8146,-4153.678400000001,-1980.19357216,-6131.057372160001
30,476.5429,1383.3407,-1081.2385,0.0,0.0,0.0,-1241.3705,-15820.732,594.3458,11569.9556,-2106.1719,60.58976472,-1.8788,-4119.156000000001,-2045.5821352799999,-6166.616935280001
31,482.8189,1383.5366,-1093.5914,0.0,0.0,0.0,-1282.0098,-15792.2995,606.2752,11601.3092,-2157.1162,60.058588320000005,8.0569,-4093.960799999999,-2097.05761168,-6182.96151168
32,521.2885,1397.2343,-1076.687,0.0,0.0,0.0,-1287.8439,-15888.2191,616.8309,11550.6545,-2016.8073,58.18756536,-4.4577,-4166.741799999998,-1958.61973464,-6129.819234639998
33,510.0689,1403.3767,-1102.8893,0.0,0.0,0.0,-1226.4612,-15926.6942,607.9426,11543.9768,-2032.1008,61.531782480000004,8.2939,-4190.679699999999,-1970.56901752,-6152.954817519999
34,495.013,1414.2173,-1071.5465,0.0,0.0,0.0,-1243.856,-15987.476,596.1618,11617.401,-1990.6894,59.845392000000004,14.4704,-4180.0854,-1930.844008,-6096.459008
35,513.9815,1426.4682,-1091.6536,0.0,0.0,0.0,-1253.6947,-15910.7901,594.7065,11498.4515,-1963.1767,58.365440639999996,13.2015,-4222.530700000001,-1904.81125936,-6114.140459360001
36,499.2684,1423.3981,-1100.6924,0.0,0.0,0.0,-1267.7732,-15860.4089,618.5179,11483.3112,-1958.0148,59.259531599999995,13.0182,-4204.3789,-1898.7552684,-6090.1159683999995
37,500.0782,1439.4799,-1078.7178,0.0,0.0,0.0,-1279.722,-15906.037,603.5893,11594.2411,-2022.3724,58.01679432,7.9843,-4127.088300000001,-1964.35560568,-6083.459605680001
38,476.7852,1419.4967,-1136.2867,0.0,0.0,0.0,-1278.7965,-15992.9383,618.5149,11599.1306,-1943.6027,56.274816959999995,12.7761,-4294.0941,-1887.32788304,-6168.64588304
39,497.0077,1416.873,-1086.617,0.0,0.0,0.0,-1259.6043,-16025.2551,610.7665,11551.0903,-1911.7637,59.227776,15.8051,-4295.738900000002,-1852.535924,-6132.469724000002
40,476.8261,1357.5792,-1096.6295,0.0,0.0,0.0,-1265.0068,-15893.8619,608.507,11562.3343,-2025.3352,57.885465599999996,21.7643,-4250.2516,-1967.4497344,-6195.937034399999
41,552.1036,1412.7461,-1109.7394,0.0,0.0,0.0,-1276.3354,-16008.0653,583.5624,11514.5364,-1873.2933,58.15411632,19.2207,-4331.1915999999965,-1815.13918368,-6127.110083679997
42,511.4032,1417.8209,-1088.2426,0.0,0.0,0.0,-1249.215,-16051.4271,601.9686,11536.8183,-1857.1403,57.76255944,7.2196,-4320.873699999998,-1799.3777405600001,-6113.031840559998
43,504.4683,1413.2431,-1067.3782,0.0,0.0,0.0,-1254.979,-16065.1888,582.7429,11512.8163,-1855.3194,56.97252216,19.2963,-4374.275400000002,-1798.3468778400002,-6153.325977840002
44,512.3274,1499.6845,-1075.9001,0.0,0.0,0.0,-1258.4345,-15791.532,588.6397,11481.5756,-2053.9234,58.382010720000004,11.5274,-4043.6394,-1995.5413892800002,-6027.65338928
45,500.3357,1428.6017,-1060.8579,0.0,0.0,0.0,-1258.7548,-15997.7611,605.8092,11587.978,-1923.7214,58.696698239999996,19.0454,-4194.6492,-1865.02470176,-6040.62850176
46,463.2703,1449.9165,-1078.1771,0.0,0.0,0.0,-1275.467,-15892.4049,587.7943,11489.9785,-1953.0608,59.430522239999995,10.7949,-4255.089400000001,-1893.63027776,-6137.924777760001
47,520.469,1442.0886,-1075.9115,0.0,0.0,0.0,-1290.763,-16018.1877,597.4892,11509.3086,-1853.0564,57.131163359999995,10.2492,-4315.506799999999,-1795.9252366399999,-6101.182836639999
48,483.5918,1445.4331,-1114.2417,0.0,0.0,0.0,-1223.6898,-16011.6043,599.9861,11481.9987,-1881.3289,59.67568943999999,11.8265,-4338.526100000001,-1821.65321056,-6148.352810560002
49,513.0344,1419.9677,-1082.9182,0.0,0.0,0.0,-1247.4251,-15994.4675,608.5839,11538.2003,-1928.4449,57.855546000000004,15.0506,-4245.024500000001,-1870.589354,-6100.563254000002
50,476.3415,1411.2666,-1069.9552,0.0,0.0,0.0,-1255.0135,-15880.1895,610.6473,11534.8136,-2021.6526,58.812248159999996,13.1732,-4172.0892,-1962.8403518399998,-6121.756351839999
51,511.8875,1417.1928,-1117.5854,0.0,0.0,0.0,-1245.9621,-16041.4599,599.3912,11548.0003,-1894.4364,57.40572384,5.4081,-4328.535600000001,-1837.03067616,-6160.158176160002
52,485.7372,1429.1051,-1123.1652,0.0,0.0,0.0,-1274.1238,-15984.6634,605.8503,11513.585,-1874.7026,57.33404712,8.6185,-4347.674799999999,-1817.3685528800002,-6156.42485288
53,485.7226,1392.2779,-1084.339,0.0,0.0,0.0,-1216.6201,-15964.7314,608.3517,11554.2047,-1981.7781,58.885603919999994,19.5337,-4225.133600000003,-1922.89249608,-6128.492396080002
54,510.0968,1389.2697,-1078.0837,0.0,0.0,0.0,-1260.2872,-16045.1766,621.9724,11508.7539,-1890.0182,57.783032639999995,7.5981,-4353.4547,-1832.2351673599999,-6178.091767360001
55,491.1047,1430.7075,-1083.7982,0.0,0.0,0.0,-1262.2855,-16117.9698,609.9414,11568.2503,-1832.8568,58.852417679999995,10.9169,-4364.049600000002,-1774.00438232,-6127.137082320001
56,512.1565,1405.1744,-1088.0219,0.0,0.0,0.0,-1271.1699,-16023.1142,600.5931,11579.828,-1912.1036,58.5528336,12.3594,-4284.554,-1853.5507664,-6125.7453664
57,490.6622,1423.2165,-1124.8594,0.0,0.0,0.0,-1247.3719,-15950.5046,604.898,11564.3237,-1954.9273,58.59786168,8.297,-4239.6354999999985,-1896.32943832,-6127.667938319999
58,490.4878,1430.5979,-1104.8154,0.0,0.0,0.0,-1258.5814,-15977.9098,623.5409,11566.6906,-1937.5766,59.25407328000001,4.1573,-4229.9894,-1878.32252672,-6104.154626720001
59,478.0443,1411.7827,-1097.1382,0.0,0.0,0.0,-1238.2241,-16082.6954,621.7665,11565.8185,-1865.5706,58.47643728,22.0523,-4340.645700000001,-1807.09416272,-6125.687562720001
60,516.5944,1393.9924,-1066.2132,0.0,0.0,0.0,-1286.515,-15969.7511,629.3922,11534.3378,-1908.2723,57.4168752,10.9397,-4248.1624999999985,-1850.8554248,-6088.0782248
61,515.3995,1363.0577,-1095.9189,0.0,0.0,0.0,-1255.8454,-15906.7212,605.5922,11507.2945,-1953.2407,57.68910072,20.6915,-4267.141599999999,-1895.5515992800001,-6142.001699279999
62,527.6801,1398.4985,-1093.2018,0.0,0.0,0.0,-1265.1227,-16133.5945,609.5344,11576.0387,-1854.3815,56.29039992,22.7131,-4380.167299999999,-1798.09110008,-6155.545300079999
63,529.8628,1430.9851,-1082.4405,0.0,0.0,0.0,-1261.2715,-15978.6568,608.6621,11528.85,-1931.9347,57.64692312,9.5196,-4224.0088,-1874.28777688,-6088.77697688
64,510.5476,1392.4114,-1095.877,0.0,0.0,0.0,-1257.9485,-15922.8539,605.4906,11571.3761,-1991.1535,58.883132880000005,13.9132,-4196.8537000000015,-1932.27036712,-6115.210867120002
65,543.2295,1421.3089,-1073.707,0.0,0.0,0.0,-1266.351,-16061.9608,607.2168,11567.5315,-1870.6276,57.44534976,1.2557,-4262.732100000001,-1813.18225024,-6074.658650240001
66,510.5349,1458.1106,-1097.822,0.0,0.0,0.0,-1259.3569,-16084.0526,586.7252,11549.715,-1860.6671,58.66349759999999,30.8377,-4336.145799999998,-1802.0036023999999,-6107.3117023999985
67,493.5794,1459.596,-1080.0958,0.0,0.0,0.0,-1247.5533,-15947.1355,593.4764,11530.5833,-1987.7668,59.75703144,16.767,-4197.549500000001,-1928.00976856,-6108.7922685600015
68,502.9864,1381.9903,-1095.919,0.0,0.0,0.0,-1254.6997,-16051.4134,616.2898,11599.4321,-1919.0668,58.75874136,12.1177,-4301.333500000001,-1860.3080586400001,-6149.523858640001
69,513.7783,1418.9231,-1104.2542,0.0,0.0,0.0,-1260.6949,-15825.3522,590.9228,11520.3153,-2016.4018,58.53339936,-6.775,-4146.361799999999,-1957.8684006400001,-6111.005200639998
70,499.0154,1374.0725,-1084.9704,0.0,0.0,0.0,-1257.5155,-15799.1712,607.2156,11482.5502,-2046.4834,59.137795440000005,10.3373,-4178.803400000001,-1987.34560456,-6155.81170456
71,511.2167,1482.9656,-1063.4316,0.0,0.0,0.0,-1258.2836,-15847.4709,600.0252,11526.3781,-2052.9137,60.50607624,18.2684,-4048.6005000000005,-1992.40762376,-6022.739723760001
72,533.2202,1412.4517,-1086.1559,0.0,0.0,0.0,-1244.2757,-15979.0527,597.845,11606.3573,-2003.4601,59.481654479999996,19.3097,-4159.610100000002,-1943.97844552,-6084.2788455200025
73,531.6468,1377.7613,-1090.761,0.0,0.0,0.0,-1259.4024,-15821.3799,606.8329,11508.8286,-2059.1993,60.05387880000001,21.5222,-4146.4737000000005,-1999.1454212000003,-6124.0969212
74,455.4552,1427.4956,-1096.3612,0.0,0.0,0.0,-1273.519,-15917.3461,609.7606,11604.2533,-2021.2283,59.806530720000005,2.9755,-4190.2616,-1961.42176928,-6148.70786928
75,488.5728,1393.3427,-1084.496,0.0,0.0,0.0,-1247.8729,-15967.4473,613.9738,11547.4307,-1932.5128,58.969900079999995,-1.9975,-4256.496199999998,-1873.54289992,-6132.0365999199985
76,554.8169,1382.0593,-1068.9407,0.0,0.0,0.0,-1268.7701,-16033.4728,615.6242,11568.9245,-1920.7162,57.930071760000004,1.3785,-4249.7586999999985,-1862.7861282400002,-6111.166328239999
77,466.6657,1382.5958,-1092.1698,0.0,0.0,0.0,-1269.7172,-16066.9333,623.8599,11604.6903,-1904.7167,57.6096048,6.549,-4351.008599999999,-1847.1070952,-6191.566695199999
78,485.362,1385.3806,-1089.3772,0.0,0.0,0.0,-1272.376,-15913.1405,598.5334,11610.9101,-1981.2842,58.325788079999995,-3.3701,-4194.7076,-1922.9584119200001,-6121.03611192
79,505.1949,1406.9949,-1080.4725,0.0,0.0,0.0,-1259.2876,-15877.7175,609.762,11555.9402,-2031.0596,60.57187127999999,-4.6618,-4139.585600000002,-1970.48772872,-6114.735128720003
80,487.7116,1384.3533,-1115.7718,0.0,0.0,0.0,-1279.3759,-15907.5185,618.7988,11540.2416,-1966.7663,58.82822136,17.181,-4271.560900000002,-1907.93807864,-6162.317978640003
81,524.8096,1415.9969,-1069.9442,0.0,0.0,0.0,-1273.5902,-15904.2007,588.4925,11554.2073,-1997.742,59.04142776,3.987,-4164.228799999999,-1938.70057224,-6098.942372239999
82,510.0528,1415.7376,-1092.4944,0.0,0.0,0.0,-1243.8595,-15994.7247,616.4912,11551.839,-1935.5323,58.075629119999995,3.8939,-4236.958000000002,-1877.45667088,-6110.520770880003
83,495.6695,1464.2577,-1065.6474,0.0,0.0,0.0,-1243.3514,-15946.3343,603.9832,11536.8956,-1972.4705,59.649082560000004,14.2705,-4154.527099999999,-1912.82141744,-6053.078017439999
84,497.4837,1437.297,-1078.8862,0.0,0.0,0.0,-1226.9721,-16044.1418,609.6173,11597.061,-1913.1658,60.1514388,-1.4525,-4208.541099999999,-1853.0143612,-6063.007961199999
85,538.3132,1409.4374,-1094.8291,0.0,0.0,0.0,-1239.9666,-15956.57,589.6601,11514.259,-1960.1515,60.983980560000006,3.9498,-4239.695999999998,-1899.16751944,-6134.913719439997
86,520.6568,1434.9447,-1121.9225,0.0,0.0,0.0,-1225.4447,-15925.0577,591.4979,11492.0043,-1987.1414,62.457220799999995,18.0958,-4233.3211999999985,-1924.6841792,-6139.909579199999
87,505.4003,1436.7042,-1086.0411,0.0,0.0,0.0,-1275.6331,-15791.3739,597.7411,11519.7949,-2083.9898,59.399528399999994,11.5396,-4093.4076000000005,-2024.5902715999998,-6106.4582715999995
88,489.7377,1417.3388,-1107.0456,0.0,0.0,0.0,-1265.9456,-15790.4681,600.7978,11484.3062,-2051.7654,58.808358,11.8301,-4171.278799999998,-1992.9570420000002,-6152.405741999998
89,509.4625,1427.3378,-1112.0065,0.0,0.0,0.0,-1283.2588,-16096.8981,614.7614,11600.5438,-1835.8495,57.81895704,0.1583,-4340.057900000003,-1778.03054296,-6117.930142960004
90,499.7804,1358.795,-1080.425,0.0,0.0,0.0,-1273.9925,-15919.9067,586.9811,11546.1698,-1982.8388,59.379017039999994,13.2877,-4282.597900000001,-1923.45978296,-6192.769982960001
91,498.4603,1508.5634,-1080.4768,0.0,0.0,0.0,-1279.6678,-15904.2456,590.48,11497.1268,-1949.482,56.73900096,-0.7005,-4169.7597000000005,-1892.74299904,-6063.20319904
92,524.6925,1389.1666,-1097.2559,0.0,0.0,0.0,-1269.8943,-15823.6481,602.4865,11438.4264,-1972.482,57.494145599999996,8.5866,-4236.026300000001,-1914.9878544,-6142.427554400002
93,496.3631,1441.6223,-1120.1209,0.0,0.0,0.0,-1256.8438,-15994.2363,607.2314,11511.4801,-1909.2523,57.23023464,22.9547,-4314.504099999998,-1852.0220653600002,-6143.571465359998
94,500.9404,1396.4995,-1103.8417,0.0,0.0,0.0,-1254.3846,-16003.3753,597.5606,11556.3048,-1928.5868,57.81127032,5.7856,-4310.2963,-1870.77552968,-6175.286229679999
95,525.1669,1417.9419,-1111.8049,0.0,0.0,0.0,-1245.0457,-16038.0969,610.2745,11497.6842,-1865.0657,57.78464328,14.8713,-4343.880000000001,-1807.2810567200002,-6136.289756720002
96,520.171,1378.0497,-1078.2377,0.0,0.0,0.0,-1286.7853,-16072.2626,581.1476,11504.9704,-1790.8381,54.746783279999995,15.3927,-4452.946900000001,-1736.09131672,-6173.64551672
97,520.907,1418.0773,-1085.5626,0.0,0.0,0.0,-1247.7417,-15914.9251,613.0503,11501.8768,-1943.4789,59.375578319999995,14.3918,-4194.317999999999,-1884.1033216800001,-6064.029521679999
98,513.4081,1391.6083,-1095.9259,0.0,0.0,0.0,-1270.3082,-15922.0301,614.0923,11551.0825,-1976.1821,60.289840080000005,17.0951,-4218.0729999999985,-1915.89225992,-6116.8701599199985
99,488.4891,1397.2282,-1107.4063,0.0,0.0,0.0,-1262.0203,-15985.4945,623.0634,11538.1627,-1909.9371,57.579775919999996,7.0426,-4307.9776999999995,-1852.3573240800001,-6153.292424079999
100,504.6742,1360.9964,-1089.4344,0.0,0.0,0.0,-1268.4703,-15897.9585,610.02,11553.1423,-1987.0868,57.614182559999996,14.9329,-4227.030300000002,-1929.47261744,-6141.570017440003
101,542.7008,1380.7362,-1092.845,0.0,0.0,0.0,-1297.2147,-15894.5145,580.7444,11504.7703,-1951.754,57.751732080000004,23.2974,-4275.6224999999995,-1894.00226792,-6146.327367919999
102,540.4487,1405.0564,-1081.3666,0.0,0.0,0.0,-1260.5261,-16032.5088,598.6305,11487.7804,-1816.4544,55.45529496,9.6807,-4342.4855000000025,-1760.9991050400001,-6093.803905040003
103,492.1224,1386.0836,-1076.1652,0.0,0.0,0.0,-1268.5089,-16069.0206,606.566,11631.923,-1913.7,57.13298856,14.7342,-4296.9997,-1856.56701144,-6138.83251144
104,507.3298,1412.8375,-1117.982,0.0,0.0,0.0,-1263.692,-15997.5706,605.0868,11544.5909,-1914.7265,58.17008664,21.5655,-4309.399599999997,-1856.55641336,-6144.390513359997
105,495.7019,1455.0371,-1107.1492,0.0,0.0,0.0,-1281.0335,-15970.973,595.5002,11546.1361,-1920.0631,56.40957288,19.3137,-4266.7804000000015,-1863.65352712,-6111.120227120002
106,509.6831,1447.0277,-1088.7571,0.0,0.0,0.0,-1293.4106,-15839.1292,588.0541,11412.8482,-1944.5404,55.76338512,9.5814,-4263.683799999999,-1888.77701488,-6142.879414879999
107,525.9818,1381.9821,-1083.0884,0.0,0.0,0.0,-1274.1628,-15985.9537,600.8535,11510.1641,-1906.6796,56.74338504,13.2851,-4324.223400000003,-1849.93621496,-6160.874514960002
108,495.2221,1381.0847,-1080.577,0.0,0.0,0.0,-1283.2168,-16082.5615,603.7482,11600.8478,-1866.0356,57.4949556,-8.2934,-4365.452500000001,-1808.5406444,-6182.286544400001
109,520.7077,1466.215,-1117.4214,0.0,0.0,0.0,-1261.0216,-15873.5269,607.5558,11548.9784,-1999.5304,57.342342959999996,7.574,-4108.513000000001,-1942.18805704,-6043.127057040001
110,505.5488,1384.5806,-1061.2784,0.0,0.0,0.0,-1269.2321,-15805.4653,594.8794,11562.6659,-2107.2325,59.358660480000005,20.1587,-4088.3011000000006,-2047.87383952,-6116.01623952
111,481.7103,1431.8845,-1063.2621,0.0,0.0,0.0,-1299.8239,-15794.5178,591.5284,11544.8793,-2065.0863,57.674878559999996,-0.0646,-4107.6013,-2007.41142144,-6115.07732144
112,513.145,1375.0457,-1082.9547,0.0,0.0,0.0,-1262.6785,-16026.3886,597.7426,11543.4356,-1869.9033,58.75806384,16.6712,-4342.652899999999,-1811.14523616,-6137.126936159999
113,485.2143,1445.9138,-1113.1995,0.0,0.0,0.0,-1266.4572,-15843.9239,592.8324,11531.2387,-2035.0556,59.41385063999999,19.2127,-4168.3814,-1975.64174936,-6124.810449359999
114,497.0814,1389.1577,-1089.3428,0.0,0.0,0.0,-1249.7993,-15946.3353,610.1143,11551.3073,-1950.567,57.5370936,4.3974,-4237.816700000001,-1893.0299064,-6126.4492064000015
115,531.9011,1424.4111,-1100.1844,0.0,0.0,0.0,-1287.499,-15936.9758,601.2094,11540.4315,-1948.4252,57.418554959999994,-6.5602,-4226.706099999999,-1891.00664504,-6124.272945039999
116,497.4419,1406.673,-1103.9967,0.0,0.0,0.0,-1272.7608,-15879.2882,606.3056,11587.3955,-2037.8386,58.004216639999996,-4.4948,-4158.2297,-1979.83438336,-6142.55888336
117,524.2276,1441.6762,-1105.2602,0.0,0.0,0.0,-1262.4998,-16085.6664,597.5887,11515.1382,-1839.8792,55.723721760000004,-3.0236,-4374.795700000001,-1784.15547824,-6161.974778240001
118,514.7793,1400.2953,-1088.2475,0.0,0.0,0.0,-1278.94,-15852.5343,605.4854,11503.8217,-1990.6803,56.86664472,1.6188,-4195.340099999999,-1933.81365528,-6127.534955279999
119,537.5865,1393.4066,-1088.3297,0.0,0.0,0.0,-1269.7473,-16042.1291,601.9888,11576.3001,-1925.3945,57.49062192,12.547,-4290.9241,-1867.9038780800001,-6146.280978080001
120,483.414,1420.8105,-1109.218,0.0,0.0,0.0,-1272.4102,-15964.9931,627.5566,11522.0603,-1923.9167,56.107653119999995,25.1595,-4292.7798999999995,-1867.80904688,-6135.42944688
121,507.9793,1405.4352,-1091.3418,0.0,0.0,0.0,-1247.4811,-15893.4555,612.5458,11497.6942,-1971.8061,57.69924912,8.6283,-4208.6239000000005,-1914.10685088,-6114.10245088
122,514.0173,1388.2325,-1105.1375,0.0,0.0,0.0,-1271.7276,-15972.9901,603.9005,11503.4585,-1927.2373,57.88238904,25.9529,-4340.2464,-1869.35491096,-6183.64841096
123,476.5616,1412.3964,-1118.2291,0.0,0.0,0.0,-1268.7165,-16095.1514,629.9391,11546.0777,-1844.4654,55.661273279999996,23.0184,-4417.1222,-1788.80412672,-6182.9079267199995
124,480.1966,1414.1839,-1108.6542,0.0,0.0,0.0,-1273.9937,-16036.735,619.7073,11526.1961,-1864.3867,56.805479999999996,13.1176,-4379.099000000002,-1807.58122,-6173.562620000002
125,550.4786,1348.6198,-1099.3443,0.0,0.0,0.0,-1270.7691,-15970.9769,581.0604,11492.7647,-1898.7552,56.596673519999996,11.3498,-4368.166800000001,-1842.15852648,-6198.975526480001
126,469.0841,1424.7151,-1120.4863,0.0,0.0,0.0,-1249.5594,-16050.4313,632.1462,11549.0987,-1864.943,57.2921604,14.0923,-4345.432900000002,-1807.6508396,-6138.991439600001
127,509.3396,1395.0866,-1127.532,0.0,0.0,0.0,-1272.1271,-15974.1529,603.5118,11511.225,-1898.75,57.259606319999996,4.5943,-4354.648999999999,-1841.49039368,-6191.54509368
128,510.8147,1392.1321,-1120.7911,0.0,0.0,0.0,-1288.2945,-15835.8097,599.9024,11484.0518,-1973.681,56.52273672,20.1632,-4257.9943,-1917.15826328,-6154.989363280001
129,495.4332,1435.594,-1116.4693,0.0,0.0,0.0,-1280.3475,-15870.9922,608.0255,11516.156,-1956.7423,57.13720848,9.6567,-4212.6003,-1899.6050915199999,-6102.54869152
130,500.7766,1423.7976,-1127.6984,0.0,0.0,0.0,-1268.6815,-15936.2617,611.5812,11552.1671,-1977.1238,57.261345840000004,15.2884,-4244.319099999999,-1919.86245416,-6148.893154159999
131,479.6968,1428.5844,-1092.293,0.0,0.0,0.0,-1273.5749,-16031.5859,611.4716,11519.7119,-1841.3694,56.802068639999995,9.1837,-4357.989100000001,-1784.56733136,-6133.372731360001
132,488.4813,1419.2768,-1081.6562,0.0,0.0,0.0,-1296.4598,-15917.7421,628.2752,11555.1277,-1961.5493,57.294996479999995,9.2769,-4204.697099999999,-1904.25430352,-6099.674503519999
133,468.4805,1415.8074,-1096.5251,0.0,0.0,0.0,-1253.9955,-15850.1896,624.0984,11567.6542,-2063.3211,57.818196,21.4875,-4124.669699999999,-2005.5029040000002,-6108.685103999998
134,481.4869,1414.3651,-1125.9289,0.0,0.0,0.0,-1278.7353,-15878.1658,607.5044,11502.9995,-1986.9658,56.43409536,17.2983,-4276.474100000003,-1930.53170464,-6189.707504640002
135,536.1813,1445.6414,-1116.0202,0.0,0.0,0.0,-1261.938,-15838.1366,606.8048,11462.8331,-2035.5783,58.01633424,12.7019,-4164.6342,-1977.5619657599998,-6129.49426576
136,535.8696,1382.6495,-1104.6615,0.0,0.0,0.0,-1279.8092,-16024.3979,609.8973,11563.5229,-1906.8088,57.87691272,23.1886,-4316.9293,-1848.93188728,-6142.672587279999
137,490.7776,1394.7883,-1090.7097,0.0,0.0,0.0,-1266.1116,-15916.8865,595.6668,11540.0676,-1980.9796,57.44754792,11.4682,-4252.407500000003,-1923.5320520799999,-6164.471352080002
138,505.5839,1463.1108,-1098.0208,0.0,0.0,0.0,-1252.9597,-15889.7771,587.4521,11517.4704,-2007.233,60.080292719999996,20.3865,-4167.140399999998,-1947.15270728,-6093.906607279999
139,496.3208,1405.0621,-1066.1218,0.0,0.0,0.0,-1238.3524,-15889.576,604.5797,11507.2276,-1989.8966,61.679923200000005,13.7197,-4180.859999999999,-1928.2166768,-6095.356976799999
140,516.1689,1379.7909,-1073.4981,0.0,0.0,0.0,-1273.3434,-15987.1582,604.9996,11539.2917,-1941.2469,58.00483224,8.61,-4293.748600000001,-1883.24206776,-6168.380667760001
141,515.1158,1401.4732,-1101.431,0.0,0.0,0.0,-1289.4461,-16050.7885,620.5321,11552.4398,-1861.4761,57.76728696,11.4382,-4352.1047,-1803.70881304,-6144.37531304
142,526.169,1401.5078,-1073.1601,0.0,0.0,0.0,-1276.8515,-15970.0266,587.2395,11451.6899,-1856.4295,57.5082396,9.2299,-4353.431999999999,-1798.9212604,-6143.123360399999
143,517.4813,1374.0435,-1098.6064,0.0,0.0,0.0,-1265.3099,-15965.4378,600.9185,11545.3769,-1961.7076,58.28580864,17.003,-4291.5338999999985,-1903.42179136,-6177.952691359998
144,510.4551,1425.5558,-1086.7782,0.0,0.0,0.0,-1283.7154,-15878.8508,610.9431,11518.0032,-2011.1788,59.293111679999996,19.1628,-4184.387200000001,-1951.8856883199999,-6117.110088320001
145,474.03,1422.7305,-1090.2185,0.0,0.0,0.0,-1274.4946,-16007.1198,601.3809,11499.2161,-1902.9489,58.20151176,12.0391,-4374.475400000001,-1844.7473882400002,-6207.183688240001
146,508.7059,1431.3545,-1073.7221,0.0,0.0,0.0,-1274.2513,-15765.5428,600.9626,11489.0114,-2077.2177,58.46944824,21.0227,-4083.4817999999996,-2018.7482517600001,-6081.207351759999
147,503.0156,1396.9718,-1131.5833,0.0,0.0,0.0,-1262.6925,-16016.0407,591.4652,11527.75,-1909.6107,58.5950868,17.3676,-4391.1138999999985,-1851.0156132,-6224.761913199999
148,479.6469,1390.6114,-1124.4812,0.0,0.0,0.0,-1255.8328,-15828.5787,624.909,11485.1813,-2018.3528,60.80646167999999,13.2191,-4228.544099999999,-1957.54633832,-6172.871338319998
149,493.0052,1433.5247,-1125.6545,0.0,0.0,0.0,-1267.1027,-15932.9685,616.7168,11522.6692,-1952.0657,58.74309144,12.1616,-4259.809800000001,-1893.3226085600002,-6140.9708085600005
150,501.3215,1412.1469,-1116.4332,0.0,0.0,0.0,-1273.5457,-15822.914,609.7617,11501.7355,-2033.0127,58.12530192,14.3115,-4187.927300000001,-1974.88739808,-6148.503198080001
151,511.964,1385.341,-1104.8005,0.0,0.0,0.0,-1264.0548,-15807.4584,596.9305,11483.7183,-2043.6598,57.904616159999996,17.7881,-4198.3598999999995,-1985.75518384,-6166.326983839999
152,480.3559,1428.94,-1084.0288,0.0,0.0,0.0,-1273.001,-16007.8853,621.2586,11585.4346,-1933.8775,57.24313056,29.8676,-4248.926000000001,-1876.63436944,-6095.692769440002
153,514.9664,1363.9814,-1134.9424,0.0,0.0,0.0,-1262.2019,-16086.6662,609.5156,11572.0521,-1852.2163,58.53717648,20.6009,-4423.294999999996,-1793.67912352,-6196.373223519996
154,504.8728,1382.0712,-1111.2855,0.0,0.0,0.0,-1269.3287,-16012.9128,601.1268,11531.7302,-1869.7901,57.21162912,20.8636,-4373.725999999999,-1812.57847088,-6165.440870879999
155,515.7243,1424.2204,-1096.8682,0.0,0.0,0.0,-1263.2912,-15896.6686,603.1917,11511.6802,-1976.0475,57.919409279999996,7.1466,-4202.011400000001,-1918.1280907199998,-6112.992890720001
156,536.246,1360.6562,-1111.8238,0.0,0.0,0.0,-1222.842,-16039.8092,592.5913,11522.9468,-1879.7986,58.62594456,16.8043,-4362.034699999998,-1821.17265544,-6166.403055439999
157,515.2804,1407.3899,-1136.0068,0.0,0.0,0.0,-1244.2681,-16031.5772,584.7222,11522.825,-1889.2844,58.28890319999999,22.3736,-4381.634599999998,-1830.9954968,-6190.256496799998
158,497.8184,1436.8978,-1092.6349,0.0,0.0,0.0,-1263.1018,-15815.9488,597.6744,11514.7012,-2029.0328,57.293047439999995,9.8483,-4124.593700000001,-1971.73975256,-6086.485152560002
159,494.6566,1418.4571,-1065.4634,0.0,0.0,0.0,-1269.0274,-15890.971,592.1827,11520.2967,-1988.8996,57.81384216,18.0704,-4199.868699999999,-1931.08575784,-6112.8840578399995
160,483.4768,1426.5911,-1106.1498,0.0,0.0,0.0,-1279.4227,-16077.4804,600.2528,11538.1609,-1810.0194,57.03854112,15.8785,-4414.5713,-1752.98085888,-6151.6736588799995
161,520.5783,1433.0331,-1110.7266,0.0,0.0,0.0,-1278.0859,-15997.5682,610.1557,11508.0115,-1920.3384,56.259684,12.9437,-4314.6021,-1864.078716,-6165.737116000001
162,516.692,1395.6625,-1102.2163,0.0,0.0,0.0,-1288.0817,-15832.1407,590.2346,11488.1313,-2048.5516,56.81552256,15.2766,-4231.7183,-1991.7360774399997,-6208.17777744
163,496.8145,1389.1014,-1085.5057,0.0,0.0,0.0,-1276.6272,-15805.8353,579.5451,11520.2205,-2074.4313,58.52401776,7.1638,-4182.286700000002,-2015.90728224,-6191.030182240002
164,522.5507,1410.5355,-1100.4497,0.0,0.0,0.0,-1304.234,-15942.3478,617.7856,11528.086,-1942.6173,55.91457576,-0.6677,-4268.073700000001,-1886.70272424,-6155.444124240001
165,516.9048,1435.7743,-1078.3661,0.0,0.0,0.0,-1274.7787,-15830.2147,616.3632,11507.3167,-2018.7593,55.929733920000004,7.808,-4107.000500000002,-1962.82956608,-6062.022066080001
166,481.9345,1459.5917,-1111.5286,0.0,0.0,0.0,-1281.1535,-15943.9662,614.5534,11579.0537,-2002.3726,57.45843576,0.2652,-4201.514999999999,-1944.91416424,-6146.16396424
167,517.9802,1438.5217,-1080.8563,0.0,0.0,0.0,-1228.5345,-15850.6469,596.9946,11504.8536,-2053.3108,59.83795008,11.0484,-4101.687599999999,-1993.4728499200003,-6084.11204992
168,520.0133,1399.2133,-1106.2398,0.0,0.0,0.0,-1269.9337,-15841.8341,605.3094,11575.1117,-2093.4012,57.00262464,8.4292,-4118.359900000001,-2036.3985753599998,-6146.329275360002
169,493.9326,1398.4374,-1058.3562,0.0,0.0,0.0,-1271.1938,-15685.5562,601.5104,11566.1054,-2206.1611,61.56909503999999,3.424,-3955.1204000000016,-2144.59200496,-6096.288404960001
170,511.1806,1415.7983,-1099.7059,0.0,0.0,0.0,-1278.8685,-15748.1814,591.2258,11528.3991,-2110.8558,57.981703679999995,11.5618,-4080.151999999998,-2052.87409632,-6121.464296319998
171,492.2287,1394.7434,-1090.0213,0.0,0.0,0.0,-1267.0391,-15903.354,610.2121,11586.0757,-2038.4793,57.68658216,21.6458,-4177.154499999999,-1980.79271784,-6136.301417839998
172,506.3312,1398.9532,-1082.7724,0.0,0.0,0.0,-1287.2723,-15869.6381,601.4401,11568.7094,-2047.0665,57.94529976,13.8487,-4164.2489000000005,-1989.12120024,-6139.521400240001
173,496.9594,1416.573,-1061.0608,0.0,0.0,0.0,-1265.2938,-15960.5787,619.0445,11575.2201,-1995.5139,58.852146239999996,0.8871,-4179.1363,-1936.66175376,-6114.91095376
174,501.7463,1466.5296,-1093.1733,0.0,0.0,0.0,-1264.8495,-15985.8336,601.8245,11495.298,-1911.211,56.97443376,23.6309,-4278.457999999999,-1854.23656624,-6109.063666239999
175,522.2542,1386.995,-1083.7589,0.0,0.0,0.0,-1261.176,-15834.9219,599.1921,11533.54,-2060.6571,58.607358479999995,4.1961,-4137.875499999998,-2002.04974152,-6135.729141519999
176,554.4904,1414.4011,-1077.9358,0.0,0.0,0.0,-1262.0763,-15814.5727,604.1045,11593.7021,-2132.4357,58.183920719999996,5.0274,-3987.886700000001,-2074.25177928,-6057.111079280001
177,516.9954,1432.1513,-1077.498,0.0,0.0,0.0,-1300.7626,-15891.946,604.4856,11510.1254,-2005.0226,56.74115592,21.124,-4206.448899999999,-1948.28144408,-6133.60634408
178,496.5844,1428.7403,-1073.2771,0.0,0.0,0.0,-1293.7622,-15892.3458,594.3904,11514.0241,-1974.4894,57.573620639999994,27.0888,-4225.645899999998,-1916.91577936,-6115.472879359998
179,513.6305,1420.3748,-1103.0793,0.0,0.0,0.0,-1266.5845,-15876.6735,597.0039,11552.4092,-2064.0976,60.248628,22.1452,-4162.918900000001,-2003.848972,-6144.622672
180,499.7449,1378.0878,-1112.7923,0.0,0.0,0.0,-1272.8206,-15899.8309,602.8439,11547.9324,-1998.9606,57.73289184,7.8924,-4256.834800000002,-1941.22770816,-6190.170108160003
181,490.6582,1421.3448,-1108.0165,0.0,0.0,0.0,-1268.117,-15827.6682,614.3322,11549.1178,-2066.6113,58.107831839999996,7.4315,-4128.348699999999,-2008.50346816,-6129.42066816
182,501.5066,1397.5997,-1094.299,0.0,0.0,0.0,-1254.4817,-15801.3917,598.2483,11571.6788,-2100.2069,60.79699224,9.6194,-4081.139000000001,-2039.4099077600001,-6110.929507760002
183,502.5751,1423.1545,-1074.3431,0.0,0.0,0.0,-1234.1213,-16100.5052,622.4794,11576.764,-1890.7378,56.952462239999996,19.434,-4283.996599999999,-1833.7853377600002,-6098.347937759998
184,534.4077,1428.2622,-1082.3628,0.0,0.0,0.0,-1246.4566,-15952.6072,596.6555,11539.3348,-1981.4267,57.50741952,23.1611,-4182.766399999999,-1923.91928048,-6083.524580479998
185,488.9571,1446.115,-1062.3688,0.0,0.0,0.0,-1272.4888,-15896.1855,610.3641,11578.6525,-2054.9531,57.30019704,21.3417,-4106.954399999999,-1997.6529029600001,-6083.265602959999
186,514.0189,1419.6641,-1054.8275,0.0,0.0,0.0,-1278.6111,-15889.8827,585.1849,11568.6571,-2038.8004,57.9414672,18.112,-4135.7963,-1980.8589328,-6098.5432328
187,526.1218,1421.0336,-1093.1555,0.0,0.0,0.0,-1254.3407,-15891.4513,600.2987,11531.033,-1979.898,58.97611944,14.4531,-4160.460400000002,-1920.9218805599999,-6066.929180560002
188,502.9303,1417.7977,-1086.4445,0.0,0.0,0.0,-1274.5803,-15748.1127,595.4627,11522.1374,-2130.3425,58.773653280000005,23.5931,-4070.8094,-2071.5688467200002,-6118.785146720001
189,521.84,1435.6132,-1119.6217,0.0,0.0,0.0,-1269.2026,-15748.7095,601.1647,11564.2693,-2183.5933,59.49856007999999,14.8573,-4014.646600000002,-2124.09473992,-6123.884039920003
190,497.7297,1399.9522,-1061.1047,0.0,0.0,0.0,-1259.5166,-15900.6924,601.3825,11566.8329,-2055.4451,58.41233208,4.6244,-4155.4164,-1997.03276792,-6147.82476792
191,515.4575,1394.3911,-1065.6349,0.0,0.0,0.0,-1277.1541,-15904.5084,612.5203,11547.4303,-2014.436,58.12322904,16.515,-4177.4982,-1956.3127709599999,-6117.295970959999
192,534.3118,1307.2971,-1069.5246,0.0,0.0,0.0,-1283.6711,-15808.131,602.931,11568.3371,-2115.8072,58.080747599999995,17.344,-4148.449699999997,-2057.7264524,-6188.8321523999975
193,508.274,1415.5675,-1100.9615,0.0,0.0,0.0,-1270.6434,-15929.5685,607.7525,11531.3215,-1984.2296,58.07892167999999,12.354,-4238.257899999999,-1926.15067832,-6152.054578319998
194,506.9696,1350.342,-1108.2414,0.0,0.0,0.0,-1270.3553,-15909.9034,623.8936,11602.0023,-2019.8297,57.7508724,17.9998,-4205.292600000001,-1962.0788276,-6149.371627600001
195,503.5971,1424.9405,-1112.8724,0.0,0.0,0.0,-1302.4484,-15884.8973,612.1694,11510.6763,-1972.3248,57.37866192,26.2932,-4248.8348000000005,-1914.94613808,-6137.487738080001
196,505.9223,1410.7019,-1087.6311,0.0,0.0,0.0,-1277.8378,-15806.7679,604.6868,11516.8621,-2054.9819,58.3691544,23.2891,-4134.063700000001,-1996.6127456000002,-6107.387345600001
197,498.1195,1434.9466,-1085.8885,0.0,0.0,0.0,-1278.4597,-15826.0709,601.0825,11447.2796,-2021.8111,58.38492384,19.2867,-4208.990900000001,-1963.4261761599998,-6153.130376160001
198,507.3124,1413.1515,-1100.3474,0.0,0.0,0.0,-1264.2788,-15986.3196,620.2372,11608.9862,-1979.214,56.97517248,2.6647,-4201.258500000004,-1922.2388275199999,-6120.832627520003
199,541.3483,1391.9864,-1104.0983,0.0,0.0,0.0,-1273.9566,-15845.2368,602.6287,11535.2404,-2098.0685,58.42312416,8.8175,-4152.0879,-2039.6453758399998,-6182.91577584
200,514.95,1382.478,-1092.4683,0.0,0.0,0.0,-1279.4497,-15982.0843,609.0921,11636.2629,-2018.1287,57.812839919999995,19.201,-4211.219300000001,-1960.31586008,-6152.33416008
201,477.5756,1480.4807,-1104.1823,0.0,0.0,0.0,-1263.4209,-15866.6704,612.8431,11555.8731,-2057.6216,58.26584303999999,10.5347,-4107.5010999999995,-1999.35575696,-6096.32215696
202,515.3324,1357.9012,-1114.5773,0.0,0.0,0.0,-1280.8297,-15883.8848,609.72,11564.4523,-2009.9599,58.538556719999995,22.1896,-4231.885899999999,-1951.42134328,-6161.117643279999
203,498.684,1403.748,-1084.7619,0.0,0.0,0.0,-1252.4026,-15773.3193,600.0561,11554.4174,-2111.647,58.55907096,14.8949,-4053.578299999999,-2053.08792904,-6091.771329039999
204,497.5597,1415.4782,-1063.1232,0.0,0.0,0.0,-1249.4908,-15882.3199,601.4002,11568.6797,-2034.7454,58.669147439999996,-1.7395,-4111.8161,-1976.07625256,-6089.631852559999
205,502.4978,1406.201,-1092.5111,0.0,0.0,0.0,-1265.3711,-15793.4132,605.6678,11572.1781,-2118.6568,58.28889168,5.7471,-4064.7507000000023,-2060.3679083200004,-6119.371508320003
206,533.0639,1394.4979,-1093.5628,0.0,0.0,0.0,-1292.1411,-15888.6349,596.9137,11558.8617,-2014.4625,58.951854,9.9055,-4191.0016,-1955.5106460000002,-6136.6067459999995
207,500.1439,1417.3756,-1102.2646,0.0,0.0,0.0,-1281.1441,-15912.3822,608.6409,11481.1589,-1951.3557,57.0011508,25.3397,-4288.471599999999,-1894.3545492,-6157.486449199999
208,488.1895,1400.9931,-1092.11,0.0,0.0,0.0,-1263.1015,-16082.7659,605.7786,11598.5652,-1889.7205,58.4619444,6.5871,-4344.451000000001,-1831.2585556,-6169.122455600001
209,488.9421,1351.3763,-1095.6977,0.0,0.0,0.0,-1277.8914,-16014.658,585.6269,11564.5666,-1885.1743,56.210189039999996,17.243,-4397.735200000001,-1828.96411096,-6209.45631096
210,477.1314,1422.2589,-1099.2204,0.0,0.0,0.0,-1282.7272,-15907.3587,601.1764,11574.6951,-2012.0669,59.514739199999994,12.3134,-4214.0445,-1952.5521608000001,-6154.2832608
211,500.7053,1416.3372,-1129.0133,0.0,0.0,0.0,-1275.3719,-15955.9793,609.3462,11584.6,-1989.9672,57.52356768,30.3446,-4249.3758,-1932.44363232,-6151.474832319999
212,494.9771,1397.8603,-1086.8423,0.0,0.0,0.0,-1258.8572,-16066.0862,601.7722,11587.0515,-1882.7185,58.31122176,10.692,-4330.124600000001,-1824.4072782399999,-6143.839878240001
213,467.0283,1410.1007,-1084.1176,0.0,0.0,0.0,-1279.7574,-16034.9894,611.3885,11542.8767,-1889.8096,57.940253999999996,17.7841,-4367.4702,-1831.869346,-6181.555446
214,507.6086,1429.0572,-1098.9902,0.0,0.0,0.0,-1283.079,-15870.6355,587.52,11527.5778,-2015.1848,57.03535872,24.5889,-4200.9411,-1958.14944128,-6134.5016412800005
215,510.2935,1393.3012,-1084.0223,0.0,0.0,0.0,-1259.1498,-15913.6544,627.1036,11613.0627,-2060.4631,60.019750079999994,6.951,-4113.065499999999,-2000.44334992,-6106.557849919999
216,490.1015,1435.8291,-1072.2142,0.0,0.0,0.0,-1273.9283,-16022.2218,605.4367,11555.9288,-1884.2224,58.3924824,8.5564,-4281.068199999998,-1825.8299176,-6098.341717599998
217,479.2187,1491.6957,-1089.5467,0.0,0.0,0.0,-1255.9852,-15933.2121,629.5771,11510.7484,-1945.518,57.840336,8.211,-4167.5041,-1887.677664,-6046.970764
218,515.7471,1428.3137,-1095.3097,0.0,0.0,0.0,-1273.0562,-16055.0163,614.8767,11552.3904,-1867.9703,57.81512376,17.0571,-4312.0543,-1810.15517624,-6105.15237624
219,497.6109,1387.5597,-1102.2658,0.0,0.0,0.0,-1286.3192,-15838.5584,611.0311,11499.3214,-2005.499,57.92610168,22.9143,-4231.620299999999,-1947.57289832,-6156.278898319998
220,501.7153,1422.5333,-1109.3858,0.0,0.0,0.0,-1272.8144,-16031.151,618.5698,11562.6382,-1885.2432,57.871890719999996,12.9937,-4307.8946,-1827.3713092799999,-6122.2722092799995
221,503.7851,1358.6024,-1087.6974,0.0,0.0,0.0,-1247.8514,-15874.0367,610.7184,11544.2912,-2034.1285,59.530296959999994,19.4924,-4192.188400000001,-1974.59820304,-6147.294203040001
222,572.1624,1432.3376,-1104.102,0.0,0.0,0.0,-1239.3014,-15845.7228,611.7035,11489.8015,-2022.9633,59.01692976,11.9603,-4083.1211999999996,-1963.9463702399999,-6035.10727024
223,501.7828,1443.2278,-1097.2323,0.0,0.0,0.0,-1264.2725,-15881.2017,613.3417,11542.4051,-2030.566,60.259911839999994,21.202,-4141.949099999998,-1970.30608816,-6091.053188159997
224,487.3393,1453.9475,-1094.5002,0.0,0.0,0.0,-1246.9054,-15963.5582,606.6977,11497.9559,-1941.1935,59.334104159999995,20.6047,-4259.023399999998,-1881.8593958400002,-6120.278095839999
225,504.2598,1435.3755,-1083.3823,0.0,0.0,0.0,-1258.0194,-15919.6149,598.4462,11489.6299,-1968.4488,58.84312032,15.748,-4233.305200000001,-1909.6056796799999,-6127.162879680001
226,506.4801,1410.0648,-1114.2625,0.0,0.0,0.0,-1244.2809,-15928.2783,583.2367,11509.0243,-1973.9306,58.826552400000004,20.2604,-4278.015800000001,-1915.1040475999998,-6172.859447600001
227,480.8692,1428.8183,-1105.8394,0.0,0.0,0.0,-1267.3775,-15919.6194,611.5966,11513.8452,-1967.8649,58.39595352,18.1265,-4257.7069999999985,-1909.46894648,-6149.049446479999
228,542.7855,1423.4766,-1081.1506,0.0,0.0,0.0,-1276.2963,-15977.3878,610.2019,11494.148,-1917.1859,57.16540584,1.6728,-4264.2227,-1860.02049416,-6122.57039416
229,502.3567,1406.4963,-1097.3728,0.0,0.0,0.0,-1291.2413,-15742.1726,591.7405,11520.2993,-2107.8013,58.13379216,14.9787,-4109.893899999999,-2049.66750784,-6144.58270784
230,478.8671,1438.8447,-1098.7893,0.0,0.0,0.0,-1277.993,-15861.8726,615.1773,11546.7102,-2035.4746,58.23997704,14.3013,-4159.0556000000015,-1977.23462296,-6121.988922960001
231,502.0009,1411.0439,-1103.4479,0.0,0.0,0.0,-1234.5355,-15953.7043,624.8955,11608.4871,-2016.682,60.170705999999996,11.8266,-4145.260299999998,-1956.511294,-6089.944993999998
232,496.1333,1412.9548,-1096.2472,0.0,0.0,0.0,-1263.3273,-15925.9918,599.2712,11564.1919,-2013.9625,57.30968808,19.5452,-4213.0151000000005,-1956.6528119200002,-6150.12271192
233,479.1799,1455.0832,-1093.9734,0.0,0.0,0.0,-1252.6704,-16030.1574,620.2945,11598.291,-1902.5829,58.9380516,6.3509,-4223.952600000002,-1843.6448484,-6061.246548400002
234,488.3455,1425.4809,-1109.1169,0.0,0.0,0.0,-1266.0987,-15971.0444,617.2965,11604.728,-1992.7631,58.537497599999995,18.6189,-4210.409100000001,-1934.2256023999998,-6126.0158024
235,532.2809,1416.3294,-1079.7895,0.0,0.0,0.0,-1258.3953,-15906.3506,598.5353,11514.8183,-1978.6073,59.81166935999999,25.3283,-4182.5715,-1918.79563064,-6076.03883064
236,557.3479,1427.4793,-1096.3367,0.0,0.0,0.0,-1278.6942,-15730.8774,608.0808,11464.5692,-2084.3756,59.04669168,9.0006,-4048.4311,-2025.3289083199998,-6064.759408319999
237,539.3053,1445.8087,-1111.9118,0.0,0.0,0.0,-1256.5992,-15902.7506,586.2519,11481.0799,-1962.7465,57.522702239999994,-4.3367,-4218.8158,-1905.22379776,-6128.37629776
238,497.4965,1404.1926,-1100.423,0.0,0.0,0.0,-1276.0572,-16061.618,610.9928,11560.2589,-1856.6379,58.55573088,13.1783,-4365.1574,-1798.08216912,-6150.06126912
239,498.9017,1392.2172,-1105.3969,0.0,0.0,0.0,-1272.0028,-16029.9908,608.1197,11513.1994,-1850.2881,57.34329264,14.6992,-4394.952500000001,-1792.94480736,-6173.198107360001
240,477.2731,1383.6379,-1088.8873,0.0,0.0,0.0,-1268.734,-16045.6832,595.9723,11513.0327,-1852.8909,57.164531759999996,11.91,-4433.388499999999,-1795.72636824,-6217.20486824
241,508.0555,1396.7415,-1086.8842,0.0,0.0,0.0,-1281.2379,-15876.4725,609.5862,11480.0528,-1930.8186,58.54717944,13.9974,-4250.158600000001,-1872.27142056,-6108.432620560001
242,514.4359,1414.4566,-1071.5007,0.0,0.0,0.0,-1274.6768,-16097.543,600.9428,11519.3101,-1810.9248,56.57414832,10.8104,-4394.5751,-1754.35065168,-6138.11535168
243,516.5512,1357.6517,-1106.6348,0.0,0.0,0.0,-1252.0521,-16086.7543,610.4291,11587.9909,-1881.6563,57.0949812,25.4981,-4372.818300000001,-1824.5613188000002,-6171.881518800002
244,502.6234,1366.0226,-1106.66,0.0,0.0,0.0,-1270.6937,-16061.0829,602.2699,11569.7533,-1895.3006,58.74402672,14.0959,-4397.767400000001,-1836.55657328,-6220.228073280001
245,508.4479,1394.2473,-1098.3154,0.0,0.0,0.0,-1292.0754,-16064.695,625.2856,11572.7017,-1850.0955,56.37965472,11.5674,-4354.4033,-1793.71584528,-6136.5517452799995
246,503.9975,1437.7445,-1074.7016,0.0,0.0,0.0,-1268.5707,-15747.4381,606.0234,11405.3563,-2036.6538,59.44725576,23.7576,-4137.5887,-1977.20654424,-6091.03764424
247,537.526,1405.7137,-1089.0697,0.0,0.0,0.0,-1267.6613,-15983.2501,603.4202,11482.1716,-1890.9108,58.20328368,13.0018,-4311.149599999999,-1832.7075163200002,-6130.855316319999
248,474.0106,1411.0315,-1090.1286,0.0,0.0,0.0,-1286.6526,-15950.9251,593.7296,11584.1037,-1966.8539,57.46202496,9.7119,-4264.830899999999,-1909.39187504,-6164.510875039999
249,503.075,1417.6916,-1116.1886,0.0,0.0,0.0,-1271.6634,-16095.8405,604.3909,11574.2418,-1869.8386,57.70949184,14.2733,-4384.293199999998,-1812.12910816,-6182.149008159999
250,476.0202,1400.0693,-1106.7178,0.0,0.0,0.0,-1281.6155,-15984.7701,612.8708,11544.8813,-1924.0516,56.845617839999996,11.1074,-4339.261799999998,-1867.20598216,-6195.360382159998
251,508.9583,1433.5042,-1104.3854,0.0,0.0,0.0,-1254.7835,-16012.1438,609.738,11576.3143,-1921.6396,58.65284952,7.9918,-4242.797900000001,-1862.98675048,-6097.792850480002
252,520.1919,1452.0182,-1124.3881,0.0,0.0,0.0,-1246.6847,-15837.2695,586.2808,11503.4632,-2026.3456,58.29573024,5.0857,-4146.388199999999,-1968.04986976,-6109.35236976
253,488.326,1441.3508,-1111.3515,0.0,0.0,0.0,-1285.6372,-15857.0938,620.2445,11525.0298,-2005.2055,56.78052048,3.8216,-4179.1314,-1948.42497952,-6123.73477952
254,503.2362,1397.8373,-1104.6283,0.0,0.0,0.0,-1279.8463,-15902.9484,597.9853,11555.3206,-1983.4423,58.29659136,1.5469,-4233.043600000001,-1925.1457086399998,-6156.64240864
255,517.1673,1390.7871,-1124.9469,0.0,0.0,0.0,-1284.3432,-15906.1122,600.1621,11498.7225,-1929.7337,57.96986184,10.3259,-4308.5633,-1871.76383816,-6170.00123816
256,518.1694,1408.7443,-1104.5956,0.0,0.0,0.0,-1259.9044,-15780.6309,600.6847,11435.7796,-2014.224,57.23502696,4.9957,-4181.7528999999995,-1956.98897304,-6133.746173039999
257,513.3981,1418.5499,-1088.5305,0.0,0.0,0.0,-1257.4275,-15832.0541,603.1434,11450.1656,-1996.8379,58.94942832,8.2717,-4192.7550999999985,-1937.88847168,-6122.371871679999
258,487.2462,1444.3788,-1092.6463,0.0,0.0,0.0,-1270.4812,-16072.7765,613.94,11599.9336,-1875.1916,56.284493039999994,22.4993,-4290.405399999998,-1818.9071069600002,-6086.813206959998
259,505.973,1429.5341,-1128.4558,0.0,0.0,0.0,-1258.2225,-15937.9114,609.378,11559.3287,-1991.0579,59.9390892,11.4307,-4220.375900000001,-1931.1188108000001,-6140.064010800001
260,475.765,1420.3481,-1128.1475,0.0,0.0,0.0,-1250.2282,-16048.7168,632.5105,11544.2665,-1907.5279,57.79863648,7.9824,-4354.2024,-1849.7292635200001,-6195.94926352
261,513.2436,1407.001,-1133.163,0.0,0.0,0.0,-1288.0022,-15980.8991,601.9818,11456.1455,-1866.5583,56.994716159999996,9.1275,-4423.6924,-1809.5635838399999,-6224.12848384
262,468.8341,1402.5651,-1132.4803,0.0,0.0,0.0,-1281.6301,-16026.7785,614.422,11531.8368,-1860.9169,57.43605528,-5.3436,-4423.230900000002,-1803.48084472,-6232.055344720003
263,508.8697,1396.1561,-1113.6351,0.0,0.0,0.0,-1276.6116,-16049.2167,591.5861,11544.9879,-1850.0307,57.22558056,2.1896,-4397.863600000001,-1792.80511944,-6188.479119440001
264,511.2148,1420.5905,-1093.8114,0.0,0.0,0.0,-1291.2651,-15997.8976,591.0055,11529.7411,-1909.2586,57.855000239999995,9.8637,-4330.422200000001,-1851.40359976,-6171.962099760001
265,491.4737,1436.5414,-1114.0453,0.0,0.0,0.0,-1257.5009,-16010.902,592.6157,11575.2334,-1929.4265,58.48497576,11.2221,-4286.583999999999,-1870.94152424,-6146.303424239998
266,490.5748,1507.6616,-1087.2179,0.0,0.0,0.0,-1300.4991,-15858.8629,608.0227,11476.0385,-1959.7695,57.457908,-12.5784,-4164.282300000001,-1902.311592,-6079.172292000001
267,494.8874,1415.7068,-1047.4461,0.0,0.0,0.0,-1267.1894,-15848.5305,585.7637,11497.485,-1996.3895,56.906360639999995,3.3977,-4169.323100000001,-1939.48313936,-6105.408539360002
268,522.6276,1422.3258,-1095.1705,0.0,0.0,0.0,-1266.8525,-16000.1998,593.7151,11603.3417,-1960.0448,58.12938576,-3.2858,-4220.212600000001,-1901.9154142399998,-6125.41381424
269,516.7124,1468.3768,-1099.2818,0.0,0.0,0.0,-1277.0828,-15822.6579,603.9782,11546.7866,-2089.9058,56.39435712,11.767,-4063.1685000000016,-2033.51144288,-6084.912942880002
270,523.5583,1335.0461,-1067.706,0.0,0.0,0.0,-1289.8692,-15853.3931,614.0084,11560.7417,-2037.6619,58.25866968,7.9381,-4177.613799999997,-1979.4032303200001,-6149.078930319997
271,542.2339,1360.9468,-1077.3707,0.0,0.0,0.0,-1247.8749,-15865.4488,612.2346,11526.7649,-2053.6909,57.35934864,-2.8238,-4148.5142,-1996.33155136,-6147.66955136
272,538.1982,1433.4511,-1073.1354,0.0,0.0,0.0,-1266.8605,-15907.1965,592.6428,11529.6631,-2024.6463,57.59161992,6.0592,-4153.2372,-1967.05468008,-6114.23268008
273,509.8342,1414.5601,-1083.4199,0.0,0.0,0.0,-1278.4277,-15862.549,613.1514,11524.3789,-2021.5214,57.82236696,-5.122,-4162.472,-1963.6990330400001,-6131.2930330399995
274,516.0982,1427.4169,-1098.6083,0.0,0.0,0.0,-1262.652,-15866.4573,596.3058,11531.2075,-2020.3176,59.352487919999994,-1.6487,-4156.689199999999,-1960.9651120800002,-6119.303012079999
275,498.9761,1437.519,-1084.0077,0.0,0.0,0.0,-1247.044,-15923.8088,621.6312,11580.0054,-2001.1105,58.73872464,-3.0066,-4116.728800000001,-1942.37177536,-6062.10717536
276,510.1616,1447.6833,-1093.6151,0.0,0.0,0.0,-1250.0394,-15841.8301,612.0212,11582.1729,-2103.8149,59.71635576,16.318,-4033.445600000001,-2044.09854424,-6061.22614424
277,502.1202,1399.1168,-1093.7313,0.0,0.0,0.0,-1254.5516,-15870.2866,616.8595,11505.6822,-1994.41,59.151474719999996,12.2363,-4194.790799999999,-1935.2585252800002,-6117.813025279999
278,504.6664,1395.0925,-1091.655,0.0,0.0,0.0,-1282.8873,-16030.6122,622.3451,11568.4695,-1874.5897,57.698358479999996,0.9134,-4314.581,-1816.89134152,-6130.55894152
279,527.0366,1365.5921,-1094.5574,0.0,0.0,0.0,-1266.6775,-15925.8323,590.6194,11515.1608,-1956.0785,58.22831231999999,6.3678,-4288.658300000001,-1897.85018768,-6180.14068768
280,524.0955,1390.3929,-1096.9487,0.0,0.0,0.0,-1248.5859,-15999.0931,595.5416,11543.542,-1951.296,56.44897056,21.6747,-4291.055699999999,-1894.8470294400001,-6164.22802944
281,504.176,1358.3874,-1118.2045,0.0,0.0,0.0,-1270.232,-15919.9589,611.4339,11566.1703,-2014.988,59.452439039999994,12.8146,-4268.227799999999,-1955.53556096,-6210.948760959999
282,510.2359,1390.089,-1083.7674,0.0,0.0,0.0,-1251.9777,-15947.3188,608.8481,11521.4301,-1955.2752,58.3626024,23.8116,-4252.460800000001,-1896.9125976,-6125.561797600001
283,487.3455,1380.0513,-1090.1984,0.0,0.0,0.0,-1265.8308,-16019.3107,597.8583,11597.8436,-1970.6696,56.2535136,16.0767,-4312.2412,-1914.4160864,-6210.580586400001
284,500.5414,1391.692,-1075.8113,0.0,0.0,0.0,-1279.3712,-15738.8359,609.1958,11555.3714,-2167.1932,58.660788239999995,25.2255,-4037.2178000000004,-2108.5324117600003,-6120.52471176
285,539.451,1383.4006,-1095.356,0.0,0.0,0.0,-1267.1169,-15988.6517,620.0843,11533.0059,-1933.4992,57.914950319999996,19.4542,-4275.1828000000005,-1875.58424968,-6131.312849680001
286,499.1688,1382.3786,-1090.5883,0.0,0.0,0.0,-1275.0527,-15983.4016,593.7142,11594.2056,-1966.7344,58.404294719999996,16.3884,-4279.575399999998,-1908.33010528,-6171.517105279999
287,492.7083,1437.8855,-1037.2545,0.0,0.0,0.0,-1285.1177,-15888.3822,611.0908,11547.5846,-1993.5165,57.53333376,23.2219,-4121.485199999999,-1935.98316624,-6034.24646624
288,470.6037,1457.1755,-1101.0799,0.0,0.0,0.0,-1264.6041,-15857.9716,583.8786,11590.6485,-2094.6863,58.57498224,8.7738,-4121.349300000002,-2036.1113177599998,-6148.686817760001
289,514.8659,1418.1344,-1102.6184,0.0,0.0,0.0,-1255.6714,-16148.4078,618.1128,11575.1707,-1809.3939,56.206170719999996,12.5171,-4380.413799999998,-1753.18772928,-6121.084429279998
290,522.1878,1392.2714,-1086.6789,0.0,0.0,0.0,-1277.77,-15938.5474,594.4422,11507.8531,-1924.4751,56.74603536,18.4202,-4286.241799999998,-1867.7290646400002,-6135.550664639998
291,514.7988,1403.2967,-1100.1934,0.0,0.0,0.0,-1290.2453,-15909.2232,605.5371,11454.3853,-1913.2065,56.987573760000004,9.6699,-4321.644,-1856.21892624,-6168.193026240001
292,507.1205,1396.7295,-1089.0119,0.0,0.0,0.0,-1264.9734,-16061.4848,617.4791,11477.7197,-1852.9844,56.58258168,15.1526,-4416.4213,-1796.40181832,-6197.67051832
293,496.1874,1462.7223,-1084.0382,0.0,0.0,0.0,-1294.7217,-15968.0916,592.0237,11515.9155,-1904.944,56.69368992,16.7277,-4280.002600000002,-1848.25031008,-6111.525210080001
294,497.9915,1375.2388,-1083.6486,0.0,0.0,0.0,-1240.9164,-16094.0079,626.0566,11629.3524,-1910.7077,57.82204584,12.9303,-4289.9336,-1852.8856541599998,-6129.88895416
295,501.7479,1398.79,-1085.2294,0.0,0.0,0.0,-1244.1179,-16124.427,593.4903,11546.424,-1801.5737,58.34099088,2.7334,-4413.322099999998,-1743.23270912,-6153.821409119997
296,482.3255,1473.1857,-1096.3932,0.0,0.0,0.0,-1277.4144,-15814.5341,610.1559,11517.8965,-2042.9423,56.94997248,8.5765,-4104.7780999999995,-1985.99232752,-6082.193927519999
297,504.7362,1372.9519,-1096.9106,0.0,0.0,0.0,-1272.0234,-15862.5466,599.6554,11535.1057,-2051.5864,57.954651119999994,-0.1152,-4219.0314,-1993.63174888,-6212.7783488800005
298,519.5898,1403.3744,-1100.879,0.0,0.0,0.0,-1282.0226,-15789.8929,593.0846,11549.7936,-2117.8006,58.5216576,11.1668,-4106.9521,-2059.2789424000002,-6155.064242400001
299,524.6607,1404.6146,-1104.598,0.0,0.0,0.0,-1252.505,-15847.3149,605.3717,11515.6339,-2048.1827,59.24864736000001,22.1163,-4154.136999999999,-1988.93405264,-6120.954752639998
300,510.4717,1429.3078,-1068.9687,0.0,0.0,0.0,-1262.6847,-15843.0525,591.8012,11440.7885,-1977.1624,57.97177632,20.0267,-4202.3367,-1919.19062368,-6101.50062368
301,518.9993,1445.8461,-1098.6176,0.0,0.0,0.0,-1282.7315,-15975.7953,611.7411,11527.7678,-1938.6884,58.280184719999994,3.5758,-4252.7901,-1880.40821528,-6129.622515280001
302,526.9735,1399.7152,-1113.2636,0.0,0.0,0.0,-1249.2639,-15921.8394,586.5105,11527.2853,-1952.01,58.186429919999995,14.0237,-4243.8824,-1893.82357008,-6123.682270080001
303,528.9378,1422.3097,-1088.8908,0.0,0.0,0.0,-1264.9017,-16033.9988,608.0494,11539.211,-1881.5517,59.2489224,13.5911,-4289.2834,-1822.3027776,-6097.9950776000005
304,516.2755,1437.5505,-1093.9895,0.0,0.0,0.0,-1254.8994,-15783.4662,604.3237,11463.9054,-2042.2829,59.146309439999996,20.5187,-4110.299999999999,-1983.1365905599998,-6072.91789056
305,496.0537,1380.4328,-1094.0381,0.0,0.0,0.0,-1246.503,-15867.425,595.1232,11482.7962,-1996.3156,60.48281952000001,20.6161,-4253.560199999998,-1935.8327804799999,-6168.776880479998
306,519.7397,1426.3309,-1114.6691,0.0,0.0,0.0,-1258.1329,-16017.3772,600.162,11537.045,-1912.6289,57.95864208,17.2142,-4306.901599999999,-1854.67025792,-6144.357657919999
307,475.1503,1406.5919,-1099.188,0.0,0.0,0.0,-1285.2736,-15926.8135,607.1882,11601.7852,-2011.9337,57.67208064,9.2341,-4220.559500000001,-1954.26161936,-6165.587019360001
308,480.6817,1404.8001,-1121.3427,0.0,0.0,0.0,-1259.3119,-16047.1825,620.2974,11569.6736,-1900.4825,57.49004736,17.8619,-4352.3843,-1842.99245264,-6177.51485264
309,498.0172,1428.9789,-1092.9542,0.0,0.0,0.0,-1246.9653,-15988.1939,617.094,11558.7662,-1962.0239,57.71369952,9.62,-4225.257100000001,-1904.3102004799998,-6119.947300480001
310,543.4248,1405.7356,-1124.9468,0.0,0.0,0.0,-1269.9459,-15903.8114,617.5387,11541.2841,-1983.4554,56.99352888,17.5213,-4190.7209,-1926.46187112,-6099.66147112
311,495.0904,1442.8267,-1122.822,0.0,0.0,0.0,-1278.562,-15834.793,593.2697,11505.2694,-2014.3034,57.203895599999996,9.585,-4199.720799999999,-1957.0995044000001,-6147.235304399999
312,509.7799,1416.4084,-1117.3729,0.0,0.0,0.0,-1260.3699,-15779.1184,598.4744,11545.1029,-2080.1425,57.68738712,5.7494,-4087.0956000000006,-2022.45511288,-6103.801312880001
313,498.1786,1425.5748,-1073.1639,0.0,0.0,0.0,-1260.5966,-15764.7167,582.1084,11516.2398,-2118.8068,59.11897392,16.8979,-4076.375600000003,-2059.68782608,-6119.1655260800035
314,549.1141,1394.0491,-1119.7432,0.0,0.0,0.0,-1252.0462,-15883.1972,591.5768,11472.3177,-1987.8952,58.437323279999994,11.0796,-4247.928900000001,-1929.4578767199998,-6166.307176720001
315,504.3215,1391.1598,-1110.4113,0.0,0.0,0.0,-1259.0093,-15902.9216,614.2091,11566.8423,-2037.5053,58.53074184,21.6934,-4195.809499999999,-1978.97455816,-6153.090658159999
316,510.3771,1450.8905,-1085.8071,0.0,0.0,0.0,-1254.8271,-15910.2771,604.6117,11597.0314,-2033.7087,59.52835872,6.5713,-4088.0005999999994,-1974.18034128,-6055.60964128
317,496.7695,1429.4133,-1100.9736,0.0,0.0,0.0,-1263.0974,-15955.0852,623.3283,11549.9318,-1949.4406,57.65961888,7.9219,-4219.713299999999,-1891.78098112,-6103.572381119999
318,509.7092,1425.6207,-1098.466,0.0,0.0,0.0,-1288.6483,-15886.1968,606.0426,11467.4237,-1934.9604,56.2671972,13.8728,-4264.5149,-1878.6932027999999,-6129.3353028
319,478.1855,1380.1124,-1121.9442,0.0,0.0,0.0,-1292.0288,-15918.7776,605.9513,11524.7927,-1937.3264,57.77512056,17.2109,-4343.708699999997,-1879.55127944,-6206.0490794399975
320,502.227,1399.1014,-1087.4942,0.0,0.0,0.0,-1268.8224,-15792.46,604.5289,11572.1622,-2115.081,60.307114320000004,19.9642,-4070.757099999999,-2054.77388568,-6105.566785679998
321,497.5192,1412.3854,-1115.2867,0.0,0.0,0.0,-1296.6468,-15932.9526,607.7131,11570.2057,-1975.9034,58.39607736,21.4658,-4257.0627,-1917.50732264,-6153.10422264
322,498.9222,1401.4538,-1095.8912,0.0,0.0,0.0,-1279.0238,-15743.9268,589.5198,11513.5391,-2135.6454,58.09589424,22.1832,-4115.4069,-2077.54950576,-6170.773205759999
323,464.4349,1398.8188,-1100.56,0.0,0.0,0.0,-1281.2738,-15901.463,606.8342,11484.1244,-1930.8291,57.1523688,21.1443,-4329.084499999999,-1873.6767312,-6181.616931199999
324,515.8718,1422.1873,-1102.9818,0.0,0.0,0.0,-1250.9965,-15838.1056,588.7059,11500.0125,-2047.2196,58.00428936,19.3196,-4165.3063999999995,-1989.2153106399999,-6135.20211064
325,471.9113,1392.8675,-1125.6587,0.0,0.0,0.0,-1294.0344,-15916.501,595.2194,11508.1596,-1929.8242,55.846203839999994,14.197,-4368.0363,-1873.97799616,-6227.817296159999
326,504.9767,1434.3631,-1104.9921,0.0,0.0,0.0,-1265.7003,-15977.0348,598.204,11471.0855,-1896.4256,57.14341776,24.6778,-4339.097900000001,-1839.28218224,-6153.70228224
327,508.371,1428.0434,-1100.0914,0.0,0.0,0.0,-1298.7081,-15929.7643,602.0409,11493.5367,-1933.8835,58.088789999999996,2.0478,-4296.5718000000015,-1875.79471,-6170.318710000001
328,510.4997,1430.4381,-1129.1631,0.0,0.0,0.0,-1243.3477,-16018.9545,601.886,11500.5124,-1874.8129,58.74008471999999,2.0922,-4348.1291,-1816.07281528,-6162.10971528
329,506.242,1431.6885,-1131.6804,0.0,0.0,0.0,-1285.1267,-15919.8921,615.6207,11528.6575,-1949.6055,57.24112536,16.5926,-4254.490500000002,-1892.3643746399998,-6130.262274640001
330,543.7298,1391.6192,-1099.6503,0.0,0.0,0.0,-1271.2935,-15943.2777,605.0016,11522.3756,-1929.7934,58.12654608,13.2909,-4251.495300000002,-1871.66685392,-6109.871253920003
331,495.1933,1424.9286,-1126.4259,0.0,0.0,0.0,-1255.857,-15983.0336,619.6477,11514.3848,-1897.9026,58.79047248,18.9691,-4311.1621,-1839.1121275199998,-6131.305127519999
332,496.3108,1438.3415,-1124.9895,0.0,0.0,0.0,-1277.9293,-16027.8986,611.4241,11576.304,-1896.5504,57.82058568,12.8523,-4308.437000000002,-1838.72981432,-6134.314514320003
333,522.1605,1356.7576,-1084.3311,0.0,0.0,0.0,-1258.6518,-15964.4403,596.4498,11525.6014,-1943.1284,57.616686,8.227,-4306.453900000002,-1885.511714,-6183.738614000002
334,511.1547,1422.9323,-1100.6594,0.0,0.0,0.0,-1272.779,-15920.3249,601.2762,11523.4788,-1949.764,59.565505679999994,13.9264,-4234.921299999998,-1890.19849432,-6111.193394319998
335,497.7228,1430.7074,-1128.5807,0.0,0.0,0.0,-1261.6761,-16019.5325,588.3374,11466.0342,-1858.4663,57.07914984,23.7619,-4426.987499999997,-1801.3871501600001,-6204.612750159997
336,536.9471,1383.2995,-1098.2015,0.0,0.0,0.0,-1262.0617,-15875.7637,602.9822,11532.906,-2004.9289,58.66165296,17.6947,-4179.892099999997,-1946.26724704,-6108.4646470399975
337,496.6068,1403.3802,-1088.862,0.0,0.0,0.0,-1277.9742,-15995.8048,608.1666,11479.3332,-1890.0761,57.03721848,19.2578,-4375.154199999999,-1833.03888152,-6188.935281519999
338,508.7912,1413.0851,-1107.2241,0.0,0.0,0.0,-1256.786,-15868.93,588.1801,11505.5597,-2020.7847,57.12518376,18.6874,-4217.3240000000005,-1963.65951624,-6162.296116240001
339,501.0928,1474.9845,-1097.9739,0.0,0.0,0.0,-1268.6447,-15910.968,586.4532,11487.5674,-1935.5113,57.93343776,12.4248,-4227.488700000002,-1877.5778622399998,-6092.641762240002
340,535.3348,1416.602,-1103.7651,0.0,0.0,0.0,-1267.1917,-15816.4894,594.7607,11472.6895,-2031.6415,57.569177520000004,28.5586,-4168.0592,-1974.07232248,-6113.572922479999
341,501.8286,1390.1454,-1131.8294,0.0,0.0,0.0,-1258.2764,-15685.0319,603.6051,11498.1198,-2138.7306,58.96469088,19.2419,-4081.438799999998,-2079.76590912,-6141.962809119998
342,530.3162,1408.9518,-1097.763,0.0,0.0,0.0,-1283.31,-15910.4964,610.8865,11506.5535,-1948.2903,57.76853832,15.5738,-4234.8614,-1890.5217616799998,-6109.80936168
343,481.0543,1419.1668,-1106.6698,0.0,0.0,0.0,-1264.1469,-15881.5881,596.6647,11505.6697,-1966.7067,59.73749495999999,7.4954,-4249.849300000002,-1906.96920504,-6149.323105040002
344,495.3313,1441.3173,-1113.0458,0.0,0.0,0.0,-1264.0331,-15937.8009,600.565,11489.1771,-1928.44,57.93218279999999,19.8961,-4288.489099999999,-1870.5078172,-6139.100817199999
345,493.0342,1411.5691,-1102.6184,0.0,0.0,0.0,-1256.7315,-15977.8803,599.3309,11520.1988,-1920.6437,59.626663199999996,10.8659,-4313.097199999998,-1861.0170368000001,-6163.248336799999
346,546.3792,1372.657,-1108.5647,0.0,0.0,0.0,-1254.2555,-15865.1597,598.6886,11516.4718,-1998.9894,57.436287119999996,3.895,-4193.783300000001,-1941.5531128799998,-6131.441412880001
347,524.4427,1410.454,-1079.4706,0.0,0.0,0.0,-1254.2307,-15784.0386,602.4993,11497.9252,-2084.8693,59.34340728,18.6237,-4082.4187,-2025.5258927199998,-6089.32089272
348,542.2625,1476.2306,-1107.2292,0.0,0.0,0.0,-1262.793,-15774.5847,595.5571,11454.1664,-2014.5637,59.441862240000006,11.0172,-4076.390299999999,-1955.1218377599998,-6020.494937759999
349,480.7095,1475.323,-1108.3974,0.0,0.0,0.0,-1255.9297,-15901.5473,592.225,11525.4599,-1996.1267,60.35271984,10.4972,-4192.156999999999,-1935.77398016,-6117.4337801599995
350,509.1274,1388.452,-1080.0993,0.0,0.0,0.0,-1244.6019,-15942.3265,616.4135,11525.6646,-1951.3026,60.15722976,8.7207,-4227.370199999999,-1891.14537024,-6109.79487024
351,510.7778,1451.5623,-1098.6689,0.0,0.0,0.0,-1239.5518,-15886.643,599.5735,11486.771,-1997.7075,60.28793568,26.1786,-4176.179099999999,-1937.41956432,-6087.420064319999
352,502.6592,1455.293,-1120.74,0.0,0.0,0.0,-1239.2661,-15922.1212,607.5035,11546.092,-1993.0516,60.30670608,11.6307,-4170.579599999999,-1932.74489392,-6091.693793919999
353,490.2095,1418.1282,-1108.4776,0.0,0.0,0.0,-1238.0125,-15893.082,619.6231,11566.0173,-2075.1685,62.052192000000005,17.6962,-4145.594000000001,-2013.1163080000001,-6141.014108
354,519.448,1359.8881,-1101.8206,0.0,0.0,0.0,-1255.9683,-15862.9451,620.9399,11523.0218,-2009.4845,58.71661055999999,17.311,-4197.4362,-1950.76788944,-6130.893089440001
355,524.0674,1396.6719,-1107.0248,0.0,0.0,0.0,-1272.7306,-15956.7709,609.5549,11530.9791,-1912.2132,58.57413696,5.9412,-4275.253000000001,-1853.6390630399999,-6122.9508630400005
356,494.4843,1412.4004,-1099.6011,0.0,0.0,0.0,-1262.3206,-15954.4459,598.9775,11548.8151,-1928.1068,57.57238944,17.1071,-4261.690299999998,-1870.53441056,-6115.117610559998
357,503.901,1380.3361,-1120.9314,0.0,0.0,0.0,-1245.9606,-16007.3029,600.7619,11477.3697,-1822.9209,59.041188000000005,14.4079,-4411.826200000001,-1763.8797120000002,-6161.298012000001
358,540.4851,1409.4569,-1086.6279,0.0,0.0,0.0,-1252.0261,-15986.3712,591.6643,11524.6823,-1903.5856,60.90731064,10.4971,-4258.736599999998,-1842.67828936,-6090.917789359999
359,520.3337,1415.5851,-1103.3541,0.0,0.0,0.0,-1272.7791,-15992.4537,612.4557,11489.6354,-1884.057,58.56562296,9.0889,-4330.576999999999,-1825.49137704,-6146.979477039999
360,516.9522,1367.4077,-1141.3269,0.0,0.0,0.0,-1242.0371,-15904.6354,598.5374,11515.6679,-1968.323,59.83758144,18.1328,-4289.434199999998,-1908.4854185600002,-6179.786818559998
361,516.9342,1429.4636,-1097.7075,0.0,0.0,0.0,-1243.8811,-15696.1111,601.2501,11459.8765,-2095.1791,63.595121039999995,20.4452,-4030.175300000001,-2031.5839789599997,-6041.31407896
362,511.998,1421.6119,-1093.4168,0.0,0.0,0.0,-1245.7893,-15854.4845,608.7678,11464.3889,-1993.9247,60.32034719999999,17.6178,-4186.924000000001,-1933.6043528,-6102.910552800001
363,510.874,1446.6265,-1106.7985,0.0,0.0,0.0,-1228.1165,-15959.3561,597.1996,11471.4529,-1896.8754,60.30976824,8.8089,-4268.1181000000015,-1836.5656317599999,-6095.874831760001
364,509.8706,1394.8965,-1121.7612,0.0,0.0,0.0,-1246.4742,-15970.2527,597.0157,11519.5164,-1915.3526,58.684217759999996,14.8462,-4317.188899999997,-1856.66838224,-6159.011082239997
365,505.841,1377.5853,-1130.8858,0.0,0.0,0.0,-1271.4372,-15855.1329,612.6336,11524.5182,-2008.4072,58.66850664,22.3686,-4236.8778,-1949.73869336,-6164.2478933600005
366,490.4955,1484.2169,-1080.1161,0.0,0.0,0.0,-1250.7162,-15749.8045,598.5853,11484.0211,-2122.9957,62.21822976,9.4057,-4023.3179999999993,-2060.7774702399997,-6074.689770239998
367,488.6684,1406.362,-1128.4346,0.0,0.0,0.0,-1221.709,-16019.1986,586.1987,11506.5369,-1870.7672,58.93133184,17.8051,-4381.5761999999995,-1811.83586816,-6175.60696816
368,540.8956,1352.983,-1131.38,0.0,0.0,0.0,-1246.8508,-15921.0762,589.5541,11524.8417,-1976.1124,61.396322399999995,10.472,-4291.0326000000005,-1914.7160776,-6195.276677600001
369,487.1715,1417.7999,-1102.1848,0.0,0.0,0.0,-1252.2994,-15949.5591,597.2586,11526.4231,-1909.1042,58.936913999999994,16.158,-4275.3902,-1850.167286,-6109.399485999999
370,488.9364,1370.4485,-1079.3704,0.0,0.0,0.0,-1257.022,-15924.6266,601.067,11539.2354,-2007.0739,59.36008751999999,16.6184,-4261.331700000001,-1947.7138124800001,-6192.427112480001
371,485.4037,1403.1546,-1136.621,0.0,0.0,0.0,-1263.5829,-15890.7239,598.333,11465.5928,-1948.1315,60.52746456,18.971,-4338.4437,-1887.60403544,-6207.0767354399995
372,535.8773,1443.8114,-1132.4685,0.0,0.0,0.0,-1221.7344,-15781.5704,609.6585,11426.3408,-2036.1255,60.95675016,12.7616,-4120.085300000001,-1975.1687498400001,-6082.4924498400005
373,484.048,1430.1093,-1101.8949,0.0,0.0,0.0,-1245.6524,-15951.3909,621.5796,11537.8293,-1965.198,60.2006868,18.3835,-4225.372000000001,-1904.9973132,-6111.985813200002
374,543.6371,1393.1201,-1108.3772,0.0,0.0,0.0,-1257.5608,-16026.4144,592.9218,11540.729,-1913.9617,61.35767784,17.845,-4321.9444,-1852.60402216,-6156.70342216
375,506.294,1423.1661,-1127.4878,0.0,0.0,0.0,-1258.6618,-15985.0524,604.8007,11494.0812,-1880.4947,58.24047888,25.0475,-4342.860000000001,-1822.25422112,-6140.066721120001
376,498.4589,1420.4048,-1090.34,0.0,0.0,0.0,-1243.2166,-15990.5214,605.3838,11537.0259,-1944.5432,59.938269840000004,12.7092,-4262.8045999999995,-1884.60493016,-6134.700330159999
377,486.1077,1428.3135,-1144.8301,0.0,0.0,0.0,-1259.4627,-15916.543,602.7242,11498.0349,-1949.3575,61.09063128,14.1861,-4305.655499999999,-1888.26686872,-6179.736268719999
378,499.0283,1422.1467,-1074.7046,0.0,0.0,0.0,-1243.479,-15892.6878,608.8398,11536.635,-2025.709,61.23584664,19.9776,-4144.221600000001,-1964.47315336,-6088.71715336
379,522.048,1384.976,-1103.4708,0.0,0.0,0.0,-1266.8647,-15949.3786,605.0988,11586.7895,-1964.3726,62.01404928,22.9222,-4220.801799999999,-1902.3585507199998,-6100.238150719999
380,493.8501,1380.0864,-1098.5689,0.0,0.0,0.0,-1211.3687,-16061.8654,611.5329,11519.5235,-1844.6722,63.71372303999999,14.3883,-4366.810100000001,-1780.95847696,-6133.380276960001
381,520.8014,1446.3098,-1087.8851,0.0,0.0,0.0,-1236.5667,-15918.7345,612.3314,11503.6823,-1951.2979,61.28100215999999,8.4147,-4160.061399999999,-1890.01689784,-6041.663597839998
382,483.4369,1377.8198,-1100.1353,0.0,0.0,0.0,-1246.4357,-15896.1257,606.4281,11522.8356,-1989.442,61.70391719999999,22.8994,-4252.176300000001,-1927.7380828,-6157.0149828
383,478.8326,1417.6877,-1076.9413,0.0,0.0,0.0,-1252.2833,-16076.7746,620.1199,11534.0922,-1841.7606,58.725613440000004,11.4831,-4355.266800000003,-1783.03498656,-6126.818686560002
384,505.6897,1478.4781,-1090.2757,0.0,0.0,0.0,-1253.0785,-15918.6463,596.5211,11563.0119,-2014.4886,60.163248239999994,20.0136,-4118.299700000001,-1954.3253517599999,-6052.611451760001
385,492.9733,1444.8906,-1076.4138,0.0,0.0,0.0,-1249.6862,-15978.6177,594.236,11540.2442,-1928.6469,59.79280536,13.3938,-4232.373600000001,-1868.8540946399999,-6087.833894640001
386,489.7006,1439.7288,-1100.6586,0.0,0.0,0.0,-1236.7177,-15944.6428,602.6505,11530.2256,-1968.2066,62.073113039999996,18.8837,-4219.713600000001,-1906.13348696,-6106.96338696
387,510.6213,1416.6853,-1070.5641,0.0,0.0,0.0,-1228.399,-16183.9646,605.8483,11570.4763,-1788.6969,61.016948639999995,10.8379,-4379.2965,-1727.67995136,-6096.13855136
388,496.9051,1484.1779,-1076.3726,0.0,0.0,0.0,-1261.1178,-16076.793,594.3617,11483.6881,-1805.0086,58.965694559999996,14.134,-4355.150600000003,-1746.04290544,-6087.059505440003
389,494.49,1386.1518,-1083.5748,0.0,0.0,0.0,-1259.6205,-16011.5306,607.9042,11570.473,-1905.6254,59.35902263999999,0.8564,-4295.706899999999,-1846.26637736,-6141.116877359999
390,481.9183,1388.6223,-1099.6657,0.0,0.0,0.0,-1259.9263,-15969.4564,608.9645,11552.6659,-1935.4871,59.98550688,20.1736,-4296.877399999999,-1875.50159312,-6152.20539312
391,505.1141,1407.816,-1107.6659,0.0,0.0,0.0,-1247.092,-16052.2978,603.0565,11561.1038,-1872.1816,58.9220064,21.5428,-4329.965299999998,-1813.2595935999998,-6121.682093599998
392,523.5386,1426.782,-1079.493,0.0,0.0,0.0,-1255.8847,-16037.6513,588.5604,11533.3455,-1862.6667,60.600021840000004,7.2103,-4300.8025,-1802.06667816,-6095.658878159999
393,471.5443,1435.1845,-1108.1942,0.0,0.0,0.0,-1252.6483,-15915.0386,625.796,11543.3714,-1955.8811,61.12309535999999,6.6401,-4199.9848999999995,-1894.75800464,-6088.102804640001
394,496.6859,1438.3038,-1085.9989,0.0,0.0,0.0,-1246.8465,-16007.6363,613.1887,11529.2384,-1922.7084,59.44205087999999,22.8954,-4263.064900000001,-1863.26634912,-6103.43584912
395,504.7271,1402.5133,-1102.3838,0.0,0.0,0.0,-1248.2669,-16006.7062,606.0949,11486.5444,-1822.6303,59.90986872,1.4282,-4357.477199999999,-1762.72043128,-6118.769431279999
396,489.6393,1418.0667,-1115.7679,0.0,0.0,0.0,-1278.9662,-15974.8793,623.7847,11598.7793,-1933.2644,58.72418568,17.0039,-4239.3434,-1874.5402143200001,-6096.87971432
397,498.7382,1414.7022,-1076.7984,0.0,0.0,0.0,-1257.5144,-16112.2994,602.0407,11574.611,-1845.0216,58.572770399999996,9.5441,-4356.5201,-1786.4488296,-6133.4248296
398,518.7114,1422.2654,-1070.5855,0.0,0.0,0.0,-1256.6823,-15844.9587,593.5549,11578.3289,-2074.4786,59.256185759999994,7.4152,-4059.365899999999,-2015.22241424,-6067.1731142399985
399,498.2356,1425.7445,-1071.0001,0.0,0.0,0.0,-1269.2475,-15987.7518,604.7269,11520.7537,-1897.7953,58.75255728,17.8201,-4278.538700000001,-1839.04274272,-6099.761342720001
400,473.0017,1398.7264,-1059.7287,0.0,0.0,0.0,-1275.9513,-15862.023,616.9799,11583.6988,-2085.2014,58.91033375999999,16.7664,-4125.296199999999,-2026.29106624,-6134.820866239998

