0.000000000000000000e+00	1.040884375364050207e+00	8.312972332396159914e+01
1.000000000000000000e+00	1.098905525965916397e+00	8.365293284514385164e+01
2.000000000000000000e+00	8.155554799135251720e-01	8.109780526866185824e+01
3.000000000000000000e+00	1.010536377594673851e+00	8.285605826876971491e+01
4.000000000000000000e+00	1.189756289135409206e+00	8.447218554530358858e+01
5.000000000000000000e+00	8.966392091164409051e-01	8.182898310108775775e+01
6.000000000000000000e+00	8.138897802658654479e-01	8.108278471312227964e+01
7.000000000000000000e+00	1.681519735834734686e+00	8.890669459611542891e+01
8.000000000000000000e+00	1.260502854176086096e+00	8.511014732365948987e+01
9.000000000000000000e+00	9.010746221300890424e-01	8.186897972809435942e+01
1.000000000000000000e+01	9.622004764092638718e-01	8.242018611779037940e+01
1.100000000000000000e+01	9.570362596999700822e-01	8.237361745578138539e+01
1.200000000000000000e+01	1.843882178613023726e+00	9.037080854530137231e+01
1.300000000000000000e+01	1.412984319849723391e+00	8.648515891541008216e+01
1.400000000000000000e+01	1.067567696632726992e+00	8.337034191907245884e+01
1.500000000000000000e+01	1.091466223086168252e+00	8.358584844476111186e+01
1.600000000000000000e+01	1.051137844969033619e+00	8.322218465688641231e+01
1.700000000000000000e+01	9.159662770378631524e-01	8.200326620040809189e+01
1.800000000000000000e+01	1.209303242581161841e+00	8.464845147672403414e+01
1.900000000000000000e+01	1.422159583109636749e+00	8.656789745208408249e+01
2.000000000000000000e+01	1.021041780640169039e+00	8.295079142797534644e+01
2.100000000000000000e+01	1.189395263575912853e+00	8.446892997370323997e+01
2.200000000000000000e+01	9.545011348241350113e-01	8.235075680137065035e+01
2.300000000000000000e+01	1.268458771863016477e+00	8.518189033186192205e+01
2.400000000000000000e+01	1.026533002728150290e+00	8.300030888237870386e+01
2.500000000000000000e+01	9.041237062102873701e-01	8.189647504325265004e+01
2.600000000000000000e+01	9.846998488583998954e-01	8.262307568071530284e+01
2.700000000000000000e+01	1.651119504154989315e+00	8.863255851821976705e+01
2.800000000000000000e+01	8.516394089619593322e-01	8.142319445939601508e+01
2.900000000000000000e+01	1.148008010459431905e+00	8.409571771125240502e+01
3.000000000000000000e+01	1.675427882344112884e+00	8.885176090874662691e+01
3.100000000000000000e+01	1.523009003932260796e+00	8.747731370172351717e+01
3.200000000000000000e+01	8.564392083035435865e-01	8.146647696395221772e+01
3.300000000000000000e+01	8.504053856544745438e-01	8.141206657349337661e+01
3.400000000000000000e+01	9.955742506842051309e-01	8.272113631056154759e+01
3.500000000000000000e+01	9.156256904905587524e-01	8.200019493893726974e+01
3.600000000000000000e+01	1.038605024605930627e+00	8.310916912938958490e+01
3.700000000000000000e+01	9.615314640389670542e-01	8.241415325497575850e+01
3.800000000000000000e+01	1.110404208860319653e+00	8.375662297036542725e+01
3.900000000000000000e+01	1.285906789283603580e+00	8.533922897036715938e+01
4.000000000000000000e+01	9.164073516566596522e-01	8.200724361963732179e+01
4.100000000000000000e+01	9.306968899668378592e-01	8.213610046614293481e+01
4.200000000000000000e+01	1.294756925273769177e+00	8.541903565061703318e+01
4.300000000000000000e+01	9.992018701027080008e-01	8.275384860597965542e+01
4.400000000000000000e+01	1.138626001026995738e+00	8.401111482744275349e+01
4.500000000000000000e+01	1.299782419706540626e+00	8.546435337542253308e+01
4.600000000000000000e+01	8.716933183870951840e-01	8.160403189952461389e+01
4.700000000000000000e+01	1.145882707682190027e+00	8.407655265442548398e+01
4.800000000000000000e+01	1.145843008344037628e+00	8.407619466304664968e+01
4.900000000000000000e+01	8.739364611326986276e-01	8.162425958597509634e+01
5.000000000000000000e+01	1.142677833862265846e+00	8.404765249509776481e+01
5.100000000000000000e+01	1.156107045286425716e+00	8.416875128762779923e+01
5.200000000000000000e+01	1.030796797578483748e+00	8.303875793137068229e+01
5.300000000000000000e+01	1.331117813422033613e+00	8.574692233815203224e+01
5.400000000000000000e+01	9.147922304951977557e-01	8.199267915890577285e+01
5.500000000000000000e+01	1.015878550250307821e+00	8.290423166016636003e+01
5.600000000000000000e+01	9.765154701043305963e-01	8.254927250989446463e+01
5.700000000000000000e+01	1.009710003106789156e+00	8.284860638276541067e+01
5.800000000000000000e+01	1.413784054082798836e+00	8.649237057117389327e+01
5.900000000000000000e+01	9.808822441429576600e-01	8.258865018045358397e+01
6.000000000000000000e+01	8.531107117999101597e-01	8.143646202898698050e+01
6.100000000000000000e+01	1.003676565149636879e+00	8.279419946129111452e+01
6.200000000000000000e+01	1.081449952947194593e+00	8.349552607353815858e+01
6.300000000000000000e+01	8.688400237893066924e-01	8.157830212883212084e+01
6.400000000000000000e+01	9.884204551102550029e-01	8.265662649098617010e+01
6.500000000000000000e+01	1.118499112868389211e+00	8.382961929681094659e+01
6.600000000000000000e+01	9.328206361300559468e-01	8.215525148610106498e+01
6.700000000000000000e+01	1.046195439087055590e+00	8.317761618852317440e+01
6.800000000000000000e+01	9.130291859214253458e-01	8.197678078912686317e+01
6.900000000000000000e+01	9.164781862891230313e-01	8.200788237556942306e+01
7.000000000000000000e+01	9.013045088746437505e-01	8.187105274685211498e+01
7.100000000000000000e+01	1.254239570727245567e+00	8.505366775542785263e+01
7.200000000000000000e+01	8.080661369773529668e-01	8.103026962879678763e+01
7.300000000000000000e+01	1.068642052773393747e+00	8.338002999585319230e+01
7.400000000000000000e+01	1.065721402615052993e+00	8.335369284198714013e+01
7.500000000000000000e+01	8.017927350276164988e-01	8.097369881632138799e+01
7.600000000000000000e+01	1.216655062862084691e+00	8.471474699704893396e+01
7.700000000000000000e+01	9.260462367999052757e-01	8.209416289697350066e+01
7.800000000000000000e+01	1.111664688485025643e+00	8.376798942783932489e+01
7.900000000000000000e+01	9.429846565078878751e-01	8.224690620476845027e+01
8.000000000000000000e+01	9.507305380858546151e-01	8.231675519861815360e+01
8.100000000000000000e+01	1.126587310329637326e+00	8.390255514653176760e+01
8.200000000000000000e+01	9.767524526372400873e-01	8.255140951538791683e+01
8.300000000000000000e+01	8.817910918446257851e-01	8.169508923225444619e+01
8.400000000000000000e+01	1.250262541427955121e+00	8.501780463355203210e+01
8.500000000000000000e+01	8.836961465688211170e-01	8.171226818785481782e+01
8.600000000000000000e+01	1.289672321098053853e+00	8.537318489983768188e+01
8.700000000000000000e+01	1.240122950493350640e+00	8.492637020898706623e+01
8.800000000000000000e+01	8.866863462527884154e-01	8.173923250911799698e+01
8.900000000000000000e+01	8.151415602991335385e-01	8.109407272146127355e+01
9.000000000000000000e+01	9.309798884961769661e-01	8.213865242389445598e+01
9.100000000000000000e+01	1.182945613747305114e+00	8.441076983445032056e+01
9.200000000000000000e+01	9.390679886907807861e-01	8.221158739650695679e+01
9.300000000000000000e+01	8.695710443834233638e-01	8.158489415486150165e+01
9.400000000000000000e+01	1.242174211090105285e+00	8.494486758560775286e+01
9.500000000000000000e+01	9.994558275577697382e-01	8.275613868394407291e+01
9.600000000000000000e+01	1.109942593662023747e+00	8.375246032511682870e+01
9.700000000000000000e+01	9.405900390369823505e-01	8.222531258507338237e+01
9.800000000000000000e+01	1.061583279789281686e+00	8.331637704869787342e+01
9.900000000000000000e+01	1.127120221790078869e+00	8.390736071048833367e+01
1.000000000000000000e+02	9.863690942093739089e-01	8.263812820986646557e+01
1.010000000000000000e+02	8.637878194774631924e-01	8.153274354594476847e+01
1.020000000000000000e+02	8.777295365561038620e-01	8.165846389174122066e+01
1.030000000000000000e+02	1.377535890626214066e+00	8.616550038592033900e+01
1.040000000000000000e+02	1.090048494880907493e+00	8.357306398792516688e+01
1.050000000000000000e+02	9.494638117551372769e-01	8.230533241106415687e+01
1.060000000000000000e+02	9.937305935749387586e-01	8.270451101197031107e+01
1.070000000000000000e+02	8.507606944402708038e-01	8.141527059371290420e+01
1.080000000000000000e+02	8.245813889298833077e-01	8.117919699367413955e+01
1.090000000000000000e+02	7.935821516139313081e-01	8.089965934326821184e+01
1.100000000000000000e+02	1.091780840919326589e+00	8.358868553165329729e+01
1.110000000000000000e+02	9.368840661187713970e-01	8.219189373184593705e+01
1.120000000000000000e+02	8.985136328645769721e-01	8.184588583985771493e+01
1.130000000000000000e+02	9.854165521849221898e-01	8.262953859984754956e+01
1.140000000000000000e+02	8.757702963634795834e-01	8.164079631513456548e+01
1.150000000000000000e+02	9.714242499467905523e-01	8.250336209906620866e+01
1.160000000000000000e+02	9.272815184835342395e-01	8.210530213036534519e+01
1.170000000000000000e+02	8.111866118932063996e-01	8.105840871548585369e+01
1.180000000000000000e+02	1.197290607860883149e+00	8.454012675729090631e+01
1.190000000000000000e+02	1.028076737381911077e+00	8.301422961060707451e+01
1.200000000000000000e+02	7.357258493000028432e-01	8.037793635230647737e+01
1.210000000000000000e+02	1.070700879352193713e+00	8.339859559921191590e+01
1.220000000000000000e+02	8.363529022713610539e-01	8.128534738530024129e+01
1.230000000000000000e+02	1.183867952584944039e+00	8.441908708525633642e+01
1.240000000000000000e+02	9.362242541388816619e-01	8.218594383415367588e+01
1.250000000000000000e+02	1.067674688602354927e+00	8.337130672615778337e+01
1.260000000000000000e+02	1.076133475008574703e+00	8.344758438593308369e+01
1.270000000000000000e+02	9.230359210787667523e-01	8.206701717802918949e+01
1.280000000000000000e+02	8.711508336841462530e-01	8.159914000822749358e+01
1.290000000000000000e+02	7.284560260342788363e-01	8.031238024543021936e+01
1.300000000000000000e+02	1.284409538874167200e+00	8.532572741685288520e+01
1.310000000000000000e+02	1.096628010498048145e+00	8.363239520042175457e+01
1.320000000000000000e+02	7.963728423823868141e-01	8.092482457983427935e+01
1.330000000000000000e+02	1.081904371973241963e+00	8.349962382683274598e+01
1.340000000000000000e+02	1.088394477313322284e+00	8.355814877630689352e+01
1.350000000000000000e+02	8.862692089207246937e-01	8.173547094593780571e+01
1.360000000000000000e+02	1.327917258360115760e+00	8.571806112350714102e+01
1.370000000000000000e+02	1.215180803115063934e+00	8.470145276333698803e+01
1.380000000000000000e+02	1.274288234325179570e+00	8.523445789096648184e+01
1.390000000000000000e+02	1.151854550103942998e+00	8.413040413412987562e+01
1.400000000000000000e+02	9.551787905695576786e-01	8.235686760638590442e+01
1.410000000000000000e+02	1.077556648926575100e+00	8.346041794983990769e+01
1.420000000000000000e+02	1.197761893540930433e+00	8.454437660674132360e+01
1.430000000000000000e+02	1.349705732109067302e+00	8.591454011089754772e+01
1.440000000000000000e+02	1.063725844244404861e+00	8.333569776383430394e+01
1.450000000000000000e+02	1.275064465491777765e+00	8.524145760629080826e+01
1.460000000000000000e+02	1.194045176208628156e+00	8.451086086505691242e+01
1.470000000000000000e+02	1.016564481147089527e+00	8.291041708690033829e+01
1.480000000000000000e+02	9.557922845137626355e-01	8.236239982816134386e+01
1.490000000000000000e+02	1.092542194349882756e+00	8.359555108601958295e+01
1.500000000000000000e+02	1.261183951686682292e+00	8.511628916501734921e+01
1.510000000000000000e+02	1.222661392209833942e+00	8.476890946486454936e+01
1.520000000000000000e+02	8.792230550199634509e-01	8.167193179219211174e+01
1.530000000000000000e+02	1.154818599555433423e+00	8.415713264396099191e+01
1.540000000000000000e+02	1.240910404772502140e+00	8.493347112946304378e+01
1.550000000000000000e+02	8.808406043863481472e-01	8.168651814942040801e+01
1.560000000000000000e+02	1.039545924741554384e+00	8.311765375791441102e+01
1.570000000000000000e+02	8.850531314864816812e-01	8.172450488812111757e+01
1.580000000000000000e+02	1.219135363466070210e+00	8.473711327000177107e+01
1.590000000000000000e+02	1.042822516511349829e+00	8.314720063854676368e+01
1.600000000000000000e+02	1.390831308241207598e+00	8.628539268402370510e+01
1.610000000000000000e+02	1.768591846451927907e+00	8.969187304969275942e+01
1.620000000000000000e+02	8.392667423248019176e-01	8.131162312859984809e+01
1.630000000000000000e+02	1.128266885685574206e+00	8.391770082717846435e+01
1.640000000000000000e+02	1.879551627388511559e+00	9.069246013305975396e+01
1.650000000000000000e+02	1.108294612252773481e+00	8.373759954495120894e+01
1.660000000000000000e+02	8.630754781635631145e-01	8.152631996154670446e+01
1.670000000000000000e+02	8.860995356655493316e-01	8.173394090625957631e+01
1.680000000000000000e+02	1.154639397204180185e+00	8.415551667503549993e+01
1.690000000000000000e+02	1.186868187788538975e+00	8.444614190247425256e+01
1.700000000000000000e+02	7.402904973080990381e-01	8.041909836432981251e+01
1.710000000000000000e+02	1.688187553613123448e+00	8.896682207912760987e+01
1.720000000000000000e+02	1.413828018252863306e+00	8.649276702095349378e+01
1.730000000000000000e+02	1.062827453311658399e+00	8.332759646482729465e+01
1.740000000000000000e+02	1.311849447594019669e+00	8.557316858879919153e+01
1.750000000000000000e+02	8.382295940959193503e-01	8.130227057659769230e+01
1.760000000000000000e+02	1.334769519793261416e+00	8.577985183924204193e+01
1.770000000000000000e+02	1.205796427238586821e+00	8.461682853996337883e+01
1.780000000000000000e+02	1.141143843490902920e+00	8.403381963657335518e+01
1.790000000000000000e+02	8.034087108285170586e-01	8.098827098381997303e+01
1.800000000000000000e+02	9.431601736728910668e-01	8.224848894228586005e+01
1.810000000000000000e+02	1.373492809756962085e+00	8.612904163969143667e+01
1.820000000000000000e+02	1.025504964820302067e+00	8.299103848329245636e+01
1.830000000000000000e+02	8.355969024191297612e-01	8.127853010717672078e+01
1.840000000000000000e+02	1.221826970042697358e+00	8.476138500838612799e+01
1.850000000000000000e+02	1.226097420884161071e+00	8.479989407821355485e+01
1.860000000000000000e+02	1.229224821639198328e+00	8.482809561911052754e+01
1.870000000000000000e+02	1.061571711979623300e+00	8.331627273521752386e+01
1.880000000000000000e+02	7.975968701545820272e-01	8.093586233034353938e+01
1.890000000000000000e+02	9.851891613537268055e-01	8.262748808815177881e+01
1.900000000000000000e+02	9.009701129521049401e-01	8.186803730974510529e+01
1.910000000000000000e+02	1.171011492097767892e+00	8.430315311176877913e+01
1.920000000000000000e+02	1.011645212217335610e+00	8.286605725751735463e+01
1.930000000000000000e+02	9.129306733463297130e-01	8.197589244553644505e+01
1.940000000000000000e+02	9.964663626360740212e-01	8.272918098844775159e+01
1.950000000000000000e+02	8.946017687775907890e-01	8.181061034954683464e+01
1.960000000000000000e+02	1.135658283906475718e+00	8.398435324416622905e+01
1.970000000000000000e+02	1.098569336558059995e+00	8.364990123516565745e+01
1.980000000000000000e+02	1.092403746263976849e+00	8.359430262134793566e+01
1.990000000000000000e+02	1.117670685317401436e+00	8.382214889717580775e+01
2.000000000000000000e+02	1.446318652403385752e+00	8.678575343987942858e+01
2.010000000000000000e+02	1.232792524222354746e+00	8.486026761054625922e+01
2.020000000000000000e+02	8.480215607657645149e-01	8.139057027661428378e+01
2.030000000000000000e+02	9.000821931697241540e-01	8.186003043502151399e+01
2.040000000000000000e+02	1.004265818222016993e+00	8.279951308941907939e+01
2.050000000000000000e+02	9.607799172334127169e-01	8.240737613249194737e+01
2.060000000000000000e+02	9.752630656112640795e-01	8.253797887044839854e+01
2.070000000000000000e+02	1.005856429111464223e+00	8.281385652716932100e+01
2.080000000000000000e+02	7.879312166598468892e-01	8.084870166764666521e+01
2.090000000000000000e+02	8.162898736530729282e-01	8.110442771225082481e+01
2.100000000000000000e+02	9.795430582298486621e-01	8.257657398387520686e+01
2.110000000000000000e+02	1.179372692628391395e+00	8.437855078452702173e+01
2.120000000000000000e+02	8.619658198892787837e-01	8.151631354546667296e+01
2.130000000000000000e+02	1.480915619713058184e+00	8.709773385586017014e+01
2.140000000000000000e+02	9.013749449716900175e-01	8.187168790896502912e+01
2.150000000000000000e+02	1.464543950169738817e+00	8.695010125475076279e+01
2.160000000000000000e+02	1.227352221026690504e+00	8.481120932058537676e+01
2.170000000000000000e+02	1.300079253759773845e+00	8.546703009591587374e+01
2.180000000000000000e+02	1.275421012428782586e+00	8.524467279161984834e+01
2.190000000000000000e+02	1.152701212417154952e+00	8.413803896692624562e+01
2.200000000000000000e+02	9.951829108376389899e-01	8.271760737789445272e+01
2.210000000000000000e+02	1.476261320032283386e+00	8.705576340401363211e+01
2.220000000000000000e+02	1.110434349556474132e+00	8.375689476606474670e+01
2.230000000000000000e+02	1.194364965804764367e+00	8.451374458866008865e+01
2.240000000000000000e+02	1.190928238749085821e+00	8.448275367761155508e+01
2.250000000000000000e+02	7.944550709754378826e-01	8.090753095071526957e+01
2.260000000000000000e+02	9.687106820558276654e-01	8.247889232309316299e+01
2.270000000000000000e+02	8.990458123229460030e-01	8.185068480293769255e+01
2.280000000000000000e+02	1.125787534643283294e+00	8.389534311696031921e+01
2.290000000000000000e+02	8.462560346088630059e-01	8.137464952899716764e+01
2.300000000000000000e+02	1.242108012767993763e+00	8.494427063790755028e+01
2.310000000000000000e+02	1.058233426398571986e+00	8.328616952660630091e+01
2.320000000000000000e+02	8.339895248799483740e-01	8.126403547506566838e+01
2.330000000000000000e+02	8.187623730931158361e-01	8.112672363769748074e+01
2.340000000000000000e+02	7.460639566596743988e-01	8.047116091172102870e+01
2.350000000000000000e+02	1.374090634786452103e+00	8.613443256600341158e+01
2.360000000000000000e+02	1.002281443034627628e+00	8.278161885635286410e+01
2.370000000000000000e+02	9.933231962963217088e-01	8.270083728035925219e+01
2.380000000000000000e+02	1.129083454828234689e+00	8.392506429284075864e+01
2.390000000000000000e+02	1.852146081250250820e+00	9.044532882794086959e+01
2.400000000000000000e+02	9.035363781380303383e-01	8.189117877393923095e+01
2.410000000000000000e+02	1.108070497114615804e+00	8.373557857203169874e+01
2.420000000000000000e+02	1.364704160210407302e+00	8.604978941746915666e+01
2.430000000000000000e+02	1.169497015193520228e+00	8.428949621721061192e+01
2.440000000000000000e+02	1.126887891958666899e+00	8.390526566103500272e+01
2.450000000000000000e+02	1.476937492183515221e+00	8.706186083062121384e+01
2.460000000000000000e+02	9.148263893721942930e-01	8.199298718881370007e+01
2.470000000000000000e+02	8.139786100776563726e-01	8.108358574176116917e+01
2.480000000000000000e+02	9.420527747475352376e-01	8.223850290003260000e+01
2.490000000000000000e+02	1.197665167107423656e+00	8.454350436979952121e+01
2.500000000000000000e+02	1.478543820449440549e+00	8.707634600084205090e+01
2.510000000000000000e+02	1.224866904515292454e+00	8.478879781635930613e+01
2.520000000000000000e+02	1.712260053835044982e+00	8.918389742465456038e+01
2.530000000000000000e+02	1.127201434485634923e+00	8.390809305128327367e+01
2.540000000000000000e+02	1.182625918689613975e+00	8.440788696335377495e+01
2.550000000000000000e+02	1.213412401158255660e+00	8.468550608300607507e+01
2.560000000000000000e+02	1.135776011247343842e+00	8.398541485816399188e+01
2.570000000000000000e+02	7.778005145757355132e-01	8.075734739887251123e+01
2.580000000000000000e+02	9.439886595567029692e-01	8.225595986794105841e+01
2.590000000000000000e+02	9.576270487210066795e-01	8.237894493442684052e+01
2.600000000000000000e+02	9.904498576303008006e-01	8.267492676097022297e+01
2.610000000000000000e+02	1.505521891930535539e+00	8.731962252527537771e+01
2.620000000000000000e+02	1.009658854471333633e+00	8.284814514659915119e+01
2.630000000000000000e+02	8.185686566621152016e-01	8.112497678710838045e+01
2.640000000000000000e+02	1.162799199169922915e+00	8.422909822305983596e+01
2.650000000000000000e+02	1.336576185623127078e+00	8.579614356655139318e+01
2.660000000000000000e+02	9.129094148046806856e-01	8.197570074524642791e+01
2.670000000000000000e+02	1.080500158581576109e+00	8.348696124071250324e+01
2.680000000000000000e+02	9.195752872557346747e-01	8.203581068614211347e+01
2.690000000000000000e+02	1.197476690165309332e+00	8.454180476664420496e+01
2.700000000000000000e+02	9.250185922995789456e-01	8.208489604546532803e+01
2.710000000000000000e+02	9.341048474490414311e-01	8.216683194568059889e+01
2.720000000000000000e+02	8.845845230913579327e-01	8.172027918126265433e+01
2.730000000000000000e+02	1.677230464014952460e+00	8.886801580688478452e+01
2.740000000000000000e+02	9.006723281900407274e-01	8.186535201617269308e+01
2.750000000000000000e+02	1.070532883441389416e+00	8.339708068509627026e+01
2.760000000000000000e+02	1.127909065396494714e+00	8.391447415931378373e+01
2.770000000000000000e+02	1.301199185631648492e+00	8.547712915483424467e+01
2.780000000000000000e+02	9.901824868653364975e-01	8.267251572760628164e+01
2.790000000000000000e+02	9.774248124859131748e-01	8.255747256430778691e+01
2.800000000000000000e+02	8.303218008351147539e-01	8.123096153355605509e+01
2.810000000000000000e+02	1.022114159205791406e+00	8.296046167184374553e+01
2.820000000000000000e+02	9.254845683202019835e-01	8.208909801471453704e+01
2.830000000000000000e+02	8.905657054480514701e-01	8.177421488444136344e+01
2.840000000000000000e+02	8.480703436412678764e-01	8.139101017938541816e+01
2.850000000000000000e+02	8.559845477699452587e-01	8.146237703284748477e+01
2.860000000000000000e+02	1.150645337590920469e+00	8.411949998118937799e+01
2.870000000000000000e+02	9.134627074462815521e-01	8.198069009783738181e+01
2.880000000000000000e+02	1.252422095457677909e+00	8.503727855328884289e+01
2.890000000000000000e+02	8.176701455926643769e-01	8.111687440476077882e+01
2.900000000000000000e+02	1.396237630799110896e+00	8.633414455136062315e+01
2.910000000000000000e+02	9.643492175303080005e-01	8.243956253141583090e+01
2.920000000000000000e+02	8.807793146304780940e-01	8.168596546503738409e+01
2.930000000000000000e+02	8.062827891455407459e-01	8.101418817306030462e+01
2.940000000000000000e+02	9.248940905111161515e-01	8.208377334244319457e+01
2.950000000000000000e+02	9.163340954241282477e-01	8.200658302676818323e+01
2.960000000000000000e+02	1.192644893213642643e+00	8.449823372154587275e+01
2.970000000000000000e+02	8.750608271611112210e-01	8.163439863019013387e+01
2.980000000000000000e+02	1.637128459030531058e+00	8.850639335354321702e+01
2.990000000000000000e+02	1.188038048774730848e+00	8.445669120044725275e+01
3.000000000000000000e+02	8.194696156487372152e-01	8.113310124370921983e+01
3.010000000000000000e+02	1.270899859431139145e+00	8.520390299869862361e+01
3.020000000000000000e+02	1.298067099689630410e+00	8.544888536495717801e+01
3.030000000000000000e+02	9.417041445805568456e-01	8.223535910469516352e+01
3.040000000000000000e+02	1.043799452564258878e+00	8.315601022331310332e+01
3.050000000000000000e+02	1.066093403948256579e+00	8.335704738834490968e+01
3.060000000000000000e+02	1.057554034481769323e+00	8.328004306555205005e+01
3.070000000000000000e+02	1.176108980721878083e+00	8.434912004890441040e+01
3.080000000000000000e+02	1.081568965269471772e+00	8.349659927493985379e+01
3.090000000000000000e+02	1.314420891265701385e+00	8.559635675032737367e+01
3.100000000000000000e+02	1.086466301005573953e+00	8.354076132031426027e+01
3.110000000000000000e+02	9.983002513032458447e-01	8.274571819947337303e+01
3.120000000000000000e+02	1.104658721567580049e+00	8.370481266284463118e+01
3.130000000000000000e+02	1.395240979158037575e+00	8.632515717998823845e+01
3.140000000000000000e+02	1.175656028557330757e+00	8.434503552312935426e+01
3.150000000000000000e+02	1.680056662178314397e+00	8.889350123370724077e+01
3.160000000000000000e+02	1.693709423778748224e+00	8.901661590457605655e+01
3.170000000000000000e+02	1.277575078111308216e+00	8.526409721982678036e+01
3.180000000000000000e+02	1.307601062431226868e+00	8.553485849767267268e+01
3.190000000000000000e+02	8.063450569349245312e-01	8.101474967692450946e+01
3.200000000000000000e+02	9.951529303940672699e-01	8.271733702728329263e+01
3.210000000000000000e+02	9.371994280988925619e-01	8.219473752913204123e+01
3.220000000000000000e+02	9.041126659811312694e-01	8.189637548726400951e+01
3.230000000000000000e+02	1.902072666535655099e+00	9.089554507685134865e+01
3.240000000000000000e+02	9.509699918055892764e-01	8.231891448820046264e+01
3.250000000000000000e+02	1.029133522337983386e+00	8.302375923808126856e+01
3.260000000000000000e+02	1.026666572340807271e+00	8.300151335509869455e+01
3.270000000000000000e+02	8.387219395357559115e-01	8.130671033380968993e+01
3.280000000000000000e+02	1.027038264871958706e+00	8.300486511681374679e+01
3.290000000000000000e+02	1.292334095711510145e+00	8.539718762654258910e+01
3.300000000000000000e+02	1.024202123196194858e+00	8.297929002371772356e+01
3.310000000000000000e+02	8.930113843532138107e-01	8.179626895396017972e+01
3.320000000000000000e+02	1.263220498020625193e+00	8.513465385481055137e+01
3.330000000000000000e+02	1.346572304914436913e+00	8.588628422618731406e+01
3.340000000000000000e+02	9.232650954218221129e-01	8.206908377265982324e+01
3.350000000000000000e+02	9.441112666552867738e-01	8.225706548547324815e+01
3.360000000000000000e+02	8.862033412824655842e-01	8.173487698020088033e+01
3.370000000000000000e+02	1.042696738191843941e+00	8.314606642432244143e+01
3.380000000000000000e+02	1.155368564999925240e+00	8.416209199333435720e+01
3.390000000000000000e+02	1.430246540382412501e+00	8.664082211832423752e+01
3.400000000000000000e+02	1.019394608361709142e+00	8.293593794419955145e+01
3.410000000000000000e+02	8.930717456276205946e-01	8.179681326570086242e+01
3.420000000000000000e+02	9.824688226273247116e-01	8.260295725572721892e+01
3.430000000000000000e+02	8.428847996170316659e-01	8.134424919691875289e+01
3.440000000000000000e+02	1.193399551322147811e+00	8.450503890040756971e+01
3.450000000000000000e+02	1.331243016255764022e+00	8.574805136289570839e+01
3.460000000000000000e+02	1.544872268727437437e+00	8.767446712226595196e+01
3.470000000000000000e+02	9.425195389937212065e-01	8.224271197715738424e+01
3.480000000000000000e+02	9.178244029692189665e-01	8.202002197254904559e+01
3.490000000000000000e+02	9.537257877371121406e-01	8.234376505829173709e+01
3.500000000000000000e+02	9.058237531839187229e-01	8.191180532805111625e+01
3.510000000000000000e+02	1.109199009890769361e+00	8.374575500981575260e+01
3.520000000000000000e+02	1.131141225084424828e+00	8.394362037074124316e+01
3.530000000000000000e+02	9.763820545983444843e-01	8.254806942684146520e+01
3.540000000000000000e+02	1.165297360214416766e+00	8.425162555370334871e+01
3.550000000000000000e+02	1.425689083617951880e+00	8.659972495381083490e+01
3.560000000000000000e+02	9.139111820497314298e-01	8.198473424691232481e+01
3.570000000000000000e+02	8.303032284561104870e-01	8.123079405591342095e+01
3.580000000000000000e+02	9.176236522599932055e-01	8.201821168989587818e+01
3.590000000000000000e+02	1.281111016042086215e+00	8.529598277143169582e+01
3.600000000000000000e+02	1.411639208277869262e+00	8.647302928381633080e+01
3.610000000000000000e+02	1.224124816025020213e+00	8.478210598485230776e+01
3.620000000000000000e+02	1.072058557901510056e+00	8.341083855434703764e+01
3.630000000000000000e+02	1.114621403535827948e+00	8.379465179923244023e+01
3.640000000000000000e+02	1.031386859313824900e+00	8.304407885166980918e+01
3.650000000000000000e+02	9.778698336512811062e-01	8.256148557177890268e+01
3.660000000000000000e+02	8.906392064194033065e-01	8.177487768425881143e+01
3.670000000000000000e+02	1.096376727191151090e+00	8.363012923676335220e+01
3.680000000000000000e+02	1.226516210484153824e+00	8.480367054082788059e+01
3.690000000000000000e+02	1.042489929856263320e+00	8.314420151662734781e+01
3.700000000000000000e+02	8.440620420178356342e-01	8.135486505728088957e+01
3.710000000000000000e+02	8.521852806632485011e-01	8.142811689317224477e+01
3.720000000000000000e+02	9.194411976623712013e-01	8.203460152446207587e+01
3.730000000000000000e+02	9.687421209925131116e-01	8.247917582576138784e+01
3.740000000000000000e+02	9.612364901682479701e-01	8.241149330879993329e+01
3.750000000000000000e+02	8.946385992234603401e-01	8.181094247050182844e+01
3.760000000000000000e+02	1.256039289235864942e+00	8.506989683481337750e+01
3.770000000000000000e+02	8.483737720721947762e-01	8.139374636511099936e+01
3.780000000000000000e+02	1.177680501654132961e+00	8.436329134171683108e+01
3.790000000000000000e+02	1.280473843963549463e+00	8.529023703053094607e+01
3.800000000000000000e+02	1.466344934115652254e+00	8.696634174529987149e+01
3.810000000000000000e+02	1.255855772648572177e+00	8.506824196198216725e+01
3.820000000000000000e+02	1.079795022121908143e+00	8.348060262655880592e+01
3.830000000000000000e+02	8.441677134805057880e-01	8.135581795660833393e+01
3.840000000000000000e+02	8.686246090587541602e-01	8.157635961240735867e+01
3.850000000000000000e+02	8.524166026089304848e-01	8.143020285395006397e+01
3.860000000000000000e+02	1.121417492092443347e+00	8.385593597237850361e+01
3.870000000000000000e+02	9.048939449564593618e-01	8.190342072153376307e+01
3.880000000000000000e+02	9.961439466261140518e-01	8.272627358098610273e+01
3.890000000000000000e+02	9.473160639346303036e-01	8.228596495459129301e+01
3.900000000000000000e+02	1.124820309331414414e+00	8.388662109943655310e+01
3.910000000000000000e+02	9.079114244184304239e-01	8.193063103997968710e+01
3.920000000000000000e+02	8.837222821170589437e-01	8.171250386687079015e+01
3.930000000000000000e+02	1.084256362566382581e+00	8.352083305586900508e+01
3.940000000000000000e+02	9.336101735650815803e-01	8.216237119157139546e+01
3.950000000000000000e+02	7.933452406285741443e-01	8.089752298295950084e+01
3.960000000000000000e+02	8.604520301765464785e-01	8.150266284770296465e+01
3.970000000000000000e+02	1.070235237478396773e+00	8.339439664315356993e+01
3.980000000000000000e+02	1.083317369844312594e+00	8.351236562757067361e+01
3.990000000000000000e+02	8.902686014075626986e-01	8.177153572932029135e+01
4.000000000000000000e+02	9.582697781688599425e-01	8.238474078926896027e+01
4.010000000000000000e+02	1.160962836731039838e+00	8.421253870463597480e+01
4.020000000000000000e+02	8.971008769663381122e-01	8.183314622112561665e+01
4.030000000000000000e+02	1.143633903895582726e+00	8.405627391916742397e+01
4.040000000000000000e+02	9.241167272818235912e-01	8.207676341866947212e+01
4.050000000000000000e+02	1.114545650011327993e+00	8.379396868686960431e+01
4.060000000000000000e+02	1.063436028474273876e+00	8.333308433116796721e+01
4.070000000000000000e+02	8.286615900694679349e-01	8.121599047436910723e+01
4.080000000000000000e+02	9.142172239947129464e-01	8.198749400017186417e+01
4.090000000000000000e+02	8.764503479650352924e-01	8.164692872493924369e+01
4.100000000000000000e+02	1.058461701209720163e+00	8.328822800964911721e+01
4.110000000000000000e+02	1.116251952808746228e+00	8.380935538396830964e+01
4.120000000000000000e+02	9.155755268389003110e-01	8.199974258492682111e+01
4.130000000000000000e+02	8.723856154168991850e-01	8.161027473327959569e+01
4.140000000000000000e+02	9.343984079168173862e-01	8.216947914640292083e+01
4.150000000000000000e+02	1.045476388177121407e+00	8.317113209990394296e+01
4.160000000000000000e+02	9.840105572058414074e-01	8.261685994814625644e+01
4.170000000000000000e+02	9.657761709397859606e-01	8.245243017713428912e+01
4.180000000000000000e+02	9.253234605748360542e-01	8.208764521508133782e+01
4.190000000000000000e+02	1.225454929426741391e+00	8.479410036946573825e+01
4.200000000000000000e+02	1.167044449763663394e+00	8.426738004800485271e+01
4.210000000000000000e+02	1.120143261838992377e+00	8.384444551771036913e+01
4.220000000000000000e+02	1.248175168942172730e+00	8.499898161560966514e+01
4.230000000000000000e+02	9.569630758848655105e-01	8.237295751594113824e+01
4.240000000000000000e+02	9.281110246091174298e-01	8.211278225611744119e+01
4.250000000000000000e+02	1.247102297002935067e+00	8.498930692271241583e+01
4.260000000000000000e+02	1.222519095136639589e+00	8.476762629169822105e+01
4.270000000000000000e+02	1.130631673595986708e+00	8.393902545686039218e+01
4.280000000000000000e+02	1.143392360145718989e+00	8.405409578260170633e+01
4.290000000000000000e+02	1.765950090121938043e+00	8.966805083916855779e+01
4.300000000000000000e+02	9.824000884771676434e-01	8.260233744103172171e+01
4.310000000000000000e+02	1.696310575175299817e+00	8.904007195745668923e+01
4.320000000000000000e+02	1.119848410152151530e+00	8.384178667333566182e+01
4.330000000000000000e+02	7.847359838462787396e-01	8.081988844672444827e+01
4.340000000000000000e+02	1.046123854714167134e+00	8.317697067175774350e+01
4.350000000000000000e+02	1.258345036928698590e+00	8.509068906547099687e+01
4.360000000000000000e+02	1.327116060633232397e+00	8.571083627059218202e+01
4.370000000000000000e+02	9.250713194032536002e-01	8.208537151557202094e+01
4.380000000000000000e+02	8.961889503474774754e-01	8.182492286318358765e+01
4.390000000000000000e+02	1.538320780938169818e+00	8.761538865254073016e+01
4.400000000000000000e+02	9.295986510767969557e-01	8.212619702510735920e+01
4.410000000000000000e+02	8.517855381809470439e-01	8.142451218918772327e+01
4.420000000000000000e+02	8.566487131179304493e-01	8.146836618732133672e+01
4.430000000000000000e+02	1.114932021614291946e+00	8.379745281807500135e+01
4.440000000000000000e+02	9.578449829224471301e-01	8.238091017034516028e+01
4.450000000000000000e+02	1.206644934493463106e+00	8.462448000964191408e+01
4.460000000000000000e+02	9.253235218159224784e-01	8.208764576732684759e+01
4.470000000000000000e+02	1.058910466659888527e+00	8.329227478145337216e+01
4.480000000000000000e+02	1.231575522733069139e+00	8.484929322000276386e+01
4.490000000000000000e+02	1.350997697043874179e+00	8.592619048921498859e+01
4.500000000000000000e+02	1.038474622739759434e+00	8.310799322203075690e+01
4.510000000000000000e+02	9.247035557372642600e-01	8.208205518265557998e+01
4.520000000000000000e+02	1.350062926275383823e+00	8.591776113265925119e+01
4.530000000000000000e+02	8.776668747596308995e-01	8.165789883489230760e+01
4.540000000000000000e+02	8.011740370861080152e-01	8.096811966715982578e+01
4.550000000000000000e+02	1.501394141592951481e+00	8.728240026657687167e+01
4.560000000000000000e+02	9.821539547505350187e-01	8.260011791405023018e+01
4.570000000000000000e+02	1.290989668284058922e+00	8.538506416426574219e+01
4.580000000000000000e+02	1.039590150693157522e+00	8.311805256832617772e+01
4.590000000000000000e+02	1.037226325733083598e+00	8.309673662211190504e+01
4.600000000000000000e+02	9.620601976945500899e-01	8.241892114530368474e+01
4.610000000000000000e+02	1.142776132232483199e+00	8.404853890708167796e+01
4.620000000000000000e+02	1.622335583493033528e+00	8.837299763066290836e+01
4.630000000000000000e+02	1.142341791069732437e+00	8.404462220723283394e+01
4.640000000000000000e+02	1.067238699974316862e+00	8.336737517018292465e+01
4.650000000000000000e+02	9.684532532842908825e-01	8.247657094230534369e+01
4.660000000000000000e+02	9.351556798584986785e-01	8.217630789567627403e+01
4.670000000000000000e+02	1.459654243641975935e+00	8.690600800626164357e+01
4.680000000000000000e+02	8.350896180623545995e-01	8.127395563730395622e+01
4.690000000000000000e+02	1.081756807214566685e+00	8.349829315196798518e+01
4.700000000000000000e+02	1.295731764446623080e+00	8.542782632663030995e+01
4.710000000000000000e+02	8.164038920470462202e-01	8.110545588057733823e+01
4.720000000000000000e+02	8.445686761771018514e-01	8.135943366395508747e+01
4.730000000000000000e+02	1.066832256741784057e+00	8.336371004174483801e+01
4.740000000000000000e+02	8.913800850856580249e-01	8.178155860609859928e+01
4.750000000000000000e+02	9.997095343483174412e-01	8.275842650152483770e+01
4.760000000000000000e+02	9.548018908492427181e-01	8.235346888850192215e+01
4.770000000000000000e+02	9.085473475076096816e-01	8.193636551803719215e+01
4.780000000000000000e+02	8.622149183499531189e-01	8.151855980713133931e+01
4.790000000000000000e+02	9.223993827779214394e-01	8.206127715226023156e+01
4.800000000000000000e+02	9.990753007617191317e-01	8.275270725866737109e+01
4.810000000000000000e+02	9.417070068789160642e-01	8.223538491565786046e+01
4.820000000000000000e+02	9.785623110560601745e-01	8.256773003207700867e+01
4.830000000000000000e+02	1.216790653553635693e+00	8.471596969498006047e+01
4.840000000000000000e+02	1.177916756357179295e+00	8.436542178395687586e+01
4.850000000000000000e+02	8.827392882692071119e-01	8.170363965554226127e+01
4.860000000000000000e+02	8.602263201037557705e-01	8.150062749235605963e+01
4.870000000000000000e+02	1.230810954099904819e+00	8.484239867233662835e+01
4.880000000000000000e+02	8.157284076490726177e-01	8.109936465582974563e+01
4.890000000000000000e+02	9.407606006566212598e-01	8.222685063563628205e+01
4.900000000000000000e+02	1.094823736642736911e+00	8.361612504289942649e+01
4.910000000000000000e+02	1.013741574045159410e+00	8.288496133743963412e+01
4.920000000000000000e+02	8.716649872761597084e-01	8.160377642187839342e+01
4.930000000000000000e+02	9.884635226049718337e-01	8.265701485493717371e+01
4.940000000000000000e+02	1.269352099369042808e+00	8.518994597108725486e+01
4.950000000000000000e+02	1.127940753628993598e+00	8.391475991002332080e+01
4.960000000000000000e+02	1.280220918994556811e+00	8.528795626307719147e+01
4.970000000000000000e+02	1.564193417390796981e+00	8.784869684428946357e+01
4.980000000000000000e+02	1.214933909925904665e+00	8.469922638785247671e+01
4.990000000000000000e+02	9.459502528741411398e-01	8.227364866400463939e+01
5.000000000000000000e+02	1.135390675589021292e+00	8.398194006865716688e+01
5.010000000000000000e+02	1.128766083413400345e+00	8.392220237534567673e+01
5.020000000000000000e+02	1.274362833101138293e+00	8.523513059030879901e+01
5.030000000000000000e+02	9.810473576528530026e-01	8.259013910233046829e+01
5.040000000000000000e+02	8.236342855937005547e-01	8.117065642738246822e+01
5.050000000000000000e+02	9.931772042494561026e-01	8.269952078752612579e+01
5.060000000000000000e+02	1.034882960842291588e+00	8.307560517591086580e+01
5.070000000000000000e+02	8.150882410306562464e-01	8.109359191146972989e+01
5.080000000000000000e+02	1.231666349978359776e+00	8.485011226062891865e+01
5.090000000000000000e+02	1.015191744589920120e+00	8.289803834519433678e+01
5.100000000000000000e+02	9.069824327084006210e-01	8.192225379646167482e+01
5.110000000000000000e+02	1.690848588586596701e+00	8.899081813608060543e+01
5.120000000000000000e+02	9.639351070383145315e-01	8.243582826296398025e+01
5.130000000000000000e+02	1.041767097767720696e+00	8.313768333098265373e+01
5.140000000000000000e+02	8.897038779766016647e-01	8.176644329883849593e+01
5.150000000000000000e+02	8.439980199102552483e-01	8.135428773373757849e+01
5.160000000000000000e+02	1.012960840206162505e+00	8.287792101897240116e+01
5.170000000000000000e+02	1.135272360612568754e+00	8.398087315561707555e+01
5.180000000000000000e+02	9.805842485227090899e-01	8.258596298545370473e+01
5.190000000000000000e+02	1.653438889394921674e+00	8.865347372635048373e+01
5.200000000000000000e+02	1.472427241910529538e+00	8.702118935373283648e+01
5.210000000000000000e+02	1.498086456745005624e+00	8.725257300207826461e+01
5.220000000000000000e+02	8.311062460253081374e-01	8.123803531937549849e+01
5.230000000000000000e+02	1.296205018042596357e+00	8.543209392189132245e+01
5.240000000000000000e+02	9.410114830926520346e-01	8.222911298441542272e+01
5.250000000000000000e+02	9.278403123618205184e-01	8.211034109071798071e+01
5.260000000000000000e+02	1.237142844943083686e+00	8.489949691223488060e+01
5.270000000000000000e+02	1.204861784937178326e+00	8.460840034186796288e+01
5.280000000000000000e+02	1.746836639937542568e+00	8.949569405176632131e+01
5.290000000000000000e+02	1.211528887208862315e+00	8.466852137275162704e+01
5.300000000000000000e+02	1.030856648913949680e+00	8.303929764470359487e+01
5.310000000000000000e+02	1.167843425869192320e+00	8.427458486730391485e+01
5.320000000000000000e+02	1.143452353948716027e+00	8.405463678064491262e+01
5.330000000000000000e+02	9.166823729139704779e-01	8.200972364181646412e+01
5.340000000000000000e+02	9.602018755132392114e-01	8.240216360346592239e+01
5.350000000000000000e+02	1.086574464958123709e+00	8.354173669583224182e+01
5.360000000000000000e+02	1.217340583851828306e+00	8.472092872741937697e+01
5.370000000000000000e+02	1.021974285074002786e+00	8.295920034771005191e+01
5.380000000000000000e+02	1.020014401483130051e+00	8.294152696921761958e+01
5.390000000000000000e+02	8.895993602123402066e-01	8.176550080306192569e+01
5.400000000000000000e+02	9.223321256518050015e-01	8.206067065672564809e+01
5.410000000000000000e+02	1.262966511590418506e+00	8.513236351556086845e+01
5.420000000000000000e+02	1.128104355872511899e+00	8.391623520395678781e+01
5.430000000000000000e+02	8.940676755225855921e-01	8.180579412868048905e+01
5.440000000000000000e+02	1.307716459622203953e+00	8.553589909939137215e+01
5.450000000000000000e+02	9.555829366601596986e-01	8.236051202019635298e+01
5.460000000000000000e+02	9.546193197514932782e-01	8.235182254168452687e+01
5.470000000000000000e+02	9.159758913549963522e-01	8.200335289814178452e+01
5.480000000000000000e+02	8.631256155020262666e-01	8.152677207827618133e+01
5.490000000000000000e+02	1.122507318709630386e+00	8.386576355519331116e+01
5.500000000000000000e+02	8.901000820803547375e-01	8.177001609526298864e+01
5.510000000000000000e+02	1.165882367603863656e+00	8.425690089610772304e+01
5.520000000000000000e+02	8.842303135528801761e-01	8.171708507357773499e+01
5.530000000000000000e+02	1.085811086859617802e+00	8.353485288389026664e+01
5.540000000000000000e+02	9.327342643960899737e-01	8.215447262333975686e+01
5.550000000000000000e+02	1.400699012956781342e+00	8.637437535682228429e+01
5.560000000000000000e+02	1.467832796894714686e+00	8.697975864524313749e+01
5.570000000000000000e+02	1.029649330725177947e+00	8.302841057395596636e+01
5.580000000000000000e+02	1.118194009860435933e+00	8.382686801047748304e+01
5.590000000000000000e+02	1.535076390123574885e+00	8.758613214612843478e+01
5.600000000000000000e+02	1.766888087492183512e+00	8.967650929181668573e+01
5.610000000000000000e+02	1.112317760760653584e+00	8.377387854980750603e+01
5.620000000000000000e+02	1.437362956403174241e+00	8.670499486533344680e+01
5.630000000000000000e+02	9.063814853872526056e-01	8.191683471468041944e+01
5.640000000000000000e+02	1.337257774179047232e+00	8.580228983594258807e+01
5.650000000000000000e+02	8.975108171681630553e-01	8.183684288371306081e+01
5.660000000000000000e+02	8.406317815617526668e-01	8.132393245921724656e+01
5.670000000000000000e+02	1.024546526866944696e+00	8.298239570634892459e+01
5.680000000000000000e+02	1.254670154196642073e+00	8.505755057003105435e+01
5.690000000000000000e+02	9.293360118466245101e-01	8.212382865866793225e+01
5.700000000000000000e+02	8.469867907514914140e-01	8.138123917031795429e+01
5.710000000000000000e+02	8.967300798266573114e-01	8.182980253366172008e+01
5.720000000000000000e+02	9.563029236216472606e-01	8.236700454972171315e+01
5.730000000000000000e+02	9.008970329807356459e-01	8.186737830632253576e+01
5.740000000000000000e+02	9.609205665948467034e-01	8.240864444730968330e+01
5.750000000000000000e+02	1.007468581874138458e+00	8.282839422017060826e+01
5.760000000000000000e+02	8.499159537498086614e-01	8.140765308927538513e+01
5.770000000000000000e+02	1.062800842095600995e+00	8.332735649644564546e+01
5.780000000000000000e+02	1.398241555834392358e+00	8.635221507645911743e+01
5.790000000000000000e+02	1.037202646036196274e+00	8.309652308889614858e+01
5.800000000000000000e+02	1.253152686363047330e+00	8.504386670457184039e+01
5.810000000000000000e+02	8.086029847434633711e-01	8.103511068864722233e+01
5.820000000000000000e+02	9.934347171402059251e-01	8.270184292686445815e+01
5.830000000000000000e+02	1.008604521688660327e+00	8.283863763175901340e+01
5.840000000000000000e+02	1.070267932682194001e+00	8.339469147429267082e+01
5.850000000000000000e+02	8.898999201803375891e-01	8.176821112223538535e+01
5.860000000000000000e+02	1.009923402237511869e+00	8.285053072338686775e+01
5.870000000000000000e+02	1.281231215137912827e+00	8.529706667464149916e+01
5.880000000000000000e+02	1.029529435066581788e+00	8.302732940701123709e+01
5.890000000000000000e+02	1.343490840521624818e+00	8.585849691944176243e+01
5.900000000000000000e+02	1.331439319222101680e+00	8.574982153773642324e+01
5.910000000000000000e+02	1.146687690248092029e+00	8.408381163737388420e+01
5.920000000000000000e+02	8.982907526578914892e-01	8.184387600301353416e+01
5.930000000000000000e+02	9.477197260027302450e-01	8.228960500369716158e+01
5.940000000000000000e+02	1.074447899231618653e+00	8.343238459609732161e+01
5.950000000000000000e+02	1.142610742899276666e+00	8.404704749795004659e+01
5.960000000000000000e+02	9.038796133146077549e-01	8.189427391959777935e+01
5.970000000000000000e+02	1.120333773248521680e+00	8.384616346680867593e+01
5.980000000000000000e+02	1.214825934392641749e+00	8.469825271141772305e+01
5.990000000000000000e+02	8.884222084496188332e-01	8.175488576003462526e+01
6.000000000000000000e+02	9.901310973672907689e-01	8.267205231944585364e+01
6.010000000000000000e+02	1.249495230907851973e+00	8.501088536074105662e+01
6.020000000000000000e+02	9.720313373358014930e-01	8.250883654931108424e+01
6.030000000000000000e+02	1.561025260687523897e+00	8.782012778396310182e+01
6.040000000000000000e+02	8.240828457178660527e-01	8.117470134764604950e+01
6.050000000000000000e+02	7.097791986892392213e-01	8.014396073304489221e+01
6.060000000000000000e+02	9.370886316573302510e-01	8.219373841497215949e+01
6.070000000000000000e+02	9.360061520184923545e-01	8.218397708401523971e+01
6.080000000000000000e+02	1.090825380452074889e+00	8.358006960438549982e+01
6.090000000000000000e+02	1.353660582760490616e+00	8.595020323536533624e+01
6.100000000000000000e+02	1.502712444398809133e+00	8.729428814836947481e+01
6.110000000000000000e+02	8.850017543955511767e-01	8.172404159184266348e+01
6.120000000000000000e+02	9.643969596774469855e-01	8.243999304935084638e+01
6.130000000000000000e+02	1.015170385728969116e+00	8.289784574026845121e+01
6.140000000000000000e+02	9.085289616047188543e-01	8.193619972195510570e+01
6.150000000000000000e+02	9.041888313540199507e-01	8.189706231349661891e+01
6.160000000000000000e+02	9.922958363637305323e-01	8.269157299495923041e+01
6.170000000000000000e+02	1.098621719851629486e+00	8.365037360494223151e+01
6.180000000000000000e+02	1.349949544378403754e+00	8.591673870398601309e+01
6.190000000000000000e+02	8.917696664410589280e-01	8.178507168145657147e+01
6.200000000000000000e+02	1.011632545193659638e+00	8.286594303180270060e+01
6.210000000000000000e+02	1.152895432757100380e+00	8.413979036154721314e+01
6.220000000000000000e+02	9.406770878378448719e-01	8.222609755332972270e+01
6.230000000000000000e+02	9.840627342693117896e-01	8.261733045822941790e+01
6.240000000000000000e+02	9.721198341980027413e-01	8.250963457555528180e+01
6.250000000000000000e+02	1.040487168004045060e+00	8.312614148060822572e+01
6.260000000000000000e+02	1.071453268210564191e+00	8.340538031496207338e+01
6.270000000000000000e+02	9.389624657975653710e-01	8.221063583691429244e+01
6.280000000000000000e+02	1.015752247751271709e+00	8.290309271911884537e+01
6.290000000000000000e+02	1.029392519432036579e+00	8.302609476131996757e+01
6.300000000000000000e+02	1.003436094713787696e+00	8.279203100340473043e+01
6.310000000000000000e+02	1.302636857814474691e+00	8.549009345779258240e+01
6.320000000000000000e+02	1.000784688776165332e+00	8.276812177691245154e+01
6.330000000000000000e+02	1.386333192734600761e+00	8.624483063318497500e+01
6.340000000000000000e+02	1.312546122147938643e+00	8.557945089716423581e+01
6.350000000000000000e+02	1.196916116828006471e+00	8.453674975990347207e+01
6.360000000000000000e+02	9.129116599743339888e-01	8.197572099121065037e+01
6.370000000000000000e+02	9.289961093948261306e-01	8.212076356607309435e+01
6.380000000000000000e+02	1.171638913679201366e+00	8.430881092692403911e+01
6.390000000000000000e+02	1.593174455375503396e+00	8.811003525019924609e+01
6.400000000000000000e+02	1.141484573740997543e+00	8.403689219389347898e+01
6.410000000000000000e+02	1.320886173629963967e+00	8.565465785699322510e+01
6.420000000000000000e+02	8.696630149209634286e-01	8.158572350520030625e+01
6.430000000000000000e+02	9.573213188676462648e-01	8.237618799547392712e+01
6.440000000000000000e+02	9.141745684866210420e-01	8.198710935133719602e+01
6.450000000000000000e+02	8.257279366454787217e-01	8.118953606270441981e+01
6.460000000000000000e+02	9.312685230405707282e-01	8.214125520478043541e+01
6.470000000000000000e+02	8.273779144090874782e-01	8.120441484512608099e+01
6.480000000000000000e+02	8.409069417687303760e-01	8.132641373438410426e+01
6.490000000000000000e+02	9.107654286241448904e-01	8.195636720960807509e+01
6.500000000000000000e+02	9.916316971482201925e-01	8.268558407613669203e+01
6.510000000000000000e+02	1.151268799318740932e+00	8.412512208810564118e+01
6.520000000000000000e+02	1.013533409664364449e+00	8.288308420151811617e+01
6.530000000000000000e+02	9.564982583972893027e-01	8.236876599383947450e+01
6.540000000000000000e+02	9.946122842532755248e-01	8.271246171534068026e+01
6.550000000000000000e+02	1.146971781453281825e+00	8.408637344840137473e+01
6.560000000000000000e+02	9.735145398785832738e-01	8.252221142526882147e+01
6.570000000000000000e+02	9.071972423256272622e-01	8.192419085623743058e+01
6.580000000000000000e+02	1.007278017036389528e+00	8.282667578927983243e+01
6.590000000000000000e+02	1.399760040711913955e+00	8.636590811317847738e+01
6.600000000000000000e+02	9.533215589530047440e-01	8.234011989878719362e+01
6.610000000000000000e+02	8.524763390369054505e-01	8.143074153109716917e+01
6.620000000000000000e+02	1.204036156506124167e+00	8.460095518347993959e+01
6.630000000000000000e+02	1.018637052858340830e+00	8.292910663789012915e+01
6.640000000000000000e+02	8.997425447419770128e-01	8.185696763310517099e+01
6.650000000000000000e+02	1.039128614331550793e+00	8.311389063399258248e+01
6.660000000000000000e+02	9.159086886596231603e-01	8.200274689343999057e+01
6.670000000000000000e+02	1.307733184782410518e+00	8.553604991961765336e+01
6.680000000000000000e+02	9.718266927210149619e-01	8.250699115310979437e+01
6.690000000000000000e+02	8.591482826885886714e-01	8.149090621944169754e+01
6.700000000000000000e+02	1.371264693596004225e+00	8.610894945645100051e+01
6.710000000000000000e+02	1.216874817725122071e+00	8.471672865090229720e+01
6.720000000000000000e+02	9.424709651101422780e-01	8.224227395898459747e+01
6.730000000000000000e+02	1.061420427873506434e+00	8.331490852089390842e+01
6.740000000000000000e+02	1.384566858565574154e+00	8.622890259926566614e+01
6.750000000000000000e+02	1.228073986106983373e+00	8.481771788441336923e+01
6.760000000000000000e+02	8.618452158442243549e-01	8.151522599060072594e+01
6.770000000000000000e+02	9.038855613352897445e-01	8.189432755626339144e+01
6.780000000000000000e+02	1.221966457802222461e+00	8.476264284838266860e+01
6.790000000000000000e+02	1.412513082172807799e+00	8.648090949883105338e+01
6.800000000000000000e+02	1.035974245494890145e+00	8.308544590665536589e+01
6.810000000000000000e+02	1.398908166993558577e+00	8.635822628619528984e+01
6.820000000000000000e+02	1.075763350708542454e+00	8.344424676584473843e+01
6.830000000000000000e+02	8.455519475150653497e-01	8.136830037756885758e+01
6.840000000000000000e+02	1.196985363160891991e+00	8.453737419324022540e+01
6.850000000000000000e+02	1.010918986332982161e+00	8.285950846809691939e+01
6.860000000000000000e+02	9.557932039402055047e-01	8.236240811914943549e+01
6.870000000000000000e+02	9.101035279483303819e-01	8.195039847696367019e+01
6.880000000000000000e+02	8.135250495834330797e-01	8.107949573033347690e+01
6.890000000000000000e+02	8.519797385806099355e-01	8.142626340399588969e+01
6.900000000000000000e+02	1.042049958481674921e+00	8.314023404597493538e+01
6.910000000000000000e+02	8.575126632547728223e-01	8.147615691419824202e+01
6.920000000000000000e+02	9.575814577620970214e-01	8.237853381497241401e+01
6.930000000000000000e+02	1.654765945632513890e+00	8.866544054278639919e+01
6.940000000000000000e+02	8.632980840625027463e-01	8.152832732480283084e+01
6.950000000000000000e+02	1.144056467573293823e+00	8.406008441477446524e+01
6.960000000000000000e+02	7.979817068433789906e-01	8.093933262036003384e+01
6.970000000000000000e+02	1.155156456198827009e+00	8.416017928834470752e+01
6.980000000000000000e+02	1.921962902526615835e+00	9.107490658108008574e+01
6.990000000000000000e+02	1.010490960561015061e+00	8.285564871769760487e+01
7.000000000000000000e+02	9.224559325797673237e-01	8.206178709379774716e+01
7.010000000000000000e+02	9.270867321469690170e-01	8.210354563183281584e+01
7.020000000000000000e+02	9.345938562324909160e-01	8.217124161437536145e+01
7.030000000000000000e+02	1.233347247582362805e+00	8.486526986473404577e+01
7.040000000000000000e+02	9.299246571225955327e-01	8.212913680595201527e+01
7.050000000000000000e+02	9.314969463578747222e-01	8.214331502698723853e+01
7.060000000000000000e+02	1.017677442053557035e+00	8.292045328468213938e+01
7.070000000000000000e+02	1.176321167115373711e+00	8.435103345358857041e+01
7.080000000000000000e+02	9.194047325650803737e-01	8.203427269806178401e+01
7.090000000000000000e+02	1.278396833403810717e+00	8.527150745193453929e+01
7.100000000000000000e+02	8.223076653499565847e-01	8.115869354254961365e+01
7.110000000000000000e+02	1.373704790312649582e+00	8.613095318821970636e+01
7.120000000000000000e+02	1.107581093127891325e+00	8.373116533956556395e+01
7.130000000000000000e+02	9.472944977360580054e-01	8.228577047998484773e+01
7.140000000000000000e+02	1.035882716742450471e+00	8.308462054014260900e+01
7.150000000000000000e+02	1.170496908973659433e+00	8.429851282478411179e+01
7.160000000000000000e+02	7.935999325348098710e-01	8.089981968388542555e+01
7.170000000000000000e+02	8.947028986900996683e-01	8.181152229514859187e+01
7.180000000000000000e+02	9.779613009281890035e-01	8.256231038393202937e+01
7.190000000000000000e+02	1.354731554240666380e+00	8.595986079074867803e+01
7.200000000000000000e+02	9.603867213908261480e-01	8.240383046325932526e+01
7.210000000000000000e+02	8.443206853948285184e-01	8.135719739085286051e+01
7.220000000000000000e+02	1.079363660578817274e+00	8.347671279562516133e+01
7.230000000000000000e+02	1.010167560764914096e+00	8.285273243888008210e+01
7.240000000000000000e+02	1.033337191383490339e+00	8.306166609869491424e+01
7.250000000000000000e+02	8.438805276391713184e-01	8.135322823949697124e+01
7.260000000000000000e+02	9.416481234758365959e-01	8.223485393071855754e+01
7.270000000000000000e+02	9.625382703775521298e-01	8.242323219699724746e+01
7.280000000000000000e+02	9.102124774958172404e-01	8.195138093663540246e+01
7.290000000000000000e+02	9.541574333337989877e-01	8.234765745069726961e+01
7.300000000000000000e+02	1.509932183342886702e+00	8.735939261659886768e+01
7.310000000000000000e+02	1.055624913879964488e+00	8.326264709432598465e+01
7.320000000000000000e+02	1.101701217305689484e+00	8.367814317468889840e+01
7.330000000000000000e+02	1.146191915955965257e+00	8.407934096026205850e+01
7.340000000000000000e+02	9.367197729089994374e-01	8.219041220707907769e+01
7.350000000000000000e+02	9.936608004876333888e-01	8.270388164823981469e+01
7.360000000000000000e+02	1.126008331094477732e+00	8.389733416340303052e+01
7.370000000000000000e+02	1.219228383362150669e+00	8.473795208299985404e+01
7.380000000000000000e+02	8.721196075671409087e-01	8.160787599009267979e+01
7.390000000000000000e+02	1.321469776691265974e+00	8.565992053577667775e+01
7.400000000000000000e+02	8.168828618154742038e-01	8.110977502179740384e+01
7.410000000000000000e+02	1.071070301177441841e+00	8.340192688468793847e+01
7.420000000000000000e+02	1.267564992256571266e+00	8.517383061579148773e+01
7.430000000000000000e+02	8.999504209938684607e-01	8.185884217080545966e+01
7.440000000000000000e+02	9.737570796531421768e-01	8.252439854355237969e+01
7.450000000000000000e+02	8.593897643667968156e-01	8.149308379627218812e+01
7.460000000000000000e+02	9.367107800978401455e-01	8.219033111381615697e+01
7.470000000000000000e+02	1.051521156546231239e+00	8.322564119410928640e+01
7.480000000000000000e+02	9.591385263086616986e-01	8.239257478245143318e+01
7.490000000000000000e+02	9.781332555396505812e-01	8.256386099588982574e+01
7.500000000000000000e+02	9.929213335142078600e-01	8.269721345643246480e+01
7.510000000000000000e+02	1.018851042774996607e+00	8.293103630596237963e+01
7.520000000000000000e+02	9.408013476812208120e-01	8.222721807459619470e+01
7.530000000000000000e+02	9.232945668376691950e-01	8.206934953308018521e+01
7.540000000000000000e+02	7.947077579032060246e-01	8.090980957161669096e+01
7.550000000000000000e+02	8.118846777027309836e-01	8.106470356958934076e+01
7.560000000000000000e+02	1.195688790509702670e+00	8.452568226453888656e+01
7.570000000000000000e+02	1.026343870021233062e+00	8.299860336582138132e+01
7.580000000000000000e+02	1.131329366984111129e+00	8.394531695262953974e+01
7.590000000000000000e+02	1.213641899866367613e+00	8.468757560261983031e+01
7.600000000000000000e+02	8.625478507446591170e-01	8.152156204678038875e+01
7.610000000000000000e+02	1.252716892011096039e+00	8.503993690049431109e+01
7.620000000000000000e+02	1.296196340763444255e+00	8.543201567395891516e+01
7.630000000000000000e+02	8.927416273755625076e-01	8.179383640276724066e+01
7.640000000000000000e+02	8.491082423969275039e-01	8.140036949931187849e+01
7.650000000000000000e+02	9.745236110811545949e-01	8.253131079084947430e+01
7.660000000000000000e+02	1.706721942530919467e+00	8.913395714367723599e+01
7.670000000000000000e+02	8.063307310494718383e-01	8.101462049231527374e+01
7.680000000000000000e+02	1.036416308325167623e+00	8.308943223714628346e+01
7.690000000000000000e+02	9.587424093328121844e-01	8.238900277170850472e+01
7.700000000000000000e+02	1.213597921984968409e+00	8.468717902919736673e+01
7.710000000000000000e+02	1.040801340077852188e+00	8.312897454783629314e+01
7.720000000000000000e+02	1.083171876112258403e+00	8.351105362832396395e+01
7.730000000000000000e+02	9.226796284343222743e-01	8.206380428579994657e+01
7.740000000000000000e+02	1.207488119298264273e+00	8.463208348377870038e+01
7.750000000000000000e+02	9.826048066641086542e-01	8.260418350067473625e+01
7.760000000000000000e+02	1.238811833255640815e+00	8.491454712352530976e+01
7.770000000000000000e+02	9.531698594029925919e-01	8.233875193817107174e+01
7.780000000000000000e+02	7.905949168782504533e-01	8.087272175862015899e+01
7.790000000000000000e+02	9.386605188560582791e-01	8.220791301061646550e+01
7.800000000000000000e+02	9.238871080937670621e-01	8.207469281261994354e+01
7.810000000000000000e+02	1.172949976392636318e+00	8.432063352070959183e+01
7.820000000000000000e+02	8.150642800775872443e-01	8.109337584200795845e+01
7.830000000000000000e+02	8.983022522524896081e-01	8.184397970136009803e+01
7.840000000000000000e+02	1.476083049532970648e+00	8.705415583812397529e+01
7.850000000000000000e+02	9.515925147620342139e-01	8.232452812968443823e+01
7.860000000000000000e+02	1.074859457396512230e+00	8.343609584877258101e+01
7.870000000000000000e+02	8.648423239878034741e-01	8.154225260935038477e+01
7.880000000000000000e+02	9.579020578200608815e-01	8.238142484696813028e+01
7.890000000000000000e+02	9.724685164447945951e-01	8.251277884052582579e+01
7.900000000000000000e+02	1.238472897754031132e+00	8.491149075046703842e+01
7.910000000000000000e+02	9.094146301405665600e-01	8.194418629591581293e+01
7.920000000000000000e+02	1.127740901619407543e+00	8.391295773145296266e+01
7.930000000000000000e+02	9.568122066601207898e-01	8.237159704283743622e+01
7.940000000000000000e+02	1.035082812171121969e+00	8.307740734834246155e+01
7.950000000000000000e+02	8.586023872081780528e-01	8.148598357123567837e+01
7.960000000000000000e+02	1.052997218555093539e+00	8.323895167983528154e+01
7.970000000000000000e+02	1.007215061564521452e+00	8.282610808419383375e+01
7.980000000000000000e+02	1.229736488256310878e+00	8.483270960630257207e+01
7.990000000000000000e+02	1.316298022462508932e+00	8.561328390369283170e+01
8.000000000000000000e+02	8.435885057110595886e-01	8.135059491265671738e+01
8.010000000000000000e+02	8.533684904133359561e-01	8.143878656449692244e+01
8.020000000000000000e+02	1.485243533061346266e+00	8.713676109760197619e+01
8.030000000000000000e+02	1.416188207819621514e+00	8.651405018477070996e+01
8.040000000000000000e+02	1.255718616970532331e+00	8.506700515168299148e+01
8.050000000000000000e+02	1.022181339041628334e+00	8.296106747040818163e+01
8.060000000000000000e+02	9.509924401606671962e-01	8.231911691771090034e+01
8.070000000000000000e+02	1.011053463845423828e+00	8.286072112786261812e+01
8.080000000000000000e+02	1.125862680798895177e+00	8.389602075233446499e+01
8.090000000000000000e+02	1.119597682189196419e+00	8.383952571752757876e+01
8.100000000000000000e+02	1.027240906995904979e+00	8.300669245542289332e+01
8.110000000000000000e+02	1.179819317392020395e+00	8.438257825255035982e+01
8.120000000000000000e+02	1.087070164636114722e+00	8.354620670010622518e+01
8.130000000000000000e+02	1.366771187109398600e+00	8.606842896775165741e+01
8.140000000000000000e+02	9.533616379800734508e-01	8.234048131403567083e+01
8.150000000000000000e+02	1.240558655208614525e+00	8.493029920475991901e+01
8.160000000000000000e+02	1.494800938986720062e+00	8.722294563076079044e+01
8.170000000000000000e+02	1.451754636265728760e+00	8.683477277996951216e+01
8.180000000000000000e+02	1.276846075080105614e+00	8.525752338730295321e+01
8.190000000000000000e+02	1.015713698832654277e+00	8.290274510172341138e+01
8.200000000000000000e+02	7.937093545906827030e-01	8.090080640443242999e+01
8.210000000000000000e+02	9.313672911859369741e-01	8.214214585299249904e+01
8.220000000000000000e+02	8.494665163607424407e-01	8.140360025821816237e+01
8.230000000000000000e+02	7.530687460475190553e-01	8.053432705826550375e+01
8.240000000000000000e+02	9.859200428609579125e-01	8.263407885995607671e+01
8.250000000000000000e+02	1.281506825795079241e+00	8.529955201177240554e+01
8.260000000000000000e+02	9.277515411916065213e-01	8.210954059088334134e+01
8.270000000000000000e+02	1.185193861309360219e+00	8.443104355391710669e+01
8.280000000000000000e+02	1.103308262848251342e+00	8.369263481299871898e+01
8.290000000000000000e+02	1.123664925036410356e+00	8.387620234597338253e+01
8.300000000000000000e+02	1.293109144698522783e+00	8.540417668148516839e+01
8.310000000000000000e+02	1.057725732410273345e+00	8.328159136285447062e+01
8.320000000000000000e+02	9.397827289895771541e-01	8.221803261390826378e+01
8.330000000000000000e+02	1.008842972094761592e+00	8.284078787389499610e+01
8.340000000000000000e+02	1.009595658890658942e+00	8.284757527631629159e+01
8.350000000000000000e+02	9.683341543784215188e-01	8.247549696013044240e+01
8.360000000000000000e+02	9.486175916401361485e-01	8.229770156581908225e+01
8.370000000000000000e+02	1.096289505453858393e+00	8.362934270904143830e+01
8.380000000000000000e+02	8.640243135745435676e-01	8.153487614693617047e+01
8.390000000000000000e+02	9.514576970658332744e-01	8.232331240228943159e+01
8.400000000000000000e+02	1.060037552802213678e+00	8.330243835447355139e+01
8.410000000000000000e+02	1.221593865623415098e+00	8.475928297403602585e+01
8.420000000000000000e+02	8.492884913027028970e-01	8.140199490561124662e+01
8.430000000000000000e+02	8.953415981296768411e-01	8.181728180912745074e+01
8.440000000000000000e+02	1.201160888309215746e+00	8.457502726441990148e+01
8.450000000000000000e+02	1.032927777673238179e+00	8.305797418377966324e+01
8.460000000000000000e+02	8.545414789023951796e-01	8.144936406493161485e+01
8.470000000000000000e+02	9.211653398930030878e-01	8.205014908981681288e+01
8.480000000000000000e+02	8.670575668344572273e-01	8.156222870663692959e+01
8.490000000000000000e+02	1.181745133283895743e+00	8.439994442333845370e+01
8.500000000000000000e+02	8.555896603610101403e-01	8.145881610980465837e+01
8.510000000000000000e+02	1.093781814585745416e+00	8.360672944259000872e+01
8.520000000000000000e+02	1.064797592641196555e+00	8.334536232511405274e+01
8.530000000000000000e+02	1.064836215132150876e+00	8.334571060595284564e+01
8.540000000000000000e+02	8.137389662309636451e-01	8.108142473769659375e+01
8.550000000000000000e+02	1.262997393521120504e+00	8.513264199539121080e+01
8.560000000000000000e+02	1.108203057596238938e+00	8.373677394484657555e+01
8.570000000000000000e+02	1.504368859707923001e+00	8.730922498177885416e+01
8.580000000000000000e+02	8.139403078503101296e-01	8.108324034892042675e+01
8.590000000000000000e+02	1.022413050944120272e+00	8.296315694764703608e+01
8.600000000000000000e+02	1.308179954767151987e+00	8.554007869718188317e+01
8.610000000000000000e+02	1.093649659777526040e+00	8.360553772796157546e+01
8.620000000000000000e+02	1.169472209325176593e+00	8.428927252867006814e+01
8.630000000000000000e+02	8.733396788582750148e-01	8.161887806277515267e+01
8.640000000000000000e+02	9.480236866033684429e-01	8.229234598829792446e+01
8.650000000000000000e+02	9.404999718249617002e-01	8.222450039809696420e+01
8.660000000000000000e+02	8.757874598613059058e-01	8.164095108809902968e+01
8.670000000000000000e+02	7.997942385806935395e-01	8.095567724387353792e+01
8.680000000000000000e+02	8.824667232614819001e-01	8.170118178275443199e+01
8.690000000000000000e+02	1.102143168177687205e+00	8.368212849558869948e+01
8.700000000000000000e+02	1.182108475317909857e+00	8.440322088389929434e+01
8.710000000000000000e+02	1.068041323334674608e+00	8.337461287884099193e+01
8.720000000000000000e+02	1.121457071662151250e+00	8.385629288373756651e+01
8.730000000000000000e+02	1.069528631630660698e+00	8.338802477869684537e+01
8.740000000000000000e+02	1.319683563780367219e+00	8.564381324400210360e+01
8.750000000000000000e+02	1.238612037511128472e+00	8.491274545232892024e+01
8.760000000000000000e+02	1.165847410334953871e+00	8.425658566664850468e+01
8.770000000000000000e+02	1.379857670971313066e+00	8.618643719206859544e+01
8.780000000000000000e+02	9.170447273579044323e-01	8.201299119671915605e+01
8.790000000000000000e+02	8.135513529005645728e-01	8.107973292221642225e+01
8.800000000000000000e+02	1.621755147287624599e+00	8.836776350920963807e+01
8.810000000000000000e+02	8.825749613287950934e-01	8.170215782660714865e+01
8.820000000000000000e+02	1.375119575191669163e+00	8.614371110341870974e+01
8.830000000000000000e+02	1.028479613912303137e+00	8.301786257607528796e+01
8.840000000000000000e+02	1.064911901477593847e+00	8.334639311252412597e+01
8.850000000000000000e+02	1.203478412363720773e+00	8.459592568918928635e+01
8.860000000000000000e+02	1.475394069447299561e+00	8.704794291512970972e+01
8.870000000000000000e+02	1.026843828654251833e+00	8.300311177550094044e+01
8.880000000000000000e+02	9.205641025073444395e-01	8.204472739235986012e+01
8.890000000000000000e+02	8.328551700827251381e-01	8.125380635647442773e+01
8.900000000000000000e+02	1.748930737104863020e+00	8.951457770996437091e+01
8.910000000000000000e+02	9.992264445624990943e-01	8.275407020777842604e+01
8.920000000000000000e+02	1.312603722774167814e+00	8.557997031457938419e+01
8.930000000000000000e+02	1.103538908481933589e+00	8.369471467508884643e+01
8.940000000000000000e+02	1.554674684611792923e+00	8.776286104875795502e+01
8.950000000000000000e+02	1.040376509610339006e+00	8.312514361130391194e+01
8.960000000000000000e+02	1.011030312405869491e+00	8.286051235824191963e+01
8.970000000000000000e+02	8.070690726471881904e-01	8.102127853597353635e+01
8.980000000000000000e+02	9.906625934766600805e-01	8.267684512038152889e+01
8.990000000000000000e+02	1.302041556088998853e+00	8.548472528553962491e+01
9.000000000000000000e+02	1.730030091601814313e+00	8.934413990269744943e+01
9.010000000000000000e+02	1.286095714599297057e+00	8.534093261676055420e+01
9.020000000000000000e+02	8.192278223490224720e-01	8.113092085681140020e+01
9.030000000000000000e+02	1.238997708586825564e+00	8.491622326648386831e+01
9.040000000000000000e+02	1.569895042154676901e+00	8.790011161858686251e+01
9.050000000000000000e+02	1.206933423910085956e+00	8.462708148182871071e+01
9.060000000000000000e+02	1.052408703068604900e+00	8.323364470293634554e+01
9.070000000000000000e+02	1.240415106155547953e+00	8.492900474178318859e+01
9.080000000000000000e+02	8.923576938331652109e-01	8.179037425693249475e+01
9.090000000000000000e+02	1.474113643590026612e+00	8.703639659119879468e+01
9.100000000000000000e+02	9.326169325615935035e-01	8.215341457584656837e+01
9.110000000000000000e+02	1.431090443022910552e+00	8.664843206559137911e+01
9.120000000000000000e+02	1.121594916710833889e+00	8.385753591048161582e+01
9.130000000000000000e+02	1.045523411684029735e+00	8.317155613745366338e+01
9.140000000000000000e+02	1.123560756817519657e+00	8.387526300224504894e+01
9.150000000000000000e+02	9.392702860985305824e-01	8.221341162661524038e+01
9.160000000000000000e+02	9.620895509547632285e-01	8.241918584024789141e+01
9.170000000000000000e+02	8.835033794822811926e-01	8.171052989804150002e+01
9.180000000000000000e+02	8.686267827543002751e-01	8.157637921384913682e+01
9.190000000000000000e+02	9.083099619486588727e-01	8.193422487823005440e+01
9.200000000000000000e+02	9.641173881515181510e-01	8.243747199482676535e+01
9.210000000000000000e+02	9.128452413288746792e-01	8.197512205673024255e+01
9.220000000000000000e+02	8.874593738239405782e-01	8.174620333581081866e+01
9.230000000000000000e+02	1.731935324840161439e+00	8.936132046806085327e+01
9.240000000000000000e+02	1.339093543638541828e+00	8.581884400713602190e+01
9.250000000000000000e+02	1.239857033483843463e+00	8.492397228495806871e+01
9.260000000000000000e+02	8.417581639621007916e-01	8.133408968619811219e+01
9.270000000000000000e+02	8.847727311841605546e-01	8.172197636005169841e+01
9.280000000000000000e+02	1.366715755188309789e+00	8.606792910677698671e+01
9.290000000000000000e+02	1.100770163908674437e+00	8.366974733977363599e+01
9.300000000000000000e+02	1.072891173888700589e+00	8.341834672347964386e+01
9.310000000000000000e+02	9.395818209290413003e-01	8.221622091232937635e+01
9.320000000000000000e+02	1.288835204562060355e+00	8.536563614671183586e+01
9.330000000000000000e+02	1.000769356903240759e+00	8.276798352074537490e+01
9.340000000000000000e+02	9.267428757858614530e-01	8.210044488460212619e+01
9.350000000000000000e+02	9.947661184638562082e-01	8.271384892539813904e+01
9.360000000000000000e+02	1.150080290185204301e+00	8.411440462924403505e+01
9.370000000000000000e+02	1.163604094852237036e+00	8.423635642252979494e+01
9.380000000000000000e+02	1.610054556978277152e+00	8.826225267066541846e+01
9.390000000000000000e+02	8.861447239377279184e-01	8.173434839446007061e+01
9.400000000000000000e+02	1.074540661163006394e+00	8.343322108288191430e+01
9.410000000000000000e+02	8.394526115243449160e-01	8.131329921626593205e+01
9.420000000000000000e+02	1.025963070285081269e+00	8.299516947928945854e+01
9.430000000000000000e+02	9.488416609589752637e-01	8.229972212555988165e+01
9.440000000000000000e+02	8.666402601045567478e-01	8.155846561590065846e+01
9.450000000000000000e+02	1.179838404936478291e+00	8.438275037573117743e+01
9.460000000000000000e+02	1.449233170282949068e+00	8.681203529552043108e+01
9.470000000000000000e+02	8.594086710989315980e-01	8.149325428896605672e+01
9.480000000000000000e+02	1.095892502472500585e+00	8.362576270868588324e+01
9.490000000000000000e+02	1.109678903162700569e+00	8.375008247878906786e+01
9.500000000000000000e+02	1.118342028799569121e+00	8.382820278094422406e+01
9.510000000000000000e+02	9.972282694342379239e-01	8.273605153284263736e+01
9.520000000000000000e+02	1.445356521977857245e+00	8.677707736582654263e+01
9.530000000000000000e+02	1.555451516917585320e+00	8.776986618489428338e+01
9.540000000000000000e+02	1.027094076713982229e+00	8.300536840375029612e+01
9.550000000000000000e+02	1.378806445201785191e+00	8.617695769492274849e+01
9.560000000000000000e+02	8.615595187419980983e-01	8.151264969829165352e+01
9.570000000000000000e+02	1.304872910330602931e+00	8.551025720763493609e+01
9.580000000000000000e+02	9.543842627709655524e-01	8.234970289998565818e+01
9.590000000000000000e+02	1.335418338039821240e+00	8.578570260022482330e+01
9.600000000000000000e+02	1.070274222819235899e+00	8.339474819601493039e+01
9.610000000000000000e+02	1.069913130025077042e+00	8.339149201812162460e+01
9.620000000000000000e+02	1.177142575322295048e+00	8.435844055582938950e+01
9.630000000000000000e+02	1.177769214314816626e+00	8.436409131393794780e+01
9.640000000000000000e+02	1.028319153911908312e+00	8.301641561752474274e+01
9.650000000000000000e+02	8.499325307794862727e-01	8.140780257372493622e+01
9.660000000000000000e+02	9.887466955198574992e-01	8.265956838522177463e+01
9.670000000000000000e+02	8.054779423393079174e-01	8.100693041433359554e+01
9.680000000000000000e+02	1.524525789027384892e+00	8.749099141054391282e+01
9.690000000000000000e+02	1.012331096561602806e+00	8.287224226446099351e+01
9.700000000000000000e+02	9.626415512501101945e-01	8.242416353902196136e+01
9.710000000000000000e+02	1.193877460814395830e+00	8.450934848051781501e+01
9.720000000000000000e+02	1.129355289467704804e+00	8.392751557948506047e+01
9.730000000000000000e+02	1.212690256163737157e+00	8.467899409327669957e+01
9.740000000000000000e+02	1.495396238417381785e+00	8.722831378232010024e+01
9.750000000000000000e+02	9.410632609859982400e-01	8.222957989495589004e+01
9.760000000000000000e+02	1.003518289576494027e+00	8.279277220095622170e+01
9.770000000000000000e+02	1.000142302231263214e+00	8.276232901422012844e+01
9.780000000000000000e+02	1.054203591035939080e+00	8.324983022259982590e+01
9.790000000000000000e+02	8.580604420032247326e-01	8.148109654489701370e+01
9.800000000000000000e+02	1.223582119248738831e+00	8.477721218117002877e+01
9.810000000000000000e+02	9.450240989641154332e-01	8.226529701053381416e+01
9.820000000000000000e+02	1.154384901708626732e+00	8.415322174525574894e+01
9.830000000000000000e+02	1.289206960480927533e+00	8.536898848002975626e+01
9.840000000000000000e+02	8.698361091499674513e-01	8.158728439373382457e+01
9.850000000000000000e+02	1.006537337382689579e+00	8.281999666204877997e+01
9.860000000000000000e+02	9.876347345887911411e-01	8.264954120478357424e+01
9.870000000000000000e+02	1.428894819645285974e+00	8.662863288815027829e+01
9.880000000000000000e+02	1.030936183279854923e+00	8.304001485105114000e+01
9.890000000000000000e+02	1.244283155040255551e+00	8.496388512564121243e+01
9.900000000000000000e+02	8.210711894150253265e-01	8.114754353991853009e+01
9.910000000000000000e+02	8.640149722611082383e-01	8.153479191103117785e+01
9.920000000000000000e+02	8.468310346369035679e-01	8.137983462936540491e+01
9.930000000000000000e+02	9.376782464807159601e-01	8.219905530521349135e+01
9.940000000000000000e+02	1.038853214720433016e+00	8.311140719998321913e+01
9.950000000000000000e+02	1.086464758421535670e+00	8.354074740996176729e+01
9.960000000000000000e+02	8.024297499388760579e-01	8.097944313995593291e+01
9.970000000000000000e+02	8.974874629808201609e-01	8.183663228580090276e+01
9.980000000000000000e+02	1.113687261333426548e+00	8.378622811081253019e+01
9.990000000000000000e+02	8.095142999425699593e-01	8.104332853307161599e+01
