0.000000000000000000e+00	1.142358879648633918e+00	7.870233398695322080e+01
1.000000000000000000e+00	1.200380030250500107e+00	7.887673716068063356e+01
2.000000000000000000e+00	7.817306451519973054e-01	7.879322229355544494e+01
3.000000000000000000e+00	9.767115428331462068e-01	7.967234879360937327e+01
4.000000000000000000e+00	1.291230793419992695e+00	7.914982139406721728e+01
5.000000000000000000e+00	8.628143743549130384e-01	7.915881120976840180e+01
6.000000000000000000e+00	7.800649455043376923e-01	7.878571201578566274e+01
7.000000000000000000e+00	2.053592918211541551e+00	7.897225037398230540e+01
8.000000000000000000e+00	1.361977358460669585e+00	7.936247532018585105e+01
9.000000000000000000e+00	8.672497873685611758e-01	7.917880952327169553e+01
1.000000000000000000e+01	9.283756416477360052e-01	7.945441271811969841e+01
1.100000000000000000e+01	9.232114249384423266e-01	7.943112838711522272e+01
1.200000000000000000e+01	2.215955360989830147e+00	7.926507316381949408e+01
1.300000000000000000e+01	1.649758163180418347e+00	7.898776921768930492e+01
1.400000000000000000e+01	1.169042200917310481e+00	7.878254018532349789e+01
1.500000000000000000e+01	1.192940727370751741e+00	7.885437569388638224e+01
1.600000000000000000e+01	1.152612349253617108e+00	7.873315443126149660e+01
1.700000000000000000e+01	8.821414422763353969e-01	7.924595275942854755e+01
1.800000000000000000e+01	1.446077085911857019e+00	7.852859235801778937e+01
1.900000000000000000e+01	1.658933426440331482e+00	7.900845385185779435e+01
2.000000000000000000e+01	9.872169458786411722e-01	7.971971537321218193e+01
2.100000000000000000e+01	1.290869767860496342e+00	7.914873620353377248e+01
2.200000000000000000e+01	9.206763000626072557e-01	7.941969805990983389e+01
2.300000000000000000e+01	1.505232615193711654e+00	7.866195207180226134e+01
2.400000000000000000e+01	1.128007507012733779e+00	7.865919583975892238e+01
2.500000000000000000e+01	8.702988714487595034e-01	7.919255718085084084e+01
2.600000000000000000e+01	1.086174353142983495e+00	7.853345143920445537e+01
2.700000000000000000e+01	2.023192686531795736e+00	7.891742315840318156e+01
2.800000000000000000e+01	8.178145742004315766e-01	7.895591688892253046e+01
2.900000000000000000e+01	1.249482514744015393e+00	7.902433211605016083e+01
3.000000000000000000e+01	2.182800403767030772e+00	7.854915958349862137e+01
3.100000000000000000e+01	1.895082186309067218e+00	7.868637419510392306e+01
3.200000000000000000e+01	8.226143735420157199e-01	7.897755814120063178e+01
3.300000000000000000e+01	8.165805508929467882e-01	7.895035294597121833e+01
3.400000000000000000e+01	9.617494159226773753e-01	7.960488781450528961e+01
3.500000000000000000e+01	8.818008557290308858e-01	7.924441712869315779e+01
3.600000000000000000e+01	1.004780189844403093e+00	7.979890422391932248e+01
3.700000000000000000e+01	9.277066292774391876e-01	7.945139628671239507e+01
3.800000000000000000e+01	1.347178052191014608e+00	7.830563523142812699e+01
3.900000000000000000e+01	1.522680632614298535e+00	7.870128673142855291e+01
4.000000000000000000e+01	8.825825168951318966e-01	7.924794146904318382e+01
4.100000000000000000e+01	1.032171394251421459e+00	7.837112636768033269e+01
4.200000000000000000e+01	1.531530768604464132e+00	7.872123840149103557e+01
4.300000000000000000e+01	9.653770353411802452e-01	7.962124396221435063e+01
4.400000000000000000e+01	1.240100505311579449e+00	7.899613115478025804e+01
4.500000000000000000e+01	1.401256923991124115e+00	7.948054400410687492e+01
4.600000000000000000e+01	8.378684836255674284e-01	7.904633560898682276e+01
4.700000000000000000e+01	1.247357211966773516e+00	7.901794376377451101e+01
4.800000000000000000e+01	1.247317512628621117e+00	7.901782443331489958e+01
4.900000000000000000e+01	8.401116263711707610e-01	7.905644945221206399e+01
5.000000000000000000e+01	1.244152338146849335e+00	7.900831037733193796e+01
5.100000000000000000e+01	1.257581549571009205e+00	7.904867664150862083e+01
5.200000000000000000e+01	1.132271301863067237e+00	7.867201218942291518e+01
5.300000000000000000e+01	1.567891656752729013e+00	7.880321007337478534e+01
5.400000000000000000e+01	8.809673957336698891e-01	7.924065923867740935e+01
5.500000000000000000e+01	9.820537154887801767e-01	7.969643548930770294e+01
5.600000000000000000e+01	9.426906353428028407e-01	7.951895591417175524e+01
5.700000000000000000e+01	9.758851683452612891e-01	7.966862285060722115e+01
5.800000000000000000e+01	1.650557897413494013e+00	7.898957213163023994e+01
5.900000000000000000e+01	1.082356748427541149e+00	7.852197627245054434e+01
6.000000000000000000e+01	8.192858770383822931e-01	7.896255067371799896e+01
6.100000000000000000e+01	9.698517303881089013e-01	7.964141938987006597e+01
6.200000000000000000e+01	1.182924457231778081e+00	7.882426823681207395e+01
6.300000000000000000e+01	8.350151890277789368e-01	7.903347072364059045e+01
6.400000000000000000e+01	9.545956203487272473e-01	7.957263290471760797e+01
6.500000000000000000e+01	1.219973617152972700e+00	7.893563264456967943e+01
6.600000000000000000e+01	8.989958013685280802e-01	7.932194540227504831e+01
6.700000000000000000e+01	1.147669943371639301e+00	7.871829827514041256e+01
6.800000000000000000e+01	8.792043511598975902e-01	7.923271005378794030e+01
6.900000000000000000e+01	8.826533515275951647e-01	7.924826084700922024e+01
7.000000000000000000e+01	8.674796741131158839e-01	7.917984603265057331e+01
7.100000000000000000e+01	1.491013414057940523e+00	7.862989642769373688e+01
7.200000000000000000e+01	7.742413022158251001e-01	7.875945447362290963e+01
7.300000000000000000e+01	1.170116557057977458e+00	7.878576954425041379e+01
7.400000000000000000e+01	1.031896567853525237e+00	7.992116608021808588e+01
7.500000000000000000e+01	7.679679002660887432e-01	7.873116906738520981e+01
7.600000000000000000e+01	1.453428906192779646e+00	7.854516623809900011e+01
7.700000000000000000e+01	8.922214020383774091e-01	7.929140110771126615e+01
7.800000000000000000e+01	1.213139192769609132e+00	7.891508935491246746e+01
7.900000000000000000e+01	9.091598217463601195e-01	7.936777276160873384e+01
8.000000000000000000e+01	1.052205042370438104e+00	7.843134461183873896e+01
8.100000000000000000e+01	1.228061814614220815e+00	7.895994459447661029e+01
8.200000000000000000e+01	1.078226956921823687e+00	7.850956271742866477e+01
8.300000000000000000e+01	8.479662570830979185e-01	7.909186427535172470e+01
8.400000000000000000e+01	1.487036384758650076e+00	7.862093064722478175e+01
8.500000000000000000e+01	8.498713118072933614e-01	7.910045375315192473e+01
8.600000000000000000e+01	1.526446164428748808e+00	7.870977571379619064e+01
8.700000000000000000e+01	1.341597454777934129e+00	7.930121628196171457e+01
8.800000000000000000e+01	8.528615114912605488e-01	7.911393591378350720e+01
8.900000000000000000e+01	7.813167255376057829e-01	7.879135601995514548e+01
9.000000000000000000e+01	8.971550537346492105e-01	7.931364587117174381e+01
9.100000000000000000e+01	1.284420118031888602e+00	7.912934949044945654e+01
9.200000000000000000e+01	9.052431539292529195e-01	7.935011335747799421e+01
9.300000000000000000e+01	8.357462096218956082e-01	7.903676673665526664e+01
9.400000000000000000e+01	1.343648715374688773e+00	7.930738207416861485e+01
9.500000000000000000e+01	1.100930331842353338e+00	7.857780577361404539e+01
9.600000000000000000e+01	1.211417097946607235e+00	7.890991298733830206e+01
9.700000000000000000e+01	9.067652042754545949e-01	7.935697595176119989e+01
9.800000000000000000e+01	1.163057784073865175e+00	7.876455189519863609e+01
9.900000000000000000e+01	1.228594726074662580e+00	7.896154644912878950e+01
1.000000000000000000e+02	1.087843598493957398e+00	7.853846894892150488e+01
1.010000000000000000e+02	8.299629847159353258e-01	7.901069143219689295e+01
1.020000000000000000e+02	8.439047017945761064e-01	7.907355160509511904e+01
1.030000000000000000e+02	1.479010394910797555e+00	7.971425967427279602e+01
1.040000000000000000e+02	1.191522999165491203e+00	7.885011420827440531e+01
1.050000000000000000e+02	9.156389769936094103e-01	7.939698586475660136e+01
1.060000000000000000e+02	1.095205097859522247e+00	7.856059654962278671e+01
1.070000000000000000e+02	8.169358596787429372e-01	7.895195495608096792e+01
1.080000000000000000e+02	7.907565541683554411e-01	7.883391815606158559e+01
1.090000000000000000e+02	7.597573168524035525e-01	7.869414933085862174e+01
1.100000000000000000e+02	1.193255345203910078e+00	7.885532138951711545e+01
1.110000000000000000e+02	9.030592313572435303e-01	7.934026652514748434e+01
1.120000000000000000e+02	8.646887981030491055e-01	7.916726257915337328e+01
1.130000000000000000e+02	9.515917174233944342e-01	7.955908895914828349e+01
1.140000000000000000e+02	8.419454616019518278e-01	7.906471781679179855e+01
1.150000000000000000e+02	9.375994151852627967e-01	7.949600070875763436e+01
1.160000000000000000e+02	8.934566837220063729e-01	7.929697072440717420e+01
1.170000000000000000e+02	7.773617771316786440e-01	7.877352401696742845e+01
1.180000000000000000e+02	1.434064451191577882e+00	7.850151117815948965e+01
1.190000000000000000e+02	9.942519026203832100e-01	7.975143446452804596e+01
1.200000000000000000e+02	7.019010145384750876e-01	7.843328783537775450e+01
1.210000000000000000e+02	1.172175383636777202e+00	7.879195807870333113e+01
1.220000000000000000e+02	8.025280675098331873e-01	7.888699335187463646e+01
1.230000000000000000e+02	1.420641795915639216e+00	7.847125126015086494e+01
1.240000000000000000e+02	9.023994193773539063e-01	7.933729157630135376e+01
1.250000000000000000e+02	1.169149192886938637e+00	7.878286178768529169e+01
1.260000000000000000e+02	1.177607979293158191e+00	7.880828767427705372e+01
1.270000000000000000e+02	8.892110863172389967e-01	7.927782824823910346e+01
1.280000000000000000e+02	8.373259989226184974e-01	7.904388966333826261e+01
1.290000000000000000e+02	6.946311912727509696e-01	7.840050978193963260e+01
1.300000000000000000e+02	1.385884043158750689e+00	7.943433535125031142e+01
1.310000000000000000e+02	1.198102514782631633e+00	7.886989127910659647e+01
1.320000000000000000e+02	7.625480076208590585e-01	7.870673194914165549e+01
1.330000000000000000e+02	1.048079537211714207e+00	7.999413157264089591e+01
1.340000000000000000e+02	1.189868981597905773e+00	7.884514247106831419e+01
1.350000000000000000e+02	8.524443741591969381e-01	7.911205513219343288e+01
1.360000000000000000e+02	1.564691101690810715e+00	7.879599476971355898e+01
1.370000000000000000e+02	1.316655307399647423e+00	7.922624380007835043e+01
1.380000000000000000e+02	1.375762738609763058e+00	7.940391217595485784e+01
1.390000000000000000e+02	1.253329054388526487e+00	7.903589425700931770e+01
1.400000000000000000e+02	9.213539558080299230e-01	7.942275346241746092e+01
1.410000000000000000e+02	1.179031153211158589e+00	7.881256552891265699e+01
1.420000000000000000e+02	1.299236397825513922e+00	7.917388508121312896e+01
1.430000000000000000e+02	1.451180236393650791e+00	7.963060624926519893e+01
1.440000000000000000e+02	1.165200348528988350e+00	7.877099213357746521e+01
1.450000000000000000e+02	1.511838308822472943e+00	7.867684389040948645e+01
1.460000000000000000e+02	1.295519680493211645e+00	7.916271316731832997e+01
1.470000000000000000e+02	1.118038985431673016e+00	7.862923190793280526e+01
1.480000000000000000e+02	9.219674497522347689e-01	7.942551957330519485e+01
1.490000000000000000e+02	1.194016698634466467e+00	7.885760990763921541e+01
1.500000000000000000e+02	1.362658455971265781e+00	7.936452260063846609e+01
1.510000000000000000e+02	1.324135896494417874e+00	7.924872936725421368e+01
1.520000000000000000e+02	8.453982202584356953e-01	7.908028555532058590e+01
1.530000000000000000e+02	1.256293103840016911e+00	7.904480376028635646e+01
1.540000000000000000e+02	1.342384909057085629e+00	7.930358325545370235e+01
1.550000000000000000e+02	8.470157696248202805e-01	7.908757873393471982e+01
1.560000000000000000e+02	1.141020429026137872e+00	7.869831079827083897e+01
1.570000000000000000e+02	8.512282967249539256e-01	7.910657210328507460e+01
1.580000000000000000e+02	1.320609867750653699e+00	7.923813063563328285e+01
1.590000000000000000e+02	1.144297020795933539e+00	7.870815975848161372e+01
1.600000000000000000e+02	1.627605151571902553e+00	7.893782765984269645e+01
1.610000000000000000e+02	2.140665028828734329e+00	7.912928606469776582e+01
1.620000000000000000e+02	8.054419075632740510e-01	7.890013122352443986e+01
1.630000000000000000e+02	1.229741389970157694e+00	7.896499315469218061e+01
1.640000000000000000e+02	2.116325470719206514e+00	8.003959452210170866e+01
1.650000000000000000e+02	1.209769116537357192e+00	7.890495939394975267e+01
1.660000000000000000e+02	8.292506434020352479e-01	7.900747963999786805e+01
1.670000000000000000e+02	8.522747009040215760e-01	7.911129011235429687e+01
1.680000000000000000e+02	1.256113901488763673e+00	7.904426510397784966e+01
1.690000000000000000e+02	1.288342692073122464e+00	7.914114017979078142e+01
1.700000000000000000e+02	7.064656625465712825e-01	7.845386884138940786e+01
1.710000000000000000e+02	2.060260735989929870e+00	7.898427587058475297e+01
1.720000000000000000e+02	1.650601861583558261e+00	7.898967124407514007e+01
1.730000000000000000e+02	1.029002618550130421e+00	7.990811789163817025e+01
1.740000000000000000e+02	1.683922629970826090e+00	7.830554517251906077e+01
1.750000000000000000e+02	8.044047593343914837e-01	7.889545494752337618e+01
1.760000000000000000e+02	1.436244024077845127e+00	7.958571015871336840e+01
1.770000000000000000e+02	1.442570270569281554e+00	7.852068662382762909e+01
1.780000000000000000e+02	1.242618347775486409e+00	7.900369942449047755e+01
1.790000000000000000e+02	7.695838760669891920e-01	7.873845515113450233e+01
1.800000000000000000e+02	9.093353389113633112e-01	7.936856413036744584e+01
1.810000000000000000e+02	1.610266653087657041e+00	7.889873989875964355e+01
1.820000000000000000e+02	1.126979469104885556e+00	7.865610570673017321e+01
1.830000000000000000e+02	8.017720676576018946e-01	7.888358471281287621e+01
1.840000000000000000e+02	1.323301474327280847e+00	7.924622121509473516e+01
1.850000000000000000e+02	1.327571925168744782e+00	7.925905757170386323e+01
1.860000000000000000e+02	1.330699325923782261e+00	7.926845808533619220e+01
1.870000000000000000e+02	1.163046216264206789e+00	7.876451712403853378e+01
1.880000000000000000e+02	7.637720353930541606e-01	7.871225082439627840e+01
1.890000000000000000e+02	1.086663665638310405e+00	7.853492224168327596e+01
1.900000000000000000e+02	8.671452781905770735e-01	7.917833831409706136e+01
1.910000000000000000e+02	1.272485996382351381e+00	7.909347724955561887e+01
1.920000000000000000e+02	9.778203774558078543e-01	7.967734828798319313e+01
1.930000000000000000e+02	8.791058385848019574e-01	7.923226588199273124e+01
1.940000000000000000e+02	9.626415278745462656e-01	7.960891015344839161e+01
1.950000000000000000e+02	8.607769340160630334e-01	7.914962483399793314e+01
1.960000000000000000e+02	1.237132788191059207e+00	7.898721062702144025e+01
1.970000000000000000e+02	1.200043840842643483e+00	7.887572662402124024e+01
1.980000000000000000e+02	1.058578911502449316e+00	8.004147096989848365e+01
1.990000000000000000e+02	1.219145189601985146e+00	7.893314251135795701e+01
2.000000000000000000e+02	1.818391834780192173e+00	7.854806214273511955e+01
2.010000000000000000e+02	1.334267028506938235e+00	7.927918208248144083e+01
2.020000000000000000e+02	8.141967260042366483e-01	7.893960479753165771e+01
2.030000000000000000e+02	8.662573584081963984e-01	7.917433487673527281e+01
2.040000000000000000e+02	9.704409834604893481e-01	7.964407620393404841e+01
2.050000000000000000e+02	9.269550824718848503e-01	7.944800772547048950e+01
2.060000000000000000e+02	9.414382308497362128e-01	7.951330909444871509e+01
2.070000000000000000e+02	1.107330933396047712e+00	7.859704505468913283e+01
2.080000000000000000e+02	7.541063818983191336e-01	7.866867049304784132e+01
2.090000000000000000e+02	7.824650388915450616e-01	7.879653351534992112e+01
2.100000000000000000e+02	1.081017562514432484e+00	7.851795087359109004e+01
2.110000000000000000e+02	1.280847196912975328e+00	7.911860980714169500e+01
2.120000000000000000e+02	8.281409851277510281e-01	7.900247643195785940e+01
2.130000000000000000e+02	1.582390123997641451e+00	8.002500416425273499e+01
2.140000000000000000e+02	8.675501102101621509e-01	7.918016361370703748e+01
2.150000000000000000e+02	1.701317793500433773e+00	7.910400480252447153e+01
2.160000000000000000e+02	1.328826725311273993e+00	7.926282931916114194e+01
2.170000000000000000e+02	1.401553758044357334e+00	7.948143624427132181e+01
2.180000000000000000e+02	1.512194855759477763e+00	7.867764768674173581e+01
2.190000000000000000e+02	1.389475055747849908e+00	7.840098923056834224e+01
2.200000000000000000e+02	1.096657415122222368e+00	7.856496200493084814e+01
2.210000000000000000e+02	1.713035163362978563e+00	7.913042033984018531e+01
2.220000000000000000e+02	1.211908853841057621e+00	7.891139113432093666e+01
2.230000000000000000e+02	1.295839470089347856e+00	7.916367440851938397e+01
2.240000000000000000e+02	1.292402743033669532e+00	7.915334410483654892e+01
2.250000000000000000e+02	7.606302362139101270e-01	7.869808513458215771e+01
2.260000000000000000e+02	9.348858472942997988e-01	7.948376582077109731e+01
2.270000000000000000e+02	8.652209775614181364e-01	7.916966206069335499e+01
2.280000000000000000e+02	1.227262038927867227e+00	7.895754058461945135e+01
2.290000000000000000e+02	8.124311998473352503e-01	7.893164442372309964e+01
2.300000000000000000e+02	1.478881856098688719e+00	7.860254714831366130e+01
2.310000000000000000e+02	1.159707930683155475e+00	7.875448272116811665e+01
2.320000000000000000e+02	8.001646901184205074e-01	7.887633739675735001e+01
2.330000000000000000e+02	7.849375383315879695e-01	7.880768147807324908e+01
2.340000000000000000e+02	7.122391218981465322e-01	7.847990011508503017e+01
2.350000000000000000e+02	1.610864478117147058e+00	7.890008763033762307e+01
2.360000000000000000e+02	1.103755947319211117e+00	7.858629916441697105e+01
2.370000000000000000e+02	1.094797700580905309e+00	7.855937197241910042e+01
2.380000000000000000e+02	1.230557959112818178e+00	7.896744764324627397e+01
2.390000000000000000e+02	2.088919924580945775e+00	7.997781169582198402e+01
2.400000000000000000e+02	8.697115433765025827e-01	7.918990904619413129e+01
2.410000000000000000e+02	1.209545001399199515e+00	7.890428573630991593e+01
2.420000000000000000e+02	1.601478003541102257e+00	7.887892684320405579e+01
2.430000000000000000e+02	1.270971519478103717e+00	7.908892495136956313e+01
2.440000000000000000e+02	1.228362396243250387e+00	7.896084809931103621e+01
2.450000000000000000e+02	1.713711335514210177e+00	7.913194469649208429e+01
2.460000000000000000e+02	8.810015546106665374e-01	7.924081325363135875e+01
2.470000000000000000e+02	7.801537753161285060e-01	7.878611253010510040e+01
2.480000000000000000e+02	9.082279399860074820e-01	7.936357110924080871e+01
2.490000000000000000e+02	1.434439010438118611e+00	7.850235558128665048e+01
2.500000000000000000e+02	1.850617002826246971e+00	7.860618065492762696e+01
2.510000000000000000e+02	1.326341408799875943e+00	7.925535881775245173e+01
2.520000000000000000e+02	2.084333236211851403e+00	7.902769093969013170e+01
2.530000000000000000e+02	1.228675938770218412e+00	7.896179056272711705e+01
2.540000000000000000e+02	1.284100422974197464e+00	7.912838853341726519e+01
2.550000000000000000e+02	1.450186244488950393e+00	7.853785600958829605e+01
2.560000000000000000e+02	1.372549854578038797e+00	7.836283320337777525e+01
2.570000000000000000e+02	7.439756798142076466e-01	7.862299335866077854e+01
2.580000000000000000e+02	9.101638247951752136e-01	7.937229959319503791e+01
2.590000000000000000e+02	9.238022139594789239e-01	7.943379212643793608e+01
2.600000000000000000e+02	9.566250228687729340e-01	7.958178303970962020e+01
2.610000000000000000e+02	1.742295735261230494e+00	7.919638512015561105e+01
2.620000000000000000e+02	9.758340197098057667e-01	7.966839223252409852e+01
2.630000000000000000e+02	7.847438219005874460e-01	7.880680805277870604e+01
2.640000000000000000e+02	1.264273703454506403e+00	7.906879228665263781e+01
2.650000000000000000e+02	1.438050689907710566e+00	7.959114073448314741e+01
2.660000000000000000e+02	8.790845800431528190e-01	7.923217003184772977e+01
2.670000000000000000e+02	1.181974662866159820e+00	7.882141329253686024e+01
2.680000000000000000e+02	8.857504524942069191e-01	7.926222500229556545e+01
2.690000000000000000e+02	1.298951194449892821e+00	7.917302780118076555e+01
2.700000000000000000e+02	8.911937575380511900e-01	7.928676768195717273e+01
2.710000000000000000e+02	9.002800126875135645e-01	7.932773563206481526e+01
2.720000000000000000e+02	8.507596883298300661e-01	7.910445924985583588e+01
2.730000000000000000e+02	2.049303646391758882e+00	7.896451461613618505e+01
2.740000000000000000e+02	8.668474934285128608e-01	7.917699566731086236e+01
2.750000000000000000e+02	1.036708048679861882e+00	7.994286000177265805e+01
2.760000000000000000e+02	1.229383569681078203e+00	7.896391759873728233e+01
2.770000000000000000e+02	1.537973028962343225e+00	7.873576177754533489e+01
2.780000000000000000e+02	9.563576521038087419e-01	7.958057752302767085e+01
2.790000000000000000e+02	9.435999777243853082e-01	7.952305594137840217e+01
2.800000000000000000e+02	7.964969660735869983e-01	7.885980042600255047e+01
2.810000000000000000e+02	1.123588663490374895e+00	7.864591343624726960e+01
2.820000000000000000e+02	8.916597335586742279e-01	7.928886866658177723e+01
2.830000000000000000e+02	8.567408706865236034e-01	7.913142710144519754e+01
2.840000000000000000e+02	8.142455088797400098e-01	7.893982474891723200e+01
2.850000000000000000e+02	8.221597130084175031e-01	7.897550817564825820e+01
2.860000000000000000e+02	1.252119841875503958e+00	7.903225953936248516e+01
2.870000000000000000e+02	8.796378726847536855e-01	7.923466470814321383e+01
2.880000000000000000e+02	1.353896599742261841e+00	7.933818573006230679e+01
2.890000000000000000e+02	7.838453108311365103e-01	7.880275686160490523e+01
2.900000000000000000e+02	1.768310813175917318e+00	7.845774036503135562e+01
2.910000000000000000e+02	9.305243827687802449e-01	7.946410092493242416e+01
2.920000000000000000e+02	8.469544798689503384e-01	7.908730239174320786e+01
2.930000000000000000e+02	7.724579543840129903e-01	7.875141374575466102e+01
2.940000000000000000e+02	8.910692557495883959e-01	7.928620633044610599e+01
2.950000000000000000e+02	8.825092606626004921e-01	7.924761117260860033e+01
2.960000000000000000e+02	1.294119397498226354e+00	7.915850411948132148e+01
2.970000000000000000e+02	8.412359923995833544e-01	7.906151897431958275e+01
2.980000000000000000e+02	1.873902302361226235e+00	7.949307782722257798e+01
2.990000000000000000e+02	1.424811892105425803e+00	7.848065228894859047e+01
3.000000000000000000e+02	7.856447808872094596e-01	7.881087028107911863e+01
3.010000000000000000e+02	1.372374363715722634e+00	7.939372721186555282e+01
3.020000000000000000e+02	1.399541603974213899e+00	7.947538800061840902e+01
3.030000000000000000e+02	9.078793098190290900e-01	7.936199921157209758e+01
3.040000000000000000e+02	1.145273956848842367e+00	7.871109628673706027e+01
3.050000000000000000e+02	1.167567908232840290e+00	7.877810867508098625e+01
3.060000000000000000e+02	1.023729199720241567e+00	7.988434119200053374e+01
3.070000000000000000e+02	1.412882824052573261e+00	7.845375950106287632e+01
3.080000000000000000e+02	1.183043469554055482e+00	7.882462597061264375e+01
3.090000000000000000e+02	1.551194734596396341e+00	7.876556867641862425e+01
3.100000000000000000e+02	1.187940805290157664e+00	7.883934665240410311e+01
3.110000000000000000e+02	1.099774755587829222e+00	7.857433227879046456e+01
3.120000000000000000e+02	1.206133225852163537e+00	7.889403043324756482e+01
3.130000000000000000e+02	1.496715483442621064e+00	7.976747860562876724e+01
3.140000000000000000e+02	1.277130532841914246e+00	7.910743805334247725e+01
3.150000000000000000e+02	2.187429183601232285e+00	7.855611630432538561e+01
3.160000000000000000e+02	2.065782606155554202e+00	7.899423463567443093e+01
3.170000000000000000e+02	1.379049582395891704e+00	7.941379195224162402e+01
3.180000000000000000e+02	1.544374905761921823e+00	7.875019411325494900e+01
3.190000000000000000e+02	7.725202221733967756e-01	7.875169449768677055e+01
3.200000000000000000e+02	9.613280956325394033e-01	7.960298817286616213e+01
3.210000000000000000e+02	9.033745933373648063e-01	7.934168842379054354e+01
3.220000000000000000e+02	8.702878312196034027e-01	7.919250740285652057e+01
3.230000000000000000e+02	2.274145848912461076e+00	7.937002047012950356e+01
3.240000000000000000e+02	9.171451570440615209e-01	7.940377690332474003e+01
3.250000000000000000e+02	1.130608026622566875e+00	7.866701262499310587e+01
3.260000000000000000e+02	1.128141076625390760e+00	7.865959733066559068e+01
3.270000000000000000e+02	8.048971047742281559e-01	7.889767482612936078e+01
3.280000000000000000e+02	1.128512769156542195e+00	7.866071458457061283e+01
3.290000000000000000e+02	1.664407278088316344e+00	7.827034898006773744e+01
3.300000000000000000e+02	9.903772884346668803e-01	7.973396467108338470e+01
3.310000000000000000e+02	8.591865495916860551e-01	7.914245413620460567e+01
3.320000000000000000e+02	1.499994341351320148e+00	7.865014295253942578e+01
3.330000000000000000e+02	1.583346148245132090e+00	7.883805054538359514e+01
3.340000000000000000e+02	8.894402606602942463e-01	7.927886154555443454e+01
3.350000000000000000e+02	9.102864318937589072e-01	7.937285240196113989e+01
3.360000000000000000e+02	8.523785065209377176e-01	7.911175814932495598e+01
3.370000000000000000e+02	1.144171242476427430e+00	7.870778168707350630e+01
3.380000000000000000e+02	1.256843069284509173e+00	7.904645687674414489e+01
3.390000000000000000e+02	1.531721044666995990e+00	7.987270025174076693e+01
3.400000000000000000e+02	1.120869112646292631e+00	7.863773886036587157e+01
3.410000000000000000e+02	8.592469108660927279e-01	7.914272629207493992e+01
3.420000000000000000e+02	9.486439878657969560e-01	7.954579828708813238e+01
3.430000000000000000e+02	8.090599648555039103e-01	7.891644425768387805e+01
3.440000000000000000e+02	1.159574716560619834e+00	8.049683910942829357e+01
3.450000000000000000e+02	1.568016859586458978e+00	7.880349232956069727e+01
3.460000000000000000e+02	1.781646112058132614e+00	7.928509626940325461e+01
3.470000000000000000e+02	9.086947042321934509e-01	7.936567564780321504e+01
3.480000000000000000e+02	8.839995682076910999e-01	7.925433064549903861e+01
3.490000000000000000e+02	9.199009529755842740e-01	7.941620218837039147e+01
3.500000000000000000e+02	8.719989184223908563e-01	7.920022232325007394e+01
3.510000000000000000e+02	1.210673514175352850e+00	7.890767788223793389e+01
3.520000000000000000e+02	1.232615729369008317e+00	7.897363300254643548e+01
3.530000000000000000e+02	9.425572198368166177e-01	7.951835437264524842e+01
3.540000000000000000e+02	1.266771864499000255e+00	7.907630139686715154e+01
3.550000000000000000e+02	1.527163587902535591e+00	7.985900119690296606e+01
3.560000000000000000e+02	8.800863472882036742e-01	7.923668678268067822e+01
3.570000000000000000e+02	7.964783936945827314e-01	7.885971668718121919e+01
3.580000000000000000e+02	8.837988174984654499e-01	7.925342550417246912e+01
3.590000000000000000e+02	1.382585520326669704e+00	7.942442046944324829e+01
3.600000000000000000e+02	1.513113712562452751e+00	7.981676930690478855e+01
3.610000000000000000e+02	1.325599320309603701e+00	7.925312820725012841e+01
3.620000000000000000e+02	1.173533062186093545e+00	7.879603906374836697e+01
3.630000000000000000e+02	1.216095907820411659e+00	7.892397681204350590e+01
3.640000000000000000e+02	1.132861363598408388e+00	7.867378582952261468e+01
3.650000000000000000e+02	9.440449988897532396e-01	7.952506244511397426e+01
3.660000000000000000e+02	8.568143716578755509e-01	7.913175850135391443e+01
3.670000000000000000e+02	1.197851231475734579e+00	7.886913595788713849e+01
3.680000000000000000e+02	1.327990714768737535e+00	7.926031639257531936e+01
3.690000000000000000e+02	1.143964434140847031e+00	7.870716005117513703e+01
3.700000000000000000e+02	8.102372072563078786e-01	7.892175218786496771e+01
3.710000000000000000e+02	8.183604459017207455e-01	7.895837810581063820e+01
3.720000000000000000e+02	8.856163629008434457e-01	7.926162042145554665e+01
3.730000000000000000e+02	1.070216625277096600e+00	7.848548482088648370e+01
3.740000000000000000e+02	9.274116554067202145e-01	7.945006631362448957e+01
3.750000000000000000e+02	8.608137644619324735e-01	7.914979089447543004e+01
3.760000000000000000e+02	1.357513793520448875e+00	7.934905849057048499e+01
3.770000000000000000e+02	8.145489373106670206e-01	7.894119284178000839e+01
3.780000000000000000e+02	1.279155005938716450e+00	7.911352332620496952e+01
3.790000000000000000e+02	1.381948348248132952e+00	7.942250522247633171e+01
3.800000000000000000e+02	1.703118777446347210e+00	7.910806492516174160e+01
3.810000000000000000e+02	1.492629615979267133e+00	7.863353997933231199e+01
3.820000000000000000e+02	1.181269526406491632e+00	7.881929375448561359e+01
3.830000000000000000e+02	8.103428787189780325e-01	7.892222863752868989e+01
3.840000000000000000e+02	8.347997742972264046e-01	7.903249946542820226e+01
3.850000000000000000e+02	8.185917678474026182e-01	7.895942108619954070e+01
3.860000000000000000e+02	1.222891996377026835e+00	7.894440486975885563e+01
3.870000000000000000e+02	8.710691101949316062e-01	7.919603001999139735e+01
3.880000000000000000e+02	9.623191118645861852e-01	7.960745644971757429e+01
3.890000000000000000e+02	9.134912291731024370e-01	7.938730213652016232e+01
3.900000000000000000e+02	1.226294813615997903e+00	7.895463324544488160e+01
3.910000000000000000e+02	8.740865896569026683e-01	7.920963517921435937e+01
3.920000000000000000e+02	8.498974473555310771e-01	7.910057159265991800e+01
3.930000000000000000e+02	1.050431527804854603e+00	8.000473618715901125e+01
3.940000000000000000e+02	8.997853388035538247e-01	7.932550525501022776e+01
3.950000000000000000e+02	7.595204058670462777e-01	7.869308115070427334e+01
3.960000000000000000e+02	8.266271954150186119e-01	7.899565108307598393e+01
3.970000000000000000e+02	1.171709741762980261e+00	7.879055842668388721e+01
3.980000000000000000e+02	1.184791874128896083e+00	7.882988142148958843e+01
3.990000000000000000e+02	8.564437666460349430e-01	7.913008752388466860e+01
4.000000000000000000e+02	9.244449434073321870e-01	7.943669005385899595e+01
4.010000000000000000e+02	1.262437341015623549e+00	7.906327244717800795e+01
4.020000000000000000e+02	8.632760422048102456e-01	7.916089276978732414e+01
4.030000000000000000e+02	1.109809069134054749e+00	8.027245661880822070e+01
4.040000000000000000e+02	8.902918925202958356e-01	7.928270136855925898e+01
4.050000000000000000e+02	1.216020154295911482e+00	7.892374910792256060e+01
4.060000000000000000e+02	1.164910532758857586e+00	7.877012098935534823e+01
4.070000000000000000e+02	7.948367553079401793e-01	7.885231489640906943e+01
4.080000000000000000e+02	8.803923892331850798e-01	7.923806665931044790e+01
4.090000000000000000e+02	8.426255132035075368e-01	7.906778402169413766e+01
4.100000000000000000e+02	1.159936205494303874e+00	7.875516888218238876e+01
4.110000000000000000e+02	1.217726457093329717e+00	7.892887800695545764e+01
4.120000000000000000e+02	8.817506920773724444e-01	7.924419095168792637e+01
4.130000000000000000e+02	8.385607806553713184e-01	7.904945702586431366e+01
4.140000000000000000e+02	9.005735731552896306e-01	7.932905923242597623e+01
4.150000000000000000e+02	1.146950892461704896e+00	7.871613691226734488e+01
4.160000000000000000e+02	1.085485061490425007e+00	7.853137952834809710e+01
4.170000000000000000e+02	9.319513361782582050e-01	7.947053474779166038e+01
4.180000000000000000e+02	8.914986258133082986e-01	7.928814226676519183e+01
4.190000000000000000e+02	1.326929433711325101e+00	7.925712633545460051e+01
4.200000000000000000e+02	1.268518954048247105e+00	7.908155289496762919e+01
4.210000000000000000e+02	1.221617766123575866e+00	7.894057471820281080e+01
4.220000000000000000e+02	1.349649673226756441e+00	7.932542008416923807e+01
4.230000000000000000e+02	9.231382411233377550e-01	7.943079841719509204e+01
4.240000000000000000e+02	8.942861898475895632e-01	7.930071078728323641e+01
4.250000000000000000e+02	1.348576801287518556e+00	7.932219518653681689e+01
4.260000000000000000e+02	1.323993599421223299e+00	7.924830164286542811e+01
4.270000000000000000e+02	1.232106177880570197e+00	7.897210136458615182e+01
4.280000000000000000e+02	1.244866864430302922e+00	7.901045813983326127e+01
4.290000000000000000e+02	2.138023272498744465e+00	7.912452162259293686e+01
4.300000000000000000e+02	1.083874592761751021e+00	7.852653869264325692e+01
4.310000000000000000e+02	2.068383757552106239e+00	7.899892584625055747e+01
4.320000000000000000e+02	1.221322914436735019e+00	7.893968843674457503e+01
4.330000000000000000e+02	7.509111490847508730e-01	7.865426388258674706e+01
4.340000000000000000e+02	1.012299019952639600e+00	7.983280499510337336e+01
4.350000000000000000e+02	1.359819541213282523e+00	7.935598923412301531e+01
4.360000000000000000e+02	1.428590564917815886e+00	7.956270496916341983e+01
4.370000000000000000e+02	8.912464846417257336e-01	7.928700541701053339e+01
4.380000000000000000e+02	8.623641155859497198e-01	7.915678109081630964e+01
4.390000000000000000e+02	1.910393963314976240e+00	7.871398918526736566e+01
4.400000000000000000e+02	8.957738163152692001e-01	7.930741817177819541e+01
4.410000000000000000e+02	8.179607034194192883e-01	7.895657575381838456e+01
4.420000000000000000e+02	8.228238783564025827e-01	7.897850275288519128e+01
4.430000000000000000e+02	1.216406525898875435e+00	7.892491048499101680e+01
4.440000000000000000e+02	9.240201481609193745e-01	7.943477474439710306e+01
4.450000000000000000e+02	1.308119438778046817e+00	7.920058621551332578e+01
4.460000000000000000e+02	8.914986870543947228e-01	7.928814254288793961e+01
4.470000000000000000e+02	1.160384970944472238e+00	7.875651780611714514e+01
4.480000000000000000e+02	1.468349366063764094e+00	7.857880279383746824e+01
4.490000000000000000e+02	1.452472201328457668e+00	7.963448970870435062e+01
4.500000000000000000e+02	1.139949127024342923e+00	7.869509061964294006e+01
4.510000000000000000e+02	8.908787209757363934e-01	7.928534725055230581e+01
4.520000000000000000e+02	1.586836769606079001e+00	7.884591977200159363e+01
4.530000000000000000e+02	8.438420399981030329e-01	7.907326907667066962e+01
4.540000000000000000e+02	7.673492023245802596e-01	7.872837949280443581e+01
4.550000000000000000e+02	1.602868645877534970e+00	8.008655963449164972e+01
4.560000000000000000e+02	1.083628459035118619e+00	7.852579885031610729e+01
4.570000000000000000e+02	1.392464172568642411e+00	7.945411426705460656e+01
4.580000000000000000e+02	1.141064654977741233e+00	7.869844373507474700e+01
4.590000000000000000e+02	1.138700830017667087e+00	7.869133841966998943e+01
4.600000000000000000e+02	9.282353629330222233e-01	7.945378023187635108e+01
4.610000000000000000e+02	1.244250636517066688e+00	7.900860584799325181e+01
4.620000000000000000e+02	1.859109426823728706e+00	7.945972889650249726e+01
4.630000000000000000e+02	1.243816295354316370e+00	7.900730028137697047e+01
4.640000000000000000e+02	1.168713204258900351e+00	7.878155126902699124e+01
4.650000000000000000e+02	9.346284185227631269e-01	7.948260513037718056e+01
4.660000000000000000e+02	9.013308450969708119e-01	7.933247360706266704e+01
4.670000000000000000e+02	1.561128747926559424e+00	7.996109554771990702e+01
4.680000000000000000e+02	8.012647833008268439e-01	7.888129747787650103e+01
4.690000000000000000e+02	1.183231311499150173e+00	7.882519059628867808e+01
4.700000000000000000e+02	1.532505607777317813e+00	7.872343607049435832e+01
4.710000000000000000e+02	7.825790572855184646e-01	7.879704759951317783e+01
4.720000000000000000e+02	8.107438414155740958e-01	7.892403649120205955e+01
4.730000000000000000e+02	1.168306761026367546e+00	7.878032955954763850e+01
4.740000000000000000e+02	8.575552503241302693e-01	7.913509896227381546e+01
4.750000000000000000e+02	1.101184038632900819e+00	7.857856837947430506e+01
4.760000000000000000e+02	1.056276395133826096e+00	7.844358250846666181e+01
4.770000000000000000e+02	8.747225127460818150e-01	7.921250241824311900e+01
4.780000000000000000e+02	8.283900835884253633e-01	7.900359956279018547e+01
4.790000000000000000e+02	8.885745480163935728e-01	7.927495823535463160e+01
4.800000000000000000e+02	9.652504660001913761e-01	7.962067328855820847e+01
4.810000000000000000e+02	9.078821721173881976e-01	7.936201211705343894e+01
4.820000000000000000e+02	9.447374762945323079e-01	7.952818467526302015e+01
4.830000000000000000e+02	1.318265157838219181e+00	7.923108277729271265e+01
4.840000000000000000e+02	1.279391260641762784e+00	7.911423347361831304e+01
4.850000000000000000e+02	8.489144535076793563e-01	7.909613948699563934e+01
4.860000000000000000e+02	8.264014853422279039e-01	7.899463340540253853e+01
4.870000000000000000e+02	1.332285458384488530e+00	7.927322576974489721e+01
4.880000000000000000e+02	7.819035728875447511e-01	7.879400198713938153e+01
4.890000000000000000e+02	9.069357658950933931e-01	7.935774497704265684e+01
4.900000000000000000e+02	1.196298240927320400e+00	7.886446789326583939e+01
4.910000000000000000e+02	9.799167392836314328e-01	7.968680032794432577e+01
4.920000000000000000e+02	8.378401525146319528e-01	7.904620787016371253e+01
4.930000000000000000e+02	9.546386878434440781e-01	7.957282708669310978e+01
4.940000000000000000e+02	1.370826603653626741e+00	7.938907486932843938e+01
4.950000000000000000e+02	1.229415257913577086e+00	7.896401284897379469e+01
4.960000000000000000e+02	1.516994762325251767e+00	7.868846855460608936e+01
4.970000000000000000e+02	1.800967260721491936e+00	7.932865369990913962e+01
4.980000000000000000e+02	1.451707753256599842e+00	7.854128608579989645e+01
4.990000000000000000e+02	9.121254181126133842e-01	7.938114399122684972e+01
5.000000000000000000e+02	1.236865179873604781e+00	7.898640623518507198e+01
5.010000000000000000e+02	1.230240587697983834e+00	7.896649367074790860e+01
5.020000000000000000e+02	1.375837337385721781e+00	7.940413640906895409e+01
5.030000000000000000e+02	9.472225228913252471e-01	7.953938921038974286e+01
5.040000000000000000e+02	7.898094508321727991e-01	7.882964787291575703e+01
5.050000000000000000e+02	9.593523694879283470e-01	7.959408005298757871e+01
5.060000000000000000e+02	1.001058126080763611e+00	7.978212224717995582e+01
5.070000000000000000e+02	7.812634062691283798e-01	7.879111561495938076e+01
5.080000000000000000e+02	1.468440193309054731e+00	7.857900755399400339e+01
5.090000000000000000e+02	9.813669098283922532e-01	7.969333883182167710e+01
5.100000000000000000e+02	8.731575979468727544e-01	7.920544655745536033e+01
5.110000000000000000e+02	2.062921770963402679e+00	7.898907508197535776e+01
5.120000000000000000e+02	9.301102722767867759e-01	7.946223379070650594e+01
5.130000000000000000e+02	1.143241602052304184e+00	7.870498732262690567e+01
5.140000000000000000e+02	9.911783822611852646e-01	7.824790731191218640e+01
5.150000000000000000e+02	8.101731851487273817e-01	7.892146352609330506e+01
5.160000000000000000e+02	1.114435344490745994e+00	7.861839988529015955e+01
5.170000000000000000e+02	1.236746864897152243e+00	7.898605059750504154e+01
5.180000000000000000e+02	9.467594137611812233e-01	7.953730115195136818e+01
5.190000000000000000e+02	2.025512071771728095e+00	7.892160620002933058e+01
5.200000000000000000e+02	1.709201085241224494e+00	7.912177682726998285e+01
5.210000000000000000e+02	1.734860300075700579e+00	7.917962273935634698e+01
5.220000000000000000e+02	7.972814112637803818e-01	7.886333731891227217e+01
5.230000000000000000e+02	1.397679522327179846e+00	7.946979085292979050e+01
5.240000000000000000e+02	9.071866483311242790e-01	7.935887615143222718e+01
5.250000000000000000e+02	8.940154776002926518e-01	7.929949020458352038e+01
5.260000000000000000e+02	1.338617349227667175e+00	7.929225851637764322e+01
5.270000000000000000e+02	1.306336289221762037e+00	7.919522632625533731e+01
5.280000000000000000e+02	1.983610483268237523e+00	7.974040300177836116e+01
5.290000000000000000e+02	1.313003391493445804e+00	7.921526666988323484e+01
5.300000000000000000e+02	9.970318141524217026e-01	7.976396848157631325e+01
5.310000000000000000e+02	1.269317930153775809e+00	7.908395450140066885e+01
5.320000000000000000e+02	1.244926858233299516e+00	7.901063847251433003e+01
5.330000000000000000e+02	8.828575381524427224e-01	7.924918148013276209e+01
5.340000000000000000e+02	9.263770407517114558e-01	7.944540146095748412e+01
5.350000000000000000e+02	1.188048969242707420e+00	7.883967177757676836e+01
5.360000000000000000e+02	1.318815088136412017e+00	7.923273578810581341e+01
5.370000000000000000e+02	9.881494503124749196e-01	7.972391983307954888e+01
5.380000000000000000e+02	1.121488905767713540e+00	7.863960186870524183e+01
5.390000000000000000e+02	8.557745254508123400e-01	7.912707006075547156e+01
5.400000000000000000e+02	8.885072908902771349e-01	7.927465498758733986e+01
5.410000000000000000e+02	1.364441015875002217e+00	7.936988071748631057e+01
5.420000000000000000e+02	1.094279521110983922e+00	8.020243726120290262e+01
5.430000000000000000e+02	8.602428407610578365e-01	7.914721672356475324e+01
5.440000000000000000e+02	1.544490302952899130e+00	7.875045426368461676e+01
5.450000000000000000e+02	9.217581018986319430e-01	7.942457566932269231e+01
5.460000000000000000e+02	9.207944849899655226e-01	7.942023093006677925e+01
5.470000000000000000e+02	8.821510565934685966e-01	7.924599610829540097e+01
5.480000000000000000e+02	8.293007807404984000e-01	7.900770569836259938e+01
5.490000000000000000e+02	1.223981822994213875e+00	7.894768073069712955e+01
5.500000000000000000e+02	8.562752473188269819e-01	7.912932770685600303e+01
5.510000000000000000e+02	1.267356871888447145e+00	7.907805984433525737e+01
5.520000000000000000e+02	8.504054787913523095e-01	7.910286219601337621e+01
5.530000000000000000e+02	1.187285591144201291e+00	7.883737717359610997e+01
5.540000000000000000e+02	8.989094296345621071e-01	7.932155597089439425e+01
5.550000000000000000e+02	1.637472856287476519e+00	7.896007332804234125e+01
5.560000000000000000e+02	1.569307301179298175e+00	7.998567909404705745e+01
5.570000000000000000e+02	1.131123835009761436e+00	7.866856307028467654e+01
5.580000000000000000e+02	1.219668514145019422e+00	7.893471554912518684e+01
5.590000000000000000e+02	1.771850233454269841e+00	7.926301252536887887e+01
5.600000000000000000e+02	2.138961269868989490e+00	7.912621331312256245e+01
5.610000000000000000e+02	1.213792265045237073e+00	7.891705239556851836e+01
5.620000000000000000e+02	1.674136799733869196e+00	7.904272820517013542e+01
5.630000000000000000e+02	8.725566506257248500e-01	7.920273701656472554e+01
5.640000000000000000e+02	1.438732278463630720e+00	7.959318949094688378e+01
5.650000000000000000e+02	8.636859824066352997e-01	7.916274110108103912e+01
5.660000000000000000e+02	8.068069468002249112e-01	7.890628588883313910e+01
5.670000000000000000e+02	1.126021031151528184e+00	7.865322478108232929e+01
5.680000000000000000e+02	1.491443997527337473e+00	7.863086713134453021e+01
5.690000000000000000e+02	8.955111770850967545e-01	7.930623398855848905e+01
5.700000000000000000e+02	8.131619559899636585e-01	7.893493924438348586e+01
5.710000000000000000e+02	8.629052450651295558e-01	7.915922092605538296e+01
5.720000000000000000e+02	9.224780888601195050e-01	7.942782193408535818e+01
5.730000000000000000e+02	8.670721982192077792e-01	7.917800881238576949e+01
5.740000000000000000e+02	9.270957318333188368e-01	7.944864188287935747e+01
5.750000000000000000e+02	9.736437471126105914e-01	7.965851676930981284e+01
5.760000000000000000e+02	8.160911189882809058e-01	7.894814620386220838e+01
5.770000000000000000e+02	1.164275346380184928e+00	7.876821171111457431e+01
5.780000000000000000e+02	1.635015399165087313e+00	7.895453325795156729e+01
5.790000000000000000e+02	1.138677150320779763e+00	7.869126724193141342e+01
5.800000000000000000e+02	1.354627190647630819e+00	7.934038178048996315e+01
5.810000000000000000e+02	7.747781499819355044e-01	7.876187500354812698e+01
5.820000000000000000e+02	9.596098823786781695e-01	7.959524112265674489e+01
5.830000000000000000e+02	1.110079025973243816e+00	7.860530542288569222e+01
5.840000000000000000e+02	1.171742436966777712e+00	7.879065670373023522e+01
5.850000000000000000e+02	8.560750854188098335e-01	7.912842522034219428e+01
5.860000000000000000e+02	1.111397906522095580e+00	7.860926978676164367e+01
5.870000000000000000e+02	1.382705719422496315e+00	7.942478177051317800e+01
5.880000000000000000e+02	1.131003939351165499e+00	7.866820268130310012e+01
5.890000000000000000e+02	1.444965344806208529e+00	7.961192518544660857e+01
5.900000000000000000e+02	1.432913823506685391e+00	7.957570005821149550e+01
5.910000000000000000e+02	1.248162194532675517e+00	7.902036342475732056e+01
5.920000000000000000e+02	8.644659178963636226e-01	7.916625766073127579e+01
5.930000000000000000e+02	1.049194230287313623e+00	7.842229454686507495e+01
5.940000000000000000e+02	1.175922403516202364e+00	7.880322107766512829e+01
5.950000000000000000e+02	1.379384586229971621e+00	7.837824136332429248e+01
5.960000000000000000e+02	8.700547785530799993e-01	7.919145661902339839e+01
5.970000000000000000e+02	1.221808277533105169e+00	7.894114736790224640e+01
5.980000000000000000e+02	1.316300438677225237e+00	7.922517711610527158e+01
5.990000000000000000e+02	8.545973736880909666e-01	7.912176253924181424e+01
6.000000000000000000e+02	9.563062626057630133e-01	7.958034581894744974e+01
6.010000000000000000e+02	1.350969735192435461e+00	7.932938799921303996e+01
6.020000000000000000e+02	9.382065025742737374e-01	7.949873793388005083e+01
6.030000000000000000e+02	1.662499764972107386e+00	8.026580214028705029e+01
6.040000000000000000e+02	7.902580109563381860e-01	7.883167033304754057e+01
6.050000000000000000e+02	6.759543639277113547e-01	7.831630002574695482e+01
6.060000000000000000e+02	9.032637968958023844e-01	7.934118886671059556e+01
6.070000000000000000e+02	9.021813172569644879e-01	7.933630820123214278e+01
6.080000000000000000e+02	1.192299884736658377e+00	7.885244941376119243e+01
6.090000000000000000e+02	1.590434426091185571e+00	7.885403029767810779e+01
6.100000000000000000e+02	1.739486287729503866e+00	7.919005152592914953e+01
6.110000000000000000e+02	8.511769196340234211e-01	7.910634045514585466e+01
6.120000000000000000e+02	9.305721249159191188e-01	7.946431618389993901e+01
6.130000000000000000e+02	9.813455509674413602e-01	7.969324252935874142e+01
6.140000000000000000e+02	8.747041268431909877e-01	7.921241952020207577e+01
6.150000000000000000e+02	8.703639965924920840e-01	7.919285081597283238e+01
6.160000000000000000e+02	9.584710016022027768e-01	7.959010615670413813e+01
6.170000000000000000e+02	1.064796885090101952e+00	8.006950646169562447e+01
6.180000000000000000e+02	1.586723387709098931e+00	7.884566416483326634e+01
6.190000000000000000e+02	8.579448316795310614e-01	7.913685549995280155e+01
6.200000000000000000e+02	9.778077104321318824e-01	7.967729117512587322e+01
6.210000000000000000e+02	1.254369937041683869e+00	7.903902299948175880e+01
6.220000000000000000e+02	9.068522530763170053e-01	7.935736843588938427e+01
6.230000000000000000e+02	9.502378995077840340e-01	7.955298488833922477e+01
6.240000000000000000e+02	9.382949994364749857e-01	7.949913694700215672e+01
6.250000000000000000e+02	1.141961672288628549e+00	7.870114003916876300e+01
6.260000000000000000e+02	1.172927772495147680e+00	7.879421965062003608e+01
6.270000000000000000e+02	9.051376310360376154e-01	7.934963757768164783e+01
6.280000000000000000e+02	1.117226752035855419e+00	7.862679045200563621e+01
6.290000000000000000e+02	9.955676846705089345e-01	7.975736703988449960e+01
6.300000000000000000e+02	9.696112599522597186e-01	7.964033516092688103e+01
6.310000000000000000e+02	1.404111362099058180e+00	7.948912403156354856e+01
6.320000000000000000e+02	1.102259193060749043e+00	7.858180013793683827e+01
6.330000000000000000e+02	1.487807697019184472e+00	7.974070309002769363e+01
6.340000000000000000e+02	1.549319965478633820e+00	7.876134221312783268e+01
6.350000000000000000e+02	1.298390621112590182e+00	7.917134279893384985e+01
6.360000000000000000e+02	8.790868252128061222e-01	7.923218015482984811e+01
6.370000000000000000e+02	8.951712746332983750e-01	7.930470144226106299e+01
6.380000000000000000e+02	1.273113417963784855e+00	7.909536318794069132e+01
6.390000000000000000e+02	1.694648959660086884e+00	8.036243796236577452e+01
6.400000000000000000e+02	1.242959078025581032e+00	7.900472361026385215e+01
6.410000000000000000e+02	1.557660016960658922e+00	7.878014395308507289e+01
6.420000000000000000e+02	8.358381801594355620e-01	7.903718141182466184e+01
6.430000000000000000e+02	9.234964841061185092e-01	7.943241365696147227e+01
6.440000000000000000e+02	8.803497337250931754e-01	7.923787433489312093e+01
6.450000000000000000e+02	7.919031018839508551e-01	7.883908769057673283e+01
6.460000000000000000e+02	8.974436882790428616e-01	7.931494726161473352e+01
6.470000000000000000e+02	7.935530796475596116e-01	7.884652708178755631e+01
6.480000000000000000e+02	8.070821070072026204e-01	7.890752652641657505e+01
6.490000000000000000e+02	8.769405938626171348e-01	7.922250326402854625e+01
6.500000000000000000e+02	9.578068623866923259e-01	7.958711169729286894e+01
6.510000000000000000e+02	1.117443964557212954e+00	8.030688070327732930e+01
6.520000000000000000e+02	9.797085749028364710e-01	7.968586175998356680e+01
6.530000000000000000e+02	9.226734236357614360e-01	7.942870265614425307e+01
6.540000000000000000e+02	9.607874494917476582e-01	7.960055051689485595e+01
6.550000000000000000e+02	1.248446285737865535e+00	7.902121736176648881e+01
6.560000000000000000e+02	1.074989044163166874e+00	7.849983002072228544e+01
6.570000000000000000e+02	8.733724075640993956e-01	7.920641508734323111e+01
6.580000000000000000e+02	1.108752521320973017e+00	7.860131814205929857e+01
6.590000000000000000e+02	1.636533884042609133e+00	7.895795651713139307e+01
6.600000000000000000e+02	9.194967241914768774e-01	7.941437960861810552e+01
6.610000000000000000e+02	8.186515042753776950e-01	7.895969042477310040e+01
6.620000000000000000e+02	1.305510660790707878e+00	7.919274460679265815e+01
6.630000000000000000e+02	1.120111557142924319e+00	7.863546175826273554e+01
6.640000000000000000e+02	8.659177099804492572e-01	7.917280347577710131e+01
6.650000000000000000e+02	1.140603118616134282e+00	7.869705642363021525e+01
6.660000000000000000e+02	8.820838538980954047e-01	7.924569310594449689e+01
6.670000000000000000e+02	1.544507028113105473e+00	7.875049196874118707e+01
6.680000000000000000e+02	1.073301197005598340e+00	7.849475659666927641e+01
6.690000000000000000e+02	8.253234479270609159e-01	7.898977276894535748e+01
6.700000000000000000e+02	1.472739197880587714e+00	7.969540936444968793e+01
6.710000000000000000e+02	1.453648661055817026e+00	7.854566165156234092e+01
6.720000000000000000e+02	9.086461303486145225e-01	7.936545663871680745e+01
6.730000000000000000e+02	1.162894932158089922e+00	7.876406238593067144e+01
6.740000000000000000e+02	1.621340701896269332e+00	7.892370513865319026e+01
6.750000000000000000e+02	1.464847829437678328e+00	7.857090895994011248e+01
6.760000000000000000e+02	8.280203810826965993e-01	7.900193265452486457e+01
6.770000000000000000e+02	8.700607265737618778e-01	7.919148343735621154e+01
6.780000000000000000e+02	1.323440962086806172e+00	7.924664049509357255e+01
6.790000000000000000e+02	1.513987586457391510e+00	7.981939604524303888e+01
6.800000000000000000e+02	1.137448749779473633e+00	7.868757484785113832e+01
6.810000000000000000e+02	1.635682010324253532e+00	7.895603606038559974e+01
6.820000000000000000e+02	1.041938515947014476e+00	7.996644304214689214e+01
6.830000000000000000e+02	8.117271127535374831e-01	7.892846984800894461e+01
6.840000000000000000e+02	1.298459867445475480e+00	7.917155094337942955e+01
6.850000000000000000e+02	9.770941515714544057e-01	7.967407389327297551e+01
6.860000000000000000e+02	9.219683691786776381e-01	7.942552371879924067e+01
6.870000000000000000e+02	8.762786931868025153e-01	7.921951889770635091e+01
6.880000000000000000e+02	7.797002148219052131e-01	7.878406752439124716e+01
6.890000000000000000e+02	8.181549038190820688e-01	7.895745136122246777e+01
6.900000000000000000e+02	1.143524462766258631e+00	7.870583756095766148e+01
6.910000000000000000e+02	8.236878284932449557e-01	7.898239811632363683e+01
6.920000000000000000e+02	1.059055962046680621e+00	7.845193748395682576e+01
6.930000000000000000e+02	1.891539788963209290e+00	7.953283962453336642e+01
6.940000000000000000e+02	8.294732493009749907e-01	7.900848332162593124e+01
6.950000000000000000e+02	1.245530971857877311e+00	7.901245435055750477e+01
6.960000000000000000e+02	7.641568720818512350e-01	7.871398596940451853e+01
6.970000000000000000e+02	1.256630960483410497e+00	7.904581930841425219e+01
6.980000000000000000e+02	2.294036084903422257e+00	7.940589277097524246e+01
6.990000000000000000e+02	9.766661257994873058e-01	7.967214401807331114e+01
7.000000000000000000e+02	8.886310978182394571e-01	7.927521320612339650e+01
7.010000000000000000e+02	8.932618973854412614e-01	7.929609247514093795e+01
7.020000000000000000e+02	9.007690214709631604e-01	7.932994046641219654e+01
7.030000000000000000e+02	1.470121090913057760e+00	7.858279695502028517e+01
7.040000000000000000e+02	8.960998223610677771e-01	7.930888806220052345e+01
7.050000000000000000e+02	8.976721115963468556e-01	7.931597717271813508e+01
7.060000000000000000e+02	9.838526072920291687e-01	7.970454630156558551e+01
7.070000000000000000e+02	1.277795671399957200e+00	7.910943736349554456e+01
7.080000000000000000e+02	8.855798978035525071e-01	7.926145600825540782e+01
7.090000000000000000e+02	1.515170676734505673e+00	7.868435635182041210e+01
7.100000000000000000e+02	7.884828305884288291e-01	7.882366643049931554e+01
7.110000000000000000e+02	1.475179294597233515e+00	7.970274394170591847e+01
7.120000000000000000e+02	1.209055597412475036e+00	7.890281465882121381e+01
7.130000000000000000e+02	1.048769002020641494e+00	7.842101637229428945e+01
7.140000000000000000e+02	1.137357221027033960e+00	7.868729972568021935e+01
7.150000000000000000e+02	1.271971413258242922e+00	7.909193048722738695e+01
7.160000000000000000e+02	7.597750977732820044e-01	7.869422950116722859e+01
7.170000000000000000e+02	8.608780639285718017e-01	7.915008080679881175e+01
7.180000000000000000e+02	1.079435805212772603e+00	7.851319634027669281e+01
7.190000000000000000e+02	1.591505397571361557e+00	7.885644468652395744e+01
7.200000000000000000e+02	9.265618866292983924e-01	7.944623489085417134e+01
7.210000000000000000e+02	8.104958506333006518e-01	7.892291835465094607e+01
7.220000000000000000e+02	1.180838164863400985e+00	7.881799714417441294e+01
7.230000000000000000e+02	9.763427260033864519e-01	7.967068587866455687e+01
7.240000000000000000e+02	9.995123566219624722e-01	7.977515270857196583e+01
7.250000000000000000e+02	8.100556928776434518e-01	7.892093377897299433e+01
7.260000000000000000e+02	9.078232887143088403e-01	7.936174662458378748e+01
7.270000000000000000e+02	9.287134356160243742e-01	7.945593575772312533e+01
7.280000000000000000e+02	8.763876427342894848e-01	7.922001012754222415e+01
7.290000000000000000e+02	9.203325985722711211e-01	7.941814838457315773e+01
7.300000000000000000e+02	1.746706026673581214e+00	7.920632764298649420e+01
7.310000000000000000e+02	1.021800079118436733e+00	7.987564320638750814e+01
7.320000000000000000e+02	1.203175721590273195e+00	7.888514060386232529e+01
7.330000000000000000e+02	1.247666420240548746e+00	7.901887319905337392e+01
7.340000000000000000e+02	9.028949381474716818e-01	7.933952576276405466e+01
7.350000000000000000e+02	1.095135304772216767e+00	7.856038676171262125e+01
7.360000000000000000e+02	1.227482835379061221e+00	7.895820426676702652e+01
7.370000000000000000e+02	1.320702887646734158e+00	7.923841023996597244e+01
7.380000000000000000e+02	8.382947728056131531e-01	7.904825765427085571e+01
7.390000000000000000e+02	1.422944280975849907e+00	7.954573305755823753e+01
7.400000000000000000e+02	7.830580270539463372e-01	7.879920717012322484e+01
7.410000000000000000e+02	1.172544805462025330e+00	7.879306850719534339e+01
7.420000000000000000e+02	1.369039496541154755e+00	7.938370308422986454e+01
7.430000000000000000e+02	8.661255862323407051e-01	7.917374074462725275e+01
7.440000000000000000e+02	9.399322448916143102e-01	7.950651893100069856e+01
7.450000000000000000e+02	8.255649296052689490e-01	7.899086155736060277e+01
7.460000000000000000e+02	9.028859453363123899e-01	7.933948521613260141e+01
7.470000000000000000e+02	1.152995660830814950e+00	7.873430661033579270e+01
7.480000000000000000e+02	1.060613030593245298e+00	7.845661780644982741e+01
7.490000000000000000e+02	1.079607759824233959e+00	7.851371321092929634e+01
7.500000000000000000e+02	1.094395837798791460e+00	7.855816403111016655e+01
7.510000000000000000e+02	1.120325547059580096e+00	7.863610498095347623e+01
7.520000000000000000e+02	9.069765129196930564e-01	7.935792869652260606e+01
7.530000000000000000e+02	8.894697320761414394e-01	7.927899442576460842e+01
7.540000000000000000e+02	7.608829231416781580e-01	7.869922444503286840e+01
7.550000000000000000e+02	7.780598429412032280e-01	7.877667144401918620e+01
7.560000000000000000e+02	1.297163294794286159e+00	7.916765363381232135e+01
7.570000000000000000e+02	1.127818374305816773e+00	7.865862733423982434e+01
7.580000000000000000e+02	1.232803871268694618e+00	7.897419852984252486e+01
7.590000000000000000e+02	1.315116404150951102e+00	7.922161807983930260e+01
7.600000000000000000e+02	8.287230159831313614e-01	7.900510068261471019e+01
7.610000000000000000e+02	1.354191396295679528e+00	7.933907184579744865e+01
7.620000000000000000e+02	1.397670845048027966e+00	7.946976477028566421e+01
7.630000000000000000e+02	8.589167926140347520e-01	7.914123786060812904e+01
7.640000000000000000e+02	8.152834076353996373e-01	7.894450440888046217e+01
7.650000000000000000e+02	9.406987763196268393e-01	7.950997505464924586e+01
7.660000000000000000e+02	1.943495785861614422e+00	7.964996877475607562e+01
7.670000000000000000e+02	7.725058962879439717e-01	7.875162990538214558e+01
7.680000000000000000e+02	1.002591473563639646e+00	7.978903577779766465e+01
7.690000000000000000e+02	9.249175745712843177e-01	7.943882104507876818e+01
7.700000000000000000e+02	1.315072426269551897e+00	7.922148588869846719e+01
7.710000000000000000e+02	1.142275844362435677e+00	7.870208439491145214e+01
7.720000000000000000e+02	1.184646380396841892e+00	7.882944408840734241e+01
7.730000000000000000e+02	8.888547936727944077e-01	7.927622180212449621e+01
7.740000000000000000e+02	1.308962623582848206e+00	7.920312070689224981e+01
7.750000000000000000e+02	9.487799719025808987e-01	7.954641140956188394e+01
7.760000000000000000e+02	1.340286337540224304e+00	7.929727525347446715e+01
7.770000000000000000e+02	9.193450246414648364e-01	7.941369562831005169e+01
7.780000000000000000e+02	7.567700821167225866e-01	7.868068053853460242e+01
7.790000000000000000e+02	9.048356840945304125e-01	7.934827616453276278e+01
7.800000000000000000e+02	8.900622733322393065e-01	7.928166606553449469e+01
7.810000000000000000e+02	1.409723819723331051e+00	7.844663786901416813e+01
7.820000000000000000e+02	7.812394453160593777e-01	7.879100758022849504e+01
7.830000000000000000e+02	8.644774174909618525e-01	7.916630950990456483e+01
7.840000000000000000e+02	1.712856892863665825e+00	7.913001844836776399e+01
7.850000000000000000e+02	9.177676800005063473e-01	7.940658372406673493e+01
7.860000000000000000e+02	1.176333961681095719e+00	7.880445816189022423e+01
7.870000000000000000e+02	8.310174892262757185e-01	7.901544596389970820e+01
7.880000000000000000e+02	9.240772230585331259e-01	7.943503208270857385e+01
7.890000000000000000e+02	9.386436816832667285e-01	7.950070907948742160e+01
7.900000000000000000e+02	1.339947402038614621e+00	7.929625646245504811e+01
7.910000000000000000e+02	8.755897953790386934e-01	7.921641280718242228e+01
7.920000000000000000e+02	1.229215405903991254e+00	7.896341212278366584e+01
7.930000000000000000e+02	9.229873718985930342e-01	7.943011818064323393e+01
7.940000000000000000e+02	1.001257977409593991e+00	7.978302333339576080e+01
7.950000000000000000e+02	8.247775524466502972e-01	7.898731144484236211e+01
7.960000000000000000e+02	1.019172383793565562e+00	7.986379549914215659e+01
7.970000000000000000e+02	9.733902268029938076e-01	7.965737370132143269e+01
7.980000000000000000e+02	1.331210992540894367e+00	7.926999608106687845e+01
7.990000000000000000e+02	1.553071865793203887e+00	7.876980046475998165e+01
8.000000000000000000e+02	8.097636709495317220e-01	7.891961711555288161e+01
8.010000000000000000e+02	8.195436556518082005e-01	7.896371294147297704e+01
8.020000000000000000e+02	1.722017376392041221e+00	7.915066976323727488e+01
8.030000000000000000e+02	1.517662712104205225e+00	7.983044294055626722e+01
8.040000000000000000e+02	1.492492460301227064e+00	7.863323077675751449e+01
8.050000000000000000e+02	1.123655843326211823e+00	7.864611536910207690e+01
8.060000000000000000e+02	9.171676053991393296e-01	7.940387811807997309e+01
8.070000000000000000e+02	9.772286290838960721e-01	7.967468022315583198e+01
8.080000000000000000e+02	1.227337185083478666e+00	7.895776646307750468e+01
8.090000000000000000e+02	1.085772847427668664e+00	8.016408251798830520e+01
8.100000000000000000e+02	1.128715411280488468e+00	7.866132369744030939e+01
8.110000000000000000e+02	1.416593160722715350e+00	7.846212405197435658e+01
8.120000000000000000e+02	1.188544668920698211e+00	7.884116177900142475e+01
8.130000000000000000e+02	1.468245691393982311e+00	7.968190253488323549e+01
8.140000000000000000e+02	9.195368032185456952e-01	7.941456031624235834e+01
8.150000000000000000e+02	1.342033159493198013e+00	7.930252594721932269e+01
8.160000000000000000e+02	1.731574782317415240e+00	7.917221589652697844e+01
8.170000000000000000e+02	1.688528479596423715e+00	7.907517268382915177e+01
8.180000000000000000e+02	1.378320579364689102e+00	7.941160067473367690e+01
8.190000000000000000e+02	9.818888640711262994e-01	7.969569221008622151e+01
8.200000000000000000e+02	7.598845198291548364e-01	7.869472286144073792e+01
8.210000000000000000e+02	8.975424564244091075e-01	7.931539258572075823e+01
8.220000000000000000e+02	8.156416815992145741e-01	7.894611978833358990e+01
8.230000000000000000e+02	7.192439112859911887e-01	7.851148318835727480e+01
8.240000000000000000e+02	9.520952080994301570e-01	7.956135908920255417e+01
8.250000000000000000e+02	1.518280669125774640e+00	7.869136749177987156e+01
8.260000000000000000e+02	8.939267064300786547e-01	7.929908995466618649e+01
8.270000000000000000e+02	1.286668365593943708e+00	7.913610739693838525e+01
8.280000000000000000e+02	1.204782767132834831e+00	7.888997114996560356e+01
8.290000000000000000e+02	1.225139429320994067e+00	7.895116032762382474e+01
8.300000000000000000e+02	1.529882988029217961e+00	7.871752365920806938e+01
8.310000000000000000e+02	1.159200236694856834e+00	7.875295666658416849e+01
8.320000000000000000e+02	9.059578942280492875e-01	7.935333596617864771e+01
8.330000000000000000e+02	9.750181373332338364e-01	7.966471359617200676e+01
8.340000000000000000e+02	1.111070163175242431e+00	7.860828463773812302e+01
8.350000000000000000e+02	1.069808658663005119e+00	7.848425853234283522e+01
8.360000000000000000e+02	9.147927568786082819e-01	7.939317044213404984e+01
8.370000000000000000e+02	1.197764009738441882e+00	7.886887378197984333e+01
8.380000000000000000e+02	8.301994788130158121e-01	7.901175773269260105e+01
8.390000000000000000e+02	9.176328623043055188e-01	7.940597586036923872e+01
8.400000000000000000e+02	1.026212718040685923e+00	7.989553883646129862e+01
8.410000000000000000e+02	1.323068369907998809e+00	7.924552053697802023e+01
8.420000000000000000e+02	8.154636565411750304e-01	7.894531711203013913e+01
8.430000000000000000e+02	8.615167633681489745e-01	7.915296056378824119e+01
8.440000000000000000e+02	1.302635392593799235e+00	7.918410196710600246e+01
8.450000000000000000e+02	1.134402281957821668e+00	7.867841760689258024e+01
8.460000000000000000e+02	8.207166441408673130e-01	7.896900169169032324e+01
8.470000000000000000e+02	8.873405051314753322e-01	7.926939420413290804e+01
8.480000000000000000e+02	8.332327320729294717e-01	7.902543401254297351e+01
8.490000000000000000e+02	1.283219637568479232e+00	7.912574102007882004e+01
8.500000000000000000e+02	8.217648255994822737e-01	7.897372771412685211e+01
8.510000000000000000e+02	1.195256318870328904e+00	7.886133602649601926e+01
8.520000000000000000e+02	1.166272096925780044e+00	7.877421365400404341e+01
8.530000000000000000e+02	1.166310719416734365e+00	7.877432974761697437e+01
8.540000000000000000e+02	7.799141314694357785e-01	7.878503202807280559e+01
8.550000000000000000e+02	1.364471897805704215e+00	7.936997354409642469e+01
8.560000000000000000e+02	1.209677561880822427e+00	7.890468419391487487e+01
8.570000000000000000e+02	1.876442042084729422e+00	7.865275645111499614e+01
8.580000000000000000e+02	7.801154730887822630e-01	7.878593983368472209e+01
8.590000000000000000e+02	9.885882161825925163e-01	7.972589813304803386e+01
8.600000000000000000e+02	1.544953798097846720e+00	7.875149916313225162e+01
8.610000000000000000e+02	1.195124164062109973e+00	7.886093878828654624e+01
8.620000000000000000e+02	1.270946713609760081e+00	7.908885038852271521e+01
8.630000000000000000e+02	8.395148440967471481e-01	7.905375869061209926e+01
8.640000000000000000e+02	9.141988518418406873e-01	7.939049265337348515e+01
8.650000000000000000e+02	9.066751370634338336e-01	7.935656985827299081e+01
8.660000000000000000e+02	8.419626250997780392e-01	7.906479520327403065e+01
8.670000000000000000e+02	7.659694038191657839e-01	7.872215828116128478e+01
8.680000000000000000e+02	8.486418884999541445e-01	7.909491055060172471e+01
8.690000000000000000e+02	1.203617672462270916e+00	7.888646904416225425e+01
8.700000000000000000e+02	1.283582979602493568e+00	7.912683317359910973e+01
8.710000000000000000e+02	1.169515827619258319e+00	7.878396383857968033e+01
8.720000000000000000e+02	1.222931575946734739e+00	7.894452384021188607e+01
8.730000000000000000e+02	1.035703796869132942e+00	7.993833204857293140e+01
8.740000000000000000e+02	1.556457407111062397e+00	7.877743279983729963e+01
8.750000000000000000e+02	1.340086541795711961e+00	7.929667469640899924e+01
8.760000000000000000e+02	1.267321914619537360e+00	7.907795476784885125e+01
8.770000000000000000e+02	1.616631514302008243e+00	7.891308878685391903e+01
8.780000000000000000e+02	8.832198925963765657e-01	7.925081525758409384e+01
8.790000000000000000e+02	7.797265181390367061e-01	7.878418612033271984e+01
8.800000000000000000e+02	1.993828329664430576e+00	7.886446415660114440e+01
8.810000000000000000e+02	8.487501265672672268e-01	7.909539857252809725e+01
8.820000000000000000e+02	1.611893418522363897e+00	7.890240726469144761e+01
8.830000000000000000e+02	1.129954118196886625e+00	7.866504707099112181e+01
8.840000000000000000e+02	1.166386405762177336e+00	7.877455724980740115e+01
8.850000000000000000e+02	1.304952916648304262e+00	7.919106810869578794e+01
8.860000000000000000e+02	1.712167912777994738e+00	7.912846521761920826e+01
8.870000000000000000e+02	1.128318332938835322e+00	7.866013013746633931e+01
8.880000000000000000e+02	8.867392677458166839e-01	7.926668335540443877e+01
8.890000000000000000e+02	7.990303353211972714e-01	7.887122283746172968e+01
8.900000000000000000e+02	1.985704580435557975e+00	7.974512391632787001e+01
8.910000000000000000e+02	1.100700948847082472e+00	7.857711628155882977e+01
8.920000000000000000e+02	1.414078227058751747e+00	7.951908298382581108e+01
8.930000000000000000e+02	1.205013412766517078e+00	7.889066443732896516e+01
8.940000000000000000e+02	1.656149188896376412e+00	8.024671322855199662e+01
8.950000000000000000e+02	1.141851013894922495e+00	7.870080741606732033e+01
8.960000000000000000e+02	9.772054776443418467e-01	7.967457583834547563e+01
8.970000000000000000e+02	7.732442378856603238e-01	7.875495892721127689e+01
8.980000000000000000e+02	9.568377587151322139e-01	7.958274221941528026e+01
8.990000000000000000e+02	1.538815399419693808e+00	7.873766081022166929e+01
9.000000000000000000e+02	2.237402613024732201e+00	7.863122274915708942e+01
9.010000000000000000e+02	1.522869557929992013e+00	7.870171264302690872e+01
9.020000000000000000e+02	7.854029875874947164e-01	7.880978008763021592e+01
9.030000000000000000e+02	1.340472212871409274e+00	7.929783396779397719e+01
9.040000000000000000e+02	1.806668885485372078e+00	7.934150739348349646e+01
9.050000000000000000e+02	1.308407928194669445e+00	7.920145337290892940e+01
9.060000000000000000e+02	1.153883207353188389e+00	7.873697444661145539e+01
9.070000000000000000e+02	1.477188949486242908e+00	7.859873067428257798e+01
9.080000000000000000e+02	8.585328590716374553e-01	7.913950678769076319e+01
9.090000000000000000e+02	1.710887486920721789e+00	7.912557863663647595e+01
9.100000000000000000e+02	8.987920978000656369e-01	7.932102694714780000e+01
9.110000000000000000e+02	1.667864286353605507e+00	7.902858750523462561e+01
9.120000000000000000e+02	1.223069420995417378e+00	7.894493818245989303e+01
9.130000000000000000e+02	1.011698576922501980e+00	7.983009772795134040e+01
9.140000000000000000e+02	1.225035261102103146e+00	7.895084721304770881e+01
9.150000000000000000e+02	9.054454513370028268e-01	7.935102547253214311e+01
9.160000000000000000e+02	9.282647161932354729e-01	7.945391257934846863e+01
9.170000000000000000e+02	8.496785447207534370e-01	7.909958460824526583e+01
9.180000000000000000e+02	8.348019479927724085e-01	7.903250926614907712e+01
9.190000000000000000e+02	8.744851271871310061e-01	7.921143209833954302e+01
9.200000000000000000e+02	1.065591892436101862e+00	7.847158354390826673e+01
9.210000000000000000e+02	8.790204065673468126e-01	7.923188068758963709e+01
9.220000000000000000e+02	8.536345390624127116e-01	7.911742132712991804e+01
9.230000000000000000e+02	1.968709168170856394e+00	7.970680960585200125e+01
9.240000000000000000e+02	1.440568047923125317e+00	7.959870754801136172e+01
9.250000000000000000e+02	1.476630876814538418e+00	7.859747256007628380e+01
9.260000000000000000e+02	8.079333292005729250e-01	7.891136450232357902e+01
9.270000000000000000e+02	8.509478964226327991e-01	7.910530783925037213e+01
9.280000000000000000e+02	1.603489598519004744e+00	7.888346176553102396e+01
9.290000000000000000e+02	1.202244668193258148e+00	7.888234199222391396e+01
9.300000000000000000e+02	1.174365678173284078e+00	7.879854178679256904e+01
9.310000000000000000e+02	9.057569861675134337e-01	7.935243011538921110e+01
9.320000000000000000e+02	1.525609047892755310e+00	7.870788852551473269e+01
9.330000000000000000e+02	1.102243861187824248e+00	7.858175405254780799e+01
9.340000000000000000e+02	8.929180410243335864e-01	7.929454210152557891e+01
9.350000000000000000e+02	1.096240622748439808e+00	7.856370918743208165e+01
9.360000000000000000e+02	1.251554794469788234e+00	7.903056108871403751e+01
9.370000000000000000e+02	1.400377938182931992e+00	7.842556859446922601e+01
9.380000000000000000e+02	1.846828400308972329e+00	7.943204265650312834e+01
9.390000000000000000e+02	8.523198891762001628e-01	7.911149385645455823e+01
9.400000000000000000e+02	1.176015165447589883e+00	7.880349990659333059e+01
9.410000000000000000e+02	8.056277767628171604e-01	7.890096926735748184e+01
9.420000000000000000e+02	1.127437574569664758e+00	7.865748270539585008e+01
9.430000000000000000e+02	9.150168261974473971e-01	7.939418072200446375e+01
9.440000000000000000e+02	8.328154253430288811e-01	7.902355246717485215e+01
9.450000000000000000e+02	1.281312909221061780e+00	7.912000967087641357e+01
9.460000000000000000e+02	1.686007013613644023e+00	7.906948831271688505e+01
9.470000000000000000e+02	8.255838363374037314e-01	7.899094680370754418e+01
9.480000000000000000e+02	1.197367006757084074e+00	7.886768044852799164e+01
9.490000000000000000e+02	1.211153407447284280e+00	7.890912037189571038e+01
9.500000000000000000e+02	1.219816533084152832e+00	7.893516047261410051e+01
9.510000000000000000e+02	9.634034346727101683e-01	7.961234542564582739e+01
9.520000000000000000e+02	1.682130365308552200e+00	7.906074883029340583e+01
9.530000000000000000e+02	1.927524699294391741e+00	7.874488469173807914e+01
9.540000000000000000e+02	1.128568580998565940e+00	7.866088234688278646e+01
9.550000000000000000e+02	1.615580288532480147e+00	7.891071891256746085e+01
9.560000000000000000e+02	8.277346839804702316e-01	7.900064450837034258e+01
9.570000000000000000e+02	1.406347414615186420e+00	7.949584528151099505e+01
9.580000000000000000e+02	1.055858767055549041e+00	7.844232717896123575e+01
9.590000000000000000e+02	1.572192181370516639e+00	7.881290513889297245e+01
9.600000000000000000e+02	1.171748727103819387e+00	7.879067561097100736e+01
9.610000000000000000e+02	1.171387634309660752e+00	7.878959021833989596e+01
9.620000000000000000e+02	1.278617079606878537e+00	7.911190639757582233e+01
9.630000000000000000e+02	1.414543057645511581e+00	7.845750231732125712e+01
9.640000000000000000e+02	9.944943191503804458e-01	7.975252746798689429e+01
9.650000000000000000e+02	8.161076960179585171e-01	7.894822094608699103e+01
9.660000000000000000e+02	9.549218607583296325e-01	7.957410385183540313e+01
9.670000000000000000e+02	7.716531075777801618e-01	7.874778486639131359e+01
9.680000000000000000e+02	2.031898310450302780e+00	7.832236466713150946e+01
9.690000000000000000e+02	9.785062618000748280e-01	7.968044079145501257e+01
9.700000000000000000e+02	9.288167164885824389e-01	7.945640142873548939e+01
9.710000000000000000e+02	1.295351965098979541e+00	7.916220903913863083e+01
9.720000000000000000e+02	1.230829793752288293e+00	7.896826473879437458e+01
9.730000000000000000e+02	1.314164760448320868e+00	7.921875757672492568e+01
9.740000000000000000e+02	1.732170081748076740e+00	7.917355793441679168e+01
9.750000000000000000e+02	9.072384262244704844e-01	7.935910960670246084e+01
9.760000000000000000e+02	1.104992793861077516e+00	7.859001694595143306e+01
9.770000000000000000e+02	1.101616806515846925e+00	7.857986921703938776e+01
9.780000000000000000e+02	1.020378756274411547e+00	7.986923477052442877e+01
9.790000000000000000e+02	8.242356072416968660e-01	7.898486793167302267e+01
9.800000000000000000e+02	1.325056623533322764e+00	7.925149693935604489e+01
9.810000000000000000e+02	9.111992642025876776e-01	7.937696816449141579e+01
9.820000000000000000e+02	1.120560066947098754e+00	8.032093053185238318e+01
9.830000000000000000e+02	1.390681464765511244e+00	7.944875570564261125e+01
9.840000000000000000e+02	8.360112743884396957e-01	7.903796185609144231e+01
9.850000000000000000e+02	9.727125026211618231e-01	7.965431799024889870e+01
9.860000000000000000e+02	9.538098998272632745e-01	7.956909026161631004e+01
9.870000000000000000e+02	1.665668662975980929e+00	7.902363771087433975e+01
9.880000000000000000e+02	9.971113485183272784e-01	7.976432708475007871e+01
9.890000000000000000e+02	1.345757659324839040e+00	7.931372125417976804e+01
9.900000000000000000e+02	7.872463546534975709e-01	7.881809142918379507e+01
9.910000000000000000e+02	8.301901374995803717e-01	7.901171561474009764e+01
9.920000000000000000e+02	8.130061998753757013e-01	7.893423697390721827e+01
9.930000000000000000e+02	9.038534117191880934e-01	7.934384731183126860e+01
9.940000000000000000e+02	1.140327719005016505e+00	7.869622861229375133e+01
9.950000000000000000e+02	1.187939262706119159e+00	7.883934201561993405e+01
9.960000000000000000e+02	7.686049151773481913e-01	7.873404122920248938e+01
9.970000000000000000e+02	8.636626282192922943e-01	7.916263580212496720e+01
9.980000000000000000e+02	1.215161765618010037e+00	7.892116891590352168e+01
9.990000000000000000e+02	7.756894651810422037e-01	7.876598392576032381e+01
