#Frame   pw_nb_121[EVDW] pw_nb_121[EELEC]
       1         -2.5123         -21.9374
       2         -1.5428         -22.3713
       3         -2.5059         -21.4343
       4         -2.5037         -19.8318
       5         -2.6752         -20.4350
       6         -2.4450         -21.6902
       7         -2.5743         -20.8928
       8         -2.7131         -20.1484
       9         -2.3924         -20.3696
      10         -2.0319         -20.1619
      11         -2.5949         -17.5757
      12         -2.0558         -23.1551
      13         -2.5829         -20.7182
      14         -2.6064         -19.6317
      15         -2.4236         -21.7752
      16         -2.6188         -22.2829
      17         -2.5186         -21.3527
      18         -2.5627         -19.5769
      19         -2.6045         -20.2887
      20         -2.3545         -22.6770
      21         -2.6019         -22.3531
      22         -2.3961         -21.5438
      23         -2.6547         -20.4442
      24         -2.3473         -23.5555
      25         -2.5862         -21.2679
      26         -2.3031         -22.8523
      27         -2.4318         -22.0707
      28         -2.4501         -21.8774
      29         -2.2618         -22.1517
      30         -2.4355         -20.9368
      31         -2.4502         -20.5588
      32         -2.4134         -20.4508
      33         -2.2944         -20.6530
      34         -2.0427         -20.1778
      35         -1.9964         -22.3317
      36         -2.6037         -21.5042
      37         -2.2369         -22.0512
      38         -2.5707         -21.5715
      39         -2.6246         -21.5258
      40         -2.6831         -20.9049
      41         -2.6940         -20.2437
      42         -2.3967         -20.1863
      43         -2.2652         -20.5827
      44         -2.1862         -21.6802
      45         -1.9886         -23.2523
      46         -2.4712         -20.5004
      47         -2.3620         -19.1735
      48         -2.6578         -21.4314
      49         -2.3288         -23.1193
      50         -2.3255         -21.1710
      51         -2.2645         -21.5117
      52         -2.5194         -20.7578
      53         -2.0837         -21.9919
      54         -2.5526         -20.7254
      55         -2.5794         -19.1257
      56         -2.5786         -20.8657
      57         -2.2697         -21.0292
      58         -2.2716         -22.2718
      59         -2.5736         -21.4867
      60         -2.6648         -19.2732
      61         -1.2547         -19.7784
      62         -2.5369         -20.7626
      63         -2.2990         -21.3280
      64         -2.4680         -20.7423
      65         -2.5584         -21.4667
      66         -2.0563         -21.5129
      67         -2.3929         -21.3987
      68         -2.6321         -20.3816
      69         -1.8582         -22.6646
      70         -2.4884         -21.9575
      71         -2.5902         -19.9851
      72         -2.0321         -19.5183
      73         -2.4960         -20.0455
      74         -2.4505         -21.8249
      75         -2.2583         -20.6838
      76         -2.2616         -22.1746
      77         -2.7111         -19.4896
      78         -2.3346         -20.1905
      79         -2.1817         -22.2758
      80         -2.3280         -22.2691
      81         -2.4801         -22.3758
      82         -2.4318         -22.1288
      83         -2.6744         -20.0424
      84         -2.2197         -19.9338
      85         -2.4143         -21.0730
      86         -2.0577         -22.0078
      87         -2.1424         -20.6298
      88         -2.6795         -19.6310
      89         -2.5245         -20.5551
      90         -2.2946         -18.9641
      91         -1.5258         -22.7346
      92         -2.0117         -21.7821
      93         -2.2328         -22.4712
      94         -2.5514         -21.2159
      95         -1.9913         -22.7815
      96         -2.4605         -20.3474
      97         -2.5985         -18.5882
      98         -2.4567         -21.7814
      99         -2.4318         -19.4441
     100         -2.4992         -18.9713
     101         -2.1300         -18.7219
     102         -0.8506         -22.7198
     103         -1.8783         -22.2764
     104         -2.0419         -21.5571
     105         -2.4988         -21.1503
     106         -2.5604         -21.8285
     107         -2.5818         -20.1663
     108         -1.7552         -22.3851
     109         -2.4070         -18.9090
     110         -2.1715         -20.9253
     111         -2.4906         -20.4441
     112         -2.0220         -20.9447
     113         -2.2796         -21.4241
     114         -2.4737         -21.8987
     115         -2.5821         -19.3408
     116         -2.1670         -21.2945
     117         -2.2513         -20.8325
     118         -2.4779         -20.8580
     119         -2.3421         -19.3124
     120         -2.1662         -20.9534
     121         -2.7313         -21.5778
     122         -1.9020         -19.1382
     123         -2.2681         -21.0640
     124         -2.4502         -21.8407
     125         -2.5199         -19.7292
     126         -2.6712         -20.5230
     127         -2.6774         -19.1852
     128         -0.7727         -21.5693
     129         -2.4960         -18.6632
     130         -2.5892         -19.2642
     131         -1.8580         -20.8976
     132         -2.4699         -19.9502
     133         -2.6392         -17.4707
     134         -2.3165         -21.8741
     135         -1.4023         -19.6638
     136         -2.6183         -21.3203
     137         -2.5500         -19.1419
     138         -2.4883         -22.4854
     139         -2.2378         -18.5367
     140         -2.7057         -19.7250
     141         -2.6136         -20.8779
     142         -2.5694         -20.6386
     143         -2.7545         -20.5403
     144         -2.4083         -20.5688
     145         -2.2393         -21.6919
     146         -1.3660         -22.7571
     147         -2.4930         -20.0851
     148         -2.7018         -19.3637
     149         -0.9529         -21.7083
     150         -2.4091         -21.0672
     151         -2.6708         -18.1789
     152         -1.8752         -18.7754
     153         -2.1643         -23.6152
     154         -2.3065         -21.8334
     155         -2.6413         -20.0966
     156         -2.0270         -21.6018
     157         -2.5062         -20.3217
     158         -2.7233         -20.5765
     159         -2.0808         -21.9071
     160         -2.5147         -20.0701
     161         -2.0777         -21.1787
     162         -2.5459         -21.4407
     163         -2.0025         -20.3011
     164         -2.2347         -20.9136
     165         -2.4395         -21.9885
     166         -2.2107         -20.9536
     167         -2.2154         -21.0852
     168         -2.5119         -19.9827
     169         -2.6188         -20.2144
     170         -2.2405         -20.0844
     171         -2.4938         -21.4227
     172         -2.6603         -19.3443
     173         -2.6688         -21.1514
     174         -2.6897         -20.3528
     175         -2.1213         -20.8569
     176         -2.6027         -20.1835
     177         -2.0867         -22.6836
     178         -2.3774         -19.3760
     179         -2.5162         -21.2925
     180         -1.3020         -21.5638
     181         -2.1582         -21.2895
     182         -2.7802         -19.4135
     183         -2.4372         -21.5525
     184         -2.5785         -20.6534
     185         -2.2684         -21.1689
     186         -2.6609         -19.2593
     187         -2.1315         -22.4239
     188         -2.6311         -20.0931
     189         -2.1755         -21.5934
     190         -2.4610         -21.7277
     191         -1.9684         -19.6328
     192         -2.5744         -21.1528
     193         -2.5397         -20.8328
     194         -2.5261         -20.7344
     195         -2.3271         -20.6948
     196         -2.1530         -22.7052
     197         -2.4749         -21.0160
     198         -2.6579         -20.7416
     199         -2.2904         -22.5651
     200         -1.6863         -18.7739
     201         -2.3864         -21.8535
     202         -2.4408         -21.5751
     203         -2.3995         -20.0089
     204         -2.5483         -20.0778
     205         -1.5392         -21.7211
     206         -2.4444         -21.9138
     207         -2.3612         -20.6575
     208         -2.3826         -20.8182
     209         -2.3195         -22.5274
     210         -2.5135         -19.6813
     211         -2.1470         -20.2519
     212         -2.5332         -21.8487
     213         -2.3668         -20.9452
     214         -2.6061         -17.7725
     215         -2.2301         -21.3749
     216         -2.2576         -18.8058
     217         -2.5378         -20.1411
     218         -2.6902         -19.8805
     219         -2.3005         -21.0682
     220         -2.5632         -21.1995
     221         -2.6326         -20.7594
     222         -2.6616         -20.0317
     223         -2.3066         -20.8903
     224         -2.6276         -20.9316
     225         -2.4762         -19.8584
     226         -2.1328         -21.3262
     227         -1.4051         -21.6221
     228         -2.3237         -20.3242
     229         -2.5618         -20.8250
     230         -2.4258         -21.7595
     231         -2.2157         -21.3212
     232         -2.4579         -20.1551
     233         -2.3018         -21.4528
     234         -2.2796         -22.3822
     235         -2.1417         -20.1119
     236         -2.5788         -20.1770
     237         -2.3897         -18.9263
     238         -2.5583         -20.5438
     239         -2.3785         -20.4354
     240         -2.6159         -19.6016
     241         -2.7217         -20.5370
     242         -2.7386         -20.9016
     243         -2.5094         -20.9149
     244         -2.6209         -19.4441
     245         -2.6448         -21.6112
     246         -2.6494         -20.7692
     247         -2.4285         -18.6676
     248         -2.3132         -22.2048
     249         -2.5829         -20.2518
     250         -2.1184         -22.1098
     251         -2.1135         -20.2107
     252         -2.3806         -19.7284
     253         -2.2108         -22.8104
     254         -2.5638         -21.4716
     255         -2.5513         -21.7162
     256         -2.5120         -22.3960
     257         -2.6559         -17.2435
     258         -2.1777         -21.0148
     259         -2.0044         -23.3662
     260         -2.7345         -20.2273
     261         -2.3730         -19.7675
     262         -2.4312         -20.5669
     263         -2.0120         -20.2950
     264         -2.5381         -20.4167
     265         -2.6686         -19.8161
     266         -2.3095         -21.0525
     267         -1.8389         -23.6784
     268         -2.6900         -20.3497
     269         -2.4724         -22.0882
     270         -2.5215         -21.0686
     271         -2.5156         -19.2980
     272         -2.4479         -21.4398
     273         -2.6115         -18.8380
     274         -2.1874         -21.7224
     275         -2.6291         -20.8117
     276         -2.5079         -18.6953
     277         -2.4422         -19.6907
     278         -1.8578         -21.2994
     279         -2.0219         -22.7082
     280         -1.6230         -22.2172
     281         -2.3055         -19.1181
     282         -2.4661         -19.4015
     283         -2.4119         -21.1490
     284         -2.4227         -22.2608
     285         -2.1368         -21.4415
     286         -1.8365         -21.9449
     287         -2.4495         -20.6031
     288         -2.3581         -23.7685
     289         -2.0837         -21.6810
     290         -2.3832         -20.1856
     291         -2.5932         -20.9805
     292         -2.2346         -21.0314
     293         -2.4498         -22.0907
     294         -2.4509         -21.3591
     295         -2.2662         -21.6501
     296         -1.3407         -22.6592
     297         -2.6150         -20.2489
     298         -1.1472         -21.1171
     299         -2.4453         -21.6151
     300         -2.5366         -19.7290
     301         -2.5323         -21.0257
     302         -2.3934         -19.9729
     303         -2.4764         -21.4158
     304         -2.4946         -22.0969
     305         -2.3752         -21.4717
     306         -2.6669         -20.0596
     307         -1.9916         -21.4826
     308         -2.4059         -18.9148
     309         -2.3490         -20.3044
     310         -2.2885         -20.6865
     311         -2.5638         -21.4837
     312         -1.8518         -20.3831
     313         -2.5528         -22.0922
     314         -2.2567         -19.1394
     315         -2.5149         -19.2590
     316         -1.8302         -21.6354
     317         -1.0188         -19.1955
     318         -1.4609         -21.6427
     319         -2.3295         -22.5237
     320         -2.4829         -18.9531
     321         -2.3467         -20.2658
     322         -2.5490         -21.6062
     323         -2.1286         -20.7629
     324         -2.5969         -20.7119
     325         -1.1540         -21.8513
     326         -2.5754         -18.9522
     327         -2.4744         -21.5940
     328         -2.7450         -19.5700
     329         -2.6257         -18.9145
     330         -2.4342         -19.0783
     331         -2.2326         -20.9729
     332         -2.1829         -21.8478
     333         -2.4838         -17.8420
     334         -2.7207         -19.7627
     335         -2.4673         -20.3556
     336         -2.1977         -22.0116
     337         -2.2867         -22.1320
     338         -2.5717         -22.4259
     339         -2.3447         -21.4473
     340         -2.5089         -19.1545
     341         -2.4060         -21.9643
     342         -2.3558         -21.2045
     343         -1.2623         -22.0920
     344         -2.1234         -20.3111
     345         -2.1801         -22.2166
     346         -2.5280         -21.9764
     347         -2.1004         -19.5269
     348         -2.3621         -18.3996
     349         -1.0018         -21.0572
     350         -2.5405         -20.4099
     351         -1.6310         -22.8930
     352         -2.4811         -21.8118
     353         -2.4769         -19.8858
     354         -2.1819         -23.0011
     355         -2.3364         -20.9577
     356         -2.4752         -18.9578
     357         -1.6100         -20.7031
     358         -2.4185         -20.7414
     359         -2.6481         -21.7651
     360         -2.3848         -20.7610
     361         -2.2194         -19.9661
     362         -2.3846         -20.4954
     363         -2.3863         -19.8401
     364         -2.6153         -19.0994
     365         -2.5793         -20.7325
     366         -2.4586         -23.1291
     367         -1.2256         -20.0850
     368         -2.5610         -20.5253
     369         -2.5817         -21.0992
     370         -2.6671         -20.4997
     371         -1.4266         -22.8717
     372         -2.3252         -21.2502
     373         -2.5575         -21.6849
     374         -2.6372         -20.7195
     375         -2.6150         -20.5610
     376         -2.3643         -19.2839
     377         -2.0516         -21.7763
     378         -2.6192         -20.3163
     379         -2.1801         -22.5717
     380         -2.5222         -21.7949
     381         -2.6286         -20.6205
     382         -2.6802         -19.5131
     383         -2.5404         -20.1327
     384         -2.3047         -21.3435
     385         -2.4073         -18.6326
     386         -2.4876         -21.3926
     387         -2.5755         -21.6462
     388         -2.3546         -21.3571
     389         -2.0334         -22.3732
     390         -2.4154         -20.0700
     391         -2.4846         -20.1821
     392         -2.5601         -22.3596
     393         -2.6779         -20.2347
     394         -2.2153         -23.0951
     395         -2.3483         -21.4995
     396         -2.2461         -20.7401
     397         -2.5896         -19.7471
     398         -1.8850         -21.5044
     399         -2.4925         -19.6013
     400         -2.6217         -19.6372
     401         -1.7843         -20.7355
     402         -2.6149         -20.1749
     403         -2.5506         -21.1864
     404         -2.4781         -19.4371
     405         -2.4426         -20.9187
     406         -2.5371         -21.9020
     407         -2.4807         -21.6700
     408         -2.2309         -19.9765
     409         -1.5403         -21.8677
     410         -2.2019         -20.8048
     411         -2.3887         -18.4466
     412         -2.6511         -22.3127
     413         -2.6338         -20.9777
     414         -2.2026         -21.3146
     415         -2.3310         -21.4537
     416         -2.3929         -19.6362
     417         -1.9831         -20.9717
     418         -2.5315         -21.3371
     419         -2.1130         -23.9172
     420         -2.6406         -19.0551
     421         -2.4911         -20.4878
     422         -2.7066         -18.2800
     423         -2.6198         -20.9325
     424         -2.2846         -21.4530
     425         -2.0956         -22.5554
     426         -2.4998         -19.4304
     427         -2.4811         -20.4965
     428         -2.6743         -21.4401
     429         -2.0038         -22.3205
     430         -2.3275         -21.9559
     431         -2.5032         -20.9764
     432         -2.7087         -18.6056
     433         -2.5937         -19.9828
     434         -2.1423         -21.3475
     435          0.6791         -22.1520
     436         -2.3753         -19.1734
     437         -2.1142         -20.6788
     438         -2.4961         -20.8978
     439         -2.0312         -22.3256
     440         -2.1965         -19.4017
     441         -2.6917         -18.5712
     442         -2.6009         -20.9964
     443         -1.8152         -22.7096
     444         -2.5731         -20.4774
     445         -2.2282         -21.5369
     446         -2.5626         -19.3888
     447         -2.0711         -20.8996
     448         -1.8965         -19.9244
     449         -1.9684         -21.0812
     450         -2.6665         -21.8520
     451         -2.2080         -21.2829
     452         -2.4816         -20.2893
     453         -2.5024         -21.1581
     454         -2.3277         -22.7528
     455         -2.7780         -19.4625
     456         -2.5225         -20.4495
     457         -2.5075         -20.0498
     458         -1.0218         -23.6149
     459         -2.5964         -18.7467
     460         -2.1069         -21.1874
     461         -2.5236         -20.2607
     462         -2.5542         -21.1393
     463         -2.3161         -20.0984
     464         -2.4267         -20.8786
     465         -1.6328         -22.5552
     466         -2.5041         -19.6026
     467         -2.6345         -18.8602
     468         -2.5539         -20.0531
     469         -2.1060         -21.0827
     470         -2.6188         -20.9753
     471         -2.5857         -20.5857
     472         -2.4500         -20.9357
     473         -2.6114         -19.3614
     474         -2.6083         -20.3301
     475         -2.4670         -18.1414
     476         -2.3214         -18.5602
     477         -2.2374         -21.8101
     478         -2.5828         -20.6300
     479         -2.2456         -22.7246
     480         -2.3113         -19.8375
     481         -2.5312         -22.3279
     482         -2.5636         -20.7273
     483         -2.4941         -19.6520
     484         -2.6026         -20.6977
     485         -2.0998         -20.5201
     486         -1.9333         -20.8078
     487         -2.2733         -20.4007
     488         -2.1454         -21.5414
     489         -2.0908         -21.8997
     490         -2.5331         -21.4072
     491         -2.1368         -18.5216
     492         -1.4437         -22.9664
     493         -2.3464         -21.2669
     494         -1.6052         -22.4306
     495         -2.2642         -20.4086
     496         -2.3013         -20.1194
     497         -2.5625         -21.6076
     498         -2.5649         -20.0818
     499         -2.2398         -20.4918
     500         -1.7294         -22.2703
     501         -2.1875         -23.3505
     502         -2.6737         -22.0215
     503         -1.9377         -21.9693
     504         -2.5642         -18.6632
     505         -2.4796         -20.2761
     506         -2.4038         -21.6745
     507         -2.5078         -21.6928
     508         -2.5917         -20.3626
     509         -2.0991         -21.2903
     510         -2.5461         -19.5983
     511         -2.3354         -20.5599
     512         -2.3800         -21.3149
     513         -2.3978         -22.2343
     514         -2.3765         -22.0180
     515         -2.5721         -22.5588
     516         -2.6506         -21.2634
     517         -2.1277         -20.1070
     518         -2.5516         -21.5443
     519         -2.4863         -21.0816
     520         -2.4346         -20.5680
     521         -2.7111         -20.5707
     522         -2.6474         -19.8675
     523         -2.3514         -22.2912
     524         -1.9789         -21.9723
     525         -2.6001         -22.2675
     526         -2.2966         -22.5212
     527         -2.6791         -20.4674
     528         -2.5202         -20.0874
     529         -2.5511         -19.8711
     530         -2.5600         -17.9015
     531         -1.8882         -21.7653
     532         -1.7072         -20.3431
     533         -2.3627         -21.0018
     534         -2.3894         -20.6329
     535         -2.5278         -21.1663
     536         -2.7020         -18.9855
     537         -2.2183         -20.9021
     538         -2.5266         -20.5224
     539         -2.7300         -19.0310
     540         -2.2106         -19.5056
     541         -2.5326         -18.4256
     542         -2.5265         -21.1827
     543         -2.1857         -24.9187
     544         -1.9175         -22.2725
     545         -1.8906         -23.5023
     546         -2.5451         -20.7070
     547         -2.4304         -21.7363
     548         -2.5369         -19.3975
     549         -1.7231         -20.0448
     550         -2.7230         -19.0206
     551         -2.4943         -19.5114
     552         -2.1657         -21.4024
     553         -2.5558         -22.0632
     554         -2.6142         -20.4506
     555         -2.4011         -21.8571
     556         -2.6342         -19.7735
     557         -2.4710         -20.6324
     558         -2.5282         -18.6223
     559         -2.4535         -20.8585
     560         -2.4471         -21.5670
     561         -2.6136         -20.7278
     562         -2.3936         -22.0993
     563         -2.4598         -20.9145
     564         -2.2658         -20.4268
     565         -1.8157         -19.4220
     566         -2.3327         -19.9521
     567         -2.5293         -19.4761
     568         -2.0738         -20.6386
     569         -1.9859         -21.8526
     570         -0.3109         -20.8590
     571         -2.4710         -16.9317
     572         -2.2675         -20.4323
     573         -0.6341         -20.2611
     574         -2.5694         -22.8809
     575         -2.1438         -23.0803
     576         -2.3056         -22.6789
     577         -2.3883         -21.0906
     578         -2.3558         -21.4862
     579         -2.6110         -19.0928
     580         -1.9584         -22.9584
     581         -2.8044         -21.3424
     582         -2.3899         -22.4574
     583         -2.5470         -20.3958
     584         -2.5508         -20.8962
     585         -2.6043         -18.7407
     586         -2.5732         -18.3274
     587         -2.1721         -20.9982
     588         -2.6655         -21.2489
     589         -2.3829         -22.3169
     590         -2.2943         -21.9231
     591         -2.3179         -20.5041
     592         -2.5008         -20.6871
     593         -2.6573         -19.9722
     594         -2.3888         -21.4539
     595         -2.5886         -19.5370
     596         -2.6807         -17.2061
     597         -2.2581         -21.3261
     598         -2.1447         -20.9154
     599         -2.4172         -20.4687
     600         -2.5889         -20.2720
     601         -2.4350         -21.0220
     602         -2.4154         -19.4977
     603         -2.7621         -21.2356
     604         -2.6425         -20.1075
     605         -1.6805         -22.4612
     606         -1.9475         -22.0531
     607         -2.5266         -19.0411
     608         -2.5578         -19.9058
     609         -2.5631         -20.0790
     610         -1.0670         -21.2021
     611         -2.7522         -20.4445
     612         -1.5181         -22.6065
     613         -2.4916         -19.9840
     614         -2.5418         -18.6494
     615         -1.4551         -25.0813
     616         -2.4721         -22.0054
     617         -2.6560         -19.4051
     618         -2.4130         -22.3108
     619         -2.6380         -20.2262
     620         -2.5077         -19.1157
     621         -2.4522         -22.5922
     622         -2.3627         -22.1230
     623         -2.5478         -19.8100
     624         -2.4101         -19.9255
     625         -1.5597         -21.7082
     626         -2.4874         -19.5805
     627         -2.5856         -21.8801
     628         -2.4352         -21.9122
     629         -2.4714         -22.2730
     630         -2.0224         -21.8669
     631         -2.4930         -21.9056
     632         -2.6430         -20.7583
     633         -2.5818         -18.5634
     634         -2.3614         -20.5577
     635         -2.0603         -22.7115
     636         -2.4930         -21.9188
     637         -2.4669         -22.9157
     638         -2.3304         -21.9363
     639         -2.3564         -22.0570
     640         -2.2400         -21.3348
     641         -2.4394         -19.8118
     642         -2.3119         -20.3977
     643         -2.2292         -21.0985
     644         -2.6497         -16.9012
     645         -1.7589         -20.8359
     646         -2.4771         -21.3044
     647         -2.5258         -20.4470
     648         -2.5831         -21.0623
     649         -2.6089         -19.8717
     650         -2.5969         -21.5547
     651         -2.5618         -19.4304
     652         -2.2947         -22.8930
     653         -2.4830         -22.2183
     654         -2.1801         -21.2811
     655         -2.4981         -20.9811
     656         -2.6651         -19.7211
     657         -2.0673         -21.0557
     658         -2.2561         -20.0672
     659         -2.3091         -20.8671
     660         -2.6942         -19.9716
     661         -2.4971         -21.2684
     662         -1.6380         -22.9375
     663         -2.6038         -21.3975
     664         -2.5157         -20.8933
     665         -2.4517         -22.1302
     666         -1.8623         -22.6399
     667         -2.6757         -21.7087
     668         -2.4438         -22.0183
     669         -1.9611         -22.4678
     670         -1.3104         -25.0026
     671         -2.2331         -21.7118
     672         -1.9997         -24.3279
     673         -1.8294         -23.7997
     674         -2.2864         -21.2900
     675         -2.4749         -21.5436
     676         -2.2966         -23.9155
     677         -2.2542         -23.8908
     678         -2.3781         -21.5688
     679         -2.4895         -21.6710
     680         -1.6050         -23.3610
     681         -2.4385         -21.9643
     682         -2.6581         -19.3781
     683         -2.0456         -19.9614
     684         -2.0215         -21.9010
     685         -2.1674         -21.3523
     686         -2.1857         -22.8670
     687         -2.1575         -19.7033
     688         -2.3923         -20.8050
     689         -2.1183         -20.1136
     690         -2.4390         -20.5478
     691         -2.5960         -20.8690
     692         -2.0865         -21.5461
     693         -2.4929         -20.8825
     694         -2.4193         -22.3775
     695         -2.2999         -22.2006
     696         -2.6659         -20.9126
     697         -2.3247         -21.4950
     698         -2.5667         -20.9251
     699         -2.5267         -18.3009
     700         -2.3121         -12.6919
     701         -2.3132         -12.6746
     702         -2.3561         -22.2793
     703         -2.6137         -19.7219
     704         -2.3383         -21.3050
     705         -2.5634         -19.9807
     706         -1.8707         -20.9223
     707         -2.0888         -22.5139
     708         -2.3455         -21.4844
     709         -2.3319         -19.1092
     710         -2.3978         -19.9351
     711         -2.1866         -20.4034
     712         -2.2301         -20.7173
     713         -1.9983         -19.3780
     714         -2.2342         -19.5812
     715         -2.6061         -20.5690
     716         -2.5492         -21.0339
     717         -1.7575         -21.5402
     718         -2.5491         -22.6236
     719         -1.7429         -22.1069
     720         -2.5345         -20.3738
     721         -2.1119         -21.8799
     722         -2.3348         -20.8353
     723         -2.4746         -20.8574
     724         -2.1320         -21.0930
     725         -2.4597         -21.0498
     726         -0.9027         -21.3768
     727         -2.5672         -19.7330
     728         -2.0759         -22.9641
     729         -2.1996         -21.2396
     730         -2.6365         -19.3110
     731         -2.3412         -19.6797
     732         -2.4875         -21.2650
     733         -2.6013         -20.2516
     734         -2.5993         -21.0403
     735         -1.5832         -22.2496
     736         -2.8487         -20.9334
     737         -2.6183         -21.2108
     738         -2.6419         -22.0698
     739         -2.5216         -22.4199
     740         -2.5271         -20.6818
     741         -2.3716         -21.6803
     742         -2.6656         -21.8274
     743         -2.2632         -20.1736
     744         -2.2553         -21.8198
     745         -2.5001         -22.8088
     746         -2.5745         -20.3609
     747         -2.5968         -19.4123
     748         -2.3240         -21.0009
     749         -2.3783         -21.2892
     750         -2.4309         -20.5478
     751         -2.7273         -19.8412
     752         -2.5454         -20.8276
     753         -2.4771         -19.5511
     754         -2.1447         -20.5386
     755         -2.6150         -20.5958
     756         -2.5017         -21.6152
     757         -2.4582         -17.6989
     758         -2.4344         -19.5738
     759         -2.2817         -22.7974
     760         -2.3769         -19.6795
     761         -2.5450         -20.4450
     762         -1.0313         -20.2564
     763         -2.5948         -19.5616
     764         -2.0540         -23.1891
     765         -2.6287         -22.5188
     766         -2.5174         -20.9938
     767         -2.2982         -21.3783
     768         -2.6157         -20.3618
     769         -2.5089         -20.9182
     770         -2.5255         -19.2532
     771         -1.8786         -22.3639
     772         -2.3224         -22.0881
     773         -2.5294         -20.3444
     774         -2.7126         -19.0247
     775         -2.4530         -19.5069
     776         -2.5428         -20.7208
     777         -2.5976         -21.5286
     778         -2.4955         -21.1802
     779         -2.3713         -20.0634
     780         -2.0342         -20.8605
     781         -2.3840         -22.4151
     782         -1.8654         -22.4131
     783         -1.8881         -22.0793
     784         -2.5081         -22.7500
     785         -2.1935         -21.8673
     786         -2.5832         -18.4825
     787         -2.6091         -19.1495
     788         -2.2520         -21.5653
     789         -2.2543         -22.1917
     790         -2.3646         -20.8892
     791         -1.9555         -21.6139
     792         -2.3103         -22.3389
     793         -2.1786         -20.9703
     794         -2.4364         -19.9499
     795         -2.1798         -21.5218
     796         -2.4491         -18.6155
     797         -2.3806         -21.9652
     798         -2.5281         -21.5855
     799         -2.2162         -20.9568
     800         -2.4384         -21.2634
     801         -1.3817         -23.7930
     802         -2.2891         -21.4276
     803         -2.6047         -20.7368
     804         -2.3404         -21.3861
     805         -2.3340         -22.4379
     806         -2.2283         -21.9069
     807         -1.6306         -21.0025
     808         -2.4012         -19.1017
     809         -2.4365         -21.6018
     810         -2.0334         -19.3605
     811         -2.2910         -22.1795
     812         -1.9821         -22.6489
     813         -2.5756         -20.3870
     814         -2.6119         -20.0333
     815         -2.4928         -21.5521
     816         -2.6187         -17.9754
     817         -2.4702         -17.5483
     818         -2.5379         -19.7541
     819         -2.3887         -21.7128
     820         -2.6229         -19.5961
     821         -2.4183         -21.6293
     822         -2.4561         -21.9540
     823         -2.2021         -19.6092
     824         -2.4372         -21.4517
     825         -1.2935         -21.0886
     826         -2.5777         -19.7994
     827         -2.5815         -21.2530
     828         -2.4922         -18.8547
     829         -2.5114         -19.1572
     830         -2.5582         -20.1517
     831         -2.4434         -19.0266
     832         -2.4787         -21.7653
     833         -2.5220         -21.8173
     834         -2.6182         -20.9602
     835         -2.4696         -19.2164
     836         -2.5617         -20.2159
     837         -2.6090         -21.6139
     838         -2.1834         -20.6266
     839         -2.6662         -17.7883
     840         -2.5920         -19.1573
     841         -2.4885         -21.5693
     842         -2.5320         -21.0718
     843         -2.7448         -19.3216
     844         -2.5880         -18.2693
     845         -2.4739         -20.8181
     846         -2.2555         -21.9680
     847         -0.8459         -21.9782
     848         -2.5541         -20.1963
     849         -2.3658         -21.5956
     850         -2.4774         -20.7220
     851         -2.5285         -19.2819
     852         -2.5874         -21.0240
     853         -2.5969         -21.5890
     854         -2.6530         -21.3717
     855         -2.3884         -20.1128
     856         -2.6886         -19.9006
     857         -2.5525         -20.1395
     858         -2.5034         -19.7032
     859         -2.4222         -22.0147
     860         -2.1919         -19.4369
     861         -2.6227         -21.6922
     862         -2.4523         -19.4232
     863         -2.1614         -22.2025
     864         -1.7195         -22.5027
     865         -2.0132         -20.9887
     866         -2.2990         -21.1070
     867         -1.8967         -22.4979
     868         -2.3804         -22.5862
     869         -2.4009         -21.1930
     870         -2.2447         -21.5561
     871         -2.3394         -16.9170
     872         -2.6056         -20.7235
     873         -2.6136         -22.3313
     874         -2.3242         -22.6720
     875         -2.5916         -22.4103
     876         -2.0802         -20.8579
     877         -2.5548         -20.4128
     878         -1.9555         -22.0859
     879         -2.1628         -20.4928
     880         -1.9251         -20.5310
     881         -2.4377         -22.3431
     882         -2.5850         -22.1669
     883         -2.0972         -20.2011
     884         -2.3086         -19.7776
     885         -2.5515         -20.3075
     886         -1.8812         -20.3805
     887         -2.3253         -20.1509
     888         -2.5968         -19.9191
     889         -2.4674         -20.9072
     890         -2.5650         -22.3433
     891         -2.6674         -22.2300
     892         -2.4354         -20.5359
     893         -2.4097         -20.7408
     894         -2.4684         -19.8697
     895         -2.7755         -20.1599
     896         -2.6182         -20.1881
     897         -2.4943         -21.9433
     898         -2.7112         -20.9054
     899         -2.5885         -20.5757
     900         -2.8061         -17.3560
     901         -1.9490         -23.3256
     902         -2.1298         -21.7505
     903         -2.3771         -22.0077
     904         -2.6135         -19.2823
     905         -2.6367         -20.6694
     906         -2.6933         -19.0631
     907         -2.4569         -20.6376
     908         -2.5512         -20.6241
     909         -2.3288         -21.4238
     910         -2.5330         -21.6461
     911         -2.5484         -21.0444
     912         -2.5284         -21.2680
     913         -1.5158         -19.5269
     914         -2.0462         -21.4348
     915         -1.5363         -22.2970
     916         -2.5498         -21.1317
     917         -2.4100         -20.6243
     918         -2.0910         -21.4582
     919         -2.4111         -20.5232
     920         -2.5355         -20.9860
     921         -2.1550         -22.7190
     922         -2.2066         -22.6284
     923         -2.5849         -20.0839
     924         -2.2109         -21.8688
     925         -2.3920         -19.4069
     926         -2.4780         -22.2913
     927         -2.2655         -20.8549
     928         -2.4815         -21.3195
     929         -1.9186         -20.5013
     930         -2.4909         -20.4857
     931         -2.4289         -21.0287
     932         -2.6415         -21.4945
     933         -2.6039         -20.3701
     934         -1.8534         -20.7369
     935         -2.5712         -20.8914
     936         -2.5598         -17.8214
     937         -2.5094         -21.5295
     938         -2.3590         -21.1558
     939         -2.5183         -19.9560
     940         -2.3165         -21.7900
     941         -1.8642         -20.8774
     942         -2.3712         -19.1598
     943         -2.2583         -20.8411
     944         -2.2253         -20.6437
     945         -2.2000         -22.5310
     946         -1.8091         -23.2498
     947         -2.4026         -21.1845
     948         -2.3123         -21.7898
     949         -2.2369         -21.5259
     950         -2.6515         -22.1001
     951         -2.3603         -21.8677
     952         -2.6489         -20.2165
     953         -1.7578         -21.6252
     954         -2.5372         -18.0036
     955         -2.4644         -19.7468
     956         -2.6516         -20.3101
     957         -2.2633         -21.7185
     958         -2.0730         -21.7857
     959         -2.3127         -21.9543
     960         -2.3959         -20.2602
     961         -2.1247         -21.9588
     962         -2.3171         -21.9083
     963         -2.5037         -20.6129
     964         -2.6086         -20.3963
     965         -1.9998         -21.8350
     966         -2.2897         -21.3487
     967         -2.2577         -20.9552
     968         -1.6303         -21.9656
     969         -2.6404         -18.6486
     970         -2.5782         -20.3101
     971         -2.6565         -19.7349
     972         -2.5707         -20.6845
     973         -2.4765         -21.6112
     974         -2.4591         -20.3452
     975         -2.6741         -21.6711
     976         -2.5381         -20.1869
     977         -2.0391         -20.2137
     978         -2.1906         -19.0015
     979         -1.7876         -22.7271
     980         -2.6187         -19.7117
     981         -2.0132         -22.9391
     982         -2.6402         -21.0939
     983         -2.4291         -23.0439
     984         -2.5822         -20.3244
     985         -2.6349         -19.9282
     986         -2.6660         -19.3492
     987         -2.4101         -20.7839
     988         -2.0976         -19.6373
     989         -2.5997         -20.3383
     990         -2.3811         -20.7237
     991         -2.4612         -20.1905
     992         -2.5182         -20.1979
     993         -2.4117         -21.5877
     994         -2.6706         -20.4952
     995         -2.6950         -20.7647
     996         -2.3515         -19.8086
     997         -1.7336         -19.9648
     998         -2.6093         -19.8979
     999         -2.5439         -20.4707
    1000         -2.5745         -19.8812
