GENERALIZED BORN:
Frame #,BOND,ANGLE,DIHED,UB,IMP,CMAP,VDWAALS,EEL,1-4 VDW,1-4 EEL,EGB,ESURF,ESCF,G gas,G solv,TOTAL
0,524.971,1386.4073,-1083.4675,0.0,0.0,0.0,-1269.6965,-15924.2498,607.0103,11506.1276,-1912.6918,59.1205104,5.3959,-4252.8976,-1853.5712896,-6101.0729896
1,525.3562,1417.1442,-1093.1085,0.0,0.0,0.0,-1238.419,-15975.6489,604.4187,11510.8529,-1936.1972,61.01063352,8.6854,-4249.404399999999,-1875.18656648,-6115.90556648
2,512.4457,1408.9812,-1099.1196,0.0,0.0,0.0,-1266.8514,-15935.7596,590.5815,11536.7934,-1953.133,61.784295119999996,6.7686,-4252.9288,-1891.34870488,-6137.508904879999
3,491.2015,1420.2843,-1077.8141,0.0,0.0,0.0,-1276.2652,-16015.563,608.2209,11601.0273,-1949.5911,59.58950184,5.9035,-4248.908300000001,-1890.0015981600002,-6133.006398160001
4,535.6199,1446.0646,-1097.711,0.0,0.0,0.0,-1264.0956,-15928.6062,595.4163,11453.5185,-1904.4489,58.14807768,-9.3193,-4259.7935,-1846.3008223200002,-6115.41362232
5,485.6982,1370.2378,-1107.34,0.0,0.0,0.0,-1282.9696,-15967.0341,606.9481,11501.69,-1873.1082,57.25778976,-4.5572,-4392.7696,-1815.85041024,-6213.177210239999
6,497.6579,1446.7985,-1129.5338,0.0,0.0,0.0,-1250.8807,-15895.8497,605.8971,11532.7055,-1993.508,59.773574159999995,-5.608,-4193.2052,-1933.73442584,-6132.54762584
7,499.1591,1419.1607,-1063.0636,0.0,0.0,0.0,-1277.1444,-15834.9474,602.7189,11473.9311,-1977.7601,57.63551544,-8.1538,-4180.185599999999,-1920.12458456,-6108.463984559999
8,492.7167,1380.0528,-1101.1801,0.0,0.0,0.0,-1280.8652,-15927.5878,617.3933,11540.8235,-1942.7088,57.66546528,-2.1097,-4278.6468,-1885.04333472,-6165.799834720001
9,476.2159,1421.341,-1091.0509,0.0,0.0,0.0,-1274.2852,-15995.5151,612.3899,11499.5123,-1873.0081,56.726724239999996,8.6686,-4351.392100000001,-1816.28137576,-6159.004875760001
10,505.1047,1428.2325,-1115.0012,0.0,0.0,0.0,-1279.8468,-15956.0735,604.0557,11533.5116,-1928.9421,58.55425632,3.2317,-4280.017000000002,-1870.38784368,-6147.173143680002
11,531.4021,1425.9981,-1107.1726,0.0,0.0,0.0,-1257.5026,-16093.5719,602.2646,11589.3845,-1903.139,57.5147772,2.055,-4309.1978,-1845.6242227999999,-6152.7670228
12,522.9218,1469.9077,-1085.0027,0.0,0.0,0.0,-1311.2814,-15988.7274,614.1948,11541.151,-1892.7195,55.630103039999995,1.5381,-4236.836200000002,-1837.08939696,-6072.387496960002
13,462.2389,1493.4424,-1079.5678,0.0,0.0,0.0,-1287.3272,-15995.0901,588.4129,11526.2991,-1900.3774,56.57760936,7.5416,-4291.591799999998,-1843.79979064,-6127.849990639999
14,501.6894,1400.4361,-1103.9482,0.0,0.0,0.0,-1250.3685,-15857.2925,608.2168,11487.0863,-1993.9674,59.04004968,3.186,-4214.1806,-1934.92735032,-6145.921950319999
15,505.1036,1434.5713,-1100.5875,0.0,0.0,0.0,-1259.6436,-15985.2032,591.587,11537.4862,-1941.0471,57.9848616,-2.0088,-4276.6862,-1883.0622384,-6161.7572384
16,520.2662,1419.7086,-1106.6918,0.0,0.0,0.0,-1297.5315,-15825.5381,604.1605,11504.1436,-2018.0446,56.68192944,8.312,-4181.4825,-1961.36267056,-6134.53317056
17,507.6316,1405.506,-1092.5576,0.0,0.0,0.0,-1287.2355,-15899.7378,601.8876,11544.6936,-1983.3099,57.292089839999996,-0.6804,-4219.812100000001,-1926.01781016,-6146.510310160002
18,496.6557,1379.1213,-1112.3771,0.0,0.0,0.0,-1271.8255,-15852.8826,621.567,11519.8002,-2014.6578,57.577719599999995,-0.3339,-4219.941000000001,-1957.0800804,-6177.3549804
19,509.227,1412.616,-1098.4688,0.0,0.0,0.0,-1266.6988,-15817.9116,593.5594,11607.0213,-2138.2931,59.56958304,6.5633,-4060.655499999999,-2078.72351696,-6132.815716959999
20,526.0126,1388.3454,-1106.4982,0.0,0.0,0.0,-1268.6687,-15870.1994,596.404,11581.524,-2089.12,58.73601816,1.2273,-4153.0803,-2030.38398184,-6182.23698184
21,542.6231,1387.8153,-1082.971,0.0,0.0,0.0,-1292.4639,-16025.9561,599.2899,11610.4409,-1927.6674,59.116382640000005,5.1402,-4261.221800000001,-1868.55101736,-6124.632617360002
22,529.5456,1414.1013,-1073.982,0.0,0.0,0.0,-1279.6584,-15784.523,594.1358,11546.8846,-2100.5539,59.024544479999996,11.0137,-4053.4961000000003,-2041.5293555199999,-6084.0117555199995
23,519.8336,1419.0577,-1087.5309,0.0,0.0,0.0,-1275.6117,-16035.4562,597.2134,11570.4918,-1901.8557,57.59547336,-7.1299,-4292.0023,-1844.2602266400002,-6143.39242664
24,524.8593,1441.2011,-1100.3872,0.0,0.0,0.0,-1285.5982,-15986.2314,612.5582,11580.2906,-1907.6779,57.0327876,4.4139,-4213.3076,-1850.6451124,-6059.5388124
25,544.1109,1374.543,-1087.7886,0.0,0.0,0.0,-1276.3626,-15878.8989,598.0507,11549.2172,-2019.9692,60.52628736,6.0601,-4177.128300000002,-1959.44291264,-6130.511112640002
26,524.6612,1394.9485,-1080.3654,0.0,0.0,0.0,-1283.7543,-15887.0443,604.3127,11528.9788,-1974.6572,58.34180952,2.1977,-4198.262799999999,-1916.3153904800001,-6112.380490479998
27,480.3008,1434.9418,-1086.0259,0.0,0.0,0.0,-1255.0601,-15944.7825,609.8491,11579.6434,-1981.2086,58.6224108,0.1094,-4181.133399999999,-1922.5861892,-6103.610189199999
28,484.6676,1388.9576,-1071.2414,0.0,0.0,0.0,-1279.8942,-15821.7102,600.0113,11557.1287,-2080.0504,60.10717536,7.4389,-4142.080600000001,-2019.9432246400002,-6154.584924640001
29,521.4893,1417.6173,-1078.8821,0.0,0.0,0.0,-1257.3063,-15794.7434,613.963,11506.0202,-2055.3255,58.92899328,6.6041,-4071.8419999999987,-1996.39650672,-6061.634406719999
30,480.9892,1400.1163,-1112.5373,0.0,0.0,0.0,-1299.1839,-16028.1761,595.0937,11588.7641,-1906.5772,56.70001224,3.5319,-4374.933999999999,-1849.87718776,-6221.279287759999
31,489.4416,1349.2632,-1067.2726,0.0,0.0,0.0,-1265.1166,-16041.8207,606.4944,11593.6134,-1879.6273,57.107563199999994,0.0781,-4335.397300000002,-1822.5197368000001,-6157.838936800003
32,502.6015,1408.9941,-1106.0813,0.0,0.0,0.0,-1256.9549,-15790.6672,599.7739,11567.062,-2138.1331,58.900353839999994,8.1345,-4075.2718999999997,-2079.23274616,-6146.370146159999
33,534.6761,1388.9134,-1074.3809,0.0,0.0,0.0,-1290.5635,-15773.9868,602.9458,11531.0626,-2074.0173,57.39830352,-5.4577,-4081.333300000002,-2016.61899648,-6103.409996480002
34,516.6727,1412.8683,-1099.6457,0.0,0.0,0.0,-1286.0948,-15832.2085,611.2527,11550.4022,-2060.0648,57.992667839999996,-1.3183,-4126.753100000002,-2002.0721321600001,-6130.143532160002
35,496.6306,1435.1337,-1070.4894,0.0,0.0,0.0,-1273.3895,-15973.2719,602.8573,11593.5272,-2001.6511,59.8275756,9.4373,-4189.002,-1941.8235244,-6121.388224400001
36,542.439,1424.6353,-1087.8806,0.0,0.0,0.0,-1260.0945,-15914.6264,597.0026,11552.2417,-1955.8827,56.622314159999995,-0.5071,-4146.282899999998,-1899.26038584,-6046.050385839998
37,481.4013,1372.7967,-1101.7224,0.0,0.0,0.0,-1256.4257,-15947.2284,630.6941,11637.3997,-2030.53,58.25722896,9.0867,-4183.084700000001,-1972.27277104,-6146.270771040001
38,513.6402,1417.4404,-1082.9785,0.0,0.0,0.0,-1285.1307,-15868.3644,592.2849,11528.8486,-2013.9708,55.991905919999994,-7.0623,-4184.2595,-1957.9788940800001,-6149.30069408
39,524.4862,1382.7925,-1100.2021,0.0,0.0,0.0,-1284.198,-15888.8911,614.8587,11556.7918,-2000.9465,59.586516,-4.7498,-4194.361999999999,-1941.359984,-6140.4717839999985
40,508.8567,1368.9473,-1080.8598,0.0,0.0,0.0,-1277.3854,-15995.0664,608.0642,11571.1818,-1913.1976,57.47019984,-1.6431,-4296.2616,-1855.72740016,-6153.63210016
41,513.848,1445.7361,-1094.5167,0.0,0.0,0.0,-1286.1207,-15844.4122,600.8854,11508.8524,-1994.6958,58.43855016,-0.0651,-4155.727700000001,-1936.25724984,-6092.050049840001
42,458.745,1439.0135,-1080.9559,0.0,0.0,0.0,-1302.4157,-16060.3837,608.9815,11608.7892,-1890.4519,56.97971208,5.2044,-4328.226100000002,-1833.4721879200001,-6156.493887920002
43,520.4302,1394.0407,-1096.6077,0.0,0.0,0.0,-1261.351,-16022.438,599.3648,11539.7458,-1894.1067,57.0348144,7.737,-4326.815200000001,-1837.0718856,-6156.150085600001
44,506.4508,1401.7279,-1102.0936,0.0,0.0,0.0,-1292.5378,-15932.8011,598.7971,11628.4918,-2014.9711,58.258646639999995,-2.524,-4191.964899999999,-1956.71245336,-6151.201353359999
45,512.0911,1389.1108,-1106.8578,0.0,0.0,0.0,-1267.7234,-15934.5732,601.6358,11553.5944,-1971.5188,57.45828888,-7.5815,-4252.722299999999,-1914.06051112,-6174.36431112
46,494.0635,1467.7954,-1107.0009,0.0,0.0,0.0,-1261.9102,-15956.3688,601.328,11510.8891,-1943.7855,59.00980176,5.9514,-4251.2039,-1884.7756982399999,-6130.02819824
47,516.0163,1408.5306,-1118.2275,0.0,0.0,0.0,-1284.2993,-15868.0283,610.7164,11534.0705,-1995.7768,58.62884688,7.4885,-4201.221300000001,-1937.14795312,-6130.88075312
48,519.6405,1412.5655,-1102.5555,0.0,0.0,0.0,-1248.3878,-15928.3876,593.8166,11503.2406,-1948.9428,57.86254224,4.2692,-4250.067700000001,-1891.08025776,-6136.8787577600015
49,493.4154,1386.0448,-1049.9861,0.0,0.0,0.0,-1281.3049,-15853.0499,599.1813,11583.2441,-2046.3577,58.199774399999995,12.1258,-4122.4553,-1988.1579256,-6098.4874256
50,470.4992,1404.5668,-1088.0305,0.0,0.0,0.0,-1271.2147,-15853.4402,614.6089,11569.8774,-2054.7451,56.91656664,2.7832,-4153.133100000001,-1997.8285333600002,-6148.178433360001
51,482.3778,1359.8938,-1066.9552,0.0,0.0,0.0,-1277.8101,-15956.2878,620.0662,11572.4272,-1991.235,56.19830399999999,4.7518,-4266.288100000002,-1935.036696,-6196.572996000002
52,496.4477,1356.8181,-1093.819,0.0,0.0,0.0,-1269.5833,-15725.7973,616.1969,11534.9517,-2150.4186,60.4485648,-1.9905,-4084.7852000000003,-2089.9700352,-6176.7457352
53,515.3151,1430.245,-1069.6788,0.0,0.0,0.0,-1275.1862,-15900.592,601.7245,11569.1536,-2029.6094,57.0678588,-3.9646,-4129.0188,-1972.5415412,-6105.5249412
54,504.1513,1403.6443,-1084.3813,0.0,0.0,0.0,-1284.4456,-15896.6926,600.0959,11519.7043,-1979.2046,57.84734304,7.5099,-4237.923700000001,-1921.35725696,-6151.771056960001
55,498.1689,1371.9494,-1067.8652,0.0,0.0,0.0,-1276.4134,-15952.0329,617.0372,11596.1123,-1983.0318,56.05954488,1.9507,-4213.0437,-1926.97225512,-6138.065255119999
56,491.0156,1380.9457,-1089.9424,0.0,0.0,0.0,-1258.1497,-15933.4815,614.133,11575.7984,-2001.5904,58.72371192,-2.3694,-4219.680900000001,-1942.8666880800001,-6164.916988080001
57,500.0946,1448.0513,-1130.0409,0.0,0.0,0.0,-1246.4349,-15903.8444,604.5638,11568.8426,-2011.8609,60.321676319999995,4.8289,-4158.767900000001,-1951.5392236799998,-6105.47822368
58,487.3972,1445.2746,-1120.2144,0.0,0.0,0.0,-1264.3305,-15821.8597,610.8656,11566.2865,-2094.7599,60.11175384,8.3064,-4096.580700000002,-2034.6481461600001,-6122.9224461600015
59,509.4351,1388.8984,-1071.4046,0.0,0.0,0.0,-1231.0774,-15902.2735,621.3293,11540.2628,-2004.835,59.148228960000004,-3.8821,-4144.829899999999,-1945.68677104,-6094.398771039999
60,497.4177,1404.0032,-1112.2388,0.0,0.0,0.0,-1234.6998,-16035.7089,611.3838,11536.1289,-1900.7512,57.230280719999996,4.8126,-4333.713899999999,-1843.5209192799998,-6172.422219279998
61,498.9493,1383.0761,-1105.5232,0.0,0.0,0.0,-1275.2073,-16062.1016,627.0857,11631.4055,-1913.3472,57.12065568,6.9056,-4302.315500000001,-1856.22654432,-6151.636444320001
62,514.0266,1401.6712,-1112.9189,0.0,0.0,0.0,-1291.5134,-15914.8623,599.0886,11573.1795,-1964.6308,58.37278392,5.6019,-4231.3287,-1906.2580160799998,-6131.98481608
63,507.0308,1439.4651,-1100.1204,0.0,0.0,0.0,-1273.1738,-15930.4886,607.2855,11571.7822,-1983.5189,57.03670728,11.5275,-4178.219200000001,-1926.48219272,-6093.173892720001
64,518.6391,1432.4745,-1102.8122,0.0,0.0,0.0,-1278.6802,-15948.4674,599.9542,11558.7716,-1927.1716,57.39094296,9.5329,-4220.1204,-1869.7806570399998,-6080.3681570399995
65,513.5366,1376.6505,-1093.5874,0.0,0.0,0.0,-1272.8948,-15968.4418,603.2176,11571.3798,-1978.3562,57.977070479999995,0.0115,-4270.139499999999,-1920.3791295199999,-6190.50712952
66,523.7404,1403.8764,-1072.2888,0.0,0.0,0.0,-1273.146,-15831.1497,593.2106,11512.5162,-2020.41,57.89576376,8.7952,-4143.240899999999,-1962.5142362400002,-6096.9599362399995
67,474.0623,1392.3354,-1093.7446,0.0,0.0,0.0,-1280.4603,-15999.6801,619.5045,11654.2372,-1962.7518,58.020544799999996,11.3214,-4233.745600000002,-1904.7312552,-6127.1554552000025
68,515.6108,1418.8239,-1113.4075,0.0,0.0,0.0,-1277.7817,-15814.9064,608.8168,11550.7398,-2056.3888,58.31792856,1.4773,-4112.104299999999,-1998.0708714400002,-6108.69787144
69,528.5077,1397.252,-1067.9681,0.0,0.0,0.0,-1266.1426,-15897.216,596.1379,11547.022,-1990.9424,57.39071327999999,-0.9526,-4162.4071,-1933.55168672,-6096.91138672
70,488.6007,1398.05,-1104.9662,0.0,0.0,0.0,-1286.7197,-15969.0201,609.6901,11586.444,-1953.0038,57.09085272,3.5624,-4277.921200000001,-1895.91294728,-6170.271747280001
71,493.403,1398.4139,-1108.2589,0.0,0.0,0.0,-1277.1027,-15936.7687,613.4758,11564.5697,-1967.5304,56.00884896,6.7163,-4252.267899999999,-1911.52155104,-6157.073151039998
72,486.2875,1383.8894,-1081.7721,0.0,0.0,0.0,-1304.1235,-15911.2882,615.8957,11639.1581,-2043.0583,55.92337488,6.9424,-4171.953099999999,-1987.13492512,-6152.145625119999
73,516.715,1352.3317,-1083.3076,0.0,0.0,0.0,-1258.0986,-15910.1372,616.6122,11568.5793,-1969.8449,57.19365576,1.9082,-4197.305200000001,-1912.65124424,-6108.048244240001
74,503.5872,1414.7463,-1073.7498,0.0,0.0,0.0,-1275.9959,-15911.9352,599.9137,11524.0619,-1993.0475,55.97473392,9.3723,-4219.371800000001,-1937.0727660799998,-6147.07226608
75,508.7231,1443.7862,-1093.857,0.0,0.0,0.0,-1286.8846,-15844.9727,614.5606,11526.246,-2056.1562,57.59831736,10.8644,-4132.3984,-1998.55788264,-6120.091882639999
76,467.0988,1419.204,-1073.7027,0.0,0.0,0.0,-1266.6439,-16008.5021,608.4127,11601.4312,-1961.3798,59.017919760000005,-6.9463,-4252.701999999999,-1902.36188024,-6162.010180239999
77,494.5528,1374.043,-1096.7464,0.0,0.0,0.0,-1290.6862,-15896.7826,583.8484,11581.9212,-1997.431,58.556024640000004,1.0488,-4249.849799999998,-1938.87497536,-6187.675975359999
78,493.9493,1407.5496,-1101.5488,0.0,0.0,0.0,-1245.6038,-15921.1025,608.6907,11557.1769,-1990.2767,58.84906824,6.7018,-4200.888600000002,-1931.42763176,-6125.614431760003
79,502.1553,1445.5951,-1067.6044,0.0,0.0,0.0,-1256.6758,-15981.5358,619.5875,11564.8713,-1961.8124,57.74256072,16.3983,-4173.6068,-1904.06983928,-6061.278339279999
80,503.6154,1389.2253,-1061.0468,0.0,0.0,0.0,-1277.955,-16008.1255,604.532,11606.2942,-1949.8167,58.36047048,-4.8901,-4243.4604,-1891.45622952,-6139.80672952
81,476.4249,1416.8404,-1076.6181,0.0,0.0,0.0,-1272.5569,-15885.5951,611.6619,11632.2452,-2079.1522,60.41231927999999,-3.9729,-4097.597700000002,-2018.73988072,-6120.3104807200025
82,512.4863,1410.2603,-1104.3182,0.0,0.0,0.0,-1273.5665,-15803.5599,589.1508,11565.3103,-2084.0792,57.45101184,6.7991,-4104.236900000002,-2026.62818816,-6124.065988160001
83,501.8277,1425.2252,-1075.7101,0.0,0.0,0.0,-1248.4901,-16004.1705,586.0322,11528.2765,-1942.1874,60.001444799999994,2.5408,-4287.009100000001,-1882.1859552,-6166.654255200001
84,483.5575,1423.0581,-1083.3599,0.0,0.0,0.0,-1266.5713,-15811.4874,607.777,11527.1635,-2048.9966,57.9409236,8.3531,-4119.862499999999,-1991.0556764,-6102.565076399999
85,493.4943,1436.4339,-1099.366,0.0,0.0,0.0,-1265.4218,-15955.7596,615.5659,11584.9323,-1977.022,59.278752,8.7637,-4190.121000000001,-1917.743248,-6099.100548
86,498.4621,1384.9106,-1081.9661,0.0,0.0,0.0,-1253.2623,-15937.7888,612.1929,11539.9489,-1938.7179,58.928395679999994,13.8963,-4237.502700000003,-1879.78950432,-6103.395904320002
87,497.3193,1420.7169,-1098.0295,0.0,0.0,0.0,-1262.9132,-16028.8169,604.4492,11507.1275,-1857.8505,59.735322,1.3621,-4360.146699999999,-1798.115178,-6156.899777999999
88,460.8478,1443.121,-1061.5022,0.0,0.0,0.0,-1288.102,-15822.5528,610.0486,11555.6293,-2021.9764,58.73829264,2.6986,-4102.510299999998,-1963.23810736,-6063.049807359998
89,517.5452,1451.7041,-1093.5114,0.0,0.0,0.0,-1265.4057,-15929.541,602.285,11589.7868,-2004.3253,59.878102319999996,10.6024,-4127.137000000001,-1944.44719768,-6060.981797680001
90,499.9307,1372.5621,-1085.3706,0.0,0.0,0.0,-1271.2627,-15991.8015,623.2392,11633.9229,-1977.8008,57.138336,2.5743,-4218.7798999999995,-1920.662464,-6136.868063999999
91,505.4434,1373.4761,-1070.6802,0.0,0.0,0.0,-1251.3058,-15789.5402,611.0104,11589.9368,-2125.9253,60.6625776,1.7872,-4031.6595000000016,-2065.2627224,-6095.135022400002
92,520.0959,1425.6931,-1088.1173,0.0,0.0,0.0,-1232.7389,-15981.3151,600.9537,11574.2967,-1964.3521,60.08703336,9.6336,-4181.1318999999985,-1904.26506664,-6075.763366639999
93,489.0413,1409.8913,-1070.1592,0.0,0.0,0.0,-1303.1053,-15934.3079,609.4205,11592.0242,-1987.1217,56.76487128,2.5398,-4207.195100000001,-1930.3568287199998,-6135.012128720001
94,502.5436,1420.4215,-1084.58,0.0,0.0,0.0,-1300.8142,-15866.7941,602.576,11518.2376,-2013.5647,58.091798159999996,11.139,-4208.409599999999,-1955.4729018399998,-6152.743501839999
95,518.3918,1386.1589,-1097.3483,0.0,0.0,0.0,-1270.8924,-15956.6829,603.1063,11515.0228,-1926.0556,58.49986248,10.3883,-4302.243799999998,-1867.5557375199999,-6159.411237519998
96,481.5989,1431.9206,-1095.2898,0.0,0.0,0.0,-1252.4623,-15999.7539,598.475,11538.7137,-1912.9216,59.19956496,3.3847,-4296.7977999999985,-1853.7220350399998,-6147.135135039998
97,480.4151,1352.1002,-1070.0012,0.0,0.0,0.0,-1273.6789,-15938.7043,598.8748,11519.1485,-1939.9017,58.46710896,3.9015,-4331.845800000001,-1881.43459104,-6209.378891040002
98,504.3697,1430.2389,-1076.5697,0.0,0.0,0.0,-1272.2049,-15959.4166,587.1187,11504.7205,-1928.9121,59.28013223999999,5.7281,-4281.743399999999,-1869.63196776,-6145.647267759999
99,495.3411,1387.4289,-1091.0326,0.0,0.0,0.0,-1276.0641,-16021.4287,608.5248,11568.1953,-1924.2034,57.78054864,0.2643,-4329.035300000003,-1866.42285136,-6195.1938513600035
100,492.6295,1426.5768,-1094.1563,0.0,0.0,0.0,-1276.2345,-15956.0098,605.0061,11499.534,-1921.8432,57.28844232,9.834,-4302.654199999999,-1864.55475768,-6157.374957679999
101,497.3191,1397.4205,-1082.3563,0.0,0.0,0.0,-1250.6108,-15971.3389,606.8041,11570.8872,-1946.3022,59.81453567999999,5.5867,-4231.875100000001,-1886.48766432,-6112.776064320002
102,506.8611,1410.7761,-1072.1194,0.0,0.0,0.0,-1274.0593,-15920.06,601.0473,11518.9602,-1964.7055,58.898515679999996,-1.4785,-4228.593999999999,-1905.80698432,-6135.879484319999
103,489.1849,1440.3899,-1100.7001,0.0,0.0,0.0,-1257.8469,-15946.7363,612.5344,11496.6566,-1952.9578,58.787193599999995,-2.1123,-4266.5175,-1894.1706064,-6162.8004064
104,531.7585,1407.8069,-1126.7262,0.0,0.0,0.0,-1290.0449,-15962.8053,603.5715,11533.802,-1917.1458,56.54695608,2.2314,-4302.637499999999,-1860.59884392,-6161.004943919999
105,482.9464,1414.0668,-1104.4865,0.0,0.0,0.0,-1224.1827,-15924.9906,609.076,11508.7421,-1972.8221,58.58220816,1.518,-4238.8285,-1914.2398918400002,-6151.55039184
106,474.5444,1424.9203,-1097.5129,0.0,0.0,0.0,-1269.7381,-15936.3387,593.5325,11498.3828,-1938.7814,56.98617048,-6.1864,-4312.209700000001,-1881.79522952,-6200.191329520001
107,508.9828,1397.2308,-1086.258,0.0,0.0,0.0,-1249.5839,-15881.1209,580.8753,11512.5971,-1999.8471,56.95383024,-3.2786,-4217.2768,-1942.8932697599998,-6163.44866976
108,493.7215,1391.4633,-1107.9168,0.0,0.0,0.0,-1265.7011,-15777.5205,608.3571,11542.3086,-2097.6767,59.2511076,1.3363,-4115.287900000001,-2038.4255924,-6152.377192400001
109,529.8101,1382.5217,-1073.0043,0.0,0.0,0.0,-1271.9114,-15934.4774,612.4726,11523.0123,-1966.1511,57.6662472,1.5661,-4231.5764,-1908.4848528,-6138.4951528
110,526.9802,1440.3372,-1097.0617,0.0,0.0,0.0,-1278.7995,-15885.0478,598.1773,11491.1617,-1997.0476,57.82372776,-3.096,-4204.2526,-1939.2238722400002,-6146.572472239999
111,507.1959,1403.0366,-1098.9768,0.0,0.0,0.0,-1264.7926,-15798.7267,613.0327,11531.217,-2061.6425,58.298411519999995,2.1288,-4108.013899999998,-2003.34408848,-6109.229188479998
112,519.482,1370.5832,-1081.6665,0.0,0.0,0.0,-1255.4108,-15886.1936,585.7351,11609.8756,-2047.2497,58.559065919999995,6.7016,-4137.595000000001,-1988.69063408,-6119.584034080001
113,490.035,1467.79,-1095.2929,0.0,0.0,0.0,-1250.2752,-15719.9733,595.1332,11507.2322,-2141.181,59.0321124,1.1174,-4005.3509999999987,-2082.1488876,-6086.382487599999
114,504.6392,1392.2604,-1093.2926,0.0,0.0,0.0,-1260.2275,-15954.8475,614.9545,11562.1258,-1964.0135,59.05994616,-5.5464,-4234.387700000001,-1904.95355384,-6144.887653840001
115,531.6651,1414.7806,-1118.5339,0.0,0.0,0.0,-1266.6623,-15877.0666,616.0292,11551.4228,-2032.3545,57.70780488,8.0967,-4148.365099999999,-1974.64669512,-6114.915095119998
116,526.5009,1406.9645,-1101.779,0.0,0.0,0.0,-1267.7096,-15916.1497,612.1494,11571.0815,-1987.996,58.10595552,11.3158,-4168.941999999999,-1929.8900444800001,-6087.516244479999
117,479.6794,1438.8165,-1081.1184,0.0,0.0,0.0,-1247.1318,-16001.3662,616.5458,11542.5555,-1942.4359,57.5606844,5.3468,-4252.019200000001,-1884.8752156,-6131.5476156
118,527.0603,1416.4841,-1056.5165,0.0,0.0,0.0,-1270.2849,-15755.8149,620.6377,11546.5311,-2135.5647,60.36959159999999,0.4874,-3971.9030999999995,-2075.1951083999998,-6046.6108084
119,500.6292,1385.5462,-1084.382,0.0,0.0,0.0,-1282.9542,-15770.0009,588.1063,11533.731,-2070.7014,57.92458608,-9.4019,-4129.3243999999995,-2012.77681392,-6151.503113919999
120,479.9871,1400.589,-1089.6379,0.0,0.0,0.0,-1281.0905,-15888.0599,613.2079,11621.3927,-2088.7681,58.28203224,-7.3744,-4143.6116,-2030.4860677599997,-6181.472067759999
121,495.9592,1400.4126,-1094.796,0.0,0.0,0.0,-1269.9328,-15807.3843,599.3369,11544.7223,-2104.9846,59.52240431999999,6.5277,-4131.6821,-2045.4621956799997,-6170.6165956800005
122,560.7455,1428.4241,-1114.7112,0.0,0.0,0.0,-1262.6504,-15718.3584,597.3516,11522.3841,-2140.6714,58.251507839999995,13.8977,-3986.814700000001,-2082.41989216,-6055.33689216
123,513.0617,1422.7633,-1118.6912,0.0,0.0,0.0,-1260.0003,-15779.3441,611.4561,11513.9545,-2095.7167,57.9778452,5.5925,-4096.800000000001,-2037.7388548,-6128.946354800001
124,482.7884,1445.3255,-1097.6392,0.0,0.0,0.0,-1251.8872,-15830.4474,597.8811,11529.899,-2052.7277,59.75333496,-6.7551,-4124.0797999999995,-1992.9743650399998,-6123.809265039999
125,483.6416,1385.9654,-1094.1469,0.0,0.0,0.0,-1232.4703,-15759.0736,598.7261,11554.0296,-2155.4036,61.849038959999994,5.6621,-4063.3281000000006,-2093.55456104,-6151.220561040001
126,462.2031,1400.0769,-1109.0286,0.0,0.0,0.0,-1249.281,-15847.5749,615.4416,11559.5344,-2069.6848,59.512239359999995,9.8204,-4168.628499999999,-2010.17256064,-6168.980660639999
127,491.8104,1445.3742,-1090.9264,0.0,0.0,0.0,-1271.939,-15783.7057,627.2124,11527.6476,-2095.2218,58.16237976,9.8129,-4054.5265,-2037.0594202399998,-6081.77302024
128,514.7876,1377.6194,-1081.8597,0.0,0.0,0.0,-1259.6479,-15936.3856,611.9694,11587.6043,-2032.6421,58.38850008,4.4709,-4185.9124999999985,-1974.25359992,-6155.695199919998
129,517.9462,1413.6747,-1075.1676,0.0,0.0,0.0,-1291.2712,-15896.6841,600.4957,11520.7688,-1961.6526,55.66668048,0.6877,-4210.237500000001,-1905.98591952,-6115.53571952
130,505.114,1397.5568,-1089.2524,0.0,0.0,0.0,-1261.9945,-15882.2381,599.2593,11510.5006,-1987.4878,58.111115039999994,10.9451,-4221.054300000002,-1929.3766849600001,-6139.485884960001
131,496.3719,1352.1398,-1116.8048,0.0,0.0,0.0,-1280.5362,-16039.6802,613.2009,11583.3065,-1879.4785,58.69880352,7.7789,-4392.0021,-1820.77969648,-6205.002896479999
132,534.268,1439.9808,-1097.8387,0.0,0.0,0.0,-1260.1956,-15819.2371,592.6661,11478.9999,-2026.6972,59.20589376,9.9144,-4131.356599999999,-1967.49130624,-6088.93350624
133,527.5056,1434.1476,-1083.101,0.0,0.0,0.0,-1268.2119,-15983.183,592.5502,11556.3015,-1937.9066,57.7232064,2.9474,-4223.991000000002,-1880.1833936,-6101.226993600002
134,506.315,1441.8799,-1090.4592,0.0,0.0,0.0,-1262.2486,-15688.5374,615.9331,11462.6454,-2133.6446,60.61326191999999,5.114,-4014.4717999999993,-2073.0313380800003,-6082.38913808
135,503.4536,1430.7834,-1095.8032,0.0,0.0,0.0,-1239.4429,-15939.897,604.5727,11540.4378,-1983.6016,60.57319176000001,-3.9286,-4195.8956,-1923.0284082399999,-6122.85260824
136,507.0484,1398.6787,-1088.4284,0.0,0.0,0.0,-1257.2686,-15803.1745,612.6809,11537.2165,-2090.8251,58.76613504,-8.6776,-4093.2469999999994,-2032.05896496,-6133.983564959999
137,517.3317,1422.2066,-1109.1304,0.0,0.0,0.0,-1273.8053,-16006.3917,612.9345,11514.0064,-1901.267,56.88356975999999,9.7475,-4322.848200000002,-1844.38343024,-6157.484130240002
138,494.7157,1397.3077,-1088.8498,0.0,0.0,0.0,-1280.5316,-15924.6334,609.701,11569.7226,-1970.1178,57.640855679999994,7.9518,-4222.567799999999,-1912.47694432,-6127.092944319999
139,479.2212,1419.4706,-1132.6242,0.0,0.0,0.0,-1273.7151,-15854.3473,590.2725,11547.7952,-2045.5714,59.77414871999999,0.9484,-4223.927099999997,-1985.79725128,-6208.775951279997
140,504.7258,1386.2799,-1115.7084,0.0,0.0,0.0,-1238.505,-15828.3702,606.7834,11515.7037,-2066.6074,58.578145920000004,4.4422,-4169.0908,-2008.0292540799999,-6172.67785408
141,503.2708,1420.0214,-1089.7296,0.0,0.0,0.0,-1262.489,-15929.661,596.6736,11564.9232,-2000.0608,59.63859719999999,1.3714,-4196.990600000001,-1940.4222028,-6136.041402800001
142,517.8865,1421.8556,-1087.9483,0.0,0.0,0.0,-1275.5325,-15848.5897,595.9679,11524.1459,-2042.4322,58.283843759999996,-0.1452,-4152.214600000001,-1984.1483562399999,-6136.508156240001
143,491.4766,1380.9514,-1089.501,0.0,0.0,0.0,-1270.267,-15860.9494,595.2622,11525.3883,-2043.6303,59.31273168,13.2987,-4227.6389,-1984.31756832,-6198.657768319999
144,538.8793,1403.3127,-1077.305,0.0,0.0,0.0,-1269.8178,-15798.7466,574.6755,11536.4508,-2115.6653,61.417317600000004,8.5051,-4092.5511000000006,-2054.2479824,-6138.2939824000005
145,481.8361,1454.9552,-1097.9481,0.0,0.0,0.0,-1286.6702,-16012.2604,596.6936,11564.6024,-1924.3951,58.532724,10.6252,-4298.7914,-1865.862376,-6154.028576
146,525.0414,1362.1586,-1094.6478,0.0,0.0,0.0,-1264.7819,-15931.382,609.4981,11567.7484,-2014.7841,59.26957992,9.3215,-4226.3652,-1955.51452008,-6172.55822008
147,499.0273,1408.901,-1097.1448,0.0,0.0,0.0,-1267.5327,-15887.0625,599.4136,11461.7287,-1940.6381,58.96342656,0.6269,-4282.669400000001,-1881.6746734399999,-6163.717173440001
148,489.0234,1433.3943,-1075.0239,0.0,0.0,0.0,-1255.6671,-15737.7278,608.2356,11505.1064,-2133.1771,60.82790904,12.454,-4032.6591000000008,-2072.3491909599998,-6092.554290960001
149,515.7975,1410.1614,-1096.9111,0.0,0.0,0.0,-1245.4099,-15888.3608,606.3428,11518.9231,-1979.2715,60.76031760000001,-6.2563,-4179.457,-1918.5111824,-6104.2244824
150,486.631,1416.4488,-1101.2944,0.0,0.0,0.0,-1265.1096,-15967.2191,609.8506,11569.6219,-1958.5354,59.95728648,12.2983,-4251.070800000001,-1898.57811352,-6137.3506135200005
151,475.1431,1453.5372,-1086.9464,0.0,0.0,0.0,-1274.5744,-15799.577,607.5987,11527.4552,-2080.0822,58.3151004,7.9402,-4097.363599999999,-2021.7670996,-6111.1904995999985
152,515.7518,1400.431,-1076.7501,0.0,0.0,0.0,-1271.8008,-16029.3862,605.8347,11549.9941,-1894.9765,58.75827768,3.1157,-4305.925500000001,-1836.21822232,-6139.028022320001
153,500.0546,1398.402,-1090.8088,0.0,0.0,0.0,-1307.1235,-15799.7124,615.4141,11548.3677,-2065.114,59.25378312,10.2479,-4135.406299999999,-2005.86021688,-6131.018616879998
154,532.0982,1418.5519,-1108.3387,0.0,0.0,0.0,-1288.7315,-15797.534,593.722,11483.303,-2023.2382,57.59187984,-7.1151,-4166.929099999999,-1965.64632016,-6139.690520159999
155,498.1095,1439.2447,-1088.4914,0.0,0.0,0.0,-1280.0787,-15812.2144,615.6727,11531.8248,-2085.5748,60.52680504,7.7447,-4095.9328000000005,-2025.0479949599999,-6113.236094960001
156,498.4504,1408.8211,-1077.446,0.0,0.0,0.0,-1259.845,-16055.9035,611.6716,11565.8774,-1911.0095,57.77432208,-5.579,-4308.374,-1853.2351779199998,-6167.188177919999
157,492.8338,1377.4313,-1082.1765,0.0,0.0,0.0,-1253.9148,-15878.0745,608.6122,11583.9349,-2057.4243,59.7131028,-0.5855,-4151.3536,-1997.7111972000002,-6149.650297200001
158,544.2019,1412.1541,-1090.4113,0.0,0.0,0.0,-1273.4773,-15777.8592,600.5584,11482.5511,-2030.6256,59.55809544,11.4611,-4102.282300000001,-1971.06750456,-6061.88870456
159,501.0731,1415.0567,-1075.7871,0.0,0.0,0.0,-1284.9158,-15927.3656,604.428,11537.0793,-1961.3085,58.757510159999995,7.0603,-4230.4313999999995,-1902.55098984,-6125.92208984
160,480.1907,1431.2627,-1090.1433,0.0,0.0,0.0,-1241.4382,-16119.3862,616.0054,11553.5749,-1854.5496,58.024691999999995,4.3058,-4369.934000000003,-1796.524908,-6162.153108000003
161,495.1978,1449.577,-1096.4272,0.0,0.0,0.0,-1245.8517,-15872.8602,627.89,11537.6204,-2024.6924,59.766577919999996,0.1139,-4104.8539,-1964.92582208,-6069.66582208
162,508.2143,1403.7998,-1096.3658,0.0,0.0,0.0,-1259.3204,-15966.6543,611.4989,11594.3252,-1979.8574,58.52814696,3.0806,-4204.502300000002,-1921.3292530400001,-6122.750953040001
163,511.6386,1400.7786,-1085.8499,0.0,0.0,0.0,-1244.4843,-15995.5831,624.9202,11577.7322,-1979.4587,60.0843888,6.5829,-4210.8477,-1919.3743112,-6123.6391112
164,500.5629,1435.0131,-1085.6649,0.0,0.0,0.0,-1244.6718,-15834.8607,597.4052,11468.0689,-2028.249,58.62815783999999,0.9855,-4164.1473000000005,-1969.62084216,-6132.78264216
165,479.7149,1374.4049,-1077.3731,0.0,0.0,0.0,-1266.1353,-15912.8689,602.9781,11559.5271,-1977.3991,58.43197296,-2.9597,-4239.7523,-1918.9671270400002,-6161.679127040001
166,537.4891,1411.2467,-1060.7789,0.0,0.0,0.0,-1270.9394,-15887.6795,603.0556,11534.6869,-1990.2074,58.9314744,-12.4327,-4132.9195,-1931.2759256,-6076.6281256
167,497.5841,1459.9571,-1092.4923,0.0,0.0,0.0,-1266.1866,-16031.1067,596.8837,11540.0736,-1856.256,57.69855576,1.4116,-4295.2871,-1798.55744424,-6092.432944239999
168,493.9484,1436.138,-1078.9674,0.0,0.0,0.0,-1267.0845,-16040.5045,608.8117,11515.8966,-1882.8045,57.3835212,5.7589,-4331.761699999997,-1825.4209788,-6151.423778799997
169,516.0161,1410.7382,-1087.7734,0.0,0.0,0.0,-1279.0547,-15910.3743,606.1294,11545.4884,-2007.3611,58.66337736,3.4836,-4198.8303,-1948.6977226400002,-6144.04442264
170,552.6914,1400.1222,-1110.9871,0.0,0.0,0.0,-1260.7798,-15884.0637,602.3005,11556.4695,-2029.2804,59.12795016,-2.389,-4144.247000000001,-1970.1524498400001,-6116.788449840001
171,516.3395,1398.4546,-1078.8859,0.0,0.0,0.0,-1263.6971,-15882.0848,577.657,11463.5548,-1965.1888,58.046839199999994,8.138,-4268.661900000001,-1907.1419607999999,-6167.665860800001
172,524.7118,1411.8021,-1092.3772,0.0,0.0,0.0,-1264.7108,-15774.5507,613.7465,11527.0839,-2108.4222,58.93802784,-4.7642,-4054.2944000000007,-2049.48417216,-6108.54277216
173,498.1534,1408.4483,-1096.5685,0.0,0.0,0.0,-1284.4516,-15887.0842,619.4901,11538.6975,-1998.1193,57.94068168,7.0295,-4203.3150000000005,-1940.1786183200002,-6136.464118320001
174,533.861,1466.7436,-1108.1662,0.0,0.0,0.0,-1271.3549,-15775.881,585.6504,11530.5779,-2119.0121,58.806779039999995,13.1757,-4038.569199999998,-2060.20532096,-6085.598820959998
175,546.614,1402.7227,-1105.036,0.0,0.0,0.0,-1282.5146,-15907.663,612.7443,11523.0411,-1999.4347,57.69831672,1.9126,-4210.0915,-1941.73638328,-6149.915283280001
176,500.1577,1404.5207,-1114.8853,0.0,0.0,0.0,-1255.3861,-15718.2107,596.5723,11494.0412,-2114.8085,58.76206344,-0.9709,-4093.190200000001,-2056.04643656,-6150.207536560001
177,511.6836,1381.7873,-1100.4625,0.0,0.0,0.0,-1244.6958,-15907.4382,590.5817,11502.073,-1978.9532,59.809939920000005,9.6774,-4266.4709,-1919.14326008,-6175.936760080001
178,465.9042,1437.0063,-1086.6129,0.0,0.0,0.0,-1275.1384,-15801.0581,609.9683,11501.078,-2079.1801,59.733429120000004,4.3753,-4148.8526,-2019.44667088,-6163.92397088
179,503.2806,1401.1186,-1095.2124,0.0,0.0,0.0,-1257.7373,-16012.821,608.2364,11549.1766,-1912.3441,57.41837208,6.2095,-4303.958500000001,-1854.92572792,-6152.674727920001
180,511.6602,1465.828,-1074.1477,0.0,0.0,0.0,-1231.6682,-15943.6017,617.0478,11544.023,-1989.9162,59.462135999999994,-6.574,-4110.8586,-1930.4540639999998,-6047.886663999999
181,507.637,1451.2369,-1099.4332,0.0,0.0,0.0,-1284.1034,-15911.7819,607.3349,11550.2285,-2010.2864,60.3244152,-3.1651,-4178.8812,-1949.9619848,-6132.0082848
182,520.8582,1438.1551,-1068.0522,0.0,0.0,0.0,-1247.732,-15922.8065,597.3062,11507.0912,-1999.0946,57.16176984,4.2686,-4175.1799999999985,-1941.9328301599999,-6112.844230159999
183,525.9853,1417.6381,-1085.6974,0.0,0.0,0.0,-1281.3585,-15887.739,604.8491,11519.9407,-1978.1854,57.335751359999996,-0.7782,-4186.381700000002,-1920.8496486400002,-6108.009548640001
184,495.9734,1438.5191,-1096.3637,0.0,0.0,0.0,-1239.8359,-15936.7811,590.0329,11516.9041,-1962.78,57.68859888,10.1546,-4231.5512,-1905.09140112,-6126.488001119999
185,526.7827,1438.1225,-1087.9498,0.0,0.0,0.0,-1275.8289,-15903.2421,592.2219,11590.5459,-2047.9652,56.97547272,4.0254,-4119.3478,-1990.9897272800001,-6106.31212728
186,508.4706,1444.1277,-1088.0836,0.0,0.0,0.0,-1258.7942,-15936.4275,611.5481,11505.9304,-1949.3838,58.7635128,4.9242,-4213.228500000001,-1890.6202872000001,-6098.9245872
187,506.8915,1458.9524,-1049.8729,0.0,0.0,0.0,-1256.7903,-15817.5829,600.0126,11477.9487,-2017.0536,57.47495904,6.6977,-4080.4408999999996,-1959.57864096,-6033.32184096
188,501.4571,1395.6768,-1098.5188,0.0,0.0,0.0,-1262.8806,-15968.8159,608.3156,11544.4591,-1934.4513,56.59438104,3.0235,-4280.306699999999,-1877.85691896,-6155.140118959998
189,497.582,1418.854,-1089.1424,0.0,0.0,0.0,-1249.1992,-15874.9988,606.7925,11483.3199,-1984.2225,60.402436560000005,9.4096,-4206.7919999999995,-1923.82006344,-6121.2024634399995
190,520.9594,1456.776,-1113.565,0.0,0.0,0.0,-1280.6339,-15824.8037,606.219,11499.6128,-2034.1999,57.8859552,-1.0703,-4135.4354,-1976.3139448000002,-6112.8196448
191,503.3877,1422.1482,-1081.8927,0.0,0.0,0.0,-1257.2634,-15924.4249,587.8063,11542.3984,-1993.7287,59.44554648,7.3383,-4207.840399999999,-1934.2831535199998,-6134.785253519998
192,503.1718,1397.2424,-1051.4817,0.0,0.0,0.0,-1264.3883,-15934.9877,601.0985,11507.154,-1971.9345,56.83944456,3.9907,-4242.190999999999,-1915.0950554400001,-6153.295355439999
193,554.5994,1427.9728,-1070.1337,0.0,0.0,0.0,-1271.9791,-15847.4169,595.6616,11444.433,-1986.4021,57.70130112,1.9992,-4166.8629,-1928.70079888,-6093.56449888
194,448.1997,1432.5252,-1076.8294,0.0,0.0,0.0,-1237.5554,-15892.8264,607.0935,11490.5682,-1978.2728,57.57964704,2.4227,-4228.824600000002,-1920.69315296,-6147.095052960001
195,491.7288,1381.4084,-1100.4348,0.0,0.0,0.0,-1270.4766,-15830.9044,609.7524,11515.0508,-2007.155,58.60655136,-9.7266,-4203.875399999999,-1948.54844864,-6162.150448639999
196,544.0868,1495.3828,-1072.1685,0.0,0.0,0.0,-1302.5016,-15800.305,604.9675,11455.4957,-2010.6042,56.7685836,6.0136,-4075.042299999999,-1953.8356164,-6022.864316399999
197,545.6928,1434.9559,-1140.4853,0.0,0.0,0.0,-1269.9101,-15813.016,585.6558,11481.3464,-2038.4107,58.79254896,4.6571,-4175.7604999999985,-1979.61815104,-6150.721551039998
198,505.9552,1415.1655,-1110.149,0.0,0.0,0.0,-1271.4859,-15876.1667,591.9827,11498.2768,-1980.5381,57.16284984,3.0487,-4246.421399999999,-1923.37525016,-6166.747950159999
199,488.7646,1376.7151,-1097.2377,0.0,0.0,0.0,-1221.3388,-16002.7893,618.3414,11598.0314,-1966.3106,59.15589335999999,5.5195,-4239.5133000000005,-1907.15470664,-6141.14850664
200,529.9117,1406.8376,-1103.0129,0.0,0.0,0.0,-1254.6688,-15792.6497,591.6398,11449.4675,-2003.7889,60.15750192,5.2462,-4172.474799999998,-1943.63139808,-6110.859998079998
201,509.2351,1388.9181,-1117.2187,0.0,0.0,0.0,-1260.9545,-15875.2723,592.1306,11516.2824,-1964.8036,58.5242028,12.1927,-4246.8793000000005,-1906.2793972,-6140.965997200001
202,509.4772,1453.5451,-1114.9862,0.0,0.0,0.0,-1273.3923,-15847.9516,616.7583,11461.3734,-1975.9789,58.662351359999995,-4.5567,-4195.176100000001,-1917.31654864,-6117.049348640001
203,498.2486,1409.6454,-1102.0879,0.0,0.0,0.0,-1285.1011,-15845.1383,616.9488,11543.6862,-2010.6307,56.06382456,2.8,-4163.7983,-1954.5668754399999,-6115.56517544
204,498.494,1448.893,-1085.3212,0.0,0.0,0.0,-1280.1997,-15959.327,604.4117,11527.3788,-1915.9623,55.84116888,4.0268,-4245.670399999997,-1860.12113112,-6101.764731119998
205,514.5677,1419.2594,-1092.4941,0.0,0.0,0.0,-1278.1418,-15899.1769,589.2852,11452.6373,-1917.5854,55.63324728,0.155,-4294.0632000000005,-1861.95215272,-6155.86035272
206,507.2397,1423.3606,-1149.2795,0.0,0.0,0.0,-1261.5971,-15898.0444,605.3813,11485.6455,-1954.7217,59.52921768,14.3757,-4287.293899999999,-1895.19248232,-6168.110682319999
207,517.7959,1416.5774,-1069.1593,0.0,0.0,0.0,-1275.8152,-15942.7997,604.5609,11540.5291,-1948.2347,58.58572536,2.4963,-4208.3109,-1889.64897464,-6095.463574640001
208,533.7617,1417.3494,-1069.8183,0.0,0.0,0.0,-1290.3581,-15888.4353,595.6278,11490.4106,-1944.0028,57.72201264,0.6923,-4211.4622,-1886.28078736,-6097.050687360001
209,528.0227,1419.2701,-1118.7596,0.0,0.0,0.0,-1262.9279,-15913.3938,607.6692,11522.4363,-1955.9473,57.499370639999995,-6.896,-4217.683000000001,-1898.44792936,-6123.02692936
210,498.1237,1434.2064,-1116.2383,0.0,0.0,0.0,-1278.4572,-15794.1531,596.0972,11448.5157,-2048.912,58.10407704,15.6835,-4211.9056,-1990.8079229599998,-6187.03002296
211,496.1263,1422.4808,-1073.0042,0.0,0.0,0.0,-1275.2263,-15918.9949,600.7616,11566.7373,-2026.742,58.3774164,14.0705,-4181.1194,-1968.3645836,-6135.4134836
212,503.033,1429.9596,-1089.8727,0.0,0.0,0.0,-1251.8367,-15989.5925,591.902,11535.5788,-1918.1755,59.22082368,3.9701,-4270.828500000001,-1858.95467632,-6125.813076320002
213,506.9091,1438.5499,-1113.4293,0.0,0.0,0.0,-1257.6336,-15727.6738,591.964,11517.729,-2137.5307,60.96983472,1.054,-4043.5847000000012,-2076.5608652799997,-6119.09156528
214,500.0114,1392.9444,-1108.7117,0.0,0.0,0.0,-1257.9294,-15851.2825,606.2405,11531.1478,-2015.4597,59.361276960000005,-1.5875,-4187.579499999998,-1956.0984230400002,-6145.265423039998
215,525.909,1417.3671,-1112.4299,0.0,0.0,0.0,-1261.2688,-15894.5644,593.7742,11537.308,-2019.4144,59.979844799999995,14.6362,-4193.904799999998,-1959.4345552,-6138.703155199998
216,510.5753,1419.8452,-1089.7734,0.0,0.0,0.0,-1239.0689,-15928.2606,592.0461,11532.6096,-1961.1883,59.122737359999995,8.8441,-4202.0267,-1902.06556264,-6095.2481626399995
217,534.4043,1460.9305,-1103.424,0.0,0.0,0.0,-1224.4955,-15848.1621,597.0012,11481.8917,-2023.835,63.252689759999996,6.3902,-4101.853899999998,-1960.58231024,-6056.046010239998
218,479.1736,1427.688,-1121.9404,0.0,0.0,0.0,-1237.7377,-15980.8318,611.3707,11573.3771,-1953.0008,61.33790807999999,4.3823,-4248.900500000002,-1891.66289192,-6136.181091920002
219,484.1691,1387.0266,-1104.38,0.0,0.0,0.0,-1276.1796,-15919.0826,603.0144,11552.263,-1941.3489,59.47533144,-7.7783,-4273.169099999997,-1881.87356856,-6162.820968559997
220,544.0383,1414.2408,-1080.9376,0.0,0.0,0.0,-1243.6521,-15867.774,588.8896,11492.0634,-1995.8021,59.455394639999994,5.8522,-4153.131599999999,-1936.3467053600002,-6083.626105359998
221,526.5826,1410.9562,-1123.8941,0.0,0.0,0.0,-1249.5976,-15861.8246,618.9538,11573.4045,-2033.3735,60.57252576,-4.2994,-4105.4192,-1972.80097424,-6082.51957424
222,501.7031,1458.026,-1106.8201,0.0,0.0,0.0,-1250.5597,-15854.2726,621.1602,11497.5964,-2026.6003,59.43888288,9.176,-4133.1667,-1967.1614171200001,-6091.152117119999
223,515.8418,1461.2662,-1110.9804,0.0,0.0,0.0,-1275.1036,-15857.2832,608.6694,11474.2939,-1995.3953,58.6549548,1.9465,-4183.295899999999,-1936.7403451999999,-6118.089745199999
224,479.3792,1389.2206,-1115.7264,0.0,0.0,0.0,-1298.2107,-15915.7135,610.3435,11538.2476,-1972.506,56.20230072,-4.3035,-4312.459700000001,-1916.30369928,-6233.066899280002
225,511.5015,1379.0833,-1089.4809,0.0,0.0,0.0,-1252.991,-15925.5923,600.1201,11538.9015,-1972.4428,58.015300319999994,-1.8633,-4238.4578,-1914.42749968,-6154.74859968
226,513.8619,1402.5129,-1094.1152,0.0,0.0,0.0,-1309.1093,-15852.8002,605.5668,11528.4958,-2014.7938,56.43095039999999,12.5493,-4205.587299999999,-1958.3628496,-6151.400849599999
227,517.8047,1398.9662,-1096.458,0.0,0.0,0.0,-1272.6311,-15951.4703,592.842,11515.0571,-1908.3311,56.55131064,8.277,-4295.889400000002,-1851.77978936,-6139.392189360002
228,492.6619,1415.1127,-1121.1051,0.0,0.0,0.0,-1268.4602,-15875.6402,591.6374,11482.2998,-1954.9499,59.085974879999995,9.863,-4283.493699999999,-1895.86392512,-6169.494625119998
229,571.1453,1465.9754,-1092.6743,0.0,0.0,0.0,-1286.6813,-15867.5335,586.9762,11406.2236,-1915.2952,58.30116983999999,-3.7835,-4216.5686000000005,-1856.99403016,-6077.346130160001
230,489.9046,1424.1545,-1096.4308,0.0,0.0,0.0,-1281.4467,-15932.0256,595.1261,11512.7009,-1906.162,57.58354584,10.5782,-4288.017000000002,-1848.57845416,-6126.017254160002
231,541.1285,1466.0758,-1092.2801,0.0,0.0,0.0,-1278.2756,-15754.5246,597.6174,11480.0262,-2066.2294,58.464364319999994,-0.2295,-4040.232400000001,-2007.7650356800002,-6048.226935680002
232,505.5848,1431.7656,-1124.3095,0.0,0.0,0.0,-1248.8425,-15945.1277,593.4671,11551.3312,-1947.3264,59.79986567999999,2.7523,-4236.130999999999,-1887.5265343199999,-6120.905234319999
233,509.7128,1438.7234,-1076.105,0.0,0.0,0.0,-1278.6932,-15790.9532,620.144,11532.6448,-2086.2028,59.13495504,10.5273,-4044.526399999999,-2027.06784496,-6061.066944959999
234,478.4952,1444.4283,-1099.4024,0.0,0.0,0.0,-1273.5955,-15874.3162,587.3273,11525.1362,-1996.1943,59.30219448,3.0993,-4211.927099999997,-1936.89210552,-6145.719905519997
235,525.6495,1430.5949,-1113.0736,0.0,0.0,0.0,-1237.6209,-15889.7668,595.8544,11560.2158,-2034.0924,59.680023119999994,-0.2287,-4128.146699999999,-1974.41237688,-6102.787776879998
236,519.4327,1402.7015,-1074.7515,0.0,0.0,0.0,-1234.1086,-15914.6943,596.8213,11509.9899,-1997.0654,59.195461679999994,13.5318,-4194.608999999999,-1937.86993832,-6118.947138319998
237,493.2181,1456.7358,-1103.3811,0.0,0.0,0.0,-1250.9602,-15975.9945,595.0164,11554.7018,-1944.9571,56.055903119999996,11.6917,-4230.663699999999,-1888.90119688,-6107.873196879998
238,480.5177,1450.4786,-1093.6976,0.0,0.0,0.0,-1272.8896,-15764.3032,604.0353,11464.3243,-2068.7183,57.915338399999996,19.1589,-4131.534500000002,-2010.8029616,-6123.178561600002
239,525.1958,1380.1955,-1074.3104,0.0,0.0,0.0,-1288.8661,-15920.3632,606.0197,11522.6215,-1947.7529,57.34980288,-1.422,-4249.5072,-1890.40309712,-6141.332297119999
240,489.1498,1452.4001,-1098.0086,0.0,0.0,0.0,-1237.2197,-15893.7727,583.6462,11543.2102,-2000.1478,59.066151839999996,8.5668,-4160.5947000000015,-1941.08164816,-6093.109548160001
241,501.804,1406.9811,-1095.1937,0.0,0.0,0.0,-1301.4627,-15872.5323,596.592,11522.0232,-1992.3654,57.848091839999995,8.8871,-4241.788400000001,-1934.5173081599999,-6167.418608160001
242,516.214,1393.2921,-1066.3019,0.0,0.0,0.0,-1270.0094,-15988.7023,604.9172,11528.8793,-1906.7966,58.06469232,2.1679,-4281.710999999999,-1848.73190768,-6128.275007679998
243,516.9201,1403.398,-1114.7934,0.0,0.0,0.0,-1266.3907,-15965.3606,598.8376,11568.6571,-1937.4355,55.59899328,-7.6206,-4258.731900000001,-1881.83650672,-6148.18900672
244,504.5578,1423.1042,-1090.4019,0.0,0.0,0.0,-1257.1123,-15968.6422,617.2451,11505.3987,-1862.6516,58.02935184,5.0322,-4265.8506,-1804.62224816,-6065.44064816
245,499.6492,1387.0413,-1103.4335,0.0,0.0,0.0,-1297.3991,-15815.6569,603.028,11557.4761,-2057.7443,57.95106192,-2.1955,-4169.294899999999,-1999.7932380799998,-6171.283638079999
246,518.5058,1451.3171,-1106.4637,0.0,0.0,0.0,-1282.1446,-16029.9301,596.6323,11527.3227,-1870.6656,57.43481472,5.0017,-4324.7604999999985,-1813.23078528,-6132.989585279999
247,529.5583,1414.1258,-1082.1985,0.0,0.0,0.0,-1288.053,-15942.5973,614.5392,11528.5951,-1930.8734,57.93642,11.5478,-4226.0304,-1872.93698,-6087.41958
248,514.2133,1378.7524,-1083.5215,0.0,0.0,0.0,-1274.2112,-15922.5165,623.2955,11537.4941,-1955.5332,58.04068176,5.5481,-4226.493899999998,-1897.49251824,-6118.438318239998
249,527.1427,1422.5546,-1046.9164,0.0,0.0,0.0,-1268.3191,-15998.5926,592.4195,11496.3746,-1878.3759,57.793829759999994,-2.9377,-4275.336700000002,-1820.5820702400001,-6098.856470240002
250,514.7063,1378.3802,-1113.5951,0.0,0.0,0.0,-1279.2694,-15880.1037,610.6104,11528.5397,-2004.6561,59.478696,-12.0313,-4240.731600000001,-1945.177404,-6197.940304000001
251,506.985,1401.1784,-1088.5543,0.0,0.0,0.0,-1282.1147,-15922.9873,602.2661,11505.055,-1934.8283,56.99994912,-4.9495,-4278.1718,-1877.82835088,-6160.94965088
252,499.5121,1391.0229,-1117.3271,0.0,0.0,0.0,-1280.08,-15997.3138,603.942,11586.9809,-1933.2189,57.16097784,-7.9871,-4313.263000000001,-1876.05792216,-6197.308022160001
253,493.4079,1423.5774,-1116.8955,0.0,0.0,0.0,-1279.4393,-15994.6585,620.6527,11583.6923,-1922.6727,55.397653919999996,0.5176,-4269.6630000000005,-1867.27504608,-6136.42044608
254,538.765,1442.0825,-1093.2481,0.0,0.0,0.0,-1254.3533,-15912.1499,593.7924,11549.9805,-2012.199,56.209757759999995,-2.0961,-4135.1309,-1955.98924224,-6093.216242240001
255,512.4844,1421.9164,-1124.1872,0.0,0.0,0.0,-1274.5288,-15889.4925,612.7724,11553.8627,-2003.5388,57.34387368,-2.1596,-4187.172600000002,-1946.19492632,-6135.527126320002
256,497.3284,1434.3824,-1126.685,0.0,0.0,0.0,-1289.2109,-15851.5922,588.3947,11533.1497,-2027.2782,56.58650352,8.2889,-4214.232899999999,-1970.69169648,-6176.635696479999
257,508.9541,1382.8305,-1088.9061,0.0,0.0,0.0,-1271.5509,-15904.4141,605.125,11544.2764,-1979.4885,57.32598672,9.8944,-4223.685099999999,-1922.16251328,-6135.953213279998
258,494.9544,1430.3001,-1103.2783,0.0,0.0,0.0,-1279.6979,-15991.6859,603.1319,11593.9979,-1924.6449,56.72487167999999,-4.9519,-4252.277799999998,-1867.92002832,-6125.149728319998
259,503.5933,1386.8645,-1103.5297,0.0,0.0,0.0,-1295.6623,-15932.2942,587.8488,11564.1994,-1960.6445,58.3866468,4.8431,-4288.9802,-1902.2578532,-6186.394953200001
260,499.696,1423.0168,-1089.7324,0.0,0.0,0.0,-1248.6531,-15869.6436,612.0582,11470.4899,-1988.4523,57.588648479999996,4.6574,-4202.768199999999,-1930.8636515199998,-6128.974451519998
261,496.0498,1421.4497,-1097.4049,0.0,0.0,0.0,-1297.77,-15942.3087,600.4163,11517.848,-1946.8774,56.379996719999994,5.2538,-4301.719800000001,-1890.49740328,-6186.96340328
262,479.7703,1443.1616,-1073.9996,0.0,0.0,0.0,-1265.7206,-16014.6496,594.3159,11512.7724,-1881.9664,57.17052648,8.4672,-4324.349600000001,-1824.79587352,-6140.678273520001
263,489.7366,1442.2121,-1085.7182,0.0,0.0,0.0,-1288.2215,-15885.1808,608.6832,11566.6907,-1997.8054,58.313293200000004,4.958,-4151.797900000001,-1939.4921067999999,-6086.332006800002
264,509.9568,1487.5466,-1103.313,0.0,0.0,0.0,-1280.8206,-15905.7366,595.2296,11497.7071,-1956.1878,58.32403488,2.5683,-4199.4301,-1897.86376512,-6094.725565119999
265,497.8939,1390.081,-1115.8178,0.0,0.0,0.0,-1266.3718,-15795.1857,591.7398,11515.8997,-2081.8297,59.63110848,6.1322,-4181.760900000001,-2022.1985915199998,-6197.827291520001
266,490.3326,1397.2411,-1080.286,0.0,0.0,0.0,-1270.3236,-15873.1934,596.5653,11543.3519,-2019.3151,58.034728079999994,-0.158,-4196.312100000001,-1961.28037192,-6157.7504719200015
267,459.734,1405.8703,-1072.9198,0.0,0.0,0.0,-1302.3352,-15875.135,624.0804,11579.0041,-2028.7593,56.54616048,5.0419,-4181.7011999999995,-1972.21313952,-6148.872439519999
268,490.8558,1366.3148,-1091.8739,0.0,0.0,0.0,-1292.3632,-15912.8395,600.5148,11577.7589,-2010.2681,55.59020352,-1.6861,-4261.6322999999975,-1954.67789648,-6217.996296479998
269,502.3609,1404.1031,-1061.0092,0.0,0.0,0.0,-1256.3772,-16037.8942,601.0028,11519.0285,-1873.5172,57.60074592,0.6301,-4328.785300000001,-1815.91645408,-6144.071654080001
270,472.4229,1442.747,-1081.968,0.0,0.0,0.0,-1289.1602,-15942.6617,620.6046,11578.4445,-1999.5974,57.268345679999996,5.7388,-4199.570899999999,-1942.32905432,-6136.16115432
271,503.5982,1353.4541,-1102.0859,0.0,0.0,0.0,-1259.0785,-16033.9071,602.28,11606.8102,-1967.8676,58.0544568,6.1722,-4328.929000000002,-1909.8131432,-6232.569943200002
272,537.7702,1429.8603,-1091.617,0.0,0.0,0.0,-1260.6025,-15997.5601,608.2927,11536.5725,-1911.8194,55.88498016,3.1512,-4237.2839,-1855.9344198400001,-6090.0671198400005
273,494.181,1392.8403,-1054.9546,0.0,0.0,0.0,-1276.0887,-15784.5461,608.7828,11479.1243,-2091.7915,59.63098824,6.0802,-4140.661,-2032.1605117599997,-6166.741311759999
274,531.2991,1399.2891,-1077.6216,0.0,0.0,0.0,-1237.1265,-15945.1477,603.9513,11443.3167,-1905.6947,59.004254159999995,1.6531,-4282.0396,-1846.69044584,-6127.07694584
275,507.973,1392.866,-1107.2751,0.0,0.0,0.0,-1266.005,-16003.6581,604.8769,11556.2645,-1925.0491,57.80611728,3.391,-4314.957800000002,-1867.2429827199999,-6178.809782720003
276,504.8919,1364.0713,-1072.7849,0.0,0.0,0.0,-1257.8485,-16179.4938,614.7754,11595.4956,-1792.6299,56.56322232,4.0158,-4430.893,-1736.0666776799999,-6162.94387768
277,459.5348,1384.8642,-1067.8624,0.0,0.0,0.0,-1269.6992,-15933.2441,613.3549,11574.9891,-2032.6005,57.19920552,8.8384,-4238.062699999999,-1975.40129448,-6204.62559448
278,510.17,1398.9777,-1073.1102,0.0,0.0,0.0,-1280.8547,-15941.3791,617.4628,11544.434,-1983.0512,58.28324328,-2.0572,-4224.299500000001,-1924.76795672,-6151.124656720001
279,510.8418,1414.4511,-1086.8895,0.0,0.0,0.0,-1269.6748,-15865.3606,604.0105,11529.907,-2039.7076,56.79434376,13.4627,-4162.7145,-1982.91325624,-6132.16505624
280,556.8512,1418.3259,-1093.1781,0.0,0.0,0.0,-1281.4791,-15873.5814,589.384,11516.8992,-2007.597,57.14817984,8.9897,-4166.7783,-1950.44882016,-6108.23742016
281,523.9818,1442.5893,-1082.2808,0.0,0.0,0.0,-1285.8862,-16017.2147,599.3006,11519.4768,-1896.5596,54.3953772,1.838,-4300.0332,-1842.1642228,-6140.3594228
282,504.284,1416.1368,-1075.4937,0.0,0.0,0.0,-1292.9039,-16144.2272,613.1222,11516.7038,-1761.5301,52.5139236,-0.7358,-4462.377999999999,-1709.0161764,-6172.1299764
283,508.1239,1403.5516,-1070.1457,0.0,0.0,0.0,-1263.9899,-15875.5185,610.6111,11528.1259,-2028.4677,58.47934392,6.1432,-4159.241600000001,-1969.98835608,-6123.086756080001
284,471.3337,1418.5505,-1105.1002,0.0,0.0,0.0,-1287.4195,-15915.0147,611.5092,11562.7924,-2003.8751,57.22467192,13.2281,-4243.348599999999,-1946.65042808,-6176.770928079999
285,494.175,1369.5209,-1082.6966,0.0,0.0,0.0,-1266.5603,-15996.4467,614.3684,11534.1662,-1915.3731,56.7772452,-5.5976,-4333.473100000003,-1858.5958548,-6197.666554800003
286,471.8505,1391.2139,-1115.1028,0.0,0.0,0.0,-1274.569,-15712.7212,602.0066,11493.7483,-2155.4117,57.456429119999996,8.4527,-4143.573700000001,-2097.95527088,-6233.076270880001
287,496.5012,1428.8734,-1101.6637,0.0,0.0,0.0,-1293.3643,-16060.7025,598.6838,11582.3142,-1895.594,56.412653039999995,-4.8917,-4349.357899999997,-1839.1813469600002,-6193.4309469599975
288,455.1672,1346.647,-1096.2454,0.0,0.0,0.0,-1284.7899,-16103.198,622.1054,11628.2051,-1867.864,56.8965636,-2.3733,-4432.1086,-1810.9674364,-6245.449336399999
289,490.6586,1453.632,-1095.6916,0.0,0.0,0.0,-1287.8253,-16061.367,615.8747,11582.9012,-1883.4029,54.651217679999995,8.9836,-4301.8174,-1828.75168232,-6121.585482320001
290,478.8671,1421.5349,-1120.1331,0.0,0.0,0.0,-1264.2613,-15861.0329,620.6635,11517.8798,-2043.1826,58.127210639999994,-0.8303,-4206.481999999998,-1985.0553893600002,-6192.367689359998
291,508.0518,1385.3648,-1056.9937,0.0,0.0,0.0,-1258.5511,-15967.5867,599.6685,11484.1389,-1909.5957,57.13988328,4.777,-4305.907499999999,-1852.45581672,-6153.58631672
292,485.7515,1387.0675,-1080.7924,0.0,0.0,0.0,-1257.5542,-16006.403,632.6969,11558.8169,-1925.2021,57.83551848,-5.8652,-4280.416799999999,-1867.36658152,-6153.648581519999
293,504.467,1355.794,-1078.8141,0.0,0.0,0.0,-1261.3733,-15987.7341,600.0958,11532.9662,-1943.7014,56.59256664,1.461,-4334.598499999998,-1887.1088333599998,-6220.246333359998
294,513.7483,1401.0131,-1075.7811,0.0,0.0,0.0,-1290.937,-15947.2965,610.6893,11519.8859,-1931.8138,56.89410552,-1.2237,-4268.678,-1874.9196944799999,-6144.821394479999
295,496.2885,1432.0081,-1091.1901,0.0,0.0,0.0,-1270.4564,-15931.8003,610.3231,11506.2441,-1914.0651,58.31001648,-1.3058,-4248.5830000000005,-1855.75508352,-6105.643883520001
296,488.6183,1400.3485,-1121.1512,0.0,0.0,0.0,-1286.5637,-15754.8796,602.5906,11575.1767,-2095.8499,59.246691119999994,1.7027,-4095.8604000000014,-2036.6032088800002,-6130.760908880002
297,518.484,1417.7854,-1077.1186,0.0,0.0,0.0,-1274.2441,-15935.361,584.7956,11475.0987,-1895.7246,56.02909751999999,2.8437,-4290.560000000001,-1839.69550248,-6127.411802480001
298,537.8221,1429.5834,-1094.7002,0.0,0.0,0.0,-1290.1878,-15866.8755,595.4156,11481.9509,-1972.0596,56.969701199999996,-1.8434,-4206.9915,-1915.0898988000001,-6123.924798800001
299,509.3106,1406.1386,-1082.7821,0.0,0.0,0.0,-1283.9739,-15967.943,612.7178,11501.1138,-1883.8476,55.92668328,5.0242,-4305.418199999998,-1827.9209167200002,-6128.314916719998
300,504.8836,1411.2861,-1093.032,0.0,0.0,0.0,-1245.2044,-15882.4488,607.2116,11525.5578,-1984.106,58.74314328,8.3818,-4171.7460999999985,-1925.36285672,-6088.727156719998
301,516.7912,1399.4579,-1061.006,0.0,0.0,0.0,-1272.3682,-15977.206,607.5076,11637.6899,-1998.4492,58.868134559999994,6.9991,-4149.133599999999,-1939.58106544,-6081.715565439999
302,519.8226,1396.58,-1105.3339,0.0,0.0,0.0,-1271.3553,-15798.8779,606.091,11533.1293,-2069.2652,60.2966052,13.9642,-4119.944199999998,-2008.9685948,-6114.948594799997
303,474.3528,1433.2547,-1099.995,0.0,0.0,0.0,-1251.3422,-15921.8496,604.182,11578.9052,-2050.8662,58.9882032,9.0251,-4182.4920999999995,-1991.8779968,-6165.3449968
304,523.5432,1401.5969,-1093.7955,0.0,0.0,0.0,-1265.1296,-15982.9351,602.2916,11551.5306,-1921.135,59.94496584,8.5195,-4262.897899999998,-1861.19003416,-6115.568434159998
305,506.0602,1395.2286,-1075.2959,0.0,0.0,0.0,-1275.5924,-15904.7856,605.5829,11549.1801,-1994.0259,58.91330808,1.9642,-4199.6221000000005,-1935.11259192,-6132.7704919200005
306,518.856,1425.9587,-1070.575,0.0,0.0,0.0,-1251.5374,-15857.3105,608.4444,11559.9002,-2011.7386,59.4912816,6.5479,-4066.2635999999984,-1952.2473183999998,-6011.963018399999
307,507.0966,1416.0622,-1087.3493,0.0,0.0,0.0,-1243.7897,-15974.4373,611.3512,11518.3553,-1946.3769,58.90978224,7.7431,-4252.711000000001,-1887.46711776,-6132.435017760002
308,499.2299,1428.6097,-1081.4875,0.0,0.0,0.0,-1261.7257,-15934.6028,596.2174,11534.3309,-1961.1938,57.91980528,6.7075,-4219.428099999999,-1903.27399472,-6115.9945947199985
309,467.3083,1406.912,-1080.1141,0.0,0.0,0.0,-1255.1744,-15890.7279,624.3559,11601.9348,-2056.5344,60.42751272,0.6506,-4125.505399999998,-1996.10688728,-6120.961687279999
310,521.8444,1407.0348,-1106.5997,0.0,0.0,0.0,-1275.8946,-15931.2497,589.0503,11566.343,-1963.6419,58.8101724,10.3721,-4229.471499999998,-1904.8317276,-6123.931127599999
311,529.2435,1355.8992,-1089.5012,0.0,0.0,0.0,-1234.7303,-15815.3404,595.5862,11502.9843,-2047.1958,60.7394556,2.2514,-4155.858699999999,-1986.4563444,-6140.063644399998
312,547.9016,1374.9631,-1103.5051,0.0,0.0,0.0,-1219.3847,-15841.592,613.0689,11473.4367,-1984.7893,60.65594352000001,10.9389,-4155.111500000001,-1924.13335648,-6068.305956480001
313,527.2199,1376.5938,-1082.1328,0.0,0.0,0.0,-1270.5343,-16027.5579,629.0752,11586.3472,-1889.7708,58.34149776,4.5973,-4260.9889,-1831.42930224,-6087.820902240001
314,533.9113,1451.91,-1119.9266,0.0,0.0,0.0,-1296.8099,-15718.781,581.0558,11472.0932,-2087.189,58.35507336,6.6614,-4096.547200000001,-2028.8339266399998,-6118.719726640002
315,527.5299,1426.3975,-1085.028,0.0,0.0,0.0,-1287.0913,-15751.3791,616.0489,11528.7578,-2070.7593,60.75007127999999,2.6472,-4024.7643000000007,-2010.0092287200002,-6032.12632872
316,497.3433,1375.4323,-1076.4017,0.0,0.0,0.0,-1291.836,-15901.4895,600.6421,11509.5594,-1965.016,58.85288136,3.1584,-4286.750099999999,-1906.16311864,-6189.754818639999
317,499.142,1366.172,-1096.3522,0.0,0.0,0.0,-1243.9677,-15853.5973,598.9829,11548.9229,-2032.7719,59.33574503999999,0.1772,-4180.697399999999,-1973.43615496,-6153.956354959999
318,499.9781,1413.649,-1106.3186,0.0,0.0,0.0,-1260.415,-15829.1068,600.8187,11581.6107,-2108.8921,60.902324639999996,0.352,-4099.7839,-2047.98977536,-6147.42167536
319,487.8224,1417.0337,-1073.3137,0.0,0.0,0.0,-1270.3838,-15834.1605,608.9647,11591.8782,-2109.4384,60.05958696,-4.8409,-4072.1589999999997,-2049.37881304,-6126.37871304
320,494.821,1446.6402,-1091.9443,0.0,0.0,0.0,-1298.0421,-15978.0612,604.481,11611.9046,-1966.0783,58.0866876,2.3547,-4210.2008000000005,-1907.9916124,-6115.837712400001
321,481.5552,1455.2112,-1056.1013,0.0,0.0,0.0,-1275.8101,-15946.3632,611.4447,11526.1757,-1908.1997,58.46779224,3.1681,-4203.8878,-1849.7319077599998,-6050.451607760001
322,508.4115,1402.6478,-1092.6252,0.0,0.0,0.0,-1293.2327,-15906.5511,593.5839,11589.2507,-1979.4747,60.47889768,-2.0267,-4198.5151000000005,-1918.99580232,-6119.537602320001
323,492.1579,1399.2636,-1118.5563,0.0,0.0,0.0,-1258.8974,-15859.7229,606.2201,11599.9931,-2092.0998,58.53472632,0.4396,-4139.5419,-2033.56507368,-6172.66737368
324,523.2594,1402.3389,-1076.1362,0.0,0.0,0.0,-1284.2557,-15876.4824,594.2989,11561.586,-2047.2823,60.9115032,1.9677,-4155.391100000001,-1986.3707968,-6139.7941968000005
325,526.873,1389.974,-1068.3803,0.0,0.0,0.0,-1260.7623,-15909.556,607.2939,11494.3471,-1917.9165,59.54843231999999,1.855,-4220.2105999999985,-1858.36806768,-6076.723667679999
326,520.6621,1379.7021,-1090.2169,0.0,0.0,0.0,-1226.1829,-15897.387,609.934,11478.7053,-1963.8919,60.24607704,6.7133,-4224.783300000001,-1903.64582296,-6121.715822960001
327,482.7285,1443.737,-1100.0995,0.0,0.0,0.0,-1248.1235,-15971.5484,610.3493,11509.0566,-1902.0182,59.88741336,9.9467,-4273.9,-1842.13078664,-6106.084086639999
328,496.8706,1434.3051,-1092.8802,0.0,0.0,0.0,-1261.0187,-15862.1548,589.1216,11457.3607,-1989.183,59.75846064,-2.7895,-4238.395700000001,-1929.42453936,-6170.609739360001
329,523.928,1394.2176,-1092.8762,0.0,0.0,0.0,-1225.1451,-15924.262,598.9602,11507.7018,-1972.165,60.51561048,13.5313,-4217.475700000001,-1911.6493895199999,-6115.593789520001
330,509.8643,1395.6742,-1077.4855,0.0,0.0,0.0,-1246.5968,-15944.3005,608.6621,11521.7318,-1944.0948,61.77949776,3.1127,-4232.4504,-1882.3153022400002,-6111.65300224
331,546.2748,1399.5061,-1110.2294,0.0,0.0,0.0,-1232.0942,-15938.6053,603.4222,11512.4167,-1985.9664,60.47082863999999,9.4049,-4219.3091,-1925.49557136,-6135.39977136
332,497.12,1363.6587,-1094.2282,0.0,0.0,0.0,-1254.6462,-16011.9357,606.2971,11524.2525,-1909.008,58.47314976,4.0603,-4369.4818,-1850.53485024,-6215.95635024
333,532.3543,1420.1197,-1105.0719,0.0,0.0,0.0,-1260.8902,-15907.9503,594.8568,11482.0362,-1948.5381,59.73906167999999,2.5022,-4244.545400000001,-1888.79903832,-6130.84223832
334,529.9417,1401.234,-1086.5411,0.0,0.0,0.0,-1263.9716,-15894.628,594.4212,11512.6219,-1984.0687,60.716646,5.7498,-4206.921899999999,-1923.352054,-6124.524154
335,526.8455,1435.9074,-1127.3808,0.0,0.0,0.0,-1246.8219,-15890.7247,609.5707,11472.6833,-1967.3415,59.03872127999999,6.0004,-4219.9205,-1908.30277872,-6122.222878720001
336,493.8651,1413.7007,-1103.1141,0.0,0.0,0.0,-1251.0069,-15964.2838,603.1696,11543.5029,-1945.5953,58.805954639999996,10.4921,-4264.166500000001,-1886.78934536,-6140.463745360001
337,525.4145,1415.2888,-1097.7151,0.0,0.0,0.0,-1288.4039,-15899.8806,607.2107,11499.6372,-1956.7113,58.984411679999994,10.1202,-4238.448400000001,-1897.72688832,-6126.05508832
338,489.0614,1441.3303,-1101.6059,0.0,0.0,0.0,-1286.9925,-15960.4161,581.4993,11496.7543,-1906.1392,57.58205904,0.2949,-4340.369200000001,-1848.55714096,-6188.631440960001
339,500.6781,1428.4049,-1072.0417,0.0,0.0,0.0,-1287.0839,-16061.0834,610.1027,11548.5533,-1855.0359,57.566433599999996,-10.8601,-4332.470000000001,-1797.4694664,-6140.799566400001
340,508.6336,1514.327,-1107.4114,0.0,0.0,0.0,-1271.0703,-16110.3031,600.1743,11514.1888,-1807.2132,56.11358016,-3.9562,-4351.461099999999,-1751.0996198399998,-6106.516919839998
341,482.8627,1457.0374,-1089.712,0.0,0.0,0.0,-1300.2908,-15895.3888,582.6188,11471.1276,-1919.5311,57.757448159999996,11.7728,-4291.7451,-1861.77365184,-6141.74595184
342,480.5097,1409.841,-1083.495,0.0,0.0,0.0,-1292.4615,-16008.293,614.2558,11548.9673,-1882.7116,57.62153304,6.8132,-4330.675699999998,-1825.09006696,-6148.952566959999
343,545.2008,1434.1891,-1093.3445,0.0,0.0,0.0,-1268.3429,-16084.2447,604.4625,11562.3123,-1848.8165,59.37055631999999,-2.2329,-4299.767400000001,-1789.4459436799998,-6091.44624368
344,500.3751,1458.146,-1092.4523,0.0,0.0,0.0,-1281.0525,-15966.9038,620.0051,11513.1011,-1944.0326,56.72796552,8.7729,-4248.781300000001,-1887.30463448,-6127.313034480001
345,516.46,1375.1705,-1104.9394,0.0,0.0,0.0,-1261.2044,-16031.2859,614.5622,11553.2972,-1882.7198,57.03107256,-6.3231,-4337.9398,-1825.68872744,-6169.951627439999
346,515.5851,1373.6475,-1122.1095,0.0,0.0,0.0,-1250.5157,-16006.1636,623.7847,11525.844,-1878.8059,58.413000239999995,12.9218,-4339.9275,-1820.39289976,-6147.39859976
347,504.713,1397.2047,-1133.6897,0.0,0.0,0.0,-1251.1567,-15895.2223,600.8492,11547.7632,-2002.8966,60.2380296,4.1154,-4229.5386,-1942.6585704000001,-6168.0817704
348,542.3534,1434.593,-1102.0445,0.0,0.0,0.0,-1260.2797,-15844.0887,579.4301,11481.78,-2039.7294,59.43317544,-5.6115,-4168.2564,-1980.29622456,-6154.16412456
349,491.7508,1391.1192,-1117.9738,0.0,0.0,0.0,-1236.1519,-15940.1029,607.9646,11542.0814,-1996.0716,60.06006504,-6.9836,-4261.312600000001,-1936.01153496,-6204.307734960001
350,501.5783,1450.1716,-1081.4985,0.0,0.0,0.0,-1237.6361,-15738.2886,603.6169,11449.6815,-2079.6548,61.64060688,5.685,-4052.3749000000007,-2018.0141931199998,-6064.704093120001
351,508.7954,1436.4799,-1095.717,0.0,0.0,0.0,-1271.595,-15964.6118,580.2572,11524.1871,-1908.18,59.127407999999996,-1.2575,-4282.2042,-1849.052592,-6132.514292
352,511.8118,1408.2982,-1084.4978,0.0,0.0,0.0,-1248.4055,-15902.1296,604.3879,11478.712,-1952.5442,59.142798,-2.9462,-4231.823000000002,-1893.401402,-6128.170602000003
353,506.8274,1398.9848,-1126.7121,0.0,0.0,0.0,-1270.8052,-15829.0899,607.374,11581.6115,-2088.8397,60.250756319999994,9.5531,-4131.809500000001,-2028.58894368,-6150.845343680002
354,514.8528,1364.1502,-1071.4764,0.0,0.0,0.0,-1261.3535,-15790.7479,601.6703,11529.127,-2074.3702,60.11613144,0.0933,-4113.7775,-2014.25406856,-6127.938268559999
355,493.9917,1443.0825,-1102.6933,0.0,0.0,0.0,-1250.5881,-15964.2141,591.571,11502.9635,-1919.776,58.853491919999996,0.2082,-4285.886799999998,-1860.9225080800002,-6146.601108079998
356,474.8439,1407.4902,-1099.6985,0.0,0.0,0.0,-1284.2266,-15925.8996,589.3151,11519.9844,-1906.5574,58.15430064,1.3264,-4318.191100000002,-1848.40309936,-6165.267799360002
357,515.0192,1422.029,-1110.6121,0.0,0.0,0.0,-1274.335,-15714.1014,597.0327,11492.0963,-2117.7214,59.205813119999995,4.2697,-4072.8713000000007,-2058.51558688,-6127.117186880001
358,489.1382,1419.9358,-1086.1488,0.0,0.0,0.0,-1259.7869,-15886.6393,605.7244,11540.1363,-2016.112,60.07748256000001,12.3424,-4177.640300000001,-1956.0345174400002,-6121.33241744
359,536.008,1410.5573,-1086.0687,0.0,0.0,0.0,-1258.7144,-15783.8086,592.8222,11510.0925,-2103.4368,61.01909711999999,3.9104,-4079.1116999999995,-2042.41770288,-6117.619002879999
360,499.2985,1391.848,-1099.0625,0.0,0.0,0.0,-1262.7805,-15808.028,603.8361,11545.8815,-2072.8497,60.21492479999999,1.2712,-4129.0069,-2012.6347752000001,-6140.370475200001
361,532.7499,1435.4093,-1083.7856,0.0,0.0,0.0,-1252.084,-15668.5739,610.2096,11524.1903,-2182.6392,60.91239312,2.7849,-3901.884399999999,-2121.72680688,-6020.826306879999
362,537.7119,1404.7628,-1083.3698,0.0,0.0,0.0,-1245.7362,-16032.6211,586.7438,11527.3338,-1877.3534,59.61687336000001,3.237,-4305.174800000001,-1817.73652664,-6119.674326640001
363,502.1209,1374.5007,-1090.0554,0.0,0.0,0.0,-1266.0379,-15887.2064,601.2136,11538.5249,-2012.2253,58.092531120000004,12.8962,-4226.939599999998,-1954.13276888,-6168.176168879998
364,515.2435,1399.0709,-1061.4627,0.0,0.0,0.0,-1248.1506,-15951.3893,590.7829,11493.6292,-1946.2561,59.48129879999999,6.6851,-4262.276100000001,-1886.7748012000002,-6142.365801200001
365,473.4094,1404.2635,-1081.0219,0.0,0.0,0.0,-1247.3111,-15785.1507,597.1706,11510.7465,-2089.1314,59.71233528,12.118,-4127.8937000000005,-2029.4190647200003,-6145.19476472
366,504.5404,1399.0172,-1104.4325,0.0,0.0,0.0,-1277.5688,-15879.009,605.0569,11556.6236,-2011.6006,58.58431632,-0.5132,-4195.772199999999,-1953.01628368,-6149.30168368
367,507.459,1430.7565,-1115.3572,0.0,0.0,0.0,-1270.3788,-15918.6117,611.019,11533.1202,-1989.1512,58.763942639999996,5.3452,-4221.993,-1930.38725736,-6147.035057360001
368,510.7286,1415.4218,-1087.1657,0.0,0.0,0.0,-1245.8835,-15882.4667,601.7306,11524.6902,-2021.1317,59.62865976,0.8279,-4162.9447,-1961.50304024,-6123.61984024
369,498.4243,1383.188,-1104.4494,0.0,0.0,0.0,-1266.175,-15796.4843,618.8051,11585.2191,-2145.0705,58.2232896,6.341,-4081.4722,-2086.8472103999998,-6161.9784104
370,492.4036,1456.2239,-1091.8916,0.0,0.0,0.0,-1245.2247,-15912.8477,611.4569,11507.0602,-1995.5562,58.01606856,-0.9884,-4182.8194,-1937.54013144,-6121.34793144
371,491.2815,1428.9315,-1100.4749,0.0,0.0,0.0,-1253.556,-15934.4891,605.1069,11522.5471,-1931.3272,57.58141248,1.999,-4240.653,-1873.74578752,-6112.39978752
372,500.8306,1400.4362,-1080.2023,0.0,0.0,0.0,-1245.9173,-16085.4361,625.6831,11642.5609,-1951.0466,59.0692104,15.3236,-4242.044899999999,-1891.9773896,-6118.698689599999
373,481.1031,1417.3593,-1106.9313,0.0,0.0,0.0,-1267.9179,-15925.0301,601.8964,11564.9044,-1992.2275,56.79774144,5.7155,-4234.616100000001,-1935.42975856,-6164.330358560001
374,529.8366,1363.3865,-1111.3231,0.0,0.0,0.0,-1308.4516,-15811.1492,609.8405,11497.0212,-2014.5635,55.85106168,1.3991,-4230.839100000001,-1958.71243832,-6188.152438320001
375,504.751,1430.5611,-1099.5027,0.0,0.0,0.0,-1237.7702,-15864.2074,603.2297,11545.293,-2045.2649,59.92243632,3.1368,-4117.6455000000005,-1985.3424636799998,-6099.85116368
376,470.3335,1411.6284,-1111.9555,0.0,0.0,0.0,-1263.335,-16037.2362,607.0734,11547.36,-1903.1016,57.83159376,7.5762,-4376.1314,-1845.27000624,-6213.82520624
377,511.7056,1420.6344,-1084.8115,0.0,0.0,0.0,-1267.6281,-15841.3302,600.7499,11524.428,-2057.1838,57.4364772,6.1675,-4136.251899999999,-1999.7473228,-6129.8317228
378,470.5935,1401.6029,-1092.4276,0.0,0.0,0.0,-1270.7964,-15802.5032,602.2377,11560.4283,-2067.7519,59.778010079999994,9.0686,-4130.864799999999,-2007.9738899200001,-6129.77008992
379,511.8889,1422.591,-1107.2585,0.0,0.0,0.0,-1277.2016,-15891.1074,599.5678,11512.7443,-1994.8636,59.72247648,8.7567,-4228.7755,-1935.1411235199998,-6155.159923519999
380,489.9794,1428.423,-1091.4584,0.0,0.0,0.0,-1261.6728,-15942.771,613.2663,11540.028,-1962.9343,60.60683448,12.9535,-4224.205500000002,-1902.3274655199998,-6113.5794655200025
381,526.714,1439.9497,-1103.5282,0.0,0.0,0.0,-1282.6038,-15796.3449,598.737,11538.0067,-2090.5402,59.44255775999999,2.1273,-4079.0695000000014,-2031.09764224,-6108.039842240001
382,494.0303,1405.2958,-1068.5944,0.0,0.0,0.0,-1244.9247,-15903.9076,606.7913,11557.4045,-2026.4965,60.484068719999996,7.4411,-4153.904799999998,-1966.0124312799999,-6112.476131279998
383,524.7704,1407.1843,-1079.9869,0.0,0.0,0.0,-1276.0065,-15858.0852,609.9114,11578.1078,-2077.3043,57.54163464,5.9628,-4094.1047000000017,-2019.7626653599998,-6107.9045653600015
384,492.9443,1402.3297,-1083.1637,0.0,0.0,0.0,-1249.484,-16041.4461,595.2427,11574.003,-1902.2337,59.61932064,5.4097,-4309.574099999996,-1842.61437936,-6146.7787793599955
385,516.2679,1409.2323,-1067.0738,0.0,0.0,0.0,-1234.6272,-16040.7158,614.466,11594.1718,-1941.0246,58.89868488,1.9302,-4208.2788,-1882.12591512,-6088.47451512
386,509.2994,1392.5115,-1098.7978,0.0,0.0,0.0,-1256.9381,-15828.573,594.2371,11566.4879,-2122.6203,58.61661264,5.4687,-4121.772999999999,-2064.00368736,-6180.307987359999
387,468.2869,1396.0348,-1096.5985,0.0,0.0,0.0,-1280.3236,-15819.1787,605.5923,11565.6401,-2081.9237,59.196209759999995,5.1586,-4160.546699999999,-2022.7274902399997,-6178.115590239999
388,465.6756,1442.7722,-1097.4713,0.0,0.0,0.0,-1273.4859,-15950.4706,599.019,11536.9049,-1941.8064,58.05314856,2.82,-4277.0561,-1883.75325144,-6157.989351439999
389,522.1535,1400.52,-1115.0128,0.0,0.0,0.0,-1258.2691,-15991.0332,609.9434,11561.4183,-1945.2512,57.348585359999994,9.33,-4270.2798999999995,-1887.90261464,-6148.85251464
390,511.159,1443.1331,-1081.6593,0.0,0.0,0.0,-1263.2988,-15878.052,610.2232,11541.7696,-2057.5051,59.25158207999999,3.8153,-4116.725199999999,-1998.25351792,-6111.163417919999
391,502.9025,1423.4547,-1078.5088,0.0,0.0,0.0,-1250.1743,-16028.6616,611.7361,11561.4334,-1951.7371,58.8122208,6.132,-4257.817999999999,-1892.9248792,-6144.6108791999995
392,489.7104,1413.8744,-1080.9548,0.0,0.0,0.0,-1268.4243,-16129.5673,590.004,11575.5459,-1802.1483,57.29192352,6.5502,-4409.8117,-1744.85637648,-6148.117876480001
393,490.2867,1479.3826,-1089.4204,0.0,0.0,0.0,-1280.4547,-15991.8147,600.3608,11518.165,-1884.0824,57.02120856,4.3542,-4273.494700000001,-1827.06119144,-6096.201691440002
394,495.9082,1405.4483,-1106.6897,0.0,0.0,0.0,-1257.06,-16066.8409,608.6559,11599.1352,-1930.6651,57.517539119999995,8.8804,-4321.4429999999975,-1873.14756088,-6185.710160879998
395,492.6535,1419.1121,-1094.3189,0.0,0.0,0.0,-1272.9308,-16051.6599,593.2106,11553.045,-1874.6408,56.524824,9.6616,-4360.8884,-1818.1159759999998,-6169.3427759999995
396,488.1292,1399.0258,-1108.9596,0.0,0.0,0.0,-1254.952,-15831.5503,610.072,11543.8213,-2061.7805,58.29549984,19.7176,-4154.413600000002,-2003.4850001599998,-6138.1810001600015
397,483.261,1424.9277,-1083.501,0.0,0.0,0.0,-1237.2312,-16089.5841,601.8735,11569.3294,-1891.8968,58.37310936,0.2905,-4330.9247,-1833.52369064,-6164.15789064
398,492.3595,1475.3285,-1099.765,0.0,0.0,0.0,-1227.6378,-16052.2919,595.3935,11545.1685,-1902.4983,61.19089416,6.5135,-4271.444700000002,-1841.30740584,-6106.238605840002
399,527.1184,1408.3925,-1079.335,0.0,0.0,0.0,-1264.5041,-15896.7374,605.2334,11508.6346,-1971.899,58.52598191999999,3.6358,-4191.197600000001,-1913.3730180799998,-6100.934818080001
400,462.1669,1371.0363,-1085.4666,0.0,0.0,0.0,-1270.1261,-15937.3658,614.1574,11564.1711,-1970.6128,60.84499608,6.4515,-4281.426800000001,-1909.76780392,-6184.743103920001

