-0.52944
0.32150
-0.01196
0.09153
-0.07781
0.09694
0.09694
-0.18714
-0.09318
0.19110
-0.41834
0.39415
0.23061
-0.32200
0.17775
-0.14671
0.16757
-0.28597
0.17588
0.15922
-0.15164
0.04067
0.65229
-0.57196
-0.52944
0.32150
0.01916
0.08342
-0.11725
0.09694
0.09694
-0.15857
-0.09165
0.18782
-0.43053
0.39320
0.18217
-0.25778
0.18692
-0.30542
0.19201
0.34122
-0.21659
-0.44171
0.20978
0.15753
0.65229
-0.57196
-0.52944
0.32150
0.01527
0.07870
-0.08237
0.09086
0.07630
-0.12341
-0.10892
0.19244
-0.44113
0.39776
0.29609
-0.46761
0.21469
0.38673
-0.21293
-0.34062
0.18732
-0.24589
0.18857
0.02576
0.65229
-0.57196
-0.52944
0.32150
0.00468
0.08929
-0.10078
0.09694
0.09694
-0.18610
-0.05532
0.18292
-0.43294
0.40053
0.10667
0.23098
-0.19286
-0.31146
0.19137
-0.14860
0.16266
-0.34009
0.18623
0.14655
0.65229
-0.57196
-0.52944
0.32150
0.04681
0.06401
-0.11248
0.09046
0.09046
-0.00651
-0.28333
0.19003
0.18307
-0.16046
0.27552
-0.51535
0.39321
-0.32624
0.20886
-0.18108
0.17063
0.65229
-0.57196
-0.52944
0.32150
0.02996
0.06710
-0.08231
0.09046
0.09046
0.06603
-0.36819
0.20839
0.23436
-0.15760
0.11763
-0.49483
0.40919
0.23436
-0.15760
-0.36819
0.20839
0.65229
-0.57196
-0.52944
0.32150
0.05830
0.05567
-0.15945
0.09104
0.09104
0.03910
-0.17035
0.16583
-0.22531
0.16335
0.28542
-0.20055
-0.22531
0.16335
-0.17035
0.16583
0.65229
-0.57196
-0.52944
0.32150
0.06008
0.05616
-0.16605
0.09104
0.09104
0.10738
-0.17035
0.16583
-0.22531
0.16335
0.07529
0.52904
-0.19162
-0.19518
-0.19661
-0.22531
0.16335
-0.17035
0.16583
0.65229
-0.57196
