-0.53023
0.31986
-0.01741
0.10103
-0.02423
0.08178
0.08178
-0.20284
-0.09710
0.19129
-0.40408
0.39112
0.20619
-0.30508
0.17444
-0.15672
0.16786
-0.27355
0.17378
0.14687
-0.15473
0.06126
0.62422
-0.55551
-0.53023
0.31986
0.01012
0.09297
-0.05634
0.08178
0.08178
-0.18102
-0.09563
0.18857
-0.41804
0.38995
0.17555
-0.26139
0.18700
-0.29375
0.18880
0.32950
-0.21482
-0.43258
0.20439
0.16482
0.62422
-0.55551
-0.53023
0.31986
0.01281
0.08704
-0.04086
0.07697
0.06658
-0.13601
-0.11096
0.19143
-0.42945
0.39517
0.27655
-0.45353
0.21218
0.37628
-0.21213
-0.33272
0.18549
-0.24802
0.18469
0.04015
0.62422
-0.55551
-0.53023
0.31986
-0.00140
0.09800
-0.04400
0.08178
0.08178
-0.20656
-0.05206
0.18140
-0.42836
0.39930
0.10066
0.23269
-0.19354
-0.31277
0.19121
-0.14554
0.16118
-0.34280
0.18352
0.15717
0.62422
-0.55551
-0.53023
0.31986
0.03911
0.07214
-0.05417
0.07525
0.07525
-0.03739
-0.26803
0.18628
0.17913
-0.16004
0.27541
-0.51121
0.39022
-0.33139
0.20851
-0.16028
0.16287
0.62422
-0.55551
-0.53023
0.31986
0.03280
0.07118
-0.04032
0.07525
0.07525
0.07138
-0.37501
0.20754
0.24433
-0.15937
0.10381
-0.48868
0.40601
0.24433
-0.15937
-0.37501
0.20754
0.62422
-0.55551
-0.53023
0.31986
0.04992
0.06157
-0.07709
0.06905
0.06905
0.00352
-0.15585
0.16077
-0.22953
0.16309
0.29124
-0.20256
-0.22953
0.16309
-0.15585
0.16077
0.62422
-0.55551
-0.53023
0.31986
0.05488
0.06212
-0.08956
0.06905
0.06905
0.07405
-0.15585
0.16077
-0.22953
0.16309
0.08548
0.51448
-0.18929
-0.19302
-0.19254
-0.22953
0.16309
-0.15585
0.16077
0.62422
-0.55551
