GENERALIZED BORN:
Frame #,BOND,ANGLE,DIHED,UB,IMP,CMAP,VDWAALS,EEL,1-4 VDW,1-4 EEL,EGB,ESURF,G gas,G solv,TOTAL
0,503.919,1396.4145,-1099.9318,0.0,0.0,0.0,-1310.7486,-16075.821,599.9579,11761.7172,-2090.5579,54.68533128,-4224.492800000002,-2035.87256872,-6260.365368720001
1,481.0751,1503.5059,-1127.302,0.0,0.0,0.0,-1296.8729,-16170.6842,628.7948,11777.7206,-2032.5022,54.34918488,-4203.762699999999,-1978.15301512,-6181.915715119999
2,486.8274,1416.1896,-1076.8586,0.0,0.0,0.0,-1292.754,-16179.3131,621.4577,11736.9234,-1960.9308,54.31225104,-4287.527599999999,-1906.61854896,-6194.14614896
3,506.8378,1402.7584,-1100.315,0.0,0.0,0.0,-1313.4273,-16019.2302,593.083,11825.4815,-2181.3929,55.56774168,-4104.8117999999995,-2125.82515832,-6230.636958319999
4,502.6106,1412.5955,-1114.5723,0.0,0.0,0.0,-1254.5327,-16256.7128,608.8104,11778.9309,-1951.4559,55.20872232,-4322.870400000002,-1896.2471776799998,-6219.117577680002
5,510.8965,1436.7046,-1102.8648,0.0,0.0,0.0,-1289.6551,-16082.3312,611.4797,11728.5179,-2086.9899,57.62641752,-4187.252399999999,-2029.3634824800001,-6216.6158824799995
6,492.6405,1391.5702,-1083.3562,0.0,0.0,0.0,-1272.0318,-16106.5739,624.4633,11812.9991,-2108.2237,58.435848,-4140.288799999998,-2049.787852,-6190.076651999999
7,503.44,1442.5449,-1115.3823,0.0,0.0,0.0,-1289.4158,-16199.1579,625.3511,11812.5695,-2040.4726,56.83599216,-4220.050499999999,-1983.6366078400001,-6203.687107839999
8,495.1336,1411.0736,-1075.4348,0.0,0.0,0.0,-1244.1422,-16113.2289,615.1997,11734.9542,-2062.0533,59.3294868,-4176.444799999999,-2002.7238132,-6179.168613199999
9,509.2028,1452.3321,-1094.9182,0.0,0.0,0.0,-1260.2214,-16244.4386,625.5623,11807.117,-2006.4275,57.18534552,-4205.363999999998,-1949.24215448,-6154.606154479998
10,500.5121,1405.7411,-1106.7918,0.0,0.0,0.0,-1270.5538,-16252.6645,619.1807,11809.1772,-1976.4164,56.653735680000004,-4295.398999999999,-1919.76266432,-6215.1616643199995
11,502.1259,1459.5182,-1107.2012,0.0,0.0,0.0,-1293.0117,-16037.4542,600.0144,11721.4438,-2119.8592,56.3011452,-4154.564800000002,-2063.5580548,-6218.122854800002
12,486.3209,1462.4081,-1086.7233,0.0,0.0,0.0,-1291.9374,-16171.581,595.7302,11741.8555,-2008.7833,56.51565264,-4263.927,-1952.26764736,-6216.19464736
13,507.3145,1395.7202,-1071.6544,0.0,0.0,0.0,-1293.3072,-16269.9839,631.8839,11800.8467,-1966.9981,56.54925,-4299.180199999997,-1910.44885,-6209.629049999997
14,486.7008,1396.1193,-1095.3865,0.0,0.0,0.0,-1271.3028,-16015.8382,612.8652,11765.3996,-2170.7328,57.28829112,-4121.4425999999985,-2113.4445088800003,-6234.887108879998
15,517.7162,1444.118,-1067.8219,0.0,0.0,0.0,-1278.9946,-16221.4254,600.0588,11788.8192,-2010.2702,55.6791948,-4217.529699999999,-1954.5910052,-6172.120705199999
16,487.0147,1383.6499,-1105.6271,0.0,0.0,0.0,-1272.5558,-16296.0615,624.865,11914.4083,-2044.2899,57.73434984,-4264.306500000001,-1986.55555016,-6250.862050160001
17,502.3423,1416.3294,-1087.1135,0.0,0.0,0.0,-1282.5872,-16394.6652,619.7919,11804.5195,-1882.3097,55.7534808,-4421.382799999998,-1826.5562192,-6247.939019199997
18,475.0953,1389.0461,-1098.5013,0.0,0.0,0.0,-1314.4244,-16311.8423,610.4108,11821.5187,-1901.7297,54.9925848,-4428.697099999999,-1846.7371152,-6275.434215199999
19,512.7346,1421.1357,-1122.5377,0.0,0.0,0.0,-1288.7683,-16072.7708,597.297,11801.0108,-2142.3701,56.0007468,-4151.8987,-2086.3693532,-6238.2680531999995
20,524.7256,1400.2846,-1096.5004,0.0,0.0,0.0,-1297.4451,-16216.2769,600.0149,11724.2702,-1945.0537,56.973417839999996,-4360.927100000001,-1888.08028216,-6249.007382160001
21,497.6517,1434.2049,-1110.2483,0.0,0.0,0.0,-1295.6167,-16349.2376,609.8223,11800.9505,-1876.7273,54.72734472,-4412.4731999999985,-1821.99995528,-6234.473155279999
22,511.8691,1431.4064,-1101.1662,0.0,0.0,0.0,-1271.5834,-16271.8466,629.9296,11827.5735,-1991.696,55.5190668,-4243.8176,-1936.1769332,-6179.994533200001
23,500.8729,1437.6432,-1084.0713,0.0,0.0,0.0,-1265.9293,-16283.2458,612.9495,11866.7903,-2013.4167,56.58584184,-4214.990499999998,-1956.83085816,-6171.8213581599975
24,495.7539,1396.9738,-1089.6912,0.0,0.0,0.0,-1279.6372,-16197.7983,607.7487,11784.6914,-2027.127,56.650088159999996,-4281.958900000001,-1970.47691184,-6252.435811840001
25,483.2212,1332.2174,-1093.5898,0.0,0.0,0.0,-1293.7654,-16090.2132,629.6524,11775.1075,-2091.6019,54.94829832,-4257.3699,-2036.65360168,-6294.02350168
26,539.6835,1402.7773,-1092.6648,0.0,0.0,0.0,-1280.9813,-16280.5792,615.8014,11855.3118,-2016.4057,55.34424072,-4240.651300000001,-1961.06145928,-6201.712759280002
27,506.0091,1437.0179,-1130.5416,0.0,0.0,0.0,-1297.8934,-16131.8689,598.6862,11791.7526,-2067.6507,56.338030079999996,-4226.838100000001,-2011.3126699200002,-6238.150769920001
28,500.1137,1428.198,-1086.8014,0.0,0.0,0.0,-1294.5577,-16140.435,612.6338,11842.814,-2125.18,57.80714112,-4138.034600000001,-2067.37285888,-6205.407458880001
29,489.347,1423.5532,-1114.2942,0.0,0.0,0.0,-1296.9005,-16128.0816,607.2045,11792.2623,-2099.9248,54.43815888,-4226.909300000001,-2045.4866411199998,-6272.395941120001
30,460.8338,1398.1926,-1103.1251,0.0,0.0,0.0,-1285.9923,-16121.1503,601.7144,11772.7947,-2049.1707,56.26667808,-4276.732199999997,-1992.90402192,-6269.636221919997
31,488.249,1427.5632,-1076.2135,0.0,0.0,0.0,-1302.4646,-16034.1286,619.0929,11799.4787,-2177.4108,55.7408016,-4078.4229000000014,-2121.6699984,-6200.092898400001
32,518.0981,1397.1366,-1068.6296,0.0,0.0,0.0,-1285.9937,-16171.8745,608.6819,11843.7366,-2154.9311,56.64584376,-4158.8446,-2098.28525624,-6257.12985624
33,499.9731,1448.8794,-1099.759,0.0,0.0,0.0,-1291.0691,-16132.5459,611.0588,11817.4508,-2114.3277,56.30720039999999,-4146.011899999998,-2058.0204995999998,-6204.032399599998
34,489.8171,1433.0053,-1107.5486,0.0,0.0,0.0,-1274.2283,-16066.1035,618.3862,11825.8875,-2155.4992,57.92080104,-4080.7842999999993,-2097.5783989600004,-6178.36269896
35,515.3015,1447.4393,-1092.6455,0.0,0.0,0.0,-1302.8578,-16209.9843,600.5511,11824.1917,-2056.6309,57.59197776,-4218.004000000001,-1999.0389222400001,-6217.042922240001
36,500.572,1404.7481,-1121.3125,0.0,0.0,0.0,-1280.3154,-16162.4737,622.1118,11807.9688,-2073.8,56.42127359999999,-4228.7009,-2017.3787264000002,-6246.0796264
37,551.353,1381.0444,-1093.0235,0.0,0.0,0.0,-1243.8221,-16123.3811,610.095,11754.7353,-2121.877,59.11936488,-4162.999000000002,-2062.75763512,-6225.756635120002
38,507.1175,1410.6281,-1102.0134,0.0,0.0,0.0,-1281.8054,-16161.0545,615.1103,11765.3396,-2057.8274,57.17401272,-4246.677800000001,-2000.65338728,-6247.331187280001
39,474.8497,1422.3144,-1124.864,0.0,0.0,0.0,-1266.429,-16233.5683,618.283,11820.0246,-2009.9507,58.57848936,-4289.389600000002,-1951.37221064,-6240.761810640002
40,515.8162,1394.5865,-1107.4132,0.0,0.0,0.0,-1299.6775,-16041.9515,602.9442,11751.251,-2132.3705,58.23789119999999,-4184.444299999997,-2074.1326088,-6258.576908799997
41,542.2295,1420.0472,-1091.1972,0.0,0.0,0.0,-1284.938,-16059.0628,612.5098,11825.769,-2164.528,57.8175228,-4034.6425000000017,-2106.7104772,-6141.352977200002
42,517.0014,1432.2007,-1080.8679,0.0,0.0,0.0,-1256.5963,-16249.3049,646.5416,11825.1404,-2012.4962,57.474811439999996,-4165.884999999998,-1955.02138856,-6120.906388559998
43,512.773,1530.2582,-1129.0445,0.0,0.0,0.0,-1235.2771,-16089.5249,611.9962,11733.3457,-2142.6396,59.31905328,-4065.4734000000026,-2083.32054672,-6148.793946720003
44,502.6786,1430.4871,-1117.314,0.0,0.0,0.0,-1268.5638,-16190.6995,614.465,11837.3345,-2076.2495,57.53622815999999,-4191.6120999999985,-2018.7132718399998,-6210.325371839998
45,492.0073,1451.8016,-1069.7002,0.0,0.0,0.0,-1274.0323,-16114.4596,611.7158,11843.1882,-2161.8758,57.944128320000004,-4059.4791999999998,-2103.93167168,-6163.410871679999
46,494.9411,1428.7654,-1119.6772,0.0,0.0,0.0,-1265.9122,-16086.5925,617.3646,11819.8126,-2159.2652,57.0140712,-4111.298199999999,-2102.2511287999996,-6213.549328799999
47,539.0598,1345.4707,-1080.3914,0.0,0.0,0.0,-1290.2655,-15998.7237,609.0423,11817.4916,-2225.3615,57.885781679999994,-4058.316200000001,-2167.47571832,-6225.791918320001
48,541.382,1430.7934,-1116.6344,0.0,0.0,0.0,-1294.0195,-16037.2938,594.9121,11751.9512,-2135.2274,55.73242944,-4128.9090000000015,-2079.49497056,-6208.403970560002
49,534.4085,1396.1309,-1116.1976,0.0,0.0,0.0,-1267.8398,-16127.6427,620.1278,11807.0989,-2116.6421,57.01545432,-4153.913999999999,-2059.62664568,-6213.540645679999
50,547.6961,1437.1658,-1106.7573,0.0,0.0,0.0,-1298.8891,-16006.6916,598.8661,11804.9864,-2236.6319,57.91531104,-4023.623600000001,-2178.71658896,-6202.340188960001
51,513.838,1421.7247,-1106.1929,0.0,0.0,0.0,-1286.5633,-16089.6262,603.9348,11783.8777,-2115.0866,56.487527279999995,-4159.007200000002,-2058.59907272,-6217.606272720002
52,538.2493,1412.3798,-1120.0017,0.0,0.0,0.0,-1279.7029,-16141.0368,622.5378,11867.1682,-2151.5685,57.92419656,-4100.406300000001,-2093.64430344,-6194.05060344
53,531.4356,1410.7922,-1104.103,0.0,0.0,0.0,-1320.7702,-16133.7923,592.3695,11771.6475,-2057.995,54.49499712,-4252.420699999999,-2003.5000028799998,-6255.920702879998
54,486.1393,1437.0104,-1100.632,0.0,0.0,0.0,-1261.2741,-16223.0497,606.9983,11806.3414,-2046.493,57.15580248,-4248.466400000003,-1989.33719752,-6237.803597520004
55,563.3733,1423.4774,-1102.8951,0.0,0.0,0.0,-1279.8345,-16243.1362,617.7744,11803.3669,-2026.1247,57.605583599999996,-4217.873799999999,-1968.5191164,-6186.3929164
56,501.3158,1419.0938,-1105.3161,0.0,0.0,0.0,-1291.8209,-16076.4964,608.0219,11824.3162,-2142.2983,58.734335519999995,-4120.885700000001,-2083.56396448,-6204.449664480001
57,495.6576,1439.6787,-1104.9317,0.0,0.0,0.0,-1312.0837,-16017.5351,612.1641,11776.919,-2147.5163,56.4122664,-4110.131099999999,-2091.1040335999996,-6201.235133599998
58,527.8281,1389.5731,-1100.0219,0.0,0.0,0.0,-1271.9111,-15994.4975,613.649,11753.1103,-2187.905,58.8753252,-4082.2699999999986,-2129.0296748,-6211.2996748
59,493.0317,1382.3181,-1080.7158,0.0,0.0,0.0,-1255.4493,-16248.7153,599.5012,11841.4093,-2039.8877,56.67272568,-4268.620099999998,-1983.21497432,-6251.835074319998
60,505.7769,1393.7627,-1121.3157,0.0,0.0,0.0,-1312.9236,-16097.965,605.4253,11863.7964,-2162.9813,54.41770224,-4163.443000000001,-2108.56359776,-6272.006597760001
61,502.7636,1435.1266,-1102.7653,0.0,0.0,0.0,-1266.8366,-15995.2692,607.3573,11725.521,-2155.2313,58.746169439999996,-4094.102600000002,-2096.48513056,-6190.587730560002
62,499.7695,1403.6921,-1074.2447,0.0,0.0,0.0,-1301.4299,-16141.2481,628.173,11838.6571,-2107.2484,56.50056864,-4146.630999999999,-2050.74783136,-6197.37883136
63,522.9787,1478.7558,-1102.5153,0.0,0.0,0.0,-1306.9455,-16223.8657,611.3043,11815.9488,-2010.6198,54.30614976,-4204.338900000001,-1956.31365024,-6160.652550240001
64,499.9987,1427.5619,-1106.5389,0.0,0.0,0.0,-1275.0836,-16121.384,598.5699,11792.3321,-2104.5958,57.27408336,-4184.543899999999,-2047.32171664,-6231.865616639999
65,534.9456,1396.4442,-1090.2576,0.0,0.0,0.0,-1281.5273,-16279.0026,605.9957,11811.8692,-1975.8998,56.45413584,-4301.532800000003,-1919.44566416,-6220.978464160003
66,503.0588,1387.7874,-1090.8705,0.0,0.0,0.0,-1285.5015,-16114.8135,603.4776,11870.9775,-2174.7103,57.454558559999995,-4125.884199999999,-2117.2557414400003,-6243.139941439999
67,542.0605,1414.5627,-1104.4291,0.0,0.0,0.0,-1283.1021,-16105.7614,589.9472,11807.5697,-2140.5383,57.8347236,-4139.152499999998,-2082.7035764,-6221.8560763999985
68,520.5177,1408.5735,-1062.5682,0.0,0.0,0.0,-1286.9523,-16038.2458,613.0059,11779.394,-2172.773,56.90133216,-4066.2752,-2115.87166784,-6182.146867840001
69,488.0457,1424.9322,-1086.4686,0.0,0.0,0.0,-1308.5112,-16201.9132,619.5689,11814.3803,-2026.314,57.12659712,-4249.965900000001,-1969.18740288,-6219.153302880001
70,528.5178,1418.2082,-1096.5975,0.0,0.0,0.0,-1281.7474,-16068.8504,620.755,11722.9646,-2087.9988,55.781099999999995,-4156.749700000002,-2032.2177,-6188.967400000001
71,522.3265,1417.8998,-1115.5127,0.0,0.0,0.0,-1260.6092,-16235.7981,612.7579,11763.9624,-1988.2497,54.92879136,-4294.973399999999,-1933.32090864,-6228.294308639999
72,523.4963,1433.2216,-1108.2097,0.0,0.0,0.0,-1279.084,-16128.3686,613.6106,11838.161,-2132.3312,56.07009216,-4107.1728,-2076.26110784,-6183.433907840001
73,512.3431,1410.0005,-1055.524,0.0,0.0,0.0,-1277.0312,-16099.927,620.591,11812.4152,-2141.6944,56.30607,-4077.1323999999986,-2085.3883299999998,-6162.520729999999
74,519.6969,1400.4633,-1102.4929,0.0,0.0,0.0,-1256.6588,-16059.4322,601.4962,11779.5927,-2167.2015,57.696887520000004,-4117.3348000000005,-2109.50461248,-6226.839412480001
75,500.3445,1445.1574,-1083.1801,0.0,0.0,0.0,-1285.2945,-16082.9182,620.2153,11774.6718,-2137.311,56.324650319999996,-4111.003799999999,-2080.9863496800003,-6191.9901496799985
76,558.739,1406.6838,-1110.7923,0.0,0.0,0.0,-1284.1342,-16010.3795,587.9906,11758.5606,-2170.0232,57.77952336,-4093.3320000000003,-2112.24367664,-6205.57567664
77,521.273,1425.4219,-1082.1544,0.0,0.0,0.0,-1288.2869,-16105.6627,609.6649,11820.7623,-2167.2101,57.18161232,-4098.981900000001,-2110.0284876799997,-6209.010387680001
78,532.0584,1384.5784,-1082.6074,0.0,0.0,0.0,-1302.1837,-16140.5357,597.6715,11824.3364,-2111.1056,57.54395736,-4186.682099999998,-2053.5616426399997,-6240.243742639998
79,503.7397,1484.0478,-1093.8508,0.0,0.0,0.0,-1297.6138,-16095.1056,608.2582,11791.3769,-2148.9524,56.746676879999995,-4099.1476,-2092.20572312,-6191.35332312
80,527.8922,1444.105,-1107.7753,0.0,0.0,0.0,-1303.2122,-16020.5804,606.7505,11743.8982,-2134.5535,54.98409744,-4108.9220000000005,-2079.56940256,-6188.49140256
81,482.5122,1391.3837,-1108.2628,0.0,0.0,0.0,-1285.6398,-16166.4633,628.0987,11852.0696,-2091.9633,56.7473652,-4206.3017,-2035.2159347999998,-6241.5176347999995
82,504.149,1405.0285,-1093.9249,0.0,0.0,0.0,-1267.6457,-15964.1939,612.9664,11790.8717,-2283.9494,57.31479648,-4012.7489000000005,-2226.63460352,-6239.38350352
83,527.4717,1371.8843,-1088.6532,0.0,0.0,0.0,-1295.579,-16066.6189,613.194,11783.6507,-2148.7183,56.1316212,-4154.6504,-2092.5866788,-6247.237078800001
84,514.4597,1460.4023,-1083.262,0.0,0.0,0.0,-1284.091,-16194.5551,598.6981,11772.2563,-2021.8774,56.4870024,-4216.091700000001,-1965.3903976000001,-6181.482097600001
85,512.9132,1384.6117,-1084.5096,0.0,0.0,0.0,-1294.32,-16191.7355,610.5298,11775.6677,-2011.622,55.415072880000004,-4286.842699999999,-1956.20692712,-6243.04962712
86,510.9462,1406.058,-1106.2961,0.0,0.0,0.0,-1295.9044,-16232.7151,606.962,11759.8435,-1962.0052,53.4382848,-4351.1059000000005,-1908.5669152,-6259.6728152000005
87,508.8052,1437.0243,-1088.223,0.0,0.0,0.0,-1261.2569,-16019.6394,621.8536,11732.6107,-2129.3749,58.8547116,-4068.825499999999,-2070.5201884,-6139.345688399999
88,488.4575,1426.4865,-1089.1808,0.0,0.0,0.0,-1287.8895,-16032.3549,617.4163,11718.009,-2129.7713,58.87175256,-4159.055900000001,-2070.89954744,-6229.955447440002
89,489.7202,1436.3293,-1101.5571,0.0,0.0,0.0,-1300.0211,-16140.0463,616.5512,11753.7549,-2048.3235,54.42231312,-4245.268900000001,-1993.90118688,-6239.170086880002
90,499.8694,1349.2524,-1099.7601,0.0,0.0,0.0,-1264.8742,-16026.808,609.6964,11822.232,-2188.8181,57.69384336,-4110.392100000001,-2131.12425664,-6241.5163566400015
91,531.5634,1373.0468,-1106.2434,0.0,0.0,0.0,-1278.966,-16094.9839,609.2605,11825.0555,-2147.9747,59.567346719999996,-4141.267099999999,-2088.4073532800003,-6229.674453279999
92,507.5854,1378.247,-1109.129,0.0,0.0,0.0,-1332.3212,-16085.2488,613.614,11835.7624,-2127.4602,55.831360319999995,-4191.490200000002,-2071.62883968,-6263.119039680001
93,505.5481,1417.2226,-1106.9607,0.0,0.0,0.0,-1303.3649,-16062.9427,620.933,11762.9862,-2105.0992,57.66074352,-4166.5783999999985,-2047.43845648,-6214.016856479999
94,476.075,1399.8153,-1088.6457,0.0,0.0,0.0,-1308.5007,-16077.1428,611.9352,11797.1548,-2123.3215,57.45136176,-4189.3089,-2065.87013824,-6255.17903824
95,555.0912,1455.5034,-1101.4215,0.0,0.0,0.0,-1281.1672,-16207.3925,601.1171,11747.8041,-2017.2102,56.185659359999995,-4230.465400000003,-1961.02454064,-6191.489940640003
96,514.5872,1424.1053,-1076.7621,0.0,0.0,0.0,-1255.2097,-16207.5402,609.5462,11791.8082,-2038.6833,58.436883359999996,-4199.465099999998,-1980.24641664,-6179.711516639997
97,483.2403,1393.2289,-1119.5055,0.0,0.0,0.0,-1262.7013,-16169.6056,604.4354,11873.2231,-2137.2448,59.783747760000004,-4197.6847,-2077.46105224,-6275.145752240001
98,519.5819,1384.0781,-1136.6723,0.0,0.0,0.0,-1286.1196,-16144.0286,601.4938,11768.5251,-2090.9862,57.61529496,-4293.141599999997,-2033.3709050399998,-6326.5125050399965
99,536.6718,1418.3623,-1087.5533,0.0,0.0,0.0,-1298.8964,-15991.1573,608.0371,11779.6634,-2189.8192,57.68730648,-4034.8724,-2132.1318935199997,-6167.00429352
100,500.0435,1414.9447,-1104.1359,0.0,0.0,0.0,-1290.5076,-15859.0563,607.9982,11762.1457,-2272.4755,58.653660959999996,-3968.5677000000014,-2213.82183904,-6182.389539040002
101,494.5961,1425.5449,-1101.8084,0.0,0.0,0.0,-1294.4854,-15908.9607,613.8324,11801.7702,-2312.1996,59.0189184,-3969.5108999999993,-2253.1806816,-6222.691581599999
102,535.014,1410.4873,-1105.4917,0.0,0.0,0.0,-1279.3246,-15970.605,601.318,11755.9072,-2214.8872,60.348353759999995,-4052.6947999999993,-2154.53884624,-6207.23364624
103,509.2566,1426.4057,-1103.6585,0.0,0.0,0.0,-1256.3681,-15953.5263,589.2691,11705.4611,-2210.1552,60.575141519999995,-4083.160399999999,-2149.58005848,-6232.740458479999
104,509.5416,1425.1779,-1107.1153,0.0,0.0,0.0,-1265.6608,-15967.6552,605.9685,11777.5363,-2212.1029,58.11217128,-4022.207000000002,-2153.99072872,-6176.197728720002
105,519.331,1412.6904,-1114.4999,0.0,0.0,0.0,-1238.2357,-16020.0851,616.1751,11769.543,-2186.0247,59.56375968,-4055.0811999999987,-2126.4609403199997,-6181.542140319999
106,499.4537,1436.1146,-1080.5748,0.0,0.0,0.0,-1259.6165,-16118.8115,613.7518,11792.5616,-2107.6299,56.88774792,-4117.1210999999985,-2050.74215208,-6167.863252079998
107,506.0288,1441.1889,-1102.2443,0.0,0.0,0.0,-1261.3258,-16031.1764,610.0024,11813.3091,-2200.5513,58.289887439999994,-4024.2173000000003,-2142.2614125600003,-6166.4787125600005
108,502.9603,1464.0672,-1130.6942,0.0,0.0,0.0,-1266.1973,-16078.0792,628.9473,11776.0093,-2152.9933,59.89067352,-4102.986600000002,-2093.1026264800003,-6196.089226480002
109,513.3449,1396.6818,-1097.1457,0.0,0.0,0.0,-1264.7987,-16113.7414,615.0029,11827.1565,-2126.8775,58.462396559999995,-4123.499700000002,-2068.41510344,-6191.914803440002
110,500.7593,1417.5794,-1130.3992,0.0,0.0,0.0,-1265.1643,-16113.1539,613.9688,11825.2961,-2105.4896,56.28719736,-4151.113800000001,-2049.20240264,-6200.3162026400005
111,468.0213,1411.4729,-1101.6403,0.0,0.0,0.0,-1283.9214,-16156.8718,622.1196,11845.0853,-2088.756,57.2543424,-4195.734400000001,-2031.5016575999998,-6227.236057600001
112,527.4587,1411.2283,-1100.3524,0.0,0.0,0.0,-1273.9714,-16144.7974,616.8476,11839.9983,-2120.6613,59.042965679999995,-4123.588299999999,-2061.61833432,-6185.2066343199995
113,477.9789,1425.378,-1100.8954,0.0,0.0,0.0,-1282.0192,-16110.2913,602.279,11789.176,-2099.9199,56.5211088,-4198.394000000002,-2043.3987911999998,-6241.792791200002
114,512.1672,1444.1092,-1107.4546,0.0,0.0,0.0,-1217.1525,-16053.3699,625.7339,11818.6504,-2226.2163,58.116900959999995,-3977.3163000000004,-2168.09939904,-6145.415699040001
115,500.5839,1418.4336,-1085.4454,0.0,0.0,0.0,-1291.7223,-15905.1313,593.1081,11782.7123,-2281.5132,58.42392192,-3987.4611000000004,-2223.08927808,-6210.55037808
116,541.7755,1402.8366,-1102.7882,0.0,0.0,0.0,-1294.0313,-16178.2699,613.8261,11787.7635,-2044.7209,56.99155752,-4228.887699999999,-1987.72934248,-6216.617042479999
117,486.1217,1347.0724,-1099.9339,0.0,0.0,0.0,-1259.636,-16123.0036,614.6359,11819.1781,-2141.069,56.950872479999994,-4215.565400000003,-2084.11812752,-6299.683527520003
118,512.9633,1422.4453,-1089.4205,0.0,0.0,0.0,-1262.581,-16035.5447,612.6161,11860.2273,-2269.4616,60.4179648,-3979.294200000002,-2209.0436352,-6188.337835200003
119,517.1169,1448.8465,-1069.844,0.0,0.0,0.0,-1262.9922,-16373.8543,600.4082,11856.399,-1944.2809,57.13135992,-4283.919900000001,-1887.14954008,-6171.06944008
120,503.7199,1389.7112,-1076.8942,0.0,0.0,0.0,-1264.0601,-16064.5901,600.3167,11786.8017,-2167.5917,58.01720544,-4124.9949000000015,-2109.57449456,-6234.5693945600015
121,550.5726,1373.9934,-1104.6403,0.0,0.0,0.0,-1253.9755,-16105.7764,604.5298,11762.183,-2123.7725,59.59969992,-4173.113399999998,-2064.17280008,-6237.286200079999
122,546.6797,1480.9944,-1066.1115,0.0,0.0,0.0,-1265.6973,-16106.3226,623.9578,11775.9362,-2114.6995,57.7902132,-4010.563299999998,-2056.9092868000002,-6067.472586799999
123,528.9689,1393.9985,-1092.9917,0.0,0.0,0.0,-1266.3542,-16073.5672,601.5556,11768.0287,-2147.3284,59.18262552,-4140.3614,-2088.14577448,-6228.50717448
124,549.3139,1410.4361,-1108.2541,0.0,0.0,0.0,-1281.4903,-16072.4012,603.2666,11780.3581,-2128.2679,58.17705408,-4118.7708999999995,-2070.09084592,-6188.8617459199995
125,482.2015,1407.7545,-1094.435,0.0,0.0,0.0,-1271.3233,-16158.2364,605.1377,11810.8521,-2076.7062,57.31553016,-4218.048900000002,-2019.39066984,-6237.439569840002
126,540.4981,1412.1533,-1097.7817,0.0,0.0,0.0,-1263.5816,-16055.5167,597.0444,11736.8164,-2167.5652,57.83394024,-4130.367799999998,-2109.73125976,-6240.099059759998
127,490.6037,1417.3828,-1107.0917,0.0,0.0,0.0,-1286.6577,-16249.3554,623.1181,11825.5096,-2034.9077,57.012959519999995,-4286.490600000003,-1977.8947404799999,-6264.385340480003
128,487.6645,1447.7777,-1111.1115,0.0,0.0,0.0,-1288.3761,-16146.5715,587.3193,11728.2672,-2039.8322,55.62080064,-4295.0304000000015,-1984.21139936,-6279.241799360001
129,519.6316,1387.8131,-1109.1213,0.0,0.0,0.0,-1255.6652,-16229.2591,619.5507,11791.3577,-2034.6755,55.57785624,-4275.692499999997,-1979.09764376,-6254.790143759998
130,521.3678,1432.9336,-1112.664,0.0,0.0,0.0,-1310.5415,-16172.0918,614.0986,11750.2197,-2027.0042,54.544547519999995,-4276.677600000003,-1972.4596524800002,-6249.137252480003
131,492.6647,1418.2548,-1092.2961,0.0,0.0,0.0,-1274.5268,-16141.388,603.1014,11850.325,-2141.1486,56.197944719999995,-4143.865000000002,-2084.95065528,-6228.815655280002
132,510.0239,1421.0754,-1096.5786,0.0,0.0,0.0,-1293.7342,-16128.0422,589.3895,11784.3463,-2077.6069,56.1915756,-4213.519900000003,-2021.4153244000001,-6234.935224400004
133,515.7032,1443.4962,-1065.134,0.0,0.0,0.0,-1290.0484,-16103.2502,609.0725,11794.9261,-2122.7158,56.7574524,-4095.234599999998,-2065.9583476,-6161.192947599998
134,508.2326,1438.9209,-1093.794,0.0,0.0,0.0,-1265.2524,-16193.4134,616.2575,11751.773,-2024.82,57.4124904,-4237.275800000001,-1967.4075096,-6204.683309600001
135,507.468,1391.4827,-1091.3869,0.0,0.0,0.0,-1300.9255,-16144.9873,614.4326,11797.2461,-2042.1606,57.48364584,-4226.670300000002,-1984.67695416,-6211.347254160002
136,504.9964,1346.9804,-1086.3816,0.0,0.0,0.0,-1265.7294,-16193.0928,623.7071,11841.0505,-2068.1271,58.3583544,-4228.4694,-2009.7687456,-6238.238145599999
137,498.6475,1375.3696,-1092.5443,0.0,0.0,0.0,-1255.8738,-16109.8668,619.418,11826.3398,-2126.5562,59.944186079999994,-4138.510000000002,-2066.61201392,-6205.122013920002
138,513.5486,1462.7101,-1088.2035,0.0,0.0,0.0,-1299.0938,-16003.8444,596.2074,11824.1986,-2230.557,59.175818639999996,-3994.4770000000026,-2171.3811813599996,-6165.858181360002
139,487.7405,1406.7465,-1071.4904,0.0,0.0,0.0,-1289.1016,-16107.6652,601.5668,11848.1854,-2173.3798,57.01876272,-4124.017999999998,-2116.3610372800003,-6240.379037279999
140,508.9866,1390.3814,-1089.823,0.0,0.0,0.0,-1285.8364,-16148.5046,599.5887,11827.0291,-2117.1891,57.519012239999995,-4198.178200000002,-2059.67008776,-6257.848287760002
141,499.7437,1361.9015,-1072.0731,0.0,0.0,0.0,-1296.5025,-16077.6825,605.4925,11872.655,-2190.0964,57.77338536,-4106.465399999999,-2132.32301464,-6238.788414639999
142,543.2741,1459.3796,-1065.4667,0.0,0.0,0.0,-1275.5457,-16162.17,607.5924,11842.377,-2125.4037,55.61667792,-4050.559299999999,-2069.78702208,-6120.346322079999
143,482.4165,1424.0601,-1090.1796,0.0,0.0,0.0,-1255.473,-16154.9874,600.0112,11839.9879,-2165.0807,58.5619776,-4154.1643,-2106.5187224,-6260.6830224000005
144,534.3902,1423.0678,-1089.3807,0.0,0.0,0.0,-1284.4964,-16128.5557,600.9245,11784.9848,-2096.596,55.71831312,-4159.065500000001,-2040.87768688,-6199.94318688
145,506.9355,1431.7113,-1098.7878,0.0,0.0,0.0,-1291.3247,-16077.0188,600.6854,11825.418,-2176.2263,55.540424879999996,-4102.381099999999,-2120.6858751199998,-6223.066975119999
146,511.4144,1387.9097,-1116.7758,0.0,0.0,0.0,-1284.6941,-16225.0896,611.1797,11785.1343,-2021.3935,57.28329072,-4330.921399999997,-1964.11020928,-6295.031609279998
147,519.4305,1424.4316,-1088.8451,0.0,0.0,0.0,-1293.3031,-16188.8641,609.3706,11774.438,-2043.7137,56.287550159999995,-4243.3416,-1987.42614984,-6230.76774984
148,494.748,1414.2569,-1079.1012,0.0,0.0,0.0,-1274.3632,-16313.5314,608.2452,11817.65,-1955.2875,54.51256728,-4332.095700000002,-1900.77493272,-6232.870632720002
149,556.0593,1395.3216,-1074.0863,0.0,0.0,0.0,-1267.8854,-16102.712,603.7763,11798.3253,-2167.8003,58.114488959999996,-4091.2011999999977,-2109.68581104,-6200.887011039998
150,490.6875,1380.5185,-1109.802,0.0,0.0,0.0,-1262.6519,-16251.2171,618.9893,11826.8498,-2027.9733,56.765767679999996,-4306.625900000001,-1971.2075323200002,-6277.833432320001
151,541.2805,1473.1028,-1118.0766,0.0,0.0,0.0,-1299.2275,-16280.4166,625.6017,11813.8681,-1989.6304,57.32568936,-4243.867600000001,-1932.30471064,-6176.172310640001
152,496.0439,1405.2834,-1123.068,0.0,0.0,0.0,-1227.2257,-16173.9731,623.3002,11839.9015,-2126.4147,58.89555504,-4159.737800000001,-2067.5191449599997,-6227.2569449600005
153,519.151,1443.8768,-1095.5776,0.0,0.0,0.0,-1300.4973,-16265.5725,609.6944,11842.234,-2010.1894,56.985292079999994,-4246.691200000001,-1953.20410792,-6199.895307920001
154,484.8945,1436.0525,-1066.8981,0.0,0.0,0.0,-1271.3077,-16335.0151,629.6527,11883.0321,-1985.0129,54.59155992,-4239.589099999999,-1930.42134008,-6170.010440079999
155,478.479,1426.4608,-1112.7315,0.0,0.0,0.0,-1286.5275,-16046.1684,593.4836,11825.3341,-2160.8594,57.32282952,-4121.669900000001,-2103.5365704799997,-6225.2064704800005
156,525.3538,1344.0038,-1090.3006,0.0,0.0,0.0,-1311.2841,-16219.3258,625.5532,11787.2537,-1999.3519,54.29874744,-4338.746000000003,-1945.05315256,-6283.799152560003
157,512.5036,1436.8644,-1080.1665,0.0,0.0,0.0,-1278.7059,-16078.7885,624.396,11792.2341,-2142.0398,59.05558152,-4071.6628,-2082.98421848,-6154.647018480001
158,517.4645,1404.6854,-1063.9697,0.0,0.0,0.0,-1302.1113,-16123.8789,590.6169,11771.8309,-2063.2614,55.835530559999995,-4205.3622,-2007.4258694399998,-6212.788069439999
159,524.7831,1375.6024,-1093.9584,0.0,0.0,0.0,-1290.6133,-16170.9204,614.0543,11840.1425,-2082.7829,56.52953856,-4200.909799999999,-2026.2533614400002,-6227.163161439999
160,503.6968,1346.7535,-1107.0951,0.0,0.0,0.0,-1295.1813,-16244.4944,615.0837,11869.4052,-2030.9853,54.616291919999995,-4311.8315999999995,-1976.36900808,-6288.20060808
161,516.8468,1433.0566,-1067.5529,0.0,0.0,0.0,-1291.3486,-16166.7037,608.568,11876.2295,-2160.5188,56.64276,-4090.9043,-2103.8760399999996,-6194.78034
162,479.4916,1429.209,-1087.2564,0.0,0.0,0.0,-1292.1839,-16209.7209,608.5912,11852.4041,-2057.3487,55.27774224,-4219.465299999998,-2002.07095776,-6221.536257759998
163,519.0655,1397.4685,-1094.1522,0.0,0.0,0.0,-1266.1878,-16198.4058,616.1168,11822.0081,-2078.6374,55.59383592,-4204.086900000002,-2023.0435640800001,-6227.130464080002
164,499.074,1376.2607,-1103.937,0.0,0.0,0.0,-1280.1486,-16245.4713,616.7422,11909.9048,-2087.3612,56.85855912,-4227.575199999999,-2030.5026408799997,-6258.077840879999
165,500.562,1370.8885,-1084.9801,0.0,0.0,0.0,-1314.0835,-16087.748,607.2114,11811.3125,-2139.8605,56.813214959999996,-4196.837199999998,-2083.0472850399997,-6279.884485039998
166,528.1152,1392.7117,-1100.3838,0.0,0.0,0.0,-1298.9514,-16058.2418,605.399,11806.0341,-2151.967,55.32281423999999,-4125.317000000001,-2096.6441857600003,-6221.961185760001
167,482.3305,1468.4833,-1071.4073,0.0,0.0,0.0,-1295.8049,-16101.3396,596.3248,11861.4676,-2179.6938,55.98795528,-4059.9455999999973,-2123.70584472,-6183.651444719997
168,503.2601,1416.8943,-1091.3236,0.0,0.0,0.0,-1290.1519,-16235.8389,606.8069,11886.2071,-2084.2273,55.792504799999996,-4204.146000000001,-2028.4347952,-6232.580795200001
169,496.0258,1447.1027,-1068.294,0.0,0.0,0.0,-1279.01,-16307.0125,618.6399,11897.732,-2020.3489,56.83186224,-4194.816100000002,-1963.51703776,-6158.333137760002
170,528.4402,1411.192,-1059.4626,0.0,0.0,0.0,-1270.9374,-16052.3513,596.6636,11867.106,-2261.5618,57.50167176,-3979.3495000000003,-2204.06012824,-6183.40962824
171,528.8156,1410.2468,-1073.7709,0.0,0.0,0.0,-1264.075,-16271.934,620.0816,11833.1916,-1992.6239,55.183483439999996,-4217.444299999999,-1937.4404165600001,-6154.88471656
172,491.9572,1453.0899,-1072.8886,0.0,0.0,0.0,-1290.8914,-16265.9006,614.1567,11866.9621,-2057.2839,56.06929656,-4203.5147,-2001.2146034399998,-6204.72930344
173,514.9427,1401.488,-1100.746,0.0,0.0,0.0,-1290.5743,-16149.1618,609.1824,11789.9323,-2090.935,55.46869992,-4224.9367,-2035.4663000799999,-6260.403000079999
174,524.0307,1364.43,-1104.6808,0.0,0.0,0.0,-1290.6293,-16161.2592,614.7264,11836.0607,-2077.7603,57.036761999999996,-4217.3215,-2020.723538,-6238.045038
175,505.439,1399.8713,-1071.5286,0.0,0.0,0.0,-1276.4095,-16359.7158,609.8203,11826.0272,-1900.2985,55.3105764,-4366.4961,-1844.9879236000002,-6211.4840236
176,544.6264,1414.7002,-1121.9702,0.0,0.0,0.0,-1315.3172,-15962.1884,597.8593,11752.8094,-2186.4716,57.20532552,-4089.4804999999997,-2129.26627448,-6218.74677448
177,496.2977,1451.1491,-1089.2367,0.0,0.0,0.0,-1262.6024,-16087.1089,628.2506,11788.2005,-2121.0705,57.2005404,-4075.0500999999986,-2063.8699595999997,-6138.920059599998
178,519.8467,1440.7904,-1091.5124,0.0,0.0,0.0,-1282.9543,-16064.8999,601.4987,11763.8019,-2122.6783,56.07229536,-4113.428900000001,-2066.60600464,-6180.034904640001
179,544.3477,1366.291,-1079.1131,0.0,0.0,0.0,-1285.4696,-16284.4374,609.1033,11859.6286,-2016.0128,55.16012447999999,-4269.649500000001,-1960.85267552,-6230.502175520001
180,502.053,1414.5395,-1090.3486,0.0,0.0,0.0,-1288.2303,-16096.8951,613.5132,11812.6072,-2145.7565,57.01397616,-4132.7611,-2088.74252384,-6221.503623839999
181,523.843,1404.3038,-1084.5071,0.0,0.0,0.0,-1290.5754,-15915.4152,606.0873,11771.1738,-2272.2952,56.77149744,-3985.0897999999997,-2215.52370256,-6200.613502560001
182,500.5689,1397.8397,-1079.657,0.0,0.0,0.0,-1276.2724,-15995.7403,612.2085,11829.8036,-2220.8235,56.96500752,-4011.249,-2163.8584924799998,-6175.1074924800005
183,478.605,1465.1389,-1103.748,0.0,0.0,0.0,-1279.5552,-16199.7922,623.4171,11870.2114,-2112.4712,56.767463279999994,-4145.723,-2055.70373672,-6201.42673672
184,495.4126,1381.0521,-1049.4456,0.0,0.0,0.0,-1269.6277,-16210.3319,615.3913,11871.157,-2081.51,57.11415984,-4166.392200000002,-2024.3958401600003,-6190.788040160002
185,508.8342,1457.266,-1081.0004,0.0,0.0,0.0,-1314.9599,-16229.0519,595.3945,11788.4879,-1998.3046,55.408374,-4275.0296,-1942.8962259999998,-6217.925826
186,513.6233,1457.536,-1099.3964,0.0,0.0,0.0,-1305.3772,-16124.7497,616.2478,11844.616,-2133.5074,57.87873288,-4097.500200000002,-2075.62866712,-6173.128867120003
187,530.8503,1387.4198,-1076.0473,0.0,0.0,0.0,-1303.7755,-16228.7448,612.9394,11848.9326,-2024.2622,55.28986992,-4228.425500000001,-1968.97233008,-6197.397830080001
188,480.8311,1384.4945,-1069.3087,0.0,0.0,0.0,-1281.2421,-16186.5565,609.0839,11817.0314,-2083.3042,56.784546,-4245.6664,-2026.519654,-6272.186054000001
189,516.1771,1376.2266,-1089.6227,0.0,0.0,0.0,-1290.1461,-16107.9953,610.9991,11823.8837,-2144.7292,56.96831088,-4160.4776,-2087.7608891200002,-6248.23848912
190,513.812,1426.3122,-1064.2029,0.0,0.0,0.0,-1317.1321,-16207.3777,613.2058,11759.6097,-2005.6305,54.98760744,-4275.772999999997,-1950.64289256,-6226.415892559998
191,520.6546,1407.4662,-1114.9635,0.0,0.0,0.0,-1280.469,-16204.6929,599.1104,11750.9562,-1989.8613,55.98474048,-4321.938,-1933.87655952,-6255.81455952
192,498.1511,1425.0789,-1099.499,0.0,0.0,0.0,-1252.4684,-16177.1315,615.9692,11786.2464,-2045.8828,58.89550032,-4203.653300000002,-1986.98729968,-6190.640599680002
193,518.3512,1395.2689,-1101.7437,0.0,0.0,0.0,-1280.0477,-16304.3136,621.8458,11852.7024,-1987.5389,57.16087416,-4297.9367,-1930.37802584,-6228.3147258399995
194,503.3842,1468.2943,-1107.9309,0.0,0.0,0.0,-1271.326,-16252.0363,625.5992,11775.6504,-1978.6088,55.7429184,-4258.365099999997,-1922.8658816,-6181.230981599997
195,525.6091,1373.5353,-1072.7308,0.0,0.0,0.0,-1280.9485,-16222.0442,602.8999,11852.3012,-2061.5637,56.13403968,-4221.377999999999,-2005.42966032,-6226.80766032
196,509.7126,1442.7481,-1091.3661,0.0,0.0,0.0,-1299.7221,-16051.1541,601.6151,11830.9756,-2216.5368,57.72786264,-4057.1908999999996,-2158.80893736,-6215.999837359999
197,526.9298,1375.4947,-1082.1174,0.0,0.0,0.0,-1304.367,-16002.1666,601.7901,11810.9405,-2221.7164,57.6023832,-4073.4959,-2164.1140167999997,-6237.609916799999
198,508.1685,1440.3381,-1077.1894,0.0,0.0,0.0,-1296.9975,-16015.2548,614.6907,11764.4391,-2168.0143,57.829458960000004,-4061.8053000000036,-2110.18484104,-6171.990141040003
199,555.8293,1401.1539,-1087.0327,0.0,0.0,0.0,-1277.837,-16250.6788,607.3905,11829.4651,-2000.8503,56.763231839999996,-4221.709699999999,-1944.0870681600002,-6165.796768159999
200,492.2666,1440.6391,-1092.2816,0.0,0.0,0.0,-1302.435,-16214.5832,633.1831,11796.987,-1995.0348,55.8424764,-4246.223999999998,-1939.1923236,-6185.416323599998
201,525.4294,1447.8972,-1114.6663,0.0,0.0,0.0,-1271.8713,-16311.7701,621.9268,11790.3623,-1977.4037,58.80864672,-4312.692000000001,-1918.59505328,-6231.287053280001
202,526.2618,1426.0378,-1087.5455,0.0,0.0,0.0,-1249.1258,-16307.4629,604.2616,11828.0681,-1993.313,56.263052159999994,-4259.504900000002,-1937.0499478400002,-6196.5548478400015
203,505.6976,1402.3175,-1088.8594,0.0,0.0,0.0,-1291.4553,-16160.3795,596.6536,11797.5218,-2073.6493,57.507034319999995,-4238.5036999999975,-2016.14226568,-6254.645965679998
204,501.3449,1384.1056,-1054.1696,0.0,0.0,0.0,-1293.1748,-16191.8591,607.6263,11817.3502,-2036.8013,55.559106719999996,-4228.7765,-1981.24219328,-6210.01869328
205,500.8297,1437.6771,-1115.0927,0.0,0.0,0.0,-1290.5825,-16032.3142,595.5979,11834.2862,-2212.8017,57.8149812,-4069.5984999999982,-2154.9867188,-6224.585218799998
206,526.0178,1420.6868,-1098.898,0.0,0.0,0.0,-1282.8734,-16235.6036,608.9303,11794.1426,-2023.335,55.30357872,-4267.5975,-1968.0314212800001,-6235.62892128
207,523.8433,1370.9234,-1064.0553,0.0,0.0,0.0,-1305.4377,-16270.3104,611.5566,11796.4297,-1965.8621,55.68020928,-4337.0504,-1910.18189072,-6247.2322907200005
208,530.8689,1446.2612,-1101.6892,0.0,0.0,0.0,-1321.402,-16298.2174,592.9079,11782.2909,-1915.0566,57.64005503999999,-4368.979699999998,-1857.41654496,-6226.396244959998
209,518.1295,1413.437,-1097.1061,0.0,0.0,0.0,-1276.4607,-16218.3711,602.9246,11791.8182,-2025.0622,57.11938488,-4265.6286,-1967.94281512,-6233.57141512
210,533.6827,1452.3293,-1105.9633,0.0,0.0,0.0,-1284.8755,-16279.8565,616.4873,11791.2606,-1984.9485,54.42111072,-4276.9354,-1930.52738928,-6207.462789280001
211,521.6022,1422.3459,-1104.2381,0.0,0.0,0.0,-1301.2177,-16110.1802,611.4991,11803.8134,-2101.2268,57.005689679999996,-4156.375400000001,-2044.22111032,-6200.5965103200015
212,496.3745,1405.8192,-1065.4599,0.0,0.0,0.0,-1296.9386,-16239.2411,615.5049,11815.9591,-2011.169,56.863334880000004,-4267.981899999999,-1954.3056651200002,-6222.287565119998
213,543.3465,1415.2293,-1115.0228,0.0,0.0,0.0,-1305.6892,-16090.565,607.2507,11750.8522,-2073.1275,54.99170135999999,-4194.5983,-2018.13579864,-6212.73409864
214,530.3633,1422.462,-1110.9757,0.0,0.0,0.0,-1277.4192,-16010.0767,608.7502,11732.1167,-2183.9608,58.053346559999994,-4104.779399999999,-2125.9074534399997,-6230.686853439999
215,509.8542,1426.9748,-1077.0426,0.0,0.0,0.0,-1272.7145,-16262.7709,598.7069,11751.5317,-1973.3418,57.278952,-4325.460400000002,-1916.062848,-6241.523248000002
216,508.0169,1443.7986,-1107.3922,0.0,0.0,0.0,-1326.6783,-16189.2561,602.6739,11744.9103,-1978.6073,55.174824720000004,-4323.9269,-1923.4324752799998,-6247.35937528
217,512.9734,1430.2381,-1087.7013,0.0,0.0,0.0,-1300.0064,-16151.5295,594.4231,11813.8461,-2050.9576,55.9641132,-4187.756500000001,-1994.9934868000003,-6182.749986800001
218,516.3388,1435.5082,-1110.929,0.0,0.0,0.0,-1273.8805,-16184.7657,617.8768,11807.8274,-2082.1908,55.51458984,-4192.024000000001,-2026.6762101599998,-6218.700210160002
219,499.0352,1397.2994,-1091.469,0.0,0.0,0.0,-1272.6002,-16096.2836,625.5938,11848.3808,-2168.1279,57.40545744,-4090.043600000001,-2110.7224425599998,-6200.766042560001
220,509.6659,1388.7996,-1048.1977,0.0,0.0,0.0,-1302.9758,-16191.5394,615.1794,11852.775,-2088.2004,56.55745871999999,-4176.293,-2031.6429412800003,-6207.9359412799995
221,492.9712,1417.828,-1069.5028,0.0,0.0,0.0,-1294.6481,-16149.9275,592.7964,11826.5655,-2088.1081,55.05590376,-4183.917300000001,-2033.0521962399998,-6216.969496240001
222,489.0336,1395.0637,-1038.0743,0.0,0.0,0.0,-1282.0901,-16231.9746,608.6201,11898.688,-2090.2841,56.591791199999996,-4160.733599999998,-2033.6923087999999,-6194.425908799997
223,533.1489,1418.9665,-1108.6712,0.0,0.0,0.0,-1266.2838,-16177.6706,602.1831,11780.0607,-2050.9642,56.2464972,-4218.2664,-1994.7177027999999,-6212.984102800001
224,510.6835,1400.0231,-1100.1508,0.0,0.0,0.0,-1294.7933,-16258.9895,612.2299,11796.9353,-1987.3602,56.60149896,-4334.0617999999995,-1930.75870104,-6264.82050104
225,516.6867,1411.1795,-1090.051,0.0,0.0,0.0,-1302.7276,-16274.7397,617.6663,11850.9186,-2007.8153,55.3611888,-4271.067199999998,-1952.4541112,-6223.521311199998
226,508.997,1412.7129,-1108.5752,0.0,0.0,0.0,-1303.4538,-16275.7279,605.9892,11822.3549,-1979.8069,56.0313576,-4337.702899999998,-1923.7755424,-6261.478442399998
227,542.267,1413.6317,-1119.4465,0.0,0.0,0.0,-1309.9279,-16205.0196,618.1509,11809.3724,-2022.4187,57.71876688,-4250.971999999998,-1964.69993312,-6215.671933119998
228,487.2492,1475.3843,-1118.4323,0.0,0.0,0.0,-1284.6319,-16207.3456,618.8166,11786.7544,-2020.1127,55.79402184,-4242.205300000001,-1964.31867816,-6206.523978160001
229,513.5722,1424.9196,-1101.2604,0.0,0.0,0.0,-1282.2148,-16167.8391,599.8906,11847.7354,-2114.1025,56.4138,-4165.196499999998,-2057.6887,-6222.885199999998
230,492.446,1403.388,-1108.6944,0.0,0.0,0.0,-1272.831,-16224.178,617.0226,11780.122,-2023.9742,56.539364400000004,-4312.7248,-1967.4348356,-6280.159635600001
231,527.3585,1393.6671,-1088.6028,0.0,0.0,0.0,-1285.2751,-16162.1211,609.2068,11892.1176,-2159.1112,57.47593104,-4113.648999999999,-2101.63526896,-6215.284268959998
232,529.6085,1380.9553,-1097.4862,0.0,0.0,0.0,-1270.5889,-16048.65,619.5191,11786.4987,-2176.3927,57.532986720000004,-4100.1435,-2118.85971328,-6219.003213280001
233,492.1261,1422.951,-1085.4953,0.0,0.0,0.0,-1298.7402,-16127.3157,621.2195,11822.1971,-2121.5251,56.492021519999994,-4153.057500000001,-2065.03307848,-6218.090578480001
234,521.4398,1397.1383,-1069.0695,0.0,0.0,0.0,-1287.0467,-16250.2591,606.7403,11895.7907,-2096.8347,56.626724159999995,-4185.266200000002,-2040.2079758399998,-6225.474175840001
235,495.3536,1465.2412,-1092.2557,0.0,0.0,0.0,-1296.3132,-16075.1702,595.4154,11813.6503,-2169.0064,56.93947343999999,-4094.0786000000007,-2112.0669265600004,-6206.145526560001
236,487.7611,1397.8895,-1087.1182,0.0,0.0,0.0,-1286.3827,-16350.6591,639.0424,11866.7903,-1936.6113,56.823136559999995,-4332.676700000002,-1879.78816344,-6212.464863440002
237,541.0098,1355.4903,-1081.836,0.0,0.0,0.0,-1282.22,-16069.4464,600.1437,11800.2723,-2169.1406,58.4703108,-4136.586299999999,-2110.6702892000003,-6247.256589199999
238,478.947,1455.6504,-1109.6995,0.0,0.0,0.0,-1269.6292,-15972.6224,605.3219,11746.1695,-2201.1298,59.128775280000006,-4065.862299999999,-2142.0010247200003,-6207.86332472
239,519.2135,1400.3476,-1108.7318,0.0,0.0,0.0,-1291.966,-16134.8162,615.4287,11853.3899,-2130.3915,57.350703599999996,-4147.1343,-2073.0407964,-6220.175096399999
240,515.0875,1428.1507,-1110.6423,0.0,0.0,0.0,-1296.9457,-16036.6576,623.8975,11771.6979,-2141.3742,56.75094288,-4105.412000000004,-2084.6232571200003,-6190.035257120004
241,501.9196,1400.5363,-1081.9991,0.0,0.0,0.0,-1297.6572,-16224.4317,624.79,11891.1457,-2097.6386,57.19744296,-4185.696399999999,-2040.4411570400002,-6226.137557039999
242,534.4214,1422.4556,-1124.4963,0.0,0.0,0.0,-1265.9965,-16124.3328,614.0005,11783.7318,-2092.4895,57.30567552,-4160.2163,-2035.18382448,-6195.40012448
243,502.3639,1391.621,-1081.1145,0.0,0.0,0.0,-1290.8139,-16121.6305,617.2122,11851.7837,-2140.1482,57.702402,-4130.578100000001,-2082.445798,-6213.023898
244,506.2164,1409.0039,-1103.3729,0.0,0.0,0.0,-1292.7615,-16138.4575,601.196,11825.8422,-2108.8829,57.02446728,-4192.333400000003,-2051.85843272,-6244.191832720004
245,506.3277,1420.7219,-1087.3157,0.0,0.0,0.0,-1284.1422,-16150.6608,618.8702,11768.9991,-2016.848,56.65841856,-4207.1998,-1960.18958144,-6167.38938144
246,484.1724,1432.1302,-1066.1947,0.0,0.0,0.0,-1291.5323,-16183.5477,601.4748,11866.0576,-2112.6569,57.20133672,-4157.439699999999,-2055.4555632799998,-6212.895263279999
247,490.2985,1455.381,-1112.4211,0.0,0.0,0.0,-1273.8439,-16220.1993,608.9964,11749.002,-1991.6276,56.88019728,-4302.786400000001,-1934.74740272,-6237.5338027200005
248,510.45,1429.0263,-1073.992,0.0,0.0,0.0,-1270.3766,-16279.0445,614.7395,11763.949,-1955.2616,56.97858024,-4305.248299999999,-1898.2830197600001,-6203.531319759999
249,492.0408,1418.294,-1086.2756,0.0,0.0,0.0,-1300.0415,-16115.4802,607.3759,11830.5697,-2125.5618,56.41185744,-4153.516900000002,-2069.14994256,-6222.666842560002
250,516.0325,1433.0985,-1072.0093,0.0,0.0,0.0,-1282.7957,-16168.9291,617.4459,11840.2182,-2090.1851,55.94646672,-4116.939,-2034.2386332800002,-6151.177633280001
251,526.5879,1422.6715,-1059.2074,0.0,0.0,0.0,-1290.4221,-16199.2984,617.3748,11809.6617,-2059.7659,56.931920639999994,-4172.632,-2002.8339793599998,-6175.46597936
252,483.8052,1463.5773,-1131.4017,0.0,0.0,0.0,-1302.0025,-16258.7283,599.1508,11847.8132,-1990.5263,56.156562720000004,-4297.786,-1934.36973728,-6232.15573728
253,493.8883,1400.468,-1071.2757,0.0,0.0,0.0,-1273.5707,-16362.9299,621.6756,11872.842,-1949.9189,57.222144,-4318.902399999997,-1892.6967559999998,-6211.599155999997
254,516.8864,1404.188,-1083.953,0.0,0.0,0.0,-1299.6594,-16334.5543,614.3016,11904.798,-2013.8647,56.68099704,-4277.992699999999,-1957.1837029600001,-6235.176402959999
255,514.8773,1388.1436,-1083.1227,0.0,0.0,0.0,-1269.7055,-16408.0866,601.9221,11816.1009,-1883.0715,56.03143248,-4439.8709,-1827.04006752,-6266.91096752
256,535.1898,1386.7856,-1098.4901,0.0,0.0,0.0,-1284.3997,-16285.9329,602.4889,11796.4683,-1954.053,57.4089228,-4347.8901000000005,-1896.6440772,-6244.5341772
257,546.2036,1395.3878,-1090.8274,0.0,0.0,0.0,-1326.3217,-16107.3038,616.067,11759.2211,-2083.1512,55.98939384,-4207.573399999999,-2027.1618061599997,-6234.7352061599995
258,519.5553,1376.3316,-1090.7855,0.0,0.0,0.0,-1276.3999,-16249.704,610.9317,11831.4733,-2005.2194,56.79335448,-4278.5975,-1948.42604552,-6227.02354552
259,517.0414,1381.6119,-1096.6017,0.0,0.0,0.0,-1290.1478,-16181.5452,612.3597,11841.7496,-2068.733,57.29640264,-4215.5321,-2011.4365973600002,-6226.96869736
260,488.1134,1379.2703,-1104.6253,0.0,0.0,0.0,-1252.1015,-16188.2415,614.213,11812.7899,-2067.3901,56.91851568,-4250.5817000000025,-2010.4715843200001,-6261.053284320003
261,522.8781,1420.0861,-1093.084,0.0,0.0,0.0,-1287.5961,-16169.7129,590.5759,11774.1292,-2034.2887,55.88600616,-4242.723700000002,-1978.40269384,-6221.1263938400025
262,490.9171,1488.5682,-1067.4298,0.0,0.0,0.0,-1254.7573,-16141.6722,609.6142,11797.891,-2127.9955,56.21571936,-4076.8688,-2071.77978064,-6148.648580640001
263,517.3558,1413.5578,-1095.0155,0.0,0.0,0.0,-1317.8426,-16103.6248,614.8121,11843.0575,-2152.3679,56.4646176,-4127.699699999999,-2095.9032824,-6223.6029824
264,491.8254,1352.2541,-1089.8386,0.0,0.0,0.0,-1309.2854,-16226.3969,626.3776,11876.7827,-2065.1192,54.673312319999994,-4278.2811,-2010.4458876800002,-6288.72698768
265,526.0076,1407.4695,-1087.9201,0.0,0.0,0.0,-1283.1074,-16219.745,607.3184,11824.6172,-2011.7134,56.575864079999995,-4225.359800000002,-1955.1375359200001,-6180.497335920002
266,490.105,1405.1228,-1069.6045,0.0,0.0,0.0,-1275.82,-16323.8098,600.0859,11822.2015,-1974.092,56.15826192,-4351.7191,-1917.93373808,-6269.652838080001
267,494.3269,1448.0295,-1101.6227,0.0,0.0,0.0,-1269.3111,-16210.1571,599.3989,11782.1893,-2008.2706,56.51389152,-4257.1462999999985,-1951.75670848,-6208.903008479999
268,502.2164,1372.6568,-1069.209,0.0,0.0,0.0,-1281.2914,-16199.6989,605.8683,11764.9186,-2012.7683,56.20535855999999,-4304.539199999997,-1956.56294144,-6261.1021414399975
269,514.7617,1481.3942,-1113.398,0.0,0.0,0.0,-1330.9402,-16302.2521,598.5066,11798.0336,-1928.7773,54.09079416,-4353.894199999997,-1874.6865058399999,-6228.580705839997
270,511.2819,1455.7468,-1086.0935,0.0,0.0,0.0,-1307.1672,-16289.8459,607.4829,11808.4778,-1944.2293,55.22317344,-4300.117200000001,-1889.00612656,-6189.12332656
271,515.4093,1463.474,-1099.4768,0.0,0.0,0.0,-1297.8237,-16096.7763,600.585,11792.7187,-2124.4301,54.84916296,-4121.889800000003,-2069.58093704,-6191.470737040002
272,476.867,1430.0161,-1124.2243,0.0,0.0,0.0,-1303.674,-16224.1371,602.3123,11822.3483,-2006.1691,54.71145936,-4320.491700000002,-1951.4576406400001,-6271.949340640002
273,535.3912,1436.0937,-1090.8107,0.0,0.0,0.0,-1300.9973,-16124.7919,597.4014,11781.131,-2085.3018,56.62480464,-4166.582600000002,-2028.67699536,-6195.259595360002
274,533.6142,1394.0436,-1098.8905,0.0,0.0,0.0,-1283.4201,-16163.1047,603.0704,11815.0058,-2094.7404,59.44741919999999,-4199.681299999998,-2035.2929808000001,-6234.974280799999
275,489.7407,1420.3712,-1086.5467,0.0,0.0,0.0,-1283.9618,-16120.2122,600.4484,11757.2819,-2052.2775,58.0671684,-4222.8785000000025,-1994.2103316000002,-6217.088831600003
276,499.5761,1448.0425,-1088.162,0.0,0.0,0.0,-1287.377,-16181.472,624.0834,11756.0059,-2018.5649,56.6862948,-4229.303100000001,-1961.8786052,-6191.1817052000015
277,484.429,1374.2319,-1093.4922,0.0,0.0,0.0,-1256.502,-16188.6627,613.5473,11758.0568,-2009.5704,58.25250936,-4308.391899999999,-1951.31789064,-6259.7097906399995
278,546.9321,1437.5459,-1116.7116,0.0,0.0,0.0,-1296.1372,-16054.3405,594.5299,11824.2497,-2194.0914,56.7327024,-4063.931699999999,-2137.3586975999997,-6201.290397599999
279,509.0158,1422.1145,-1105.3528,0.0,0.0,0.0,-1301.1073,-16236.1304,613.4357,11784.8592,-1995.4946,55.257667919999996,-4313.165300000001,-1940.23693208,-6253.40223208
280,480.593,1464.5459,-1107.4497,0.0,0.0,0.0,-1269.5201,-16144.4005,588.5206,11782.4146,-2087.1987,58.48075583999999,-4205.296200000001,-2028.71794416,-6234.014144160001
281,524.9877,1426.6414,-1106.348,0.0,0.0,0.0,-1284.4315,-16113.732,624.7369,11813.1764,-2117.34,55.87329168,-4114.969099999998,-2061.46670832,-6176.435808319999
282,512.2143,1404.5523,-1086.1301,0.0,0.0,0.0,-1293.5377,-16100.3649,617.3708,11808.7867,-2128.2451,58.473126719999996,-4137.1086,-2069.77197328,-6206.880573279999
283,468.0985,1458.4468,-1086.1011,0.0,0.0,0.0,-1280.7005,-16256.1924,601.9091,11798.4454,-1983.0884,55.89227736,-4296.0942,-1927.19612264,-6223.29032264
284,506.316,1440.1457,-1080.0436,0.0,0.0,0.0,-1263.6266,-16202.9799,584.3909,11762.0751,-1992.321,56.146655519999996,-4253.722399999999,-1936.17434448,-6189.896744479998
285,512.285,1415.2755,-1130.7311,0.0,0.0,0.0,-1284.3739,-16247.2801,597.5879,11815.9605,-2018.02,55.53683856,-4321.2762,-1962.48316144,-6283.75936144
286,561.2343,1459.3318,-1130.2895,0.0,0.0,0.0,-1301.0453,-16049.9816,591.0896,11695.451,-2092.0619,55.861716959999995,-4174.209700000001,-2036.2001830400002,-6210.409883040002
287,504.9862,1440.7391,-1113.3864,0.0,0.0,0.0,-1277.2706,-16063.1806,607.6257,11786.0951,-2158.7337,57.3366348,-4114.3915,-2101.3970652000003,-6215.7885652
288,515.3437,1395.1403,-1083.1258,0.0,0.0,0.0,-1251.0301,-16167.4802,610.1811,11771.6956,-2056.7654,57.13961472,-4209.2754,-1999.6257852800002,-6208.90118528
289,506.8345,1418.3693,-1112.4981,0.0,0.0,0.0,-1302.558,-16141.6238,608.8943,11766.629,-2036.827,56.28137328,-4255.952799999999,-1980.54562672,-6236.49842672
290,474.3683,1427.5278,-1092.5174,0.0,0.0,0.0,-1299.6588,-16206.0061,615.4731,11794.359,-2011.3705,55.195320960000004,-4286.454100000003,-1956.1751790399999,-6242.629279040003
291,532.9604,1393.881,-1095.5509,0.0,0.0,0.0,-1309.9811,-16205.0294,615.0696,11799.658,-2015.5712,54.28037088,-4268.992399999997,-1961.2908291200001,-6230.2832291199975
292,514.9798,1451.3301,-1065.532,0.0,0.0,0.0,-1277.8564,-16296.5634,605.1801,11847.2787,-1962.6117,56.48004504,-4221.183099999998,-1906.1316549599999,-6127.314754959998
293,521.7745,1416.2915,-1097.6675,0.0,0.0,0.0,-1289.8123,-15985.2273,594.206,11774.382,-2204.5684,56.60588232,-4066.053100000001,-2147.96251768,-6214.015617680001
294,512.6501,1446.2271,-1100.8516,0.0,0.0,0.0,-1290.0933,-16138.3075,603.7026,11792.8124,-2064.1051,54.23645664,-4173.860200000001,-2009.8686433600003,-6183.7288433600015
295,522.6544,1428.6371,-1089.5947,0.0,0.0,0.0,-1298.3024,-16324.0409,608.498,11818.061,-1962.4363,55.17487224,-4334.0875,-1907.26142776,-6241.34892776
296,490.3675,1394.9394,-1091.9609,0.0,0.0,0.0,-1301.8302,-16236.5209,608.8372,11856.2446,-2033.064,54.09573552,-4279.923299999999,-1978.96826448,-6258.891564479999
297,504.9584,1405.0775,-1081.6516,0.0,0.0,0.0,-1291.7848,-16070.916,614.1518,11764.2244,-2106.6009,56.33992152,-4155.940300000002,-2050.2609784799997,-6206.201278480002
298,496.3579,1485.3553,-1083.4378,0.0,0.0,0.0,-1305.906,-16203.8135,620.6891,11760.5013,-1997.1029,55.54660896,-4230.253700000001,-1941.5562910400001,-6171.809991040001
299,488.6467,1438.9005,-1114.4143,0.0,0.0,0.0,-1274.3633,-16291.8816,631.5327,11855.6036,-1986.2722,56.63556431999999,-4265.975700000001,-1929.6366356800002,-6195.612335680001
300,503.0544,1403.2642,-1107.6081,0.0,0.0,0.0,-1291.1206,-16252.0128,592.4901,11813.8325,-2010.1639,56.7840312,-4338.100300000002,-1953.3798688,-6291.480168800002
301,490.1021,1415.1345,-1085.505,0.0,0.0,0.0,-1256.9471,-16142.4159,595.6998,11775.7127,-2091.4665,58.576784399999994,-4208.218899999998,-2032.8897156,-6241.108615599998
302,516.8643,1473.7372,-1089.8524,0.0,0.0,0.0,-1260.2917,-15903.2374,595.2459,11712.3913,-2252.3394,58.987211759999994,-3955.1428000000014,-2193.35218824,-6148.4949882400015
303,522.1618,1359.1509,-1093.2785,0.0,0.0,0.0,-1285.4998,-15964.5425,609.1994,11813.3965,-2215.3742,58.72313448,-4039.412199999999,-2156.65106552,-6196.063265519999
304,539.5598,1434.8983,-1093.7876,0.0,0.0,0.0,-1286.1738,-15989.5419,608.1315,11776.0827,-2212.4667,57.38336208,-4010.831,-2155.08333792,-6165.91433792
305,514.0359,1377.697,-1086.0207,0.0,0.0,0.0,-1262.2454,-16054.8836,600.9556,11794.6643,-2198.1311,57.488767919999994,-4115.796899999999,-2140.64233208,-6256.43923208
306,533.3045,1438.1968,-1087.6938,0.0,0.0,0.0,-1253.4462,-16057.2477,619.0378,11770.5873,-2168.3116,60.20863056,-4037.2613,-2108.10296944,-6145.3642694400005
307,507.4561,1484.9698,-1109.7095,0.0,0.0,0.0,-1270.2467,-15973.4611,606.3538,11806.8963,-2223.1374,57.86192088,-3947.7412999999997,-2165.27547912,-6113.016779119999
308,529.2714,1370.1966,-1097.1166,0.0,0.0,0.0,-1268.1539,-16108.7337,623.1336,11830.5312,-2151.9464,60.18400224,-4120.871400000004,-2091.7623977599997,-6212.633797760003
309,519.7728,1393.9468,-1102.703,0.0,0.0,0.0,-1274.333,-16105.5687,597.3518,11796.8616,-2122.8387,58.084370639999996,-4174.671699999999,-2064.7543293599997,-6239.426029359999
310,478.2063,1415.3982,-1086.7023,0.0,0.0,0.0,-1270.4664,-16019.3289,604.2891,11803.8088,-2196.0023,59.46433344,-4074.7952000000005,-2136.5379665600003,-6211.333166560001
311,508.7722,1431.8764,-1103.8733,0.0,0.0,0.0,-1271.8261,-16000.4995,601.3699,11769.9426,-2193.168,57.51075456,-4064.237799999999,-2135.65724544,-6199.895045439998
312,466.4198,1396.3447,-1085.3352,0.0,0.0,0.0,-1260.6453,-15990.3908,604.5153,11744.0238,-2171.491,59.38962192,-4125.067699999998,-2112.10137808,-6237.169078079998
313,525.1414,1383.9296,-1069.8133,0.0,0.0,0.0,-1306.5899,-16042.4875,612.6439,11781.7895,-2143.8985,57.846378959999996,-4115.3863,-2086.0521210399997,-6201.438421039999
314,503.8475,1454.1367,-1104.1935,0.0,0.0,0.0,-1253.5955,-16266.3812,602.3907,11816.6993,-1995.1171,57.59074295999999,-4247.096000000001,-1937.52635704,-6184.622357040001
315,490.4678,1431.5752,-1090.5604,0.0,0.0,0.0,-1272.2205,-16198.7315,622.4621,11838.4958,-2077.073,57.988391039999996,-4178.511499999997,-2019.08460896,-6197.596108959997
316,477.5278,1382.6453,-1087.6503,0.0,0.0,0.0,-1262.7288,-16139.1573,619.8919,11847.7704,-2114.3139,57.1237668,-4161.701000000001,-2057.1901332,-6218.891133200001
317,530.3603,1418.6401,-1112.451,0.0,0.0,0.0,-1269.9766,-16186.0538,618.6911,11846.6233,-2073.7586,57.633623279999995,-4154.1666000000005,-2016.1249767200002,-6170.29157672
318,512.3037,1420.7497,-1112.5883,0.0,0.0,0.0,-1282.6943,-16006.0182,603.8219,11815.8162,-2193.8011,58.7540736,-4048.6093,-2135.0470264,-6183.656326400001
319,537.2022,1399.7142,-1079.8337,0.0,0.0,0.0,-1286.3195,-16050.7669,602.4517,11782.0916,-2143.5441,56.85939504,-4095.4604000000018,-2086.68470496,-6182.145104960002
320,530.8825,1407.2062,-1088.724,0.0,0.0,0.0,-1284.8038,-16072.4045,594.5904,11782.1433,-2126.719,56.2308552,-4131.1098999999995,-2070.4881448,-6201.598044799999
321,503.8164,1401.7978,-1065.2604,0.0,0.0,0.0,-1270.3435,-16097.2909,622.2989,11836.8428,-2162.7124,56.7983376,-4068.138899999998,-2105.9140623999997,-6174.052962399998
322,479.3687,1405.0602,-1089.3617,0.0,0.0,0.0,-1265.908,-16089.4899,615.5688,11899.1064,-2223.5467,57.43858752,-4045.655499999997,-2166.10811248,-6211.763612479997
323,534.2856,1421.9844,-1102.4836,0.0,0.0,0.0,-1276.2533,-16087.4991,597.2942,11799.9991,-2126.416,58.4860608,-4112.672699999999,-2067.9299392000003,-6180.602639199999
324,517.1094,1457.8923,-1070.03,0.0,0.0,0.0,-1264.1193,-16140.6235,577.8128,11756.8257,-2082.0966,57.7665612,-4165.132599999999,-2024.3300387999998,-6189.462638799999
325,494.7723,1381.4917,-1094.1214,0.0,0.0,0.0,-1289.4509,-16087.0666,604.9062,11893.2543,-2212.6714,56.416173119999996,-4096.214399999999,-2156.25522688,-6252.469626879999
326,530.6389,1429.3764,-1121.8506,0.0,0.0,0.0,-1273.462,-16156.9842,590.9317,11836.0523,-2103.5932,58.37929632,-4165.297500000002,-2045.2139036799997,-6210.511403680001
327,482.0864,1404.2417,-1094.1378,0.0,0.0,0.0,-1294.7104,-16154.8624,610.6874,11795.6105,-2039.2398,56.35579824,-4251.084599999998,-1982.88400176,-6233.968601759999
328,491.8125,1399.4502,-1103.8185,0.0,0.0,0.0,-1263.2399,-16168.6123,628.3371,11931.6567,-2188.6317,59.25780288000001,-4084.4141999999993,-2129.37389712,-6213.788097119999
329,498.1161,1331.3083,-1068.5181,0.0,0.0,0.0,-1280.5766,-16127.3566,618.9139,11854.7137,-2137.2135,55.75009824,-4173.399300000001,-2081.4634017599997,-6254.862701760001
330,494.1964,1432.2321,-1093.0925,0.0,0.0,0.0,-1285.2984,-16069.9585,615.7945,11868.5601,-2177.4726,56.23967448,-4037.5663000000004,-2121.23292552,-6158.799225520001
331,483.9209,1462.841,-1068.862,0.0,0.0,0.0,-1262.1832,-16290.5622,608.9497,11846.0441,-2007.7452,56.751849359999994,-4219.851700000001,-1950.99335064,-6170.845050640001
332,490.7083,1377.153,-1097.3081,0.0,0.0,0.0,-1303.1239,-16149.2353,623.6526,11841.3039,-2094.0643,55.02050783999999,-4216.8495,-2039.04379216,-6255.89329216
333,513.1095,1386.9962,-1097.1016,0.0,0.0,0.0,-1295.11,-16063.178,612.4947,11794.1492,-2145.3962,55.038021119999996,-4148.639999999999,-2090.35817888,-6238.99817888
334,502.1633,1433.4305,-1110.2853,0.0,0.0,0.0,-1258.6702,-16272.3978,614.1283,11813.5622,-2019.6124,56.62548216,-4278.0689999999995,-1962.98691784,-6241.05591784
335,545.6923,1483.7481,-1101.6716,0.0,0.0,0.0,-1267.8297,-16139.6763,635.7539,11803.6659,-2108.2709,56.00943144,-4040.3174,-2052.26146856,-6092.578868559999
336,500.304,1439.5018,-1078.1313,0.0,0.0,0.0,-1274.8433,-16107.7283,602.4782,11803.9306,-2124.7139,57.40778952,-4114.488300000003,-2067.3061104800004,-6181.7944104800035
337,531.93,1391.9383,-1109.8771,0.0,0.0,0.0,-1279.5281,-16068.7702,594.9346,11837.7156,-2188.9277,55.83630384,-4101.656900000002,-2133.0913961600004,-6234.748296160002
338,474.8497,1481.1771,-1087.9749,0.0,0.0,0.0,-1282.0701,-16207.1503,605.1793,11871.1104,-2106.0505,57.56129567999999,-4144.8788,-2048.4892043199998,-6193.36800432
339,486.9383,1398.5967,-1075.2184,0.0,0.0,0.0,-1289.7259,-16051.3414,631.7908,11843.136,-2211.1594,57.02562,-4055.8238999999994,-2154.13378,-6209.9576799999995
340,524.9455,1442.0892,-1080.8315,0.0,0.0,0.0,-1295.0886,-16021.2007,609.5079,11823.1212,-2203.7455,57.63850416,-3997.4570000000003,-2146.10699584,-6143.563995840001
341,505.8695,1337.405,-1065.7237,0.0,0.0,0.0,-1278.5759,-16208.8178,633.9005,11903.4277,-2111.0325,56.77475184,-4172.5147,-2054.2577481599997,-6226.772448159999
342,484.2606,1419.8234,-1100.5823,0.0,0.0,0.0,-1282.2479,-16315.4511,619.4513,11826.899,-1921.0596,55.00381968,-4347.847,-1866.05578032,-6213.902780320001
343,506.6513,1442.0007,-1122.0628,0.0,0.0,0.0,-1303.0905,-16157.9824,600.8856,11824.4887,-2079.036,57.12528024,-4209.109400000001,-2021.9107197600001,-6231.020119760001
344,535.8391,1407.5854,-1052.798,0.0,0.0,0.0,-1304.9508,-15983.0028,580.0912,11798.5847,-2238.2188,57.14994023999999,-4018.6511999999984,-2181.06885976,-6199.720059759999
345,490.0305,1413.5988,-1093.942,0.0,0.0,0.0,-1283.5618,-15982.3176,609.0351,11770.1619,-2219.0282,57.09070224,-4076.9951,-2161.93749776,-6238.932597760001
346,539.6438,1391.8137,-1117.5393,0.0,0.0,0.0,-1296.055,-16071.3636,611.5323,11827.8588,-2153.1907,56.57306688,-4114.1093,-2096.61763312,-6210.7269331200005
347,514.8058,1440.9724,-1094.9116,0.0,0.0,0.0,-1283.7227,-16150.7584,597.9107,11830.8197,-2118.2071,55.041827039999994,-4144.884099999999,-2063.16527296,-6208.049372959999
348,524.5175,1429.8102,-1099.7214,0.0,0.0,0.0,-1278.1206,-16039.3225,616.5997,11760.1284,-2170.9096,55.62583992,-4086.1087000000007,-2115.28376008,-6201.392460080001
349,511.7533,1410.0235,-1077.1173,0.0,0.0,0.0,-1276.0918,-16277.5521,616.4206,11817.2514,-1979.7374,55.60722,-4275.3124000000025,-1924.1301799999999,-6199.442580000003
350,524.6725,1381.2692,-1090.3236,0.0,0.0,0.0,-1267.8967,-16175.8661,609.0675,11885.6346,-2145.7748,56.82166272,-4133.442600000002,-2088.95313728,-6222.395737280002
351,473.2261,1457.2815,-1084.4128,0.0,0.0,0.0,-1282.0799,-16074.923,602.7492,11785.1404,-2148.8196,56.8639116,-4123.0185,-2091.9556884,-6214.9741884
352,498.7971,1435.7875,-1118.1163,0.0,0.0,0.0,-1283.5779,-16042.2686,606.5579,11797.0529,-2162.9267,58.013411760000004,-4105.767399999999,-2104.91328824,-6210.680688239999
353,528.6299,1438.9081,-1095.0319,0.0,0.0,0.0,-1282.3443,-16163.7931,600.2634,11793.0939,-2091.3578,58.62146327999999,-4180.274000000001,-2032.7363367200003,-6213.010336720001
354,495.1909,1456.56,-1108.3183,0.0,0.0,0.0,-1283.4953,-16269.2284,611.6071,11882.4433,-2030.9957,56.61833976,-4215.2406999999985,-1974.37736024,-6189.618060239998
355,518.5382,1398.4347,-1110.7408,0.0,0.0,0.0,-1307.5293,-16233.1033,595.4783,11882.492,-2019.5276,56.0341332,-4256.430199999999,-1963.4934667999999,-6219.9236667999985
356,499.6835,1403.6868,-1101.1305,0.0,0.0,0.0,-1317.1372,-16077.3741,627.1155,11800.9546,-2110.6139,54.90965592,-4164.201400000004,-2055.7042440799996,-6219.905644080004
357,512.3563,1413.4097,-1084.0836,0.0,0.0,0.0,-1283.1294,-16058.5487,615.3597,11839.8156,-2198.0649,55.586993039999996,-4044.8203999999987,-2142.47790696,-6187.298306959998
358,475.7414,1428.8165,-1108.8368,0.0,0.0,0.0,-1263.8629,-16103.151,607.4891,11862.9374,-2174.3232,56.99516327999999,-4100.866299999998,-2117.32803672,-6218.194336719997
359,500.0949,1487.5423,-1103.4605,0.0,0.0,0.0,-1294.3824,-16233.3303,601.4265,11787.9776,-1988.3202,54.282498479999994,-4254.1319,-1934.0377015200002,-6188.1696015200005
360,498.5658,1377.0386,-1103.0928,0.0,0.0,0.0,-1295.465,-16116.3289,613.7925,11867.6292,-2112.8371,55.911913919999996,-4157.8606,-2056.92518608,-6214.78578608
361,537.0579,1415.5223,-1090.7273,0.0,0.0,0.0,-1297.0585,-15974.4053,603.3368,11735.3661,-2206.2506,56.4240564,-4070.9079999999994,-2149.8265435999997,-6220.734543599999
362,516.8952,1462.8405,-1074.4995,0.0,0.0,0.0,-1292.5128,-16060.8185,599.2763,11777.5108,-2183.1799,58.04596728,-4071.307999999999,-2125.1339327200003,-6196.441932719999
363,504.8397,1387.816,-1081.7541,0.0,0.0,0.0,-1294.4219,-16254.2777,604.9551,11806.2828,-1983.0438,55.830108960000004,-4326.560100000002,-1927.21369104,-6253.773791040002
364,508.667,1412.9622,-1104.9758,0.0,0.0,0.0,-1288.116,-16223.4352,604.8652,11813.6476,-2032.3201,56.45741832,-4276.384999999998,-1975.86268168,-6252.247681679998
365,535.4687,1410.7786,-1106.2255,0.0,0.0,0.0,-1260.2595,-16202.5651,616.8991,11840.377,-2082.9898,56.889873359999996,-4165.5267,-2026.09992664,-6191.62662664
366,493.1552,1388.6325,-1086.9788,0.0,0.0,0.0,-1264.0356,-16137.6648,594.1835,11812.7483,-2115.6648,58.43161224,-4199.959700000003,-2057.23318776,-6257.192887760004
367,490.1626,1425.2272,-1097.7973,0.0,0.0,0.0,-1278.9534,-16251.9798,614.0961,11845.8914,-2034.2023,55.53161136,-4253.3532,-1978.67068864,-6232.023888639999
368,522.5282,1392.0678,-1070.6398,0.0,0.0,0.0,-1277.9521,-16267.5615,607.5811,11842.2237,-2008.1885,57.389411519999996,-4251.752599999998,-1950.79908848,-6202.551688479998
369,500.058,1465.6495,-1093.2481,0.0,0.0,0.0,-1277.2655,-16259.9304,611.5386,11816.895,-1998.4851,55.85112576,-4236.302899999999,-1942.63397424,-6178.936874239998
370,518.4175,1464.2016,-1123.6755,0.0,0.0,0.0,-1291.0059,-16160.954,608.2918,11835.5568,-2058.6249,56.48767776,-4149.1677,-2002.1372222399998,-6151.3049222399995
371,554.638,1459.7841,-1114.2471,0.0,0.0,0.0,-1300.2702,-16217.3358,600.3831,11777.7625,-2013.6032,54.892106639999994,-4239.285400000001,-1958.71109336,-6197.99649336
372,475.0183,1372.2753,-1063.4402,0.0,0.0,0.0,-1279.9987,-16176.3861,616.4444,11789.0043,-2063.0055,57.084471359999995,-4267.082699999999,-2005.9210286400003,-6273.003728639999
373,499.3345,1426.3359,-1086.7939,0.0,0.0,0.0,-1281.7291,-16165.1528,602.1215,11765.7107,-2044.0465,57.41840952,-4240.173199999999,-1986.6280904799999,-6226.80129048
374,514.2409,1441.2622,-1127.8166,0.0,0.0,0.0,-1283.6575,-16136.5875,591.1821,11778.8993,-2077.1165,57.084934319999995,-4222.4771,-2020.03156568,-6242.50866568
375,491.6038,1400.5193,-1092.1908,0.0,0.0,0.0,-1268.4033,-16132.2908,617.5044,11769.9638,-2065.4297,56.14095528,-4213.293600000001,-2009.28874472,-6222.582344720002
376,543.8291,1371.9856,-1100.4717,0.0,0.0,0.0,-1287.253,-16051.0259,622.7056,11787.7541,-2160.5204,57.938898959999996,-4112.476200000001,-2102.5815010399997,-6215.05770104
377,497.5925,1384.0886,-1092.4019,0.0,0.0,0.0,-1294.3818,-16201.3485,606.8192,11829.2775,-2020.1919,56.47652928,-4270.354399999998,-1963.71537072,-6234.069770719998
378,507.6232,1436.3697,-1075.8959,0.0,0.0,0.0,-1271.5339,-16294.6372,614.8029,11845.0619,-2003.0814,56.69478648,-4238.209299999997,-1946.38661352,-6184.595913519996
379,520.0061,1405.321,-1082.6597,0.0,0.0,0.0,-1268.4063,-16267.5032,610.1128,11824.0089,-2000.0262,57.70802232,-4259.120399999998,-1942.31817768,-6201.438577679998
380,508.3496,1384.5134,-1061.2113,0.0,0.0,0.0,-1290.1032,-16265.0304,606.6778,11834.0608,-1994.8327,55.39472351999999,-4282.7433,-1939.4379764799999,-6222.18127648
381,517.202,1426.687,-1089.9143,0.0,0.0,0.0,-1274.7024,-16251.139,586.5441,11788.7607,-2005.9993,55.51187184,-4296.561899999999,-1950.48742816,-6247.049328159998
382,499.549,1430.9632,-1102.7166,0.0,0.0,0.0,-1268.0608,-16310.4185,620.9785,11883.1282,-2006.7631,57.13309296,-4246.577000000003,-1949.6300070399998,-6196.207007040003
383,505.3194,1442.0065,-1098.1777,0.0,0.0,0.0,-1273.1345,-16055.5069,624.9691,11863.4713,-2224.5702,56.94095808,-3991.0528000000013,-2167.62924192,-6158.682041920001
384,515.9562,1471.5157,-1116.061,0.0,0.0,0.0,-1264.1283,-16170.3783,594.5466,11836.2947,-2074.273,56.84040503999999,-4132.254400000002,-2017.4325949600002,-6149.686994960001
385,472.5302,1453.3093,-1052.6718,0.0,0.0,0.0,-1270.869,-16177.5304,607.8077,11776.3852,-2041.0159,57.39351696,-4191.0388,-1983.6223830400002,-6174.661183040001
386,491.422,1453.811,-1086.3163,0.0,0.0,0.0,-1268.5772,-16056.6766,601.8265,11835.158,-2186.0861,58.719544559999996,-4029.352600000002,-2127.36655544,-6156.719155440002
387,536.8346,1412.2015,-1090.5699,0.0,0.0,0.0,-1278.0199,-16151.1606,603.3935,11834.0304,-2124.1316,57.152883599999996,-4133.2904,-2066.9787164,-6200.269116400001
388,503.5191,1397.4941,-1094.1998,0.0,0.0,0.0,-1282.217,-16294.6968,608.0395,11811.0108,-1974.6643,57.2261652,-4351.050099999999,-1917.4381348,-6268.488234799999
389,496.077,1425.8405,-1082.4048,0.0,0.0,0.0,-1288.391,-16179.7246,621.7724,11875.802,-2119.5561,57.37263048,-4131.0284999999985,-2062.1834695199996,-6193.211969519998
390,492.1868,1372.9191,-1082.4148,0.0,0.0,0.0,-1287.5953,-16208.7683,612.6516,11924.1802,-2095.6773,57.98366352,-4176.840700000001,-2037.69363648,-6214.53433648
391,538.6232,1472.1978,-1092.9328,0.0,0.0,0.0,-1287.3656,-16081.5586,606.5897,11773.0208,-2160.4449,58.73531544,-4071.4254999999994,-2101.70958456,-6173.13508456
392,512.8183,1404.4735,-1052.9666,0.0,0.0,0.0,-1304.4212,-16215.0791,618.3332,11850.2612,-2065.2779,56.221794,-4186.580699999999,-2009.056106,-6195.636805999999
393,532.7195,1444.1879,-1121.1575,0.0,0.0,0.0,-1308.1054,-16189.3533,609.0679,11814.2213,-2057.4035,56.247150239999996,-4218.419600000001,-2001.15634976,-6219.575949760001
394,536.7806,1378.2486,-1091.0944,0.0,0.0,0.0,-1272.0306,-16280.8648,609.0061,11836.8291,-2019.5118,56.39100696,-4283.125399999997,-1963.12079304,-6246.246193039998
395,526.5624,1450.1496,-1078.8112,0.0,0.0,0.0,-1264.122,-16322.7867,624.0549,11810.4807,-1974.5154,56.19336552,-4254.472300000001,-1918.32203448,-6172.794334480001
396,527.654,1421.279,-1077.4464,0.0,0.0,0.0,-1304.4507,-16217.6866,588.0199,11805.0286,-2024.1246,54.3714876,-4257.602200000003,-1969.7531124000002,-6227.355312400003
397,499.6117,1398.5652,-1080.1828,0.0,0.0,0.0,-1295.8133,-16223.1179,610.0782,11826.6422,-2023.6077,55.72539432,-4264.216699999999,-1967.88230568,-6232.099005679999
398,491.0024,1413.9397,-1111.9428,0.0,0.0,0.0,-1285.3015,-16198.7259,612.6724,11839.1546,-2093.1194,56.4941376,-4239.2011,-2036.6252624,-6275.8263624
399,506.1851,1393.738,-1082.533,0.0,0.0,0.0,-1284.1466,-16304.1925,619.3699,11837.1658,-1981.9355,55.52608248,-4314.4133,-1926.40941752,-6240.82271752
400,537.7337,1437.061,-1085.6575,0.0,0.0,0.0,-1334.9426,-16247.7436,606.4365,11876.7414,-2030.3317,55.20687263999999,-4210.3710999999985,-1975.12482736,-6185.495927359998
401,467.7412,1381.7898,-1061.6648,0.0,0.0,0.0,-1313.5182,-16130.7561,605.8151,11805.8414,-2084.4654,54.612191519999996,-4244.751600000001,-2029.8532084800001,-6274.604808480001
402,534.1957,1409.1974,-1102.954,0.0,0.0,0.0,-1246.9574,-16126.1948,643.7611,11805.2318,-2150.7685,58.919819759999996,-4083.7202000000016,-2091.8486802400002,-6175.568880240002
403,522.2397,1418.9169,-1103.2697,0.0,0.0,0.0,-1283.1487,-16107.3427,596.0435,11854.4706,-2161.7464,57.12128208,-4102.090400000001,-2104.62511792,-6206.715517920001
404,510.3196,1415.0556,-1100.4753,0.0,0.0,0.0,-1277.0957,-16042.6072,622.7227,11844.6086,-2216.2134,56.74612464,-4027.4717,-2159.4672753600003,-6186.938975360001
405,510.1652,1447.4023,-1077.511,0.0,0.0,0.0,-1279.9716,-15995.3733,616.8338,11811.0465,-2222.1207,59.023257120000004,-3967.408099999997,-2163.09744288,-6130.505542879996
406,484.9272,1421.1903,-1099.8757,0.0,0.0,0.0,-1304.7402,-16098.5134,629.3918,11836.4211,-2161.6214,57.66618312,-4131.198900000001,-2103.95521688,-6235.154116880001
407,498.3847,1489.236,-1087.4762,0.0,0.0,0.0,-1300.4037,-16156.0646,595.7676,11865.7461,-2123.9757,57.91214808,-4094.810099999999,-2066.06355192,-6160.873651919998
408,527.8234,1434.712,-1094.8555,0.0,0.0,0.0,-1276.3271,-16103.4634,609.1593,11799.487,-2128.8723,58.268178,-4103.4643000000015,-2070.604122,-6174.068422000001
409,508.4987,1440.0026,-1083.5024,0.0,0.0,0.0,-1256.7273,-16268.0978,612.9744,11916.6324,-2087.5863,58.6562616,-4130.2194,-2028.9300383999998,-6159.1494384
410,492.2769,1451.0873,-1093.2639,0.0,0.0,0.0,-1278.2084,-16239.6927,617.3157,11838.0801,-2010.8947,57.40082784,-4212.4050000000025,-1953.4938721600001,-6165.898872160003
411,484.116,1400.8367,-1090.8163,0.0,0.0,0.0,-1270.4215,-16110.4859,614.3002,11864.1156,-2176.0836,57.79940687999999,-4108.355200000002,-2118.28419312,-6226.639393120002
412,501.3556,1395.6642,-1093.1347,0.0,0.0,0.0,-1240.8658,-16186.1745,603.8646,11858.4997,-2130.674,60.13238256,-4160.7909,-2070.5416174399998,-6231.33251744
413,499.8285,1439.0259,-1085.5548,0.0,0.0,0.0,-1293.1621,-15987.4478,590.1571,11775.2168,-2206.5553,56.560450319999994,-4061.9364000000005,-2149.99484968,-6211.93124968
414,527.9668,1396.9638,-1089.0652,0.0,0.0,0.0,-1281.7135,-16002.2114,611.2408,11784.386,-2206.8764,58.76215848,-4052.4326999999994,-2148.11424152,-6200.54694152
415,507.4441,1402.4589,-1064.6399,0.0,0.0,0.0,-1266.5116,-16071.0792,615.966,11851.7827,-2235.7764,56.80549152,-4024.5790000000015,-2178.97090848,-6203.549908480002
416,474.3032,1466.2776,-1107.4681,0.0,0.0,0.0,-1276.8188,-16043.6134,610.624,11778.9146,-2169.1553,58.89985272,-4097.780900000002,-2110.2554472799998,-6208.036347280002
417,520.5161,1411.1354,-1129.042,0.0,0.0,0.0,-1283.3231,-16077.4396,603.104,11818.0657,-2205.3074,58.23593856,-4136.983500000002,-2147.0714614400003,-6284.0549614400015
418,529.6629,1422.2248,-1099.7029,0.0,0.0,0.0,-1279.3791,-16096.2912,581.2106,11733.3402,-2062.2793,57.53117159999999,-4208.934699999998,-2004.7481284,-6213.6828283999985
419,506.5366,1412.7753,-1083.2662,0.0,0.0,0.0,-1251.6767,-16218.0449,617.9303,11828.8921,-2085.0194,59.40851112,-4186.853500000003,-2025.6108888800002,-6212.464388880003
420,507.8538,1430.16,-1103.254,0.0,0.0,0.0,-1278.384,-16240.3705,608.9651,11860.2616,-2079.4932,55.3460148,-4214.768,-2024.1471852,-6238.9151851999995
421,464.1934,1415.781,-1094.6805,0.0,0.0,0.0,-1275.4683,-16170.3781,610.3431,11850.9763,-2110.1949,57.784523039999996,-4199.233099999998,-2052.41037696,-6251.643476959998
422,503.0967,1451.283,-1087.283,0.0,0.0,0.0,-1297.5567,-16043.2354,612.4349,11806.7508,-2191.7889,57.220559279999996,-4054.5097000000005,-2134.56834072,-6189.07804072
423,518.1107,1413.6498,-1075.3848,0.0,0.0,0.0,-1284.012,-15994.6799,594.8547,11831.4233,-2250.7722,59.01038496,-3996.038200000001,-2191.76181504,-6187.80001504
424,500.3239,1388.5254,-1088.6984,0.0,0.0,0.0,-1272.5473,-16124.3214,621.6158,11803.2072,-2114.2828,57.724004879999995,-4171.894800000002,-2056.55879512,-6228.453595120001
425,521.6042,1384.4734,-1066.3227,0.0,0.0,0.0,-1268.4455,-16187.9572,588.6184,11767.4507,-2014.1162,57.32111592,-4260.5787,-1956.79508408,-6217.37378408
426,489.0425,1415.1078,-1073.0226,0.0,0.0,0.0,-1242.5528,-16157.8889,591.5101,11721.5203,-2012.6113,58.27022928,-4256.283599999999,-1954.34107072,-6210.624670719999
427,528.804,1407.9237,-1109.8286,0.0,0.0,0.0,-1287.8942,-16270.3902,611.4536,11807.7193,-1981.2554,55.92136392,-4312.2124,-1925.33403608,-6237.546436080001
428,524.9083,1416.769,-1081.0224,0.0,0.0,0.0,-1269.1982,-16367.3532,604.926,11771.6477,-1867.9829,56.49871464,-4399.3228,-1811.48418536,-6210.80698536
429,552.9292,1431.902,-1103.2397,0.0,0.0,0.0,-1263.9386,-16288.1167,604.3662,11849.8183,-2025.497,58.249650239999994,-4216.2793,-1967.2473497600001,-6183.5266497600005
430,495.1508,1402.2383,-1076.8442,0.0,0.0,0.0,-1288.8888,-16068.1568,607.1825,11852.1612,-2204.3255,59.527417680000006,-4077.1569999999992,-2144.79808232,-6221.955082319999
431,507.3943,1442.1882,-1074.0582,0.0,0.0,0.0,-1271.7262,-16152.1462,614.0684,11818.2054,-2092.029,57.51737351999999,-4116.074299999998,-2034.51162648,-6150.585926479999
432,528.4964,1400.624,-1091.6553,0.0,0.0,0.0,-1266.1489,-16266.9196,607.1069,11834.579,-1993.7807,57.9496824,-4253.9175,-1935.8310176,-6189.7485176
433,530.7558,1403.0492,-1084.965,0.0,0.0,0.0,-1289.0293,-16045.8579,580.1004,11680.7619,-2047.0762,56.722812479999995,-4225.184900000002,-1990.35338752,-6215.538287520001
434,519.9324,1397.9158,-1108.2758,0.0,0.0,0.0,-1270.7476,-16201.219,612.7528,11789.7817,-2026.7417,57.180041280000005,-4259.859699999999,-1969.56165872,-6229.421358719999
435,541.9986,1435.9217,-1114.2404,0.0,0.0,0.0,-1270.9239,-16330.2901,605.8448,11756.1471,-1894.5387,56.22526224,-4375.5422,-1838.3134377600002,-6213.85563776
436,521.7456,1467.4773,-1120.7942,0.0,0.0,0.0,-1290.7882,-16303.3299,573.6262,11782.7081,-1939.4672,55.49730984,-4369.355099999999,-1883.96989016,-6253.324990159999
437,509.4005,1399.5169,-1075.9505,0.0,0.0,0.0,-1261.9241,-16204.7965,598.4683,11775.4081,-1998.9086,57.45965976,-4259.8773,-1941.44894024,-6201.32624024
438,509.6896,1409.3433,-1093.7913,0.0,0.0,0.0,-1248.4288,-16142.0723,608.5656,11781.1213,-2064.3836,58.3214868,-4175.5725999999995,-2006.0621132,-6181.634713199999
439,546.732,1407.1085,-1064.8717,0.0,0.0,0.0,-1297.1205,-16080.3441,591.9533,11774.6578,-2102.1896,56.00336832,-4121.8847000000005,-2046.1862316800002,-6168.07093168
440,509.4271,1436.1509,-1091.9941,0.0,0.0,0.0,-1255.0026,-16290.1553,626.7821,11830.7538,-2011.9464,55.52937216,-4234.0381,-1956.41702784,-6190.4551278399995
441,514.3807,1400.0978,-1091.3686,0.0,0.0,0.0,-1266.3047,-16166.1777,612.186,11793.1394,-2063.5186,56.448945359999996,-4204.047100000002,-2007.06965464,-6211.116754640001
442,516.9911,1444.3076,-1094.9294,0.0,0.0,0.0,-1267.1185,-16120.586,605.9795,11814.6589,-2163.514,55.980159119999996,-4100.696799999998,-2107.5338408800003,-6208.230640879998
443,536.9052,1412.5285,-1067.4329,0.0,0.0,0.0,-1282.547,-16114.4651,618.8936,11839.6306,-2131.5596,56.958879599999996,-4056.4870999999985,-2074.6007204000002,-6131.087820399999
444,523.1563,1458.2601,-1067.6435,0.0,0.0,0.0,-1274.7486,-16094.5909,598.4647,11824.8661,-2164.4696,57.21852672,-4032.2357999999986,-2107.25107328,-6139.486873279999
445,497.1527,1415.0143,-1094.8788,0.0,0.0,0.0,-1253.3776,-16288.7831,610.527,11829.5534,-2005.078,57.5750592,-4284.792100000001,-1947.5029408,-6232.2950408
446,544.8356,1510.18,-1090.8889,0.0,0.0,0.0,-1295.0672,-16141.368,595.5977,11826.5306,-2121.0531,56.766712319999996,-4050.180199999999,-2064.28638768,-6114.466587679999
447,544.3069,1394.6142,-1101.8447,0.0,0.0,0.0,-1281.4824,-16231.5575,610.6574,11848.1958,-2061.6452,57.64470912,-4217.110300000002,-2004.00049088,-6221.110790880002
448,514.6262,1408.6327,-1089.0153,0.0,0.0,0.0,-1255.1905,-16072.3046,616.7901,11875.2628,-2220.789,58.0270608,-4001.198599999998,-2162.7619392,-6163.9605391999985
449,484.0071,1403.9613,-1115.7078,0.0,0.0,0.0,-1273.3869,-16117.8998,614.7018,11852.019,-2124.5325,57.15327456,-4152.305299999998,-2067.3792254399996,-6219.684525439998
450,487.4287,1503.2246,-1079.1619,0.0,0.0,0.0,-1262.2852,-16145.6189,601.3876,11810.3271,-2132.0368,56.9128932,-4084.6980000000003,-2075.1239068,-6159.8219068
451,545.7135,1476.6361,-1111.5441,0.0,0.0,0.0,-1274.3742,-16206.4622,595.8401,11793.7276,-2041.6444,58.40171352,-4180.463200000002,-1983.24268648,-6163.705886480002
452,496.8239,1425.3965,-1070.7282,0.0,0.0,0.0,-1281.7621,-16161.4662,616.8696,11808.8459,-2078.8314,57.57712488,-4166.020600000002,-2021.25427512,-6187.2748751200015
453,491.4191,1375.262,-1085.7213,0.0,0.0,0.0,-1273.8704,-16083.3887,608.9841,11828.2054,-2164.2434,57.62225304,-4139.109799999998,-2106.62114696,-6245.730946959998
454,483.2334,1411.9146,-1085.0239,0.0,0.0,0.0,-1313.6318,-16082.9828,622.0058,11830.3835,-2126.3317,57.40507368,-4134.101199999999,-2068.92662632,-6203.02782632
455,525.6897,1415.6998,-1093.5718,0.0,0.0,0.0,-1283.2036,-16121.6122,614.5461,11864.9078,-2145.8314,55.302442559999996,-4077.5442000000003,-2090.52895744,-6168.073157440001
456,505.4132,1399.7781,-1114.7683,0.0,0.0,0.0,-1285.7663,-15873.6752,591.7141,11765.588,-2281.5445,58.854023999999995,-4011.716400000001,-2222.6904759999998,-6234.406876000001
457,490.3295,1406.3746,-1117.0194,0.0,0.0,0.0,-1305.2138,-16161.3801,617.0592,11854.1092,-2102.3907,56.73281112,-4215.740800000001,-2045.65788888,-6261.398688880001
458,508.2515,1418.5532,-1091.0003,0.0,0.0,0.0,-1258.5412,-16093.9688,598.2743,11816.8518,-2146.4925,58.56709176,-4101.5795,-2087.92540824,-6189.50490824
459,522.6461,1402.6805,-1068.9373,0.0,0.0,0.0,-1268.2936,-16140.7747,620.2766,11815.3953,-2115.1529,59.07717647999999,-4117.007100000001,-2056.07572352,-6173.082823520001
460,492.8213,1415.26,-1093.3724,0.0,0.0,0.0,-1284.5003,-16106.3549,606.8105,11822.0278,-2130.0559,58.687814159999995,-4147.308000000001,-2071.36808584,-6218.67608584
461,519.1068,1421.6837,-1101.0532,0.0,0.0,0.0,-1272.8091,-16051.6127,610.5738,11781.5477,-2148.8638,58.49856648,-4092.563,-2090.36523352,-6182.9282335200005
462,520.9026,1415.7653,-1093.8871,0.0,0.0,0.0,-1273.3339,-16141.2828,613.3592,11778.2177,-2089.872,57.314028959999995,-4180.259000000002,-2032.5579710399998,-6212.816971040002
463,532.9011,1385.3328,-1104.8388,0.0,0.0,0.0,-1262.5686,-16196.186,609.769,11813.9833,-2054.4666,58.20500232,-4221.607199999999,-1996.2615976800002,-6217.868797679998
464,496.1031,1369.2716,-1105.9918,0.0,0.0,0.0,-1259.2348,-16209.3538,618.6166,11818.8512,-2026.738,57.28542624,-4271.737900000004,-1969.45257376,-6241.190473760004
465,525.0504,1400.0082,-1116.1808,0.0,0.0,0.0,-1267.3152,-16273.2512,608.9868,11815.1353,-2012.3746,56.85182784,-4307.566500000001,-1955.5227721600002,-6263.089272160001
466,474.5567,1433.2307,-1085.0169,0.0,0.0,0.0,-1285.136,-16326.0622,630.4806,11847.4878,-1981.7477,56.5579152,-4310.459299999999,-1925.1897847999999,-6235.6490847999985
467,519.0157,1397.1896,-1110.5766,0.0,0.0,0.0,-1285.9579,-16053.8904,603.7304,11711.8174,-2078.3265,57.9137724,-4218.6718,-2020.4127276000002,-6239.0845276
468,499.7807,1426.9356,-1095.3485,0.0,0.0,0.0,-1303.662,-16217.6695,616.4375,11789.1775,-1998.4008,55.44774432,-4284.3487000000005,-1942.9530556799998,-6227.30175568
469,539.8328,1411.6972,-1095.7783,0.0,0.0,0.0,-1248.6092,-16196.5985,620.5139,11808.0756,-2059.1967,58.881851999999995,-4160.866499999998,-2000.314848,-6161.181347999998
470,515.115,1445.2368,-1079.2305,0.0,0.0,0.0,-1302.8881,-16101.4321,614.8789,11728.701,-2054.7834,57.626532000000005,-4179.619000000001,-1997.1568679999998,-6176.775868000001
471,505.3581,1418.8514,-1122.6306,0.0,0.0,0.0,-1273.4242,-15962.1659,593.1471,11686.9727,-2168.5481,58.36306176,-4153.8914,-2110.18503824,-6264.07643824
472,507.3752,1411.0789,-1120.8233,0.0,0.0,0.0,-1252.7447,-16018.1766,597.6029,11736.4655,-2140.1699,57.962196719999994,-4139.222099999999,-2082.20770328,-6221.429803279999
473,544.7957,1416.0829,-1115.028,0.0,0.0,0.0,-1263.6634,-16098.6391,603.102,11746.584,-2094.5929,57.23696376,-4166.7658999999985,-2037.3559362400001,-6204.121836239998
474,500.4129,1449.5789,-1091.0578,0.0,0.0,0.0,-1301.1252,-16253.6658,609.7611,11828.667,-2013.1146,54.383819759999994,-4257.428900000001,-1958.73078024,-6216.159680240001
475,548.6052,1433.0922,-1110.9513,0.0,0.0,0.0,-1274.6458,-16123.0679,600.9151,11806.5537,-2142.5439,57.29877576,-4119.498799999999,-2085.24512424,-6204.74392424
476,502.4466,1455.943,-1118.0037,0.0,0.0,0.0,-1257.8506,-16191.1321,618.529,11832.8057,-2074.6626,57.012584399999994,-4157.262099999998,-2017.6500156000002,-6174.912115599997
477,476.2227,1409.8721,-1097.7235,0.0,0.0,0.0,-1270.5782,-16193.1991,607.4154,11810.4043,-2067.9049,56.43222192,-4257.586299999999,-2011.47267808,-6269.058978079998
478,518.4233,1400.6303,-1090.8584,0.0,0.0,0.0,-1242.2575,-16096.5246,609.7703,11730.7069,-2119.0887,58.85123256,-4170.109700000003,-2060.23746744,-6230.3471674400025
479,511.5429,1393.9186,-1077.4817,0.0,0.0,0.0,-1284.4385,-16203.4603,597.0127,11797.7259,-2021.1914,58.72118183999999,-4265.180400000003,-1962.4702181599998,-6227.6506181600025
480,505.4937,1466.691,-1106.741,0.0,0.0,0.0,-1271.4663,-16101.9453,608.6358,11727.6474,-2082.7815,58.6984896,-4171.6847,-2024.0830104000001,-6195.7677103999995
481,516.3421,1440.283,-1113.8066,0.0,0.0,0.0,-1257.1907,-16257.3623,624.9896,11830.4848,-2000.5891,57.29551128,-4216.260100000001,-1943.29358872,-6159.553688720001
482,505.2888,1428.4758,-1089.0846,0.0,0.0,0.0,-1301.1166,-16240.8325,602.8926,11826.6007,-2012.7353,57.04348608,-4267.775800000001,-1955.69181392,-6223.467613920002
483,502.9364,1403.4297,-1096.5588,0.0,0.0,0.0,-1253.1221,-16295.4236,611.7435,11829.1066,-1986.3424,57.913707599999995,-4297.888300000002,-1928.4286924,-6226.316992400002
484,506.1372,1417.4196,-1099.8014,0.0,0.0,0.0,-1284.5243,-16219.3762,601.7006,11835.763,-2050.2856,57.64853592,-4242.681500000001,-1992.63706408,-6235.318564080001
485,492.4143,1422.121,-1063.1229,0.0,0.0,0.0,-1258.7164,-16086.3659,611.4971,11785.2373,-2130.0259,57.883756319999996,-4096.9355,-2072.14214368,-6169.07764368
486,498.2523,1428.0782,-1072.5305,0.0,0.0,0.0,-1281.9316,-16129.7372,605.454,11822.8543,-2121.1487,58.37542344,-4129.5605,-2062.7732765600003,-6192.333776559999
487,523.0,1411.3846,-1081.7095,0.0,0.0,0.0,-1295.7051,-16163.7292,622.8142,11812.5427,-2065.5858,57.34295064,-4171.4023,-2008.2428493599998,-6179.64514936
488,499.4205,1410.7173,-1097.1299,0.0,0.0,0.0,-1304.8428,-16065.5215,608.5108,11824.4665,-2164.028,56.75357448,-4124.3791,-2107.2744255199996,-6231.653525520001
489,508.6064,1436.5789,-1099.8423,0.0,0.0,0.0,-1255.5585,-15987.6325,610.8303,11756.3836,-2180.6344,57.961372319999995,-4030.6340999999993,-2122.67302768,-6153.307127679999
490,461.5343,1439.9882,-1096.5809,0.0,0.0,0.0,-1262.1191,-16048.8046,621.2114,11783.6652,-2167.1959,59.236932960000004,-4101.1055000000015,-2107.95896704,-6209.0644670400025
491,486.163,1435.3812,-1087.0435,0.0,0.0,0.0,-1320.7664,-16111.1874,610.1177,11839.53,-2136.8927,56.70061128,-4147.8053999999975,-2080.19208872,-6227.997488719998
492,484.107,1409.0748,-1091.6616,0.0,0.0,0.0,-1265.3006,-16228.479,630.3418,11854.2777,-2055.5485,57.530459519999994,-4207.639899999998,-1998.0180404799999,-6205.657940479999
493,504.8865,1396.0952,-1096.9853,0.0,0.0,0.0,-1263.2469,-16250.7181,616.9639,11838.5405,-2018.2461,58.207612319999996,-4254.4642,-1960.0384876800001,-6214.50268768
494,517.0253,1424.7275,-1073.7483,0.0,0.0,0.0,-1246.7874,-16130.7027,588.4329,11776.5477,-2123.6194,58.049937359999994,-4144.505000000001,-2065.56946264,-6210.074462640001
495,470.9195,1450.7727,-1083.3424,0.0,0.0,0.0,-1261.9473,-15940.4802,613.7594,11753.9814,-2239.9509,58.815616320000004,-3996.3368999999984,-2181.1352836799997,-6177.472183679998
496,531.6717,1432.549,-1094.7193,0.0,0.0,0.0,-1265.6702,-16088.3854,614.4834,11806.3274,-2149.1164,58.67412263999999,-4063.7433999999994,-2090.44227736,-6154.185677359999
497,535.8752,1437.5631,-1104.4749,0.0,0.0,0.0,-1261.7157,-15956.1685,583.6663,11764.4865,-2230.1468,58.63962888,-4000.767999999998,-2171.50717112,-6172.275171119999
498,522.606,1452.1079,-1113.5475,0.0,0.0,0.0,-1255.1458,-16077.1933,607.9086,11807.6556,-2153.1254,60.1959132,-4055.6084999999985,-2092.9294867999997,-6148.537986799998
499,515.7514,1456.9408,-1101.4312,0.0,0.0,0.0,-1266.8332,-16088.3712,611.9287,11779.2394,-2111.257,58.7038968,-4092.7752999999993,-2052.5531032,-6145.328403199999

