POISSON BOLTZMANN:
Frame #,BOND,ANGLE,DIHED,UB,IMP,CMAP,VDWAALS,EEL,1-4 VDW,1-4 EEL,EPB,ENPOLAR,EDISPER,G gas,G solv,TOTAL
0,489.8287,1446.091,-1098.0523,0.0,0.0,0.0,-1242.2411,-15877.0996,596.3308,11728.0702,-2124.5205,41.949,0.0,-3957.0723,-2082.5715,-6039.643800000001
1,503.1397,1446.3772,-1108.9987,0.0,0.0,0.0,-1298.8377,-15884.9902,598.5014,11785.6109,-2165.1047,41.7159,0.0,-3959.197400000001,-2123.3887999999997,-6082.586200000001
2,510.6609,1431.013,-1117.1379,0.0,0.0,0.0,-1275.1029,-16010.0641,612.7592,11761.8695,-2013.1272,42.1537,0.0,-4086.0023,-1970.9734999999998,-6056.9758
3,480.8204,1461.0755,-1091.2824,0.0,0.0,0.0,-1254.348,-16033.7348,599.2184,11782.0888,-2039.6686,42.856,0.0,-4056.1621000000014,-1996.8126,-6052.974700000002
4,530.6257,1410.9338,-1098.8266,0.0,0.0,0.0,-1274.5499,-16033.1035,602.9196,11791.1159,-2066.611,41.8591,0.0,-4070.885,-2024.7519,-6095.6369
5,528.8282,1458.7249,-1116.346,0.0,0.0,0.0,-1242.8025,-16016.9775,600.0358,11779.8135,-2063.9083,42.4014,0.0,-4008.7235999999994,-2021.5069,-6030.2305
6,509.6613,1400.3027,-1111.6705,0.0,0.0,0.0,-1280.1997,-16169.9679,610.3691,11831.3928,-1925.5788,41.0554,0.0,-4210.112200000001,-1884.5234,-6094.635600000001
7,492.3183,1398.2339,-1126.9753,0.0,0.0,0.0,-1286.5805,-16013.3454,621.0052,11827.2266,-2070.7271,41.8858,0.0,-4088.1172000000024,-2028.8413,-6116.9585000000025
8,490.875,1372.9966,-1081.1544,0.0,0.0,0.0,-1273.197,-16131.1236,613.6735,11836.4741,-1996.4887,41.729,0.0,-4171.4558,-1954.7597,-6126.215499999999
9,507.1316,1403.1044,-1110.7516,0.0,0.0,0.0,-1263.9108,-16138.1133,603.4977,11814.424,-1948.3938,41.2636,0.0,-4184.618,-1907.1302,-6091.7482
10,511.7651,1449.1145,-1102.358,0.0,0.0,0.0,-1290.9595,-16205.319,607.7834,11854.3868,-1896.3408,40.8053,0.0,-4175.5867,-1855.5355,-6031.1222
11,477.0433,1422.7901,-1103.1715,0.0,0.0,0.0,-1297.0511,-16076.0711,617.4056,11765.6268,-1969.4339,40.3029,0.0,-4193.427899999999,-1929.131,-6122.558899999999
12,504.2713,1430.4304,-1107.9903,0.0,0.0,0.0,-1269.421,-16158.6358,599.0686,11823.3716,-1988.9833,42.0519,0.0,-4178.905199999997,-1946.9314000000002,-6125.836599999997
13,489.8419,1433.1002,-1082.2777,0.0,0.0,0.0,-1268.7097,-16154.6199,609.968,11829.2667,-1943.6956,40.8646,0.0,-4143.430499999999,-1902.831,-6046.261499999999
14,504.9871,1423.2382,-1105.1274,0.0,0.0,0.0,-1269.666,-16000.238,616.9811,11880.8682,-2117.7313,40.6907,0.0,-3948.9567999999963,-2077.0406,-6025.997399999996
15,506.2187,1407.2019,-1083.1177,0.0,0.0,0.0,-1257.4056,-16014.3641,599.3362,11821.9515,-2105.6173,42.0026,0.0,-4020.179100000003,-2063.6147,-6083.793800000003
16,497.6857,1413.8302,-1109.9393,0.0,0.0,0.0,-1263.6372,-16279.8395,625.7715,11872.997,-1906.9287,41.0183,0.0,-4243.131599999999,-1865.9104,-6109.0419999999995
17,531.0567,1378.4472,-1118.6936,0.0,0.0,0.0,-1269.4519,-16063.0034,606.0059,11784.5223,-2003.377,41.3145,0.0,-4151.1168,-1962.0625,-6113.1793
18,497.1133,1423.4922,-1073.8904,0.0,0.0,0.0,-1236.4463,-15942.6086,620.6647,11782.2114,-2152.3384,43.11,0.0,-3929.4637000000002,-2109.2284,-6038.692100000001
19,512.0931,1427.9734,-1082.4968,0.0,0.0,0.0,-1238.0425,-16390.8023,612.616,11824.336,-1790.5368,41.2468,0.0,-4334.3231,-1749.2900000000002,-6083.6131
20,519.2768,1372.172,-1099.5549,0.0,0.0,0.0,-1276.1386,-16020.4943,600.299,11781.5235,-2063.7122,42.0844,0.0,-4122.916500000003,-2021.6278,-6144.544300000003
21,528.0689,1429.655,-1086.7673,0.0,0.0,0.0,-1248.1453,-16052.9409,600.0207,11708.8689,-1966.8821,41.7717,0.0,-4121.24,-1925.1104,-6046.350399999999
22,514.7132,1462.5989,-1078.9875,0.0,0.0,0.0,-1278.8758,-16084.5965,592.0919,11830.7903,-2025.3738,41.5216,0.0,-4042.2655000000013,-1983.8522,-6026.117700000002
23,503.2939,1455.67,-1082.224,0.0,0.0,0.0,-1268.2574,-16086.117,600.9695,11727.9491,-1972.2838,41.5042,0.0,-4148.715900000001,-1930.7795999999998,-6079.495500000001
24,501.0261,1426.7918,-1095.3832,0.0,0.0,0.0,-1251.9234,-16091.7478,611.7931,11748.4941,-1971.6316,41.137,0.0,-4150.949299999998,-1930.4946,-6081.443899999998
25,527.4595,1423.5495,-1127.9436,0.0,0.0,0.0,-1222.3769,-16153.5539,590.4279,11751.7428,-1949.5994,40.7277,0.0,-4210.694700000002,-1908.8717000000001,-6119.5664000000015
26,513.6989,1386.7595,-1106.2642,0.0,0.0,0.0,-1278.3973,-16072.8256,591.6575,11789.6567,-2024.8652,41.065,0.0,-4175.7145,-1983.8002,-6159.514700000001
27,528.0058,1379.7298,-1078.2296,0.0,0.0,0.0,-1275.1653,-16177.0495,614.6889,11808.4568,-1903.1347,40.5263,0.0,-4199.563100000001,-1862.6084,-6062.171500000001
28,523.1926,1394.7073,-1094.6016,0.0,0.0,0.0,-1279.305,-16238.1069,612.5916,11825.8882,-1913.8076,40.3886,0.0,-4255.633800000001,-1873.419,-6129.052800000001
29,501.4409,1420.7254,-1106.7795,0.0,0.0,0.0,-1262.561,-16216.0606,598.8898,11749.0203,-1889.1491,39.7616,0.0,-4315.324700000001,-1849.3875,-6164.712200000002
30,518.6132,1435.7714,-1090.8837,0.0,0.0,0.0,-1298.3158,-16193.3111,591.2803,11775.2333,-1891.9112,39.8426,0.0,-4261.6124,-1852.0686,-6113.6810000000005
31,483.0578,1485.622,-1092.3326,0.0,0.0,0.0,-1292.2982,-16143.4324,595.0586,11863.7764,-1997.4216,41.1438,0.0,-4100.548399999998,-1956.2777999999998,-6056.826199999998
32,523.0344,1415.333,-1086.5385,0.0,0.0,0.0,-1298.2115,-16152.28,616.0364,11818.9083,-1941.4912,40.6484,0.0,-4163.7179,-1900.8428,-6064.5607
33,533.9252,1420.0739,-1115.8269,0.0,0.0,0.0,-1291.4786,-16082.9983,620.4498,11747.5465,-1939.7611,40.2742,0.0,-4168.3084,-1899.4868999999999,-6067.7953
34,519.2817,1402.8921,-1089.4026,0.0,0.0,0.0,-1272.5322,-16232.6411,617.1365,11835.5345,-1912.4997,41.1905,0.0,-4219.731099999999,-1871.3092000000001,-6091.0403
35,536.8451,1401.6506,-1087.3955,0.0,0.0,0.0,-1263.5858,-16138.8804,591.2034,11748.5022,-1919.2395,41.45,0.0,-4211.660400000001,-1877.7894999999999,-6089.4499000000005
36,486.419,1444.5193,-1088.7018,0.0,0.0,0.0,-1293.743,-16247.6481,596.645,11848.4211,-1871.3715,40.6245,0.0,-4254.088500000002,-1830.747,-6084.835500000002
37,501.3585,1419.9089,-1091.1127,0.0,0.0,0.0,-1272.7589,-16047.9383,604.8116,11779.5635,-2017.9702,41.9644,0.0,-4106.167399999998,-1976.0058,-6082.173199999998
38,496.5993,1398.4352,-1091.727,0.0,0.0,0.0,-1295.1376,-15990.3952,606.8249,11831.5537,-2096.3924,41.5635,0.0,-4043.846700000002,-2054.8289,-6098.675600000002
39,523.3354,1422.1533,-1056.8703,0.0,0.0,0.0,-1298.5852,-16099.2711,599.2309,11826.7727,-2026.8968,41.23,0.0,-4083.2343,-1985.6668,-6068.901100000001
40,499.6049,1422.3606,-1099.6294,0.0,0.0,0.0,-1301.8566,-16148.878,607.2642,11828.6491,-1977.1952,40.2158,0.0,-4192.485199999999,-1936.9794000000002,-6129.464599999999
41,488.4954,1430.8201,-1086.4735,0.0,0.0,0.0,-1284.1809,-16159.4196,615.6596,11864.9872,-2005.2746,40.419,0.0,-4130.111700000001,-1964.8555999999999,-6094.967300000001
42,501.1351,1413.7434,-1077.4891,0.0,0.0,0.0,-1270.273,-16211.1419,621.5254,11874.3421,-1979.8547,40.5135,0.0,-4148.157999999999,-1939.3412,-6087.499199999999
43,502.699,1416.5857,-1096.5793,0.0,0.0,0.0,-1261.1836,-16133.9593,621.0928,11881.5552,-2036.4232,40.5152,0.0,-4069.789499999999,-1995.908,-6065.697499999999
44,495.3332,1439.3859,-1096.0802,0.0,0.0,0.0,-1299.0621,-16112.6894,625.5331,11794.3942,-1974.3804,40.4781,0.0,-4153.185299999999,-1933.9023,-6087.087599999999
45,520.0651,1454.0103,-1098.3844,0.0,0.0,0.0,-1286.6863,-16073.5014,600.1559,11783.0025,-2014.2525,39.5251,0.0,-4101.338299999999,-1974.7274,-6076.0657
46,507.9264,1428.2296,-1113.6184,0.0,0.0,0.0,-1301.6585,-16232.5198,617.163,11833.5186,-1883.5822,40.2559,0.0,-4260.9591,-1843.3263000000002,-6104.2854
47,482.4668,1367.6651,-1080.3739,0.0,0.0,0.0,-1321.9905,-16240.4183,610.5035,11811.2287,-1886.5925,40.4497,0.0,-4370.918599999999,-1846.1428,-6217.061399999999
48,480.6482,1424.0873,-1084.072,0.0,0.0,0.0,-1317.0536,-16293.0931,610.3465,11831.4476,-1826.8105,40.5217,0.0,-4347.6891,-1786.2888,-6133.977899999999
49,515.88,1407.2034,-1121.5326,0.0,0.0,0.0,-1262.3527,-16102.4628,630.626,11819.0283,-2018.1949,41.7247,0.0,-4113.6104,-1976.4702,-6090.0806
50,537.2859,1431.7473,-1104.4476,0.0,0.0,0.0,-1281.9213,-16205.4011,618.0952,11831.5949,-1907.8968,40.8733,0.0,-4173.046699999999,-1867.0235,-6040.070199999999
51,534.6845,1398.448,-1069.7338,0.0,0.0,0.0,-1270.4808,-16275.3424,601.5329,11844.2863,-1887.5738,40.6654,0.0,-4236.605300000001,-1846.9083999999998,-6083.513700000001
52,506.2642,1404.0401,-1072.2451,0.0,0.0,0.0,-1243.0307,-16179.8102,592.6079,11817.0462,-1974.5296,41.2141,0.0,-4175.1276,-1933.3155000000002,-6108.4430999999995
53,531.5184,1422.8816,-1094.6621,0.0,0.0,0.0,-1272.1634,-16296.7278,603.4081,11849.8389,-1851.0169,40.8975,0.0,-4255.906300000001,-1810.1194,-6066.025700000001
54,497.6758,1416.1907,-1110.424,0.0,0.0,0.0,-1278.181,-16266.4807,617.8519,11812.3871,-1864.1122,39.8727,0.0,-4310.9802,-1824.2395000000001,-6135.2197
55,479.2971,1428.7942,-1079.8707,0.0,0.0,0.0,-1323.8722,-16029.4007,605.4692,11865.4,-2026.2662,40.0387,0.0,-4054.1831,-1986.2275,-6040.4106
56,559.2367,1428.1447,-1072.3038,0.0,0.0,0.0,-1290.76,-16207.813,610.752,11811.2187,-1908.0371,39.7215,0.0,-4161.5247,-1868.3156,-6029.8403
57,501.2671,1425.6291,-1096.6863,0.0,0.0,0.0,-1280.8857,-16173.8224,617.8479,11877.3496,-1948.7647,40.6036,0.0,-4129.300699999998,-1908.1611,-6037.461799999997
58,530.9814,1401.1839,-1090.8772,0.0,0.0,0.0,-1319.014,-16178.9583,603.6815,11813.3195,-1916.126,39.7367,0.0,-4239.6831999999995,-1876.3893,-6116.072499999999
59,492.2665,1379.3923,-1112.9796,0.0,0.0,0.0,-1273.2422,-16212.2283,638.7044,11821.2104,-1916.2776,40.6042,0.0,-4266.8765,-1875.6734,-6142.5499
60,503.5166,1404.7755,-1117.4852,0.0,0.0,0.0,-1276.3745,-16198.1303,618.2511,11823.1324,-1905.9266,40.074,0.0,-4242.314399999999,-1865.8526,-6108.1669999999995
61,531.0124,1361.0603,-1107.9713,0.0,0.0,0.0,-1296.5159,-16112.9115,615.3658,11855.4451,-2002.965,40.0393,0.0,-4154.5151000000005,-1962.9257,-6117.4408
62,518.1473,1398.3233,-1107.4606,0.0,0.0,0.0,-1299.869,-16246.5397,616.367,11900.0654,-1906.2406,39.4243,0.0,-4220.966299999998,-1866.8163000000002,-6087.782599999999
63,495.6215,1384.2424,-1091.0323,0.0,0.0,0.0,-1274.6359,-16204.5822,626.8481,11830.9341,-1902.4244,40.0666,0.0,-4232.604300000001,-1862.3578,-6094.962100000001
64,527.5478,1406.5094,-1105.7992,0.0,0.0,0.0,-1281.7414,-16195.177,607.1985,11825.0243,-1907.6039,40.3497,0.0,-4216.437600000001,-1867.2542,-6083.691800000001
65,525.2565,1395.8709,-1094.1551,0.0,0.0,0.0,-1309.8574,-16155.0301,616.9259,11845.492,-1957.9928,40.4218,0.0,-4175.497299999999,-1917.571,-6093.068299999999
66,499.3814,1402.1571,-1098.7994,0.0,0.0,0.0,-1286.1033,-16071.7141,603.0223,11785.9887,-2004.2622,39.9012,0.0,-4166.067300000001,-1964.3609999999999,-6130.4283000000005
67,495.9109,1386.9315,-1093.2922,0.0,0.0,0.0,-1262.2035,-16045.9092,620.0584,11810.1224,-2066.6002,40.8792,0.0,-4088.3817,-2025.7209999999998,-6114.1026999999995
68,531.8563,1413.0369,-1105.3587,0.0,0.0,0.0,-1288.647,-16183.6653,607.6417,11821.3955,-1967.1355,39.2568,0.0,-4203.740599999999,-1927.8787000000002,-6131.619299999999
69,509.0642,1408.5478,-1092.5428,0.0,0.0,0.0,-1302.0515,-16278.4482,621.2956,11874.2146,-1855.3529,39.8869,0.0,-4259.920300000003,-1815.4660000000001,-6075.386300000003
70,524.9427,1413.8585,-1116.1781,0.0,0.0,0.0,-1283.5339,-16041.2446,614.0217,11811.6619,-2077.7797,40.5987,0.0,-4076.471800000001,-2037.181,-6113.652800000002
71,514.8002,1422.1673,-1094.0485,0.0,0.0,0.0,-1277.3945,-16218.0919,604.1504,11784.4024,-1859.4079,39.543,0.0,-4264.014599999999,-1819.8649,-6083.879499999999
72,482.2651,1480.856,-1070.9273,0.0,0.0,0.0,-1305.772,-16190.5893,612.5315,11791.0574,-1932.7416,40.1645,0.0,-4200.578599999999,-1892.5771,-6093.155699999999
73,492.0597,1444.8017,-1082.4441,0.0,0.0,0.0,-1291.6803,-16103.0697,589.1222,11749.7456,-1942.6854,39.8988,0.0,-4201.464899999999,-1902.7866000000001,-6104.251499999999
74,507.1332,1355.7194,-1094.0077,0.0,0.0,0.0,-1288.0506,-16196.838,613.1972,11854.6706,-1943.4663,40.615,0.0,-4248.175899999998,-1902.8513,-6151.027199999999
75,519.1414,1391.2898,-1080.9521,0.0,0.0,0.0,-1271.7156,-16262.0868,599.3808,11810.9755,-1806.5435,40.5014,0.0,-4293.966999999999,-1766.0421,-6060.009099999998
76,521.4003,1436.9491,-1094.6451,0.0,0.0,0.0,-1273.7764,-16085.3222,627.6706,11747.4387,-1949.7179,40.9795,0.0,-4120.285,-1908.7384000000002,-6029.023399999999
77,560.8847,1442.6199,-1067.0615,0.0,0.0,0.0,-1261.769,-15984.3518,588.5132,11688.3146,-2005.812,40.5149,0.0,-4032.849900000001,-1965.2971,-5998.147000000001
78,497.6946,1435.901,-1068.2778,0.0,0.0,0.0,-1306.7897,-16125.9942,630.8541,11846.9047,-1989.8071,39.422,0.0,-4089.707299999998,-1950.3851,-6040.092399999999
79,504.0752,1413.8169,-1084.4016,0.0,0.0,0.0,-1293.9984,-16215.7185,595.4058,11811.2245,-1875.0914,39.57,0.0,-4269.596099999999,-1835.5214,-6105.117499999999
80,540.1811,1396.3569,-1087.2647,0.0,0.0,0.0,-1291.352,-16099.8498,613.3352,11819.8703,-2004.3664,40.5247,0.0,-4108.723000000002,-1963.8417000000002,-6072.564700000002
81,530.7236,1429.5259,-1085.7266,0.0,0.0,0.0,-1292.9859,-15931.3714,597.8235,11792.6296,-2146.5109,40.5774,0.0,-3959.381299999999,-2105.9335,-6065.314799999999
82,526.2815,1384.5416,-1088.1989,0.0,0.0,0.0,-1277.3317,-15970.6809,609.5784,11782.3626,-2100.1918,40.8988,0.0,-4033.447399999999,-2059.293,-6092.7404
83,482.8048,1461.2857,-1125.5633,0.0,0.0,0.0,-1316.6574,-16201.5568,601.9518,11831.2419,-1926.7164,40.4453,0.0,-4266.4933,-1886.2711,-6152.7644
84,481.9615,1408.8349,-1085.2924,0.0,0.0,0.0,-1268.4621,-16229.3742,601.9489,11876.4512,-1951.7822,40.6441,0.0,-4213.932200000003,-1911.1381000000001,-6125.070300000002
85,505.3269,1419.4612,-1114.5174,0.0,0.0,0.0,-1271.2441,-16245.5962,611.5942,11804.5996,-1872.3308,40.0013,0.0,-4290.3758,-1832.3295,-6122.7053
86,511.0711,1419.3943,-1073.0265,0.0,0.0,0.0,-1305.4259,-16156.0332,601.3211,11836.1025,-1991.5149,40.4033,0.0,-4166.596599999999,-1951.1116,-6117.708199999999
87,490.915,1363.8068,-1101.2176,0.0,0.0,0.0,-1293.9528,-16235.9304,619.2216,11847.1651,-1894.9695,40.4381,0.0,-4309.9923,-1854.5313999999998,-6164.5237
88,542.2463,1425.7024,-1077.3892,0.0,0.0,0.0,-1313.3725,-16129.7797,608.3961,11837.6923,-1974.3336,40.3643,0.0,-4106.5043000000005,-1933.9693,-6040.4736
89,515.5454,1400.2079,-1074.2307,0.0,0.0,0.0,-1273.02,-16112.9758,600.9766,11841.6811,-2024.8555,41.1934,0.0,-4101.815500000001,-1983.6621,-6085.4776
90,530.9775,1419.6189,-1055.8339,0.0,0.0,0.0,-1265.4369,-16233.8177,600.38,11784.3145,-1874.912,39.9324,0.0,-4219.7976,-1834.9796000000001,-6054.7772
91,503.0901,1363.196,-1094.404,0.0,0.0,0.0,-1327.0283,-16149.978,596.5017,11744.8777,-1889.5127,39.9386,0.0,-4363.744799999999,-1849.5741,-6213.318899999998
92,462.3417,1423.3826,-1096.3161,0.0,0.0,0.0,-1274.8686,-16168.6017,622.3897,11756.7673,-1911.7561,41.1568,0.0,-4274.9051,-1870.5993,-6145.504400000001
93,486.8,1428.879,-1086.3666,0.0,0.0,0.0,-1299.8815,-16234.6705,606.1058,11777.2485,-1848.9554,40.1984,0.0,-4321.885300000002,-1808.757,-6130.642300000001
94,516.0064,1422.9149,-1092.7774,0.0,0.0,0.0,-1283.6434,-16293.7913,598.7523,11849.5625,-1874.4073,39.5316,0.0,-4282.976000000002,-1834.8757,-6117.851700000002
95,507.9595,1412.9622,-1083.0752,0.0,0.0,0.0,-1305.8664,-16177.7322,615.3316,11824.6745,-1928.6056,40.383,0.0,-4205.746000000003,-1888.2226,-6093.968600000003
96,491.6249,1401.3327,-1092.7722,0.0,0.0,0.0,-1272.8035,-16002.957,611.7805,11789.6428,-2070.2746,40.5262,0.0,-4074.1518000000015,-2029.7484000000002,-6103.900200000002
97,523.6253,1437.6636,-1101.4114,0.0,0.0,0.0,-1291.0828,-16064.0654,589.4816,11814.7304,-2087.7151,40.3892,0.0,-4091.0587000000014,-2047.3258999999998,-6138.384600000001
98,504.1524,1391.3174,-1096.2253,0.0,0.0,0.0,-1283.2606,-16062.0276,613.5434,11800.3365,-2033.6891,40.5848,0.0,-4132.163799999998,-1993.1043,-6125.268099999998
99,536.7841,1449.1039,-1099.5838,0.0,0.0,0.0,-1273.8528,-16169.9692,599.3762,11767.8832,-1881.6323,39.7817,0.0,-4190.258400000001,-1841.8506,-6032.109
100,502.5886,1343.3801,-1103.8397,0.0,0.0,0.0,-1281.8798,-16156.4402,622.1668,11796.4948,-1909.9374,39.5756,0.0,-4277.529399999999,-1870.3618000000001,-6147.891199999999
101,531.7213,1441.5895,-1093.9065,0.0,0.0,0.0,-1267.8232,-16286.2452,615.1045,11779.2159,-1826.1831,40.6545,0.0,-4280.343699999999,-1785.5285999999999,-6065.8723
102,488.4347,1397.5603,-1078.5514,0.0,0.0,0.0,-1275.8043,-16234.7956,610.1839,11791.3911,-1894.1175,40.3285,0.0,-4301.581299999998,-1853.789,-6155.370299999999
103,527.3125,1459.0984,-1088.7467,0.0,0.0,0.0,-1318.8576,-16114.4605,583.9484,11745.6965,-1941.4174,41.1351,0.0,-4206.008999999998,-1900.2823,-6106.291299999998
104,506.327,1433.4514,-1097.4438,0.0,0.0,0.0,-1298.3188,-16175.1737,611.8066,11826.2912,-1907.4691,40.2641,0.0,-4193.060099999999,-1867.205,-6060.265099999999
105,495.26,1429.197,-1079.1172,0.0,0.0,0.0,-1265.1311,-16033.4466,619.2227,11782.2614,-2043.9343,40.8131,0.0,-4051.7538000000004,-2003.1211999999998,-6054.875
106,508.1275,1412.2987,-1090.2578,0.0,0.0,0.0,-1301.3445,-16249.5013,608.2154,11830.2312,-1906.0533,40.1058,0.0,-4282.230799999999,-1865.9475,-6148.178299999999
107,532.145,1410.0037,-1075.3402,0.0,0.0,0.0,-1298.3735,-16248.8323,621.9371,11828.2914,-1892.9894,40.2415,0.0,-4230.168800000001,-1852.7478999999998,-6082.916700000002
108,508.8719,1399.4875,-1078.8641,0.0,0.0,0.0,-1266.0192,-16332.7762,619.5724,11823.2733,-1795.5953,40.8666,0.0,-4326.454399999999,-1754.7287,-6081.183099999998
109,512.1938,1381.7682,-1092.5434,0.0,0.0,0.0,-1264.5126,-16182.4869,601.1487,11759.0752,-1900.3024,40.8401,0.0,-4285.357000000002,-1859.4623000000001,-6144.819300000002
110,512.0902,1456.3256,-1107.4852,0.0,0.0,0.0,-1298.0021,-16224.9114,610.02,11773.716,-1881.1538,40.3521,0.0,-4278.246900000002,-1840.8017,-6119.048600000002
111,511.896,1424.6435,-1082.4312,0.0,0.0,0.0,-1315.7388,-16144.3746,614.0788,11792.2527,-1937.3883,40.5196,0.0,-4199.6736,-1896.8687,-6096.542300000001
112,561.8678,1374.3721,-1101.1677,0.0,0.0,0.0,-1319.2081,-16145.7874,612.5984,11792.8274,-1942.6156,40.6519,0.0,-4224.497499999998,-1901.9637,-6126.461199999998
113,518.3404,1419.8596,-1087.7222,0.0,0.0,0.0,-1307.9006,-16076.487,596.6816,11752.3846,-1931.6393,39.3252,0.0,-4184.843599999998,-1892.3141,-6077.157699999998
114,529.9782,1401.3326,-1104.8627,0.0,0.0,0.0,-1261.8677,-16045.4928,611.4313,11795.5802,-2051.5735,41.1826,0.0,-4073.9009000000005,-2010.3908999999999,-6084.291800000001
115,529.0367,1420.0086,-1101.6492,0.0,0.0,0.0,-1285.6264,-16176.4558,599.3632,11764.7301,-1910.0777,41.0011,0.0,-4250.5927999999985,-1869.0766,-6119.669399999998
116,502.5057,1416.8107,-1100.1206,0.0,0.0,0.0,-1273.7659,-16320.7931,615.6461,11803.8804,-1827.1835,39.8517,0.0,-4355.8367,-1787.3318000000002,-6143.1685
117,474.9232,1363.3106,-1080.1832,0.0,0.0,0.0,-1268.6574,-16174.37,643.177,11866.4476,-1960.476,40.477,0.0,-4175.352200000001,-1919.999,-6095.351200000002
118,522.1328,1415.0777,-1099.5414,0.0,0.0,0.0,-1273.3841,-16179.6452,585.4685,11804.1262,-1951.0777,39.7047,0.0,-4225.7654999999995,-1911.373,-6137.138499999999
119,531.7623,1385.6026,-1084.0387,0.0,0.0,0.0,-1240.3465,-16137.5306,622.7277,11849.0996,-2007.2228,40.4706,0.0,-4072.723600000003,-1966.7522,-6039.475800000003
120,490.4736,1419.1681,-1090.1647,0.0,0.0,0.0,-1287.3848,-16179.4494,619.8664,11857.4124,-1940.603,40.2382,0.0,-4170.0783999999985,-1900.3648,-6070.443199999999
121,488.0137,1422.9925,-1073.2062,0.0,0.0,0.0,-1281.0704,-16178.7004,610.1704,11827.7432,-1953.0875,39.1787,0.0,-4184.057199999999,-1913.9088000000002,-6097.9659999999985
122,527.6642,1407.5365,-1064.6153,0.0,0.0,0.0,-1280.7798,-16192.6437,607.9747,11822.5888,-1932.6574,40.0937,0.0,-4172.274600000001,-1892.5637000000002,-6064.8383
123,501.0023,1446.8591,-1110.7649,0.0,0.0,0.0,-1274.151,-16302.64,616.1719,11880.5868,-1870.8974,39.627,0.0,-4242.935799999999,-1831.2704,-6074.206199999999
124,501.7164,1433.272,-1093.0432,0.0,0.0,0.0,-1268.1912,-16277.9459,618.7995,11825.3071,-1862.3623,39.802,0.0,-4260.0853000000025,-1822.5603,-6082.645600000003
125,469.8289,1414.6389,-1078.792,0.0,0.0,0.0,-1327.0046,-16272.3362,608.7912,11841.0433,-1855.7278,38.7196,0.0,-4343.830500000002,-1817.0082,-6160.838700000001
126,511.7505,1480.8167,-1095.8307,0.0,0.0,0.0,-1326.5404,-16292.4738,617.2443,11825.7848,-1839.5562,39.2771,0.0,-4279.248599999999,-1800.2791,-6079.527699999999
127,517.6597,1418.4891,-1102.7665,0.0,0.0,0.0,-1318.7149,-16191.5718,611.8946,11820.7138,-1877.4189,40.2569,0.0,-4244.296,-1837.1619999999998,-6081.458
128,527.4652,1397.7184,-1108.8716,0.0,0.0,0.0,-1277.2973,-16185.9577,603.857,11714.1563,-1871.0109,39.5281,0.0,-4328.929699999999,-1831.4828,-6160.4124999999985
129,509.968,1443.1598,-1100.4032,0.0,0.0,0.0,-1284.3791,-16080.0351,606.1432,11800.1522,-2006.291,40.4257,0.0,-4105.394199999997,-1965.8653,-6071.259499999997
130,495.1948,1405.6854,-1108.9069,0.0,0.0,0.0,-1266.8623,-16203.4362,604.3228,11754.8122,-1883.435,40.1274,0.0,-4319.190199999999,-1843.3075999999999,-6162.497799999998
131,498.8533,1398.4569,-1106.9297,0.0,0.0,0.0,-1284.334,-16170.9592,620.1315,11924.2083,-2027.9963,40.904,0.0,-4120.572900000001,-1987.0923,-6107.6652
132,524.2126,1374.616,-1097.6962,0.0,0.0,0.0,-1269.6144,-16061.3859,605.2266,11838.1827,-2077.6778,41.1712,0.0,-4086.4586000000018,-2036.5066,-6122.9652000000015
133,537.0066,1404.1395,-1111.4925,0.0,0.0,0.0,-1286.4759,-16136.5648,603.3286,11796.6337,-1987.1217,40.3595,0.0,-4193.424799999999,-1946.7622,-6140.186999999999
134,519.616,1406.871,-1111.2464,0.0,0.0,0.0,-1291.7478,-16165.0695,614.5535,11787.9462,-1925.2544,39.8924,0.0,-4239.0769999999975,-1885.362,-6124.438999999998
135,503.0466,1443.3713,-1091.2125,0.0,0.0,0.0,-1286.5415,-16096.4786,601.5784,11834.3155,-2025.2768,40.2731,0.0,-4091.920799999998,-1985.0037000000002,-6076.924499999997
136,492.0723,1396.5026,-1077.5261,0.0,0.0,0.0,-1263.6427,-16280.2845,611.0539,11836.0568,-1842.37,40.2691,0.0,-4285.7677,-1802.1009,-6087.8686
137,480.3915,1393.1587,-1096.584,0.0,0.0,0.0,-1267.0634,-16033.8742,614.2422,11852.4552,-2064.4295,41.6075,0.0,-4057.2740000000013,-2022.8220000000001,-6080.096000000001
138,527.8414,1392.4865,-1088.2887,0.0,0.0,0.0,-1256.4194,-16040.2953,603.2394,11769.1825,-2034.5733,41.0754,0.0,-4092.2536,-1993.4979,-6085.7515
139,500.8826,1412.4519,-1113.5771,0.0,0.0,0.0,-1274.1169,-16177.8899,598.4911,11826.8046,-1953.152,40.3226,0.0,-4226.953700000002,-1912.8294,-6139.7831000000015
140,481.4162,1423.6814,-1108.0738,0.0,0.0,0.0,-1288.7631,-16072.3245,622.4158,11810.3531,-2018.1969,40.739,0.0,-4131.294899999999,-1977.4578999999999,-6108.752799999999
141,507.2274,1433.6034,-1085.1596,0.0,0.0,0.0,-1281.3787,-16145.2691,608.1132,11825.0805,-1970.2626,40.0778,0.0,-4137.782899999998,-1930.1848,-6067.967699999998
142,502.6065,1434.1226,-1085.5459,0.0,0.0,0.0,-1298.4186,-16206.7561,593.8955,11831.8328,-1916.3809,39.7791,0.0,-4228.263199999999,-1876.6018000000001,-6104.865
143,489.7895,1439.5513,-1089.4262,0.0,0.0,0.0,-1296.862,-16159.4798,608.1803,11878.8405,-1946.2111,40.2757,0.0,-4129.406399999998,-1905.9354,-6035.341799999998
144,525.73,1441.054,-1130.1399,0.0,0.0,0.0,-1287.7211,-16024.8097,591.5533,11711.7908,-1987.0557,39.6344,0.0,-4172.542599999999,-1947.4213,-6119.963899999999
145,512.3466,1430.0173,-1081.5809,0.0,0.0,0.0,-1291.0075,-16275.2481,607.0746,11809.7731,-1842.5724,39.6506,0.0,-4288.624900000001,-1802.9218,-6091.546700000001
146,523.7753,1398.0509,-1084.893,0.0,0.0,0.0,-1274.4968,-16130.9165,600.7909,11809.1572,-1961.3179,40.2695,0.0,-4158.532000000001,-1921.0484,-6079.580400000001
147,541.5236,1414.3471,-1104.4038,0.0,0.0,0.0,-1280.04,-16160.0107,612.4841,11750.4023,-1891.9769,40.0455,0.0,-4225.697400000001,-1851.9314,-6077.6288
148,486.6623,1366.7429,-1110.7334,0.0,0.0,0.0,-1284.842,-16215.724,613.7948,11778.3099,-1870.4125,40.1909,0.0,-4365.789499999999,-1830.2215999999999,-6196.0111
149,521.1159,1434.1796,-1115.267,0.0,0.0,0.0,-1335.2498,-16081.3323,620.7214,11838.2976,-1985.7819,39.7804,0.0,-4117.534599999999,-1946.0014999999999,-6063.536099999999
150,502.8167,1448.8461,-1078.3064,0.0,0.0,0.0,-1279.5391,-16214.2527,618.3575,11856.4117,-1940.1546,39.6039,0.0,-4145.666199999998,-1900.5507,-6046.216899999998
151,540.7173,1414.3399,-1108.426,0.0,0.0,0.0,-1302.9186,-16128.4795,627.0731,11786.9371,-1927.4346,40.1595,0.0,-4170.7567,-1887.2751,-6058.031800000001
152,492.4021,1457.3214,-1096.0921,0.0,0.0,0.0,-1283.68,-16320.187,609.8034,11840.9552,-1866.3568,39.7281,0.0,-4299.476999999999,-1826.6287,-6126.105699999998
153,549.2552,1428.3429,-1112.4738,0.0,0.0,0.0,-1278.9484,-16275.6481,624.6783,11803.3661,-1822.0361,40.0636,0.0,-4261.427800000001,-1781.9725,-6043.400300000001
154,473.2504,1396.6088,-1069.6755,0.0,0.0,0.0,-1275.1723,-16265.0812,594.6414,11860.8952,-1910.8196,40.1439,0.0,-4284.5332,-1870.6757,-6155.2089
155,483.3468,1413.8667,-1092.1742,0.0,0.0,0.0,-1318.1244,-16319.1162,628.0826,11828.2702,-1789.7486,40.0151,0.0,-4375.8485,-1749.7334999999998,-6125.582
156,495.7033,1371.8713,-1095.8327,0.0,0.0,0.0,-1289.1345,-16266.6608,616.6971,11842.5485,-1854.4917,40.2205,0.0,-4324.8078000000005,-1814.2712000000001,-6139.079000000001
157,542.1312,1440.3365,-1099.3832,0.0,0.0,0.0,-1320.1922,-16131.0277,602.8179,11764.9783,-1907.1763,39.5107,0.0,-4200.3391999999985,-1867.6656,-6068.004799999999
158,532.769,1423.5556,-1114.8309,0.0,0.0,0.0,-1300.6373,-16202.8157,600.2359,11817.2674,-1880.3824,39.8717,0.0,-4244.455999999998,-1840.5107,-6084.966699999999
159,533.4106,1457.3916,-1093.9493,0.0,0.0,0.0,-1300.8497,-16181.5137,619.4925,11803.1145,-1889.3063,39.8382,0.0,-4162.9035,-1849.4681,-6012.3716
160,511.765,1363.1214,-1091.2293,0.0,0.0,0.0,-1297.5472,-16164.369,607.1752,11823.3131,-1935.1822,39.3036,0.0,-4247.7708,-1895.8786,-6143.6494
161,485.745,1443.2045,-1088.2873,0.0,0.0,0.0,-1291.6179,-16294.2818,603.7453,11854.7894,-1870.003,40.0863,0.0,-4286.702799999999,-1829.9167,-6116.619499999999
162,487.8641,1429.0517,-1093.6358,0.0,0.0,0.0,-1294.9778,-16053.1935,603.1819,11790.8763,-2012.4941,40.2052,0.0,-4130.8331,-1972.2888999999998,-6103.121999999999
163,504.9459,1455.3739,-1121.1789,0.0,0.0,0.0,-1302.3574,-16082.8793,597.9168,11798.6497,-2006.665,41.0676,0.0,-4149.5293,-1965.5973999999999,-6115.1267
164,497.8356,1408.2996,-1121.609,0.0,0.0,0.0,-1289.1844,-16244.6498,613.2665,11855.5657,-1907.172,39.4773,0.0,-4280.475799999998,-1867.6947,-6148.170499999999
165,513.003,1399.5436,-1075.1102,0.0,0.0,0.0,-1278.9996,-16216.5722,604.6195,11809.4695,-1845.5086,39.923,0.0,-4244.046399999999,-1805.5855999999999,-6049.632
166,510.7358,1418.1106,-1100.1969,0.0,0.0,0.0,-1292.9818,-16224.7588,617.3265,11828.0647,-1889.3796,39.7072,0.0,-4243.699899999998,-1849.6724,-6093.372299999998
167,508.387,1425.2385,-1099.1243,0.0,0.0,0.0,-1260.5267,-16244.4689,620.8324,11814.0123,-1878.4904,39.7528,0.0,-4235.6497,-1838.7376,-6074.387299999999
168,505.4539,1436.7596,-1098.7295,0.0,0.0,0.0,-1311.2743,-16193.9548,616.5389,11810.2719,-1900.5198,40.0063,0.0,-4234.934300000001,-1860.5135,-6095.447800000001
169,500.2835,1402.5368,-1081.2289,0.0,0.0,0.0,-1286.8395,-16280.8204,630.129,11809.0047,-1825.1412,39.047,0.0,-4306.934800000001,-1786.0942,-6093.029000000001
170,525.8451,1393.1396,-1104.8543,0.0,0.0,0.0,-1306.0746,-16273.9868,606.9718,11777.6816,-1804.8393,38.9113,0.0,-4381.277600000001,-1765.928,-6147.205600000001
171,492.8442,1431.2528,-1121.6977,0.0,0.0,0.0,-1284.2229,-16116.0114,613.523,11749.8647,-1937.5102,39.7023,0.0,-4234.4473,-1897.8079,-6132.2552
172,496.3424,1394.4937,-1135.1161,0.0,0.0,0.0,-1300.1372,-16218.3829,614.1363,11823.1982,-1888.713,39.7221,0.0,-4325.4655999999995,-1848.9909,-6174.456499999999
173,536.9334,1420.709,-1104.1557,0.0,0.0,0.0,-1257.0611,-16144.7747,616.5914,11769.2921,-1944.6287,40.0407,0.0,-4162.4655999999995,-1904.588,-6067.0536
174,499.0291,1403.2425,-1072.0052,0.0,0.0,0.0,-1271.5214,-16195.8579,611.0499,11854.4985,-1969.8757,40.5823,0.0,-4171.5645,-1929.2934,-6100.857900000001
175,507.112,1413.1381,-1095.4341,0.0,0.0,0.0,-1271.203,-16156.899,596.7078,11781.4863,-1905.4331,41.1385,0.0,-4225.091899999999,-1864.2946,-6089.3865
176,505.61,1444.4327,-1109.4266,0.0,0.0,0.0,-1275.3279,-16193.656,601.4763,11758.7017,-1881.5286,40.4336,0.0,-4268.1898,-1841.095,-6109.284799999999
177,561.4037,1447.9255,-1077.6619,0.0,0.0,0.0,-1293.2448,-16223.5673,603.1622,11802.6599,-1884.8569,39.9663,0.0,-4179.322700000001,-1844.8906,-6024.2133
178,493.324,1391.8044,-1047.1418,0.0,0.0,0.0,-1284.7565,-16030.6413,614.8694,11793.3406,-2043.4566,40.4276,0.0,-4069.2011999999995,-2003.029,-6072.230199999999
179,496.6185,1423.1991,-1103.886,0.0,0.0,0.0,-1305.0866,-16208.7388,610.8968,11807.3103,-1885.1753,39.5543,0.0,-4279.686699999998,-1845.621,-6125.3076999999985
180,510.4632,1433.9113,-1113.1999,0.0,0.0,0.0,-1260.0039,-16167.086,601.331,11815.4486,-1911.4843,40.8456,0.0,-4179.135700000001,-1870.6387,-6049.774400000001
181,510.7802,1489.1351,-1092.0827,0.0,0.0,0.0,-1273.8746,-16099.8143,608.2736,11797.1824,-1968.6199,40.179,0.0,-4060.4002999999993,-1928.4408999999998,-5988.841199999999
182,505.6739,1420.552,-1091.9591,0.0,0.0,0.0,-1280.0869,-16189.5152,611.6089,11875.0249,-1992.684,40.7757,0.0,-4148.701499999999,-1951.9083,-6100.609799999999
183,480.3674,1390.1491,-1114.9416,0.0,0.0,0.0,-1275.7827,-16209.7613,611.0552,11792.1158,-1864.1291,39.5926,0.0,-4326.798099999998,-1824.5365000000002,-6151.334599999998
184,492.5795,1465.4892,-1104.7139,0.0,0.0,0.0,-1278.3259,-16285.4852,593.6998,11802.1296,-1823.6295,39.6828,0.0,-4314.6268999999975,-1783.9467,-6098.573599999998
185,517.4817,1393.1312,-1102.6285,0.0,0.0,0.0,-1257.0681,-16241.5938,613.2262,11793.4196,-1856.8729,40.1595,0.0,-4284.031700000003,-1816.7134,-6100.745100000004
186,503.2655,1440.7268,-1094.8927,0.0,0.0,0.0,-1293.0466,-16184.1999,622.4332,11796.7552,-1904.5719,39.379,0.0,-4208.958500000001,-1865.1929,-6074.151400000001
187,475.8242,1406.4572,-1100.9129,0.0,0.0,0.0,-1295.0736,-16091.2435,608.0696,11848.4363,-2021.7734,41.2124,0.0,-4148.4427,-1980.5610000000001,-6129.003699999999
188,477.109,1438.6591,-1114.3115,0.0,0.0,0.0,-1293.4572,-16145.8395,599.4469,11825.0555,-1932.5477,40.245,0.0,-4213.3377,-1892.3027000000002,-6105.6404
189,494.5733,1448.0766,-1094.9736,0.0,0.0,0.0,-1298.7656,-16199.1989,612.1659,11782.3673,-1865.9041,39.4617,0.0,-4255.754999999999,-1826.4424,-6082.197399999999
190,492.1089,1406.5794,-1094.8039,0.0,0.0,0.0,-1290.0034,-16247.9147,611.8426,11852.982,-1854.7969,39.2669,0.0,-4269.2091,-1815.53,-6084.739100000001
191,497.8599,1419.9385,-1098.0306,0.0,0.0,0.0,-1298.1365,-16171.986,614.929,11771.2824,-1872.8224,39.2281,0.0,-4264.1433,-1833.5943,-6097.7375999999995
192,496.9621,1461.3843,-1085.5759,0.0,0.0,0.0,-1277.6267,-16269.6684,602.0378,11817.5914,-1815.9487,40.5536,0.0,-4254.895400000001,-1775.3951,-6030.290500000001
193,515.8347,1465.84,-1098.285,0.0,0.0,0.0,-1310.0904,-16004.6555,598.8152,11785.5992,-2030.2287,40.7285,0.0,-4046.9418000000005,-1989.5002,-6036.442
194,479.3795,1418.0845,-1117.9139,0.0,0.0,0.0,-1286.3641,-16135.4314,597.6284,11781.501,-1895.9961,39.0027,0.0,-4263.116,-1856.9934,-6120.1094
195,520.7299,1396.2334,-1094.7665,0.0,0.0,0.0,-1272.1622,-16283.75,602.8239,11810.2821,-1822.0557,39.0914,0.0,-4320.609400000001,-1782.9642999999999,-6103.573700000001
196,495.859,1413.4715,-1091.646,0.0,0.0,0.0,-1302.002,-16215.6129,596.9339,11777.8654,-1883.4092,39.2639,0.0,-4325.1311000000005,-1844.1453000000001,-6169.276400000001
197,511.7365,1449.5878,-1112.5786,0.0,0.0,0.0,-1268.6754,-16079.6824,611.6248,11774.0736,-1991.6244,40.7216,0.0,-4113.913699999999,-1950.9027999999998,-6064.816499999999
198,512.8824,1506.861,-1098.0949,0.0,0.0,0.0,-1312.0945,-16229.0179,616.6121,11791.7284,-1840.1705,39.0463,0.0,-4211.123400000002,-1801.1242,-6012.247600000002
199,491.8582,1383.9512,-1122.4266,0.0,0.0,0.0,-1285.9587,-16163.5329,603.6449,11747.0592,-1862.3772,40.4546,0.0,-4345.404700000003,-1821.9225999999999,-6167.327300000003
200,511.5363,1454.5093,-1108.0051,0.0,0.0,0.0,-1287.639,-16243.7172,598.8282,11839.3891,-1842.2519,40.5132,0.0,-4235.098399999999,-1801.7386999999999,-6036.837099999999
201,493.2811,1431.8635,-1095.5735,0.0,0.0,0.0,-1236.6649,-16128.1334,597.8984,11746.5917,-1962.1916,41.1036,0.0,-4190.7371,-1921.0880000000002,-6111.8251
202,539.9287,1445.0844,-1096.7687,0.0,0.0,0.0,-1273.2243,-15950.1103,601.2858,11756.3385,-2093.6037,41.4435,0.0,-3977.465900000001,-2052.1602000000003,-6029.6261
203,523.2245,1450.1206,-1100.5494,0.0,0.0,0.0,-1269.6032,-16008.8003,614.3247,11814.1663,-2070.9259,41.7048,0.0,-3977.1168000000016,-2029.2211000000002,-6006.337900000001
204,477.9431,1409.4819,-1089.0638,0.0,0.0,0.0,-1269.4496,-16028.7189,605.2815,11812.0619,-2067.0071,40.8654,0.0,-4082.463899999999,-2026.1417,-6108.605599999999
205,503.4016,1430.2173,-1116.1734,0.0,0.0,0.0,-1256.736,-16061.9346,628.5493,11819.7692,-2046.0438,41.2043,0.0,-4052.9065999999984,-2004.8394999999998,-6057.746099999998
206,509.6596,1423.2143,-1121.2409,0.0,0.0,0.0,-1253.689,-15994.3519,601.9042,11782.1185,-2083.0783,41.6852,0.0,-4052.385199999997,-2041.3931000000002,-6093.778299999997
207,531.2266,1346.0739,-1099.166,0.0,0.0,0.0,-1291.34,-16072.8882,622.3081,11863.25,-2023.6199,40.6888,0.0,-4100.535599999997,-1982.9311,-6083.466699999997
208,506.8593,1425.8824,-1089.3217,0.0,0.0,0.0,-1266.443,-16091.5323,606.4733,11842.4054,-2003.4607,41.3479,0.0,-4065.6766000000007,-1962.1128,-6027.789400000001
209,494.7257,1383.0585,-1079.4556,0.0,0.0,0.0,-1274.8981,-16184.8268,617.7741,11843.1004,-1960.1774,41.0397,0.0,-4200.5218,-1919.1377,-6119.659500000001
210,500.2239,1412.2261,-1070.5039,0.0,0.0,0.0,-1285.0721,-15984.6758,603.2473,11745.7381,-2053.2599,41.6113,0.0,-4078.8164000000015,-2011.6486,-6090.465000000002
211,512.4515,1451.8499,-1104.1587,0.0,0.0,0.0,-1273.2732,-15961.1702,592.7978,11746.37,-2055.8629,41.4615,0.0,-4035.1328999999987,-2014.4014000000002,-6049.534299999998
212,482.8085,1403.3664,-1111.1828,0.0,0.0,0.0,-1269.0257,-15996.8976,591.8301,11764.5784,-2026.706,41.8749,0.0,-4134.5226999999995,-1984.8310999999999,-6119.3538
213,490.1578,1426.1436,-1111.0327,0.0,0.0,0.0,-1272.0981,-16062.637,610.8691,11819.1149,-2033.1173,41.4192,0.0,-4099.482400000001,-1991.6980999999998,-6091.1805
214,501.1072,1385.5208,-1104.1845,0.0,0.0,0.0,-1252.4554,-16303.8801,594.7736,11852.6404,-1842.7085,40.5093,0.0,-4326.477999999999,-1802.1992,-6128.677199999999
215,521.0992,1454.1034,-1078.1918,0.0,0.0,0.0,-1272.1937,-16156.2153,602.2284,11820.5577,-1928.7759,40.7825,0.0,-4108.6121,-1887.9934,-5996.605500000001
216,497.4575,1425.4882,-1086.7572,0.0,0.0,0.0,-1266.4396,-16061.6997,593.7515,11824.6387,-1999.1322,41.0309,0.0,-4073.560599999999,-1958.1013,-6031.661899999999
217,532.105,1435.3389,-1106.651,0.0,0.0,0.0,-1281.232,-16170.694,595.3594,11832.7263,-1943.0381,40.7654,0.0,-4163.0473999999995,-1902.2727,-6065.320099999999
218,506.1569,1397.6296,-1110.8212,0.0,0.0,0.0,-1275.0346,-16035.607,614.7442,11830.5944,-2036.9046,40.8281,0.0,-4072.3377,-1996.0765000000001,-6068.4142
219,513.98,1414.3324,-1065.4541,0.0,0.0,0.0,-1269.649,-16076.8811,590.0168,11808.4436,-2000.9766,40.0072,0.0,-4085.2114,-1960.9694,-6046.1808
220,533.6911,1381.2728,-1111.1752,0.0,0.0,0.0,-1300.3379,-16082.5569,613.1889,11786.411,-1981.0072,40.038,0.0,-4179.506200000002,-1940.9692,-6120.475400000002
221,517.9816,1417.8639,-1104.0737,0.0,0.0,0.0,-1256.1812,-16181.8336,611.3475,11869.061,-2006.4262,40.5324,0.0,-4125.834499999999,-1965.8938,-6091.728299999999
222,546.4017,1423.6169,-1086.2106,0.0,0.0,0.0,-1278.7802,-16031.832,603.5578,11793.1619,-2072.3105,40.1571,0.0,-4030.084499999999,-2032.1534000000001,-6062.237899999998
223,493.507,1433.5235,-1088.0012,0.0,0.0,0.0,-1261.3107,-16144.5684,625.4544,11848.4405,-1979.9912,41.0139,0.0,-4092.954899999999,-1938.9773,-6031.932199999999
224,508.8978,1401.7456,-1082.637,0.0,0.0,0.0,-1278.222,-16172.8925,597.5405,11838.6236,-1942.8069,41.2011,0.0,-4186.944000000001,-1901.6058,-6088.549800000001
225,510.4955,1429.8513,-1076.3008,0.0,0.0,0.0,-1291.0812,-16016.3666,631.358,11841.4338,-2066.8537,40.4892,0.0,-3970.6099999999988,-2026.3645000000001,-5996.974499999998
226,506.5661,1423.0181,-1097.7998,0.0,0.0,0.0,-1283.8987,-16253.9308,613.6186,11871.3699,-1909.7652,40.5207,0.0,-4221.0566,-1869.2445,-6090.3011
227,500.9903,1384.3474,-1065.5472,0.0,0.0,0.0,-1287.2532,-16265.4619,601.9882,11918.8978,-1909.3734,40.2394,0.0,-4212.038599999998,-1869.134,-6081.172599999998
228,492.2951,1381.8932,-1076.2522,0.0,0.0,0.0,-1273.273,-16137.2782,610.5093,11901.9717,-2054.2447,41.9359,0.0,-4100.134099999999,-2012.3088000000002,-6112.442899999999
229,508.8122,1480.8776,-1098.4563,0.0,0.0,0.0,-1285.2917,-16060.1472,611.8827,11763.1651,-2020.0616,40.8082,0.0,-4079.1575999999986,-1979.2534,-6058.410999999998
230,578.4346,1431.3315,-1080.8913,0.0,0.0,0.0,-1309.6665,-16056.0544,588.488,11759.4357,-1984.8747,40.5295,0.0,-4088.922400000003,-1944.3452,-6033.267600000004
231,528.8034,1419.7299,-1086.4372,0.0,0.0,0.0,-1256.8211,-16240.587,607.4369,11792.4637,-1879.1705,40.3749,0.0,-4235.411399999997,-1838.7956,-6074.206999999998
232,493.362,1425.7331,-1117.8979,0.0,0.0,0.0,-1304.7655,-16115.3269,615.9103,11844.7995,-1970.6064,40.3023,0.0,-4158.1854,-1930.3040999999998,-6088.4895
233,484.4921,1440.4204,-1076.5017,0.0,0.0,0.0,-1268.4707,-16052.752,601.6334,11788.5491,-2034.0603,40.515,0.0,-4082.6294,-1993.5453,-6076.1747
234,507.8173,1448.8723,-1115.1454,0.0,0.0,0.0,-1282.247,-16297.7677,610.9558,11846.6917,-1887.7942,40.5753,0.0,-4280.823,-1847.2189,-6128.0419
235,520.3087,1402.4231,-1094.5342,0.0,0.0,0.0,-1282.1758,-16243.4695,613.2856,11885.8751,-1940.6059,39.8544,0.0,-4198.287000000002,-1900.7515,-6099.038500000002
236,506.4065,1415.3405,-1085.3006,0.0,0.0,0.0,-1277.96,-16171.2532,594.819,11806.9656,-1933.5234,40.0948,0.0,-4210.982199999999,-1893.4286,-6104.410799999999
237,485.6697,1416.2309,-1082.7732,0.0,0.0,0.0,-1293.1544,-16128.5324,614.9808,11876.8672,-2030.586,39.6968,0.0,-4110.711399999998,-1990.8892,-6101.600599999999
238,485.5925,1440.0036,-1094.2785,0.0,0.0,0.0,-1288.2483,-16176.0024,603.2112,11844.0599,-1949.4497,40.5543,0.0,-4185.661999999998,-1908.8953999999999,-6094.557399999999
239,536.671,1335.4453,-1088.785,0.0,0.0,0.0,-1281.2393,-16054.1762,599.1651,11858.8033,-2074.8041,41.1022,0.0,-4094.1158000000014,-2033.7018999999998,-6127.8177000000005
240,507.1202,1430.549,-1079.4315,0.0,0.0,0.0,-1275.1314,-16140.7076,603.3173,11886.5596,-2026.0656,40.7152,0.0,-4067.7243999999973,-1985.3503999999998,-6053.074799999998
241,524.3224,1431.3839,-1078.7141,0.0,0.0,0.0,-1276.214,-16145.0176,608.5299,11868.5463,-1992.4148,40.3964,0.0,-4067.163199999999,-1952.0184,-6019.1816
242,498.0101,1426.2339,-1091.6793,0.0,0.0,0.0,-1278.191,-16390.6889,627.6978,11835.9143,-1755.6221,39.506,0.0,-4372.703100000001,-1716.1161,-6088.819200000001
243,493.8533,1413.0521,-1109.696,0.0,0.0,0.0,-1277.2111,-16165.3038,612.365,11851.8479,-1919.9783,39.6726,0.0,-4181.092599999998,-1880.3057,-6061.398299999998
244,533.3186,1415.7649,-1085.5668,0.0,0.0,0.0,-1285.4199,-16002.834,587.6916,11770.6463,-2032.7278,41.2538,0.0,-4066.399299999999,-1991.474,-6057.873299999998
245,457.9989,1429.04,-1089.5944,0.0,0.0,0.0,-1304.7602,-15968.6421,605.4156,11754.9076,-2053.2538,40.7826,0.0,-4115.634599999999,-2012.4712,-6128.105799999999
246,474.804,1465.2264,-1082.5247,0.0,0.0,0.0,-1287.8109,-16077.1585,592.6591,11820.2736,-2032.6738,40.6855,0.0,-4094.530999999999,-1991.9883,-6086.5193
247,504.7567,1420.5956,-1109.592,0.0,0.0,0.0,-1267.4857,-16155.821,599.7443,11814.7782,-1956.1214,40.1777,0.0,-4193.023899999998,-1915.9437,-6108.967599999998
248,518.3572,1421.5967,-1119.2148,0.0,0.0,0.0,-1278.4782,-16082.473,606.3514,11814.0147,-2016.4395,39.7187,0.0,-4119.846000000001,-1976.7208,-6096.566800000001
249,536.2886,1442.8932,-1087.0069,0.0,0.0,0.0,-1278.9537,-16296.7186,600.6966,11774.5316,-1797.8825,39.9851,0.0,-4308.269200000001,-1757.8973999999998,-6066.1666000000005
250,522.229,1427.6872,-1101.4664,0.0,0.0,0.0,-1286.927,-16024.9033,605.0802,11754.5801,-2040.53,41.2456,0.0,-4103.7202,-1999.2844,-6103.004599999999
251,488.1512,1368.7229,-1114.059,0.0,0.0,0.0,-1278.5712,-16122.1524,610.6637,11839.3774,-2012.985,40.261,0.0,-4207.867400000003,-1972.724,-6180.591400000002
252,514.5531,1426.8995,-1103.1792,0.0,0.0,0.0,-1273.2078,-16100.1725,604.2441,11797.7404,-1995.484,40.035,0.0,-4133.122399999998,-1955.4489999999998,-6088.571399999999
253,485.206,1470.9107,-1094.0693,0.0,0.0,0.0,-1277.4796,-16118.2985,586.2,11785.147,-1936.4477,40.8542,0.0,-4162.3836999999985,-1895.5935,-6057.977199999998
254,536.1349,1468.2117,-1078.1762,0.0,0.0,0.0,-1306.6441,-16149.8705,607.4129,11782.7181,-1896.5514,40.4587,0.0,-4140.2132,-1856.0927000000001,-5996.3059
255,494.0281,1419.2453,-1103.6629,0.0,0.0,0.0,-1291.2019,-16218.4611,618.9531,11882.604,-1909.672,39.4183,0.0,-4198.495400000002,-1870.2537,-6068.749100000002
256,501.9754,1392.5071,-1064.3404,0.0,0.0,0.0,-1287.6901,-16079.8125,605.0239,11752.0818,-1960.7255,40.1229,0.0,-4180.254799999999,-1920.6026,-6100.857399999999
257,491.7848,1414.5474,-1085.4235,0.0,0.0,0.0,-1273.515,-16074.5933,616.771,11819.0699,-2043.9797,39.9947,0.0,-4091.358699999999,-2003.9850000000001,-6095.3436999999985
258,519.4173,1512.1449,-1096.4549,0.0,0.0,0.0,-1274.2968,-16012.3371,592.2601,11776.1077,-2043.9333,40.2263,0.0,-3983.158800000001,-2003.7069999999999,-5986.8658000000005
259,498.6175,1475.6626,-1101.955,0.0,0.0,0.0,-1317.8484,-16222.7861,600.745,11791.0482,-1830.6876,39.0651,0.0,-4276.516199999998,-1791.6225,-6068.138699999999
260,514.4706,1390.1271,-1074.3758,0.0,0.0,0.0,-1288.3132,-16104.488,612.5718,11879.0359,-2020.2033,39.8592,0.0,-4070.9716000000008,-1980.3440999999998,-6051.315700000001
261,507.7364,1428.0967,-1115.3436,0.0,0.0,0.0,-1285.4377,-16035.5902,613.5402,11795.4538,-2051.6596,40.38,0.0,-4091.5444000000025,-2011.2795999999998,-6102.824000000002
262,479.9069,1377.5119,-1097.7229,0.0,0.0,0.0,-1275.4917,-16059.4662,610.02,11789.3163,-2037.1517,40.9939,0.0,-4175.925700000002,-1996.1578,-6172.083500000002
263,517.3175,1369.931,-1091.8544,0.0,0.0,0.0,-1287.3173,-16310.2052,608.2509,11822.7643,-1821.9098,39.9779,0.0,-4371.113200000002,-1781.9318999999998,-6153.045100000001
264,505.7607,1396.4727,-1101.7694,0.0,0.0,0.0,-1249.5266,-16304.9476,630.5429,11842.3575,-1874.7485,40.2013,0.0,-4281.1098,-1834.5472,-6115.657
265,518.7789,1395.8482,-1102.9803,0.0,0.0,0.0,-1266.8565,-16149.4336,613.768,11796.7587,-1948.3238,40.8063,0.0,-4194.116599999999,-1907.5175,-6101.634099999999
266,510.5119,1443.1983,-1077.7947,0.0,0.0,0.0,-1289.4816,-16076.9506,599.3643,11797.7024,-1983.9616,41.7907,0.0,-4093.4500000000007,-1942.1709,-6035.620900000002
267,500.7999,1452.8672,-1108.1239,0.0,0.0,0.0,-1276.8892,-16262.7525,623.2475,11851.0703,-1881.3423,40.6528,0.0,-4219.780700000001,-1840.6895,-6060.470200000002
268,486.2193,1388.9124,-1085.2654,0.0,0.0,0.0,-1281.2113,-16273.9197,631.8689,11872.276,-1889.6743,40.5869,0.0,-4261.1198,-1849.0874,-6110.2072
269,497.4362,1428.1437,-1090.6132,0.0,0.0,0.0,-1274.7923,-16288.6242,608.1115,11865.4584,-1837.6549,40.1826,0.0,-4254.8799,-1797.4723,-6052.352199999999
270,506.2431,1379.0139,-1088.4723,0.0,0.0,0.0,-1253.9721,-16235.798,620.4614,11865.2531,-1896.3642,40.3549,0.0,-4207.270900000001,-1856.0093,-6063.280200000001
271,517.2344,1414.1545,-1066.7515,0.0,0.0,0.0,-1310.4131,-16229.5914,612.162,11809.2862,-1865.7506,39.6503,0.0,-4253.918899999999,-1826.1003,-6080.019199999999
272,543.169,1421.413,-1105.3791,0.0,0.0,0.0,-1297.1322,-16151.5259,619.0561,11758.6459,-1900.5217,39.9497,0.0,-4211.753200000001,-1860.5720000000001,-6072.325200000001
273,526.4146,1406.1409,-1085.5448,0.0,0.0,0.0,-1281.1301,-16148.8441,601.6472,11770.1111,-1922.8447,39.869,0.0,-4211.205200000002,-1882.9757000000002,-6094.180900000002
274,511.2939,1463.3867,-1101.1273,0.0,0.0,0.0,-1299.0467,-16230.3984,596.0454,11868.7324,-1889.3224,40.4761,0.0,-4191.114000000001,-1848.8463,-6039.960300000002
275,514.3605,1449.2943,-1064.0002,0.0,0.0,0.0,-1297.102,-16096.9569,613.7862,11755.1989,-1936.9789,39.6094,0.0,-4125.419199999998,-1897.3695,-6022.788699999998
276,511.7202,1385.9114,-1111.4653,0.0,0.0,0.0,-1287.4926,-16052.8037,600.5303,11806.3513,-2054.5607,41.4456,0.0,-4147.2484,-2013.1151,-6160.3635
277,506.3316,1461.9478,-1115.323,0.0,0.0,0.0,-1264.0607,-16240.405,604.8984,11778.8534,-1884.6229,39.61,0.0,-4267.7575000000015,-1845.0129000000002,-6112.770400000002
278,550.0432,1442.0829,-1084.8687,0.0,0.0,0.0,-1295.4296,-16190.6539,606.834,11811.6126,-1917.0142,40.505,0.0,-4160.379499999997,-1876.5092,-6036.888699999997
279,518.1108,1409.2029,-1113.846,0.0,0.0,0.0,-1277.9842,-16275.1734,625.6541,11847.6232,-1871.4741,40.9466,0.0,-4266.4126000000015,-1830.5275,-6096.940100000001
280,528.5043,1426.0713,-1092.1415,0.0,0.0,0.0,-1274.2511,-16295.1988,611.6289,11826.1543,-1862.4828,40.1205,0.0,-4269.232600000001,-1822.3623,-6091.594900000001
281,530.0853,1453.6558,-1077.6177,0.0,0.0,0.0,-1283.1184,-16201.1341,594.0072,11745.3918,-1863.76,39.8132,0.0,-4238.730099999999,-1823.9468,-6062.6768999999995
282,540.1772,1442.2619,-1092.923,0.0,0.0,0.0,-1262.9289,-16134.559,602.5673,11793.5252,-1940.2571,40.3161,0.0,-4111.879299999999,-1899.941,-6011.8202999999985
283,487.1488,1422.1226,-1093.4941,0.0,0.0,0.0,-1272.1757,-15990.4162,613.0538,11767.9745,-2056.5049,40.9295,0.0,-4065.786299999998,-2015.5754,-6081.361699999998
284,543.2684,1443.5436,-1102.5798,0.0,0.0,0.0,-1269.1386,-16172.1599,601.4575,11823.3888,-1966.924,41.0067,0.0,-4132.220000000001,-1925.9173,-6058.137300000001
285,502.1234,1416.6307,-1093.7925,0.0,0.0,0.0,-1253.6252,-16166.112,604.454,11779.4448,-1848.6667,40.5632,0.0,-4210.876800000002,-1808.1035,-6018.980300000002
286,534.7362,1454.583,-1084.4857,0.0,0.0,0.0,-1288.941,-16044.7179,609.9218,11807.7806,-2028.6809,40.8445,0.0,-4011.122999999998,-1987.8364000000001,-5998.959399999998
287,500.27,1381.1427,-1068.3352,0.0,0.0,0.0,-1266.4533,-16179.6541,619.0911,11884.8739,-1989.4618,40.7566,0.0,-4129.064900000001,-1948.7052,-6077.770100000002
288,529.7853,1385.541,-1085.6044,0.0,0.0,0.0,-1276.5629,-16316.2229,618.1088,11848.018,-1843.6223,40.1335,0.0,-4296.937100000001,-1803.4888,-6100.425900000001
289,498.3734,1405.2963,-1089.8986,0.0,0.0,0.0,-1293.0449,-16192.0919,610.3797,11829.4113,-1930.2673,40.7656,0.0,-4231.574699999999,-1889.5017,-6121.076399999999
290,520.6299,1453.6413,-1087.3953,0.0,0.0,0.0,-1259.0919,-16175.685,596.268,11817.412,-1935.2976,41.2381,0.0,-4134.220999999998,-1894.0595,-6028.280499999998
291,496.5313,1404.5675,-1082.3921,0.0,0.0,0.0,-1273.031,-16091.1416,599.8858,11812.9888,-1996.72,41.3653,0.0,-4132.5913,-1955.3547,-6087.946
292,520.527,1437.208,-1077.9438,0.0,0.0,0.0,-1311.182,-16169.2317,610.0605,11834.2738,-1964.4765,40.9457,0.0,-4156.288200000001,-1923.5308,-6079.819
293,506.3588,1452.7118,-1132.8561,0.0,0.0,0.0,-1271.8383,-16184.8387,604.0203,11827.2024,-1905.4153,40.1528,0.0,-4199.239800000001,-1865.2624999999998,-6064.502300000001
294,503.4847,1473.348,-1094.0411,0.0,0.0,0.0,-1295.304,-16171.2619,591.2113,11755.2293,-1896.3751,40.5019,0.0,-4237.333699999999,-1855.8732,-6093.206899999999
295,505.0352,1378.5417,-1080.3766,0.0,0.0,0.0,-1299.1306,-16318.5381,614.786,11865.9517,-1829.3166,40.0193,0.0,-4333.730699999998,-1789.2973000000002,-6123.027999999998
296,504.1996,1428.7433,-1087.1227,0.0,0.0,0.0,-1298.0256,-16265.9069,606.3516,11835.673,-1862.572,38.9151,0.0,-4276.0877,-1823.6569,-6099.7446
297,500.724,1423.8394,-1071.8754,0.0,0.0,0.0,-1306.3667,-16212.1799,611.359,11796.1031,-1869.0194,39.8216,0.0,-4258.396499999999,-1829.1978,-6087.594299999999
298,494.3882,1415.0304,-1093.0824,0.0,0.0,0.0,-1306.1392,-16122.3008,613.9233,11831.1483,-1977.2557,40.297,0.0,-4167.0322,-1936.9587,-6103.9909
299,495.0448,1414.7606,-1106.4923,0.0,0.0,0.0,-1266.7964,-16294.8535,615.0539,11849.7621,-1855.0473,40.128,0.0,-4293.520799999997,-1814.9193,-6108.440099999997
300,517.9943,1420.9099,-1099.5014,0.0,0.0,0.0,-1313.6835,-16251.7161,597.0872,11911.8028,-1906.7731,40.79,0.0,-4217.106800000001,-1865.9831000000001,-6083.089900000002
301,501.1929,1410.9402,-1074.7952,0.0,0.0,0.0,-1288.9854,-16207.6531,601.2119,11863.4248,-1930.9783,39.9204,0.0,-4194.663899999998,-1891.0579,-6085.7217999999975
302,518.8541,1371.0453,-1105.2491,0.0,0.0,0.0,-1257.2905,-16171.4542,624.8064,11838.336,-2028.654,40.8939,0.0,-4180.952000000003,-1987.7601,-6168.712100000003
303,522.7065,1369.5138,-1054.9088,0.0,0.0,0.0,-1263.982,-16012.1181,608.8859,11848.9874,-2079.5482,40.2191,0.0,-3980.9153000000006,-2039.3291000000002,-6020.2444000000005
304,541.7245,1453.8266,-1084.6622,0.0,0.0,0.0,-1269.6913,-16106.9107,601.8316,11819.113,-2046.2121,40.9361,0.0,-4044.768500000002,-2005.276,-6050.044500000002
305,538.8841,1457.1899,-1080.7278,0.0,0.0,0.0,-1305.576,-16116.1374,618.924,11846.2489,-2030.834,41.4726,0.0,-4041.194300000001,-1989.3614,-6030.555700000001
306,507.5059,1390.3273,-1061.4889,0.0,0.0,0.0,-1290.4911,-16094.013,613.7843,11821.0964,-2012.8017,40.3816,0.0,-4113.279100000002,-1972.4201,-6085.699200000002
307,530.4284,1369.8031,-1092.0265,0.0,0.0,0.0,-1290.1164,-16194.2566,609.0359,11864.0964,-1948.6977,40.5906,0.0,-4203.0357,-1908.1071,-6111.1428
308,505.1299,1369.2885,-1095.2978,0.0,0.0,0.0,-1288.9116,-16082.0298,600.3021,11840.4347,-2020.4528,41.0917,0.0,-4151.084000000001,-1979.3611,-6130.445100000001
309,531.6044,1428.9547,-1109.3193,0.0,0.0,0.0,-1297.9813,-16170.3443,599.3238,11824.7459,-1918.6548,41.2052,0.0,-4193.016100000001,-1877.4496,-6070.465700000001
310,486.9686,1436.9593,-1070.4086,0.0,0.0,0.0,-1291.8781,-16239.4146,630.5441,11776.1047,-1839.3584,40.0065,0.0,-4271.124599999999,-1799.3519000000001,-6070.476499999999
311,505.8431,1444.4353,-1085.6244,0.0,0.0,0.0,-1286.3536,-16058.1313,589.1873,11802.1537,-2024.3432,40.3803,0.0,-4088.489899999997,-1983.9629,-6072.452799999997
312,493.3413,1408.7769,-1085.4555,0.0,0.0,0.0,-1277.6053,-16108.1555,593.0427,11821.0322,-2016.3383,41.6554,0.0,-4155.0232,-1974.6828999999998,-6129.706099999999
313,528.2701,1430.143,-1070.0106,0.0,0.0,0.0,-1294.6415,-16006.1098,601.4342,11787.7153,-2073.8926,40.3255,0.0,-4023.1993,-2033.5671000000002,-6056.7664
314,499.9985,1466.6529,-1087.1077,0.0,0.0,0.0,-1253.6117,-16104.213,611.2316,11833.7978,-2023.1248,41.0806,0.0,-4033.2515999999996,-1982.0442,-6015.295799999999
315,521.4427,1394.9358,-1089.7395,0.0,0.0,0.0,-1282.8154,-16063.3765,615.7652,11791.6881,-2033.5417,39.9378,0.0,-4112.0996,-1993.6039,-6105.7035
316,528.6717,1414.3977,-1108.7929,0.0,0.0,0.0,-1278.7496,-16082.6937,617.6737,11820.9217,-1986.4057,40.5699,0.0,-4088.571399999999,-1945.8358,-6034.407199999999
317,524.1368,1432.0956,-1102.5835,0.0,0.0,0.0,-1288.8749,-16142.8837,612.7797,11850.6545,-2031.1106,41.4529,0.0,-4114.675500000001,-1989.6577,-6104.333200000001
318,508.8282,1412.3761,-1109.2337,0.0,0.0,0.0,-1276.6603,-16143.2761,613.9174,11794.1795,-1927.0881,40.9837,0.0,-4199.868899999998,-1886.1044,-6085.973299999998
319,506.6452,1389.8453,-1100.5169,0.0,0.0,0.0,-1272.8877,-16176.0031,629.018,11884.4839,-1970.4296,41.6849,0.0,-4139.415300000001,-1928.7447,-6068.16
320,491.5299,1393.7082,-1054.792,0.0,0.0,0.0,-1283.8412,-16077.5269,595.8752,11724.4324,-1969.0258,39.712,0.0,-4210.614400000002,-1929.3138,-6139.928200000001
321,497.9516,1441.6587,-1086.7476,0.0,0.0,0.0,-1266.3279,-16090.773,617.5279,11822.7022,-1998.5289,40.8346,0.0,-4064.008099999999,-1957.6943,-6021.702399999999
322,524.6942,1443.0141,-1092.788,0.0,0.0,0.0,-1287.6704,-16152.6688,612.285,11850.2037,-1994.9458,40.1939,0.0,-4102.930200000001,-1954.7519,-6057.6821
323,535.8092,1421.7088,-1069.6928,0.0,0.0,0.0,-1267.0172,-16013.4494,598.9452,11787.2241,-2056.604,41.0254,0.0,-4006.472100000001,-2015.5785999999998,-6022.0507
324,515.6428,1441.3134,-1106.0942,0.0,0.0,0.0,-1267.4377,-16179.3329,619.8628,11824.9895,-1918.7416,40.31,0.0,-4151.056299999998,-1878.4316000000001,-6029.487899999998
325,469.3053,1445.0303,-1100.8449,0.0,0.0,0.0,-1270.5889,-16140.8449,610.3379,11758.0997,-1879.6001,39.8549,0.0,-4229.505499999999,-1839.7452,-6069.250699999999
326,520.8826,1446.8291,-1101.8084,0.0,0.0,0.0,-1275.4099,-16133.8151,618.3824,11760.0819,-1905.1796,40.8506,0.0,-4164.857400000001,-1864.329,-6029.1864000000005
327,521.921,1407.6644,-1099.0003,0.0,0.0,0.0,-1291.8747,-16208.2285,593.1616,11840.6686,-1898.2446,40.448,0.0,-4235.687900000001,-1857.7966,-6093.4845000000005
328,507.2555,1420.1908,-1116.1943,0.0,0.0,0.0,-1278.3151,-16408.6066,607.0029,11848.9959,-1738.8081,40.2077,0.0,-4419.670899999999,-1698.6004,-6118.271299999999
329,514.2756,1430.7188,-1089.0713,0.0,0.0,0.0,-1261.0041,-16228.4427,610.3404,11798.5174,-1871.0413,40.9051,0.0,-4224.665899999996,-1830.1362000000001,-6054.802099999996
330,536.7613,1431.3037,-1108.0368,0.0,0.0,0.0,-1255.7133,-16062.4103,625.6822,11875.1452,-2086.8408,40.997,0.0,-3957.267999999998,-2045.8437999999999,-6003.111799999998
331,503.1124,1466.0638,-1067.5705,0.0,0.0,0.0,-1282.409,-16186.2271,602.3233,11757.1078,-1889.0678,40.0743,0.0,-4207.5993,-1848.9935,-6056.592799999999
332,522.7469,1403.9647,-1078.4984,0.0,0.0,0.0,-1280.8303,-16286.8742,615.641,11824.4998,-1821.0372,40.7249,0.0,-4279.350500000002,-1780.3123,-6059.662800000002
333,489.9038,1416.0094,-1093.2715,0.0,0.0,0.0,-1250.7665,-16143.5852,604.6966,11686.9159,-1860.2303,40.4395,0.0,-4290.0975,-1819.7908,-6109.8883
334,511.2098,1446.4152,-1116.8176,0.0,0.0,0.0,-1276.0338,-16229.3871,621.4095,11752.102,-1836.2745,40.394,0.0,-4291.101999999999,-1795.8805,-6086.982499999998
335,530.4372,1397.7646,-1121.9852,0.0,0.0,0.0,-1259.2197,-16332.1439,611.8493,11811.6178,-1801.6668,40.1246,0.0,-4361.679900000001,-1761.5421999999999,-6123.222100000001
336,513.6004,1439.6624,-1132.1,0.0,0.0,0.0,-1268.5793,-16387.7497,606.212,11804.3866,-1753.7119,39.1091,0.0,-4424.5676,-1714.6028000000001,-6139.170400000001
337,492.7124,1427.6887,-1093.4908,0.0,0.0,0.0,-1266.7698,-16283.0624,601.368,11809.3257,-1841.8396,40.6814,0.0,-4312.228200000001,-1801.1582,-6113.386400000001
338,491.1766,1424.9286,-1073.1812,0.0,0.0,0.0,-1262.521,-16248.6474,606.9022,11821.4043,-1888.5422,41.5574,0.0,-4239.937899999999,-1846.9848000000002,-6086.922699999999
339,524.9377,1451.5142,-1087.3802,0.0,0.0,0.0,-1269.0085,-16173.7278,611.631,11781.472,-1893.5867,40.532,0.0,-4160.561600000001,-1853.0547000000001,-6013.616300000001
340,517.8988,1390.6115,-1092.4014,0.0,0.0,0.0,-1270.8949,-16203.7626,598.9952,11783.6358,-1908.2481,39.6857,0.0,-4275.9176000000025,-1868.5624,-6144.480000000002
341,497.4352,1409.0118,-1134.9487,0.0,0.0,0.0,-1272.5042,-16167.7705,609.7428,11772.18,-1880.8854,40.2134,0.0,-4286.853599999999,-1840.6719999999998,-6127.525599999999
342,505.0353,1421.7052,-1094.6252,0.0,0.0,0.0,-1278.2828,-16095.7318,610.5728,11818.2214,-1986.2346,40.3094,0.0,-4113.105100000001,-1945.9252,-6059.0303
343,529.9715,1461.2245,-1074.9047,0.0,0.0,0.0,-1264.8188,-16100.4289,601.1083,11798.1233,-1979.3097,40.3623,0.0,-4049.7248000000036,-1938.9474,-5988.672200000004
344,521.1001,1410.2031,-1078.6661,0.0,0.0,0.0,-1261.6656,-16153.1225,601.3572,11861.221,-1983.7094,40.3232,0.0,-4099.572799999998,-1943.3862,-6042.958999999998
345,496.7698,1454.1539,-1059.8764,0.0,0.0,0.0,-1267.6282,-16267.1892,626.4475,11794.3043,-1830.3483,40.2219,0.0,-4223.018300000002,-1790.1264,-6013.144700000002
346,509.6709,1487.8252,-1078.057,0.0,0.0,0.0,-1275.8551,-16096.7733,605.0581,11789.2167,-1991.5157,39.5367,0.0,-4058.9145000000008,-1951.9789999999998,-6010.893500000001
347,477.9553,1429.8206,-1065.0428,0.0,0.0,0.0,-1269.6642,-16123.1297,609.538,11817.0528,-1968.1476,41.1395,0.0,-4123.469999999999,-1927.0081,-6050.478099999999
348,502.9561,1387.5345,-1091.1163,0.0,0.0,0.0,-1263.0266,-16043.8685,598.7621,11858.2584,-2067.1787,40.7168,0.0,-4050.500299999998,-2026.4619,-6076.962199999998
349,521.5648,1459.1296,-1116.8384,0.0,0.0,0.0,-1272.4284,-16155.3494,600.781,11842.0364,-1968.0212,40.9606,0.0,-4121.1044,-1927.0605999999998,-6048.165
350,494.029,1378.3401,-1084.7398,0.0,0.0,0.0,-1256.0323,-16122.8866,608.0287,11814.6928,-2005.421,40.7127,0.0,-4168.568099999999,-1964.7083,-6133.276399999999
351,528.0841,1405.2078,-1110.8744,0.0,0.0,0.0,-1279.2581,-16211.4077,608.4993,11828.5274,-1895.8589,40.265,0.0,-4231.221599999999,-1855.5938999999998,-6086.815499999999
352,519.7714,1408.5325,-1087.1902,0.0,0.0,0.0,-1293.1214,-16169.2278,607.863,11826.26,-1924.5175,40.2245,0.0,-4187.112500000003,-1884.293,-6071.405500000003
353,510.0657,1428.1646,-1080.3693,0.0,0.0,0.0,-1279.6086,-16159.3531,605.049,11830.4497,-1954.8972,40.5121,0.0,-4145.602000000001,-1914.3851000000002,-6059.987100000001
354,507.2811,1395.7499,-1079.185,0.0,0.0,0.0,-1280.4299,-16014.5029,596.223,11757.0005,-1998.7973,40.7019,0.0,-4117.863300000001,-1958.0954,-6075.958700000001
355,511.4461,1424.7075,-1121.7811,0.0,0.0,0.0,-1304.4449,-16034.7627,589.4874,11816.9955,-2013.5706,39.4991,0.0,-4118.352199999999,-1974.0715,-6092.423699999999
356,486.5307,1426.4265,-1102.4659,0.0,0.0,0.0,-1294.0428,-15982.6839,610.4118,11853.0788,-2137.5451,40.2225,0.0,-4002.744800000002,-2097.3226,-6100.067400000002
357,512.1863,1403.2113,-1102.4182,0.0,0.0,0.0,-1288.2408,-16128.3068,610.4926,11786.55,-1955.9936,40.0315,0.0,-4206.525600000003,-1915.9621,-6122.487700000002
358,490.7429,1422.4323,-1072.6028,0.0,0.0,0.0,-1261.1602,-16247.9197,614.9699,11886.5394,-1949.9428,41.1574,0.0,-4166.9982,-1908.7854,-6075.7836
359,542.4248,1414.9804,-1069.4712,0.0,0.0,0.0,-1239.0137,-16122.7072,609.0617,11801.1488,-1992.7553,40.7684,0.0,-4063.576399999998,-1951.9869,-6015.563299999998
360,482.9572,1408.1511,-1076.41,0.0,0.0,0.0,-1294.9641,-16131.6497,596.6615,11799.1177,-1934.953,40.5145,0.0,-4216.136299999998,-1894.4385,-6110.574799999998
361,527.3932,1467.1224,-1136.7414,0.0,0.0,0.0,-1272.8223,-16090.9811,602.2842,11783.4218,-1940.2495,40.0849,0.0,-4120.323200000001,-1900.1645999999998,-6020.487800000001
362,495.1442,1445.9223,-1083.8658,0.0,0.0,0.0,-1295.7831,-16152.0832,630.4864,11791.3569,-1921.2875,39.834,0.0,-4168.8223,-1881.4534999999998,-6050.2758
363,510.9181,1418.8677,-1102.4218,0.0,0.0,0.0,-1257.2604,-16247.8732,610.8663,11838.1618,-1905.6228,41.0666,0.0,-4228.7415,-1864.5562,-6093.2977
364,519.7814,1402.0278,-1095.1796,0.0,0.0,0.0,-1277.9553,-16117.1986,611.5298,11738.4671,-1909.9077,40.1075,0.0,-4218.527400000001,-1869.8002,-6088.3276000000005
365,497.2547,1417.0423,-1098.4037,0.0,0.0,0.0,-1254.4471,-16277.7037,613.4373,11840.2485,-1887.8793,40.4834,0.0,-4262.5717,-1847.3959,-6109.967600000001
366,527.788,1452.168,-1077.4635,0.0,0.0,0.0,-1294.3165,-16283.5841,609.4181,11797.8778,-1817.6054,40.0517,0.0,-4268.1122,-1777.5537,-6045.6659
367,520.7396,1465.9451,-1096.2478,0.0,0.0,0.0,-1270.1114,-16077.8596,587.9455,11722.2276,-1943.2131,40.3414,0.0,-4147.361000000001,-1902.8717,-6050.2327000000005
368,528.516,1424.2696,-1112.0412,0.0,0.0,0.0,-1290.1738,-16199.3094,607.6765,11790.4661,-1876.0384,39.7569,0.0,-4250.5962,-1836.2814999999998,-6086.877699999999
369,524.4188,1445.5375,-1109.9359,0.0,0.0,0.0,-1274.9844,-16128.625,624.5444,11753.1885,-1912.8175,41.2383,0.0,-4165.856099999999,-1871.5792000000001,-6037.435299999999
370,545.7997,1458.3429,-1127.8496,0.0,0.0,0.0,-1269.0766,-16175.9765,591.072,11774.0045,-1903.6327,40.7992,0.0,-4203.6836,-1862.8335000000002,-6066.5171
371,560.8342,1403.4144,-1093.9933,0.0,0.0,0.0,-1286.1448,-16068.4298,606.469,11778.1813,-2001.7591,41.3351,0.0,-4099.668999999998,-1960.424,-6060.092999999998
372,468.4696,1425.9934,-1099.5517,0.0,0.0,0.0,-1274.5166,-16107.3465,613.8303,11835.8439,-2008.8718,41.3523,0.0,-4137.277599999999,-1967.5194999999999,-6104.7971
373,495.7976,1389.8382,-1082.4391,0.0,0.0,0.0,-1245.596,-16194.5524,617.8426,11857.92,-1986.8213,41.1422,0.0,-4161.189100000001,-1945.6791,-6106.868200000001
374,501.5213,1417.014,-1095.6934,0.0,0.0,0.0,-1253.9527,-16254.2496,619.5657,11831.8642,-1901.5959,39.9407,0.0,-4233.930499999999,-1861.6552,-6095.585699999999
375,508.7512,1439.4762,-1093.5887,0.0,0.0,0.0,-1275.987,-16132.1222,609.3085,11825.2015,-1994.8336,40.267,0.0,-4118.960500000001,-1954.5665999999999,-6073.527100000001
376,498.1945,1421.5095,-1097.0365,0.0,0.0,0.0,-1295.6551,-16104.7067,611.3177,11840.3811,-1969.6405,40.0431,0.0,-4125.995499999999,-1929.5973999999999,-6055.592899999999
377,515.0157,1397.6743,-1136.2338,0.0,0.0,0.0,-1270.0852,-16110.8685,616.0425,11781.5029,-1943.9164,39.6959,0.0,-4206.952100000002,-1904.2205000000001,-6111.172600000003
378,522.8338,1413.2627,-1094.2756,0.0,0.0,0.0,-1248.8278,-16110.0489,615.5377,11811.8004,-2010.2274,41.6009,0.0,-4089.7176999999974,-1968.6265,-6058.344199999997
379,496.334,1439.4824,-1093.0613,0.0,0.0,0.0,-1258.807,-16259.7191,631.2271,11851.1372,-1905.1345,40.5506,0.0,-4193.406700000001,-1864.5838999999999,-6057.990600000002
380,501.6847,1478.8763,-1084.1546,0.0,0.0,0.0,-1269.358,-16191.4138,614.8817,11830.1799,-1932.2046,41.1719,0.0,-4119.3038,-1891.0327,-6010.336499999999
381,523.9319,1422.1883,-1083.0259,0.0,0.0,0.0,-1262.5848,-16351.4894,621.2676,11869.3083,-1858.5936,41.0642,0.0,-4260.404000000002,-1817.5294,-6077.933400000003
382,500.9934,1450.5858,-1112.6224,0.0,0.0,0.0,-1295.6167,-16161.743,592.8308,11752.1147,-1882.8804,40.417,0.0,-4273.457400000001,-1842.4634,-6115.920800000001
383,492.5031,1438.1742,-1084.3988,0.0,0.0,0.0,-1247.5172,-16278.4722,615.3093,11813.0086,-1851.7562,40.5336,0.0,-4251.393000000002,-1811.2226,-6062.615600000002
384,479.125,1431.5126,-1102.9694,0.0,0.0,0.0,-1265.6245,-16224.7145,622.9718,11852.8096,-1932.9581,40.9834,0.0,-4206.8894,-1891.9747,-6098.8641
385,537.3035,1434.9438,-1082.3552,0.0,0.0,0.0,-1281.1958,-16054.0625,599.6573,11725.2452,-2008.3081,41.0519,0.0,-4120.4637,-1967.2562,-6087.7199
386,529.7318,1428.8922,-1071.634,0.0,0.0,0.0,-1276.6155,-16139.9742,604.2842,11797.5374,-1967.9262,41.1069,0.0,-4127.7780999999995,-1926.8193,-6054.5974
387,468.4646,1408.3629,-1099.5812,0.0,0.0,0.0,-1271.7592,-16166.2388,627.6468,11871.2093,-1977.3749,40.7004,0.0,-4161.8956,-1936.6745,-6098.5701
388,511.6624,1448.3605,-1097.6784,0.0,0.0,0.0,-1287.9821,-16041.1459,610.1581,11764.2473,-2031.9802,41.0854,0.0,-4092.3780999999963,-1990.8948,-6083.272899999996
389,532.0109,1469.4858,-1119.6414,0.0,0.0,0.0,-1285.26,-16004.6476,608.0115,11764.9843,-2053.0376,41.0261,0.0,-4035.056499999999,-2012.0115,-6047.067999999998
390,517.2851,1366.2168,-1094.5726,0.0,0.0,0.0,-1261.9705,-16079.0243,615.1464,11798.1864,-2034.8426,40.6127,0.0,-4138.7327000000005,-1994.2299,-6132.962600000001
391,547.5448,1407.6431,-1099.9195,0.0,0.0,0.0,-1266.3751,-16061.2077,628.3624,11755.7458,-1982.3852,40.1537,0.0,-4088.2061999999987,-1942.2314999999999,-6030.437699999999
392,538.3151,1407.7318,-1098.176,0.0,0.0,0.0,-1260.1071,-16173.805,622.4664,11786.3599,-1897.7148,40.8887,0.0,-4177.214900000001,-1856.8261,-6034.041
393,515.7675,1436.5939,-1097.5994,0.0,0.0,0.0,-1259.0458,-16202.357,605.6374,11807.0736,-1937.2527,41.761,0.0,-4193.929800000002,-1895.4917,-6089.421500000001
394,531.5939,1378.8969,-1097.6659,0.0,0.0,0.0,-1282.1939,-16144.9115,591.1958,11859.5308,-2003.3982,40.5564,0.0,-4163.553900000001,-1962.8418000000001,-6126.3957
395,505.0957,1384.5701,-1084.1427,0.0,0.0,0.0,-1266.9215,-15921.8796,608.8465,11747.2535,-2117.9662,41.4278,0.0,-4027.178,-2076.5384,-6103.716399999999
396,487.8321,1440.5805,-1108.3206,0.0,0.0,0.0,-1251.6467,-16127.552,612.9576,11770.1184,-1971.1243,41.0857,0.0,-4176.030700000001,-1930.0385999999999,-6106.069300000001
397,512.1922,1412.4383,-1101.907,0.0,0.0,0.0,-1272.2456,-15948.337,593.2131,11789.8955,-2091.8437,41.3588,0.0,-4014.7504999999965,-2050.4849,-6065.235399999996
398,512.6571,1394.8104,-1087.5202,0.0,0.0,0.0,-1303.1822,-16010.4847,605.5848,11792.2251,-2021.7489,41.6034,0.0,-4095.9097,-1980.1455,-6076.055200000001
399,494.2749,1424.5116,-1085.2488,0.0,0.0,0.0,-1256.8192,-16040.1875,600.2338,11745.7049,-1973.751,41.202,0.0,-4117.5303,-1932.549,-6050.0793
400,521.5588,1434.5587,-1069.2973,0.0,0.0,0.0,-1250.8996,-16080.8737,617.5327,11783.4729,-1978.3211,41.3772,0.0,-4043.9474999999984,-1936.9439,-5980.891399999999

