POISSON BOLTZMANN:
Frame #,BOND,ANGLE,DIHED,UB,IMP,CMAP,VDWAALS,EEL,1-4 VDW,1-4 EEL,EPB,ENPOLAR,EDISPER,G gas,G solv,TOTAL
0,481.6196,1461.8236,-1088.6022,0.0,0.0,0.0,-1282.4552,-16164.1318,609.8268,11768.7734,-1898.7876,40.2567,0.0,-4213.145799999998,-1858.5309000000002,-6071.676699999998
1,533.2449,1455.7784,-1096.1604,0.0,0.0,0.0,-1272.6651,-16157.6919,595.2048,11776.882,-1893.5897,40.5097,0.0,-4165.407300000001,-1853.08,-6018.487300000002
2,507.7916,1421.7231,-1063.8396,0.0,0.0,0.0,-1283.6052,-16003.7602,616.029,11738.6824,-2006.129,41.2046,0.0,-4066.978900000002,-1964.9243999999999,-6031.903300000002
3,485.0282,1462.6121,-1098.4041,0.0,0.0,0.0,-1254.4595,-16095.4437,614.2988,11780.2036,-2005.2977,41.2577,0.0,-4106.1646,-1964.04,-6070.2046
4,540.2493,1422.1622,-1065.2346,0.0,0.0,0.0,-1281.6175,-16115.6913,629.9402,11785.3473,-1900.5622,40.2908,0.0,-4084.8444,-1860.2714,-5945.1158000000005
5,490.6123,1457.3053,-1126.4838,0.0,0.0,0.0,-1268.5105,-16212.6757,617.2923,11801.2346,-1878.5746,40.0466,0.0,-4241.225500000002,-1838.528,-6079.7535000000025
6,484.0388,1397.1526,-1094.7187,0.0,0.0,0.0,-1257.362,-16119.9885,601.0969,11811.6806,-1979.7759,41.4597,0.0,-4178.100299999998,-1938.3162000000002,-6116.416499999998
7,471.0713,1403.8423,-1083.0899,0.0,0.0,0.0,-1257.2515,-16135.1279,624.124,11814.5972,-1973.3185,40.9225,0.0,-4161.834500000001,-1932.3960000000002,-6094.2305000000015
8,504.1819,1449.8236,-1082.4729,0.0,0.0,0.0,-1288.9126,-16138.9007,604.9111,11730.4782,-1881.5186,40.7302,0.0,-4220.8914,-1840.7884000000001,-6061.679800000001
9,475.1606,1455.7406,-1107.2146,0.0,0.0,0.0,-1275.8874,-16205.782,614.8894,11833.2463,-1930.7191,41.6693,0.0,-4209.847099999997,-1889.0498,-6098.896899999998
10,495.1075,1398.2594,-1083.5843,0.0,0.0,0.0,-1278.6942,-16158.1657,617.3829,11792.4008,-1927.0408,40.845,0.0,-4217.293600000001,-1886.1958,-6103.4894
11,499.6006,1435.1167,-1122.2135,0.0,0.0,0.0,-1269.0284,-16171.6459,614.2289,11856.3628,-1954.2589,40.8303,0.0,-4157.578799999999,-1913.4286,-6071.0073999999995
12,507.9874,1448.0701,-1122.1729,0.0,0.0,0.0,-1253.1899,-16140.9352,604.3386,11816.0996,-2000.5315,41.0633,0.0,-4139.802300000001,-1959.4682,-6099.270500000001
13,521.1797,1390.5479,-1090.7894,0.0,0.0,0.0,-1265.9863,-16143.4846,607.0054,11722.5958,-1943.7314,41.1748,0.0,-4258.931500000001,-1902.5566,-6161.4881000000005
14,505.8284,1441.2936,-1110.5124,0.0,0.0,0.0,-1270.728,-16231.3587,612.0071,11787.5184,-1917.5894,39.7905,0.0,-4265.9515999999985,-1877.7989,-6143.750499999998
15,511.5671,1387.2269,-1103.6458,0.0,0.0,0.0,-1271.4864,-16027.6671,601.5884,11757.1081,-2020.567,40.9844,0.0,-4145.308800000001,-1979.5826,-6124.8914
16,516.6417,1445.3115,-1131.0697,0.0,0.0,0.0,-1277.0321,-16060.739,607.8899,11752.7984,-1965.9378,40.7385,0.0,-4146.199299999998,-1925.1993,-6071.398599999998
17,492.8639,1438.3319,-1103.5479,0.0,0.0,0.0,-1301.9818,-16014.9343,602.5511,11774.6282,-2016.1572,39.6509,0.0,-4112.0889000000025,-1976.5063,-6088.5952000000025
18,486.577,1414.6362,-1084.0597,0.0,0.0,0.0,-1290.7347,-16132.1621,601.8172,11781.6906,-1941.5365,39.6496,0.0,-4222.235499999999,-1901.8869,-6124.122399999999
19,514.2544,1445.1605,-1073.952,0.0,0.0,0.0,-1274.4599,-16270.7354,600.0216,11865.2596,-1875.2716,40.9216,0.0,-4194.451200000001,-1834.3500000000001,-6028.801200000002
20,519.5727,1389.5951,-1084.378,0.0,0.0,0.0,-1261.5293,-16042.6364,599.6803,11812.1427,-2080.7825,40.5205,0.0,-4067.5528999999988,-2040.2619999999997,-6107.8148999999985
21,513.3412,1418.5965,-1077.1739,0.0,0.0,0.0,-1279.1493,-16044.129,601.6522,11813.5865,-2056.9422,40.5234,0.0,-4053.2758000000013,-2016.4188,-6069.694600000001
22,507.1133,1431.0644,-1080.0143,0.0,0.0,0.0,-1278.7492,-16083.8007,585.9083,11828.8641,-2018.674,40.6829,0.0,-4089.6141000000007,-1977.9911,-6067.605200000001
23,513.6452,1440.8093,-1090.0548,0.0,0.0,0.0,-1275.9714,-16250.1273,615.066,11852.8658,-1883.8149,40.9116,0.0,-4193.7672,-1842.9033000000002,-6036.6705
24,540.3897,1438.6086,-1101.5597,0.0,0.0,0.0,-1285.1191,-16262.5681,596.8908,11785.5332,-1826.8171,40.3941,0.0,-4287.8246,-1786.423,-6074.2476
25,539.5905,1454.9382,-1063.2748,0.0,0.0,0.0,-1263.8222,-16279.0933,606.5383,11814.8055,-1815.9497,40.8115,0.0,-4190.317799999999,-1775.1381999999999,-5965.455999999999
26,523.1466,1468.4846,-1098.6952,0.0,0.0,0.0,-1282.4042,-16129.2054,599.1188,11831.0426,-1933.1541,41.1909,0.0,-4088.512200000001,-1891.9632,-5980.475400000001
27,496.1162,1424.8438,-1103.8211,0.0,0.0,0.0,-1272.7189,-16218.0262,619.9402,11863.2048,-1930.0547,40.8783,0.0,-4190.461200000002,-1889.1763999999998,-6079.637600000001
28,539.7796,1414.4753,-1085.9557,0.0,0.0,0.0,-1279.0883,-16150.7966,603.3097,11835.9662,-1970.2778,40.852,0.0,-4122.309799999999,-1929.4258,-6051.735599999999
29,509.3144,1392.7069,-1092.1292,0.0,0.0,0.0,-1280.7703,-16076.7996,591.7585,11780.6154,-1944.8037,39.794,0.0,-4175.303900000001,-1905.0096999999998,-6080.313600000001
30,524.4799,1426.8859,-1102.0862,0.0,0.0,0.0,-1292.1123,-16219.9506,630.8214,11845.8602,-1903.3932,40.3307,0.0,-4186.101699999999,-1863.0625,-6049.164199999999
31,498.7045,1462.9176,-1064.2421,0.0,0.0,0.0,-1266.821,-16168.0862,584.4246,11796.3746,-1893.5054,41.1643,0.0,-4156.728000000001,-1852.3411,-6009.069100000001
32,500.6139,1406.1603,-1092.6047,0.0,0.0,0.0,-1306.9688,-16320.3017,617.0135,11897.2833,-1825.3995,39.6937,0.0,-4298.804199999999,-1785.7058,-6084.509999999998
33,524.5983,1429.3334,-1108.2142,0.0,0.0,0.0,-1269.8404,-16197.5731,591.1861,11823.8412,-1896.7271,40.5112,0.0,-4206.668699999998,-1856.2159000000001,-6062.8845999999985
34,511.1847,1500.3985,-1082.9833,0.0,0.0,0.0,-1271.7312,-16105.2188,607.8919,11817.6416,-2004.5687,41.0363,0.0,-4022.8165999999983,-1963.5324,-5986.348999999998
35,502.8333,1442.5793,-1110.8973,0.0,0.0,0.0,-1271.2165,-16120.6566,613.6238,11853.6652,-1985.9335,41.1592,0.0,-4090.0688000000027,-1944.7743,-6034.843100000003
36,508.0378,1488.2629,-1067.512,0.0,0.0,0.0,-1282.6847,-16179.5543,589.7294,11786.2004,-1908.9212,40.4392,0.0,-4157.5205000000005,-1868.482,-6026.0025000000005
37,547.7044,1383.2853,-1058.6774,0.0,0.0,0.0,-1250.5973,-16116.9617,592.5475,11825.8557,-1982.5647,40.3329,0.0,-4076.843499999999,-1942.2317999999998,-6019.075299999999
38,517.7987,1399.376,-1102.0352,0.0,0.0,0.0,-1277.9762,-16136.5777,611.3117,11862.9852,-2007.7834,41.6795,0.0,-4125.117500000002,-1966.1039,-6091.221400000002
39,526.8411,1389.6369,-1106.1641,0.0,0.0,0.0,-1224.1044,-16173.3992,601.1642,11819.0424,-1990.4666,42.2376,0.0,-4166.9830999999995,-1948.229,-6115.212099999999
40,526.1933,1433.5364,-1097.4259,0.0,0.0,0.0,-1264.8964,-16252.3331,626.6409,11820.3617,-1910.681,40.901,0.0,-4207.9231,-1869.78,-6077.703100000001
41,526.3256,1470.2115,-1091.4858,0.0,0.0,0.0,-1246.4522,-16306.6331,591.84,11836.2969,-1847.9122,40.3015,0.0,-4219.8971,-1807.6107,-6027.5078
42,530.5772,1447.228,-1098.3412,0.0,0.0,0.0,-1262.2538,-15977.6456,583.6263,11707.4974,-2017.911,41.6225,0.0,-4069.3117,-1976.2885,-6045.6002
43,506.0384,1406.6238,-1085.6462,0.0,0.0,0.0,-1294.71,-16062.9314,610.511,11764.8374,-2007.4842,41.5551,0.0,-4155.277,-1965.9291,-6121.2061
44,491.371,1439.6652,-1080.9679,0.0,0.0,0.0,-1274.1486,-16285.9494,610.0778,11802.7318,-1856.5268,40.1494,0.0,-4297.2201000000005,-1816.3774,-6113.5975
45,535.7558,1427.0919,-1101.1636,0.0,0.0,0.0,-1282.6852,-16036.1278,592.6197,11794.4252,-2031.2924,40.6451,0.0,-4070.0840000000007,-1990.6473,-6060.731300000001
46,529.2216,1387.0427,-1089.9257,0.0,0.0,0.0,-1281.1507,-16149.8611,612.3679,11870.5768,-2011.3031,40.7031,0.0,-4121.728500000001,-1970.6000000000001,-6092.328500000001
47,494.9633,1381.8125,-1094.657,0.0,0.0,0.0,-1265.9144,-16201.4153,608.6502,11782.9479,-1882.0667,40.0285,0.0,-4293.612800000003,-1842.0382000000002,-6135.651000000003
48,513.1578,1458.7125,-1102.0599,0.0,0.0,0.0,-1276.936,-16237.5152,598.3084,11837.8223,-1895.9741,40.4136,0.0,-4208.510100000001,-1855.5604999999998,-6064.070600000001
49,511.0453,1411.8842,-1083.3201,0.0,0.0,0.0,-1294.0838,-16104.1672,627.894,11769.6702,-1918.9756,40.0061,0.0,-4161.077399999998,-1878.9695,-6040.0468999999985
50,510.7991,1436.2973,-1112.634,0.0,0.0,0.0,-1281.9587,-16102.2815,620.5956,11764.0439,-1959.2328,39.6943,0.0,-4165.138299999999,-1919.5385,-6084.676799999998
51,516.0986,1423.3109,-1097.6782,0.0,0.0,0.0,-1260.4204,-16323.8981,615.1527,11816.6869,-1829.8347,39.6987,0.0,-4310.747600000001,-1790.1360000000002,-6100.883600000001
52,502.1489,1373.9989,-1092.4375,0.0,0.0,0.0,-1294.5816,-16173.8171,631.5515,11815.7822,-1932.8943,39.3679,0.0,-4237.3547,-1893.5264,-6130.8811
53,497.9631,1452.4622,-1131.3245,0.0,0.0,0.0,-1276.5507,-16088.231,599.9328,11803.722,-2012.5521,40.2123,0.0,-4142.026099999999,-1972.3398000000002,-6114.365899999999
54,503.717,1447.2879,-1078.4198,0.0,0.0,0.0,-1269.7926,-16151.2045,606.008,11779.2929,-1958.5602,40.2647,0.0,-4163.1111,-1918.2955,-6081.4066
55,506.2125,1409.9762,-1118.3929,0.0,0.0,0.0,-1280.9019,-16240.0443,616.4997,11849.5168,-1875.3339,39.6421,0.0,-4257.133899999999,-1835.6918,-6092.8256999999985
56,529.9434,1449.9488,-1057.5073,0.0,0.0,0.0,-1269.5978,-16233.7872,616.0605,11790.2177,-1894.5386,40.1512,0.0,-4174.721900000002,-1854.3874,-6029.109300000002
57,513.0972,1448.1331,-1106.4807,0.0,0.0,0.0,-1276.4121,-16163.4594,598.2622,11710.8774,-1877.671,40.656,0.0,-4275.9823,-1837.015,-6112.9973
58,478.2048,1433.6662,-1066.8569,0.0,0.0,0.0,-1297.9658,-16245.7344,582.9377,11846.7042,-1861.2286,39.7813,0.0,-4269.044199999998,-1821.4472999999998,-6090.491499999999
59,539.0285,1453.3306,-1093.0395,0.0,0.0,0.0,-1263.0628,-16204.5013,611.3322,11781.4674,-1915.0356,40.3993,0.0,-4175.4449,-1874.6363,-6050.0812000000005
60,496.4717,1393.0402,-1093.7342,0.0,0.0,0.0,-1273.0431,-16137.569,611.8485,11835.7375,-1984.2509,40.4987,0.0,-4167.2484,-1943.7522,-6111.0006
61,536.9978,1436.6391,-1091.2543,0.0,0.0,0.0,-1278.7669,-16082.4126,601.8014,11720.632,-1970.7258,39.6877,0.0,-4156.363500000001,-1931.0381,-6087.401600000001
62,472.967,1415.5238,-1098.8274,0.0,0.0,0.0,-1271.091,-16105.8978,601.982,11841.2529,-2041.2751,40.4586,0.0,-4144.090500000002,-2000.8165000000001,-6144.907000000002
63,511.5864,1442.5919,-1107.6982,0.0,0.0,0.0,-1262.3836,-16011.1885,597.7939,11843.9083,-2108.5381,40.6103,0.0,-3985.389800000001,-2067.9278000000004,-6053.3176
64,489.4115,1452.3773,-1108.6399,0.0,0.0,0.0,-1262.9841,-16071.7008,614.9838,11808.2949,-2033.3392,40.8137,0.0,-4078.2572999999993,-1992.5255,-6070.7828
65,535.6386,1404.747,-1088.2181,0.0,0.0,0.0,-1316.3552,-16136.9756,607.5283,11898.4138,-2025.1482,39.5022,0.0,-4095.2212,-1985.6460000000002,-6080.8672
66,470.2362,1431.0878,-1083.1395,0.0,0.0,0.0,-1290.9707,-16127.7223,611.8943,11840.7484,-1988.5247,39.9837,0.0,-4147.8658,-1948.541,-6096.4068
67,526.5684,1389.353,-1105.7384,0.0,0.0,0.0,-1298.361,-15960.7529,600.7574,11753.0007,-2045.4645,40.6204,0.0,-4095.1727999999985,-2004.8441,-6100.016899999999
68,513.8552,1421.1714,-1105.1236,0.0,0.0,0.0,-1272.2718,-16091.735,621.3044,11774.1564,-1951.6025,39.7543,0.0,-4138.643,-1911.8482,-6050.4912
69,501.955,1408.9925,-1123.1222,0.0,0.0,0.0,-1279.6291,-16198.2209,619.5382,11831.8843,-1920.242,39.8607,0.0,-4238.602200000003,-1880.3813,-6118.983500000003
70,493.6724,1444.3299,-1098.3873,0.0,0.0,0.0,-1299.1759,-16061.1926,605.9912,11746.8357,-1950.0396,38.2055,0.0,-4167.926599999999,-1911.8341,-6079.760699999999
71,501.9397,1429.1411,-1101.0283,0.0,0.0,0.0,-1296.6233,-16006.2611,616.5598,11748.8631,-2004.7061,39.1912,0.0,-4107.4090000000015,-1965.5149000000001,-6072.923900000002
72,540.1459,1444.4479,-1121.9224,0.0,0.0,0.0,-1309.4699,-16152.6648,617.6369,11765.3827,-1906.6563,38.7811,0.0,-4216.4437,-1867.8752000000002,-6084.3189
73,544.1237,1456.0614,-1107.5556,0.0,0.0,0.0,-1298.651,-16047.1895,609.745,11770.5917,-2020.7056,39.9859,0.0,-4072.8742999999977,-1980.7197,-6053.593999999998
74,540.7298,1416.8106,-1120.9071,0.0,0.0,0.0,-1273.4415,-16051.8385,597.2333,11734.3593,-1975.6063,39.8523,0.0,-4157.054100000001,-1935.754,-6092.808100000001
75,508.7272,1410.066,-1118.3323,0.0,0.0,0.0,-1262.1722,-16256.3612,593.8446,11790.3521,-1854.8835,39.7756,0.0,-4333.875799999998,-1815.1079,-6148.983699999998
76,490.5658,1415.7463,-1078.0461,0.0,0.0,0.0,-1279.2922,-16040.5978,613.756,11878.8117,-2085.3691,40.2037,0.0,-3999.0563,-2045.1653999999999,-6044.2217
77,524.2352,1436.3618,-1066.0482,0.0,0.0,0.0,-1277.2454,-16079.6277,616.7131,11766.0191,-2019.1434,40.8402,0.0,-4079.5921,-1978.3031999999998,-6057.8953
78,508.2101,1426.0305,-1060.2814,0.0,0.0,0.0,-1277.1256,-16236.4727,611.3483,11845.3151,-1912.7825,39.7463,0.0,-4182.975700000001,-1873.0362,-6056.011900000001
79,495.9439,1413.2624,-1100.7337,0.0,0.0,0.0,-1288.0629,-16274.5321,603.0741,11824.4029,-1814.4618,39.7894,0.0,-4326.645400000001,-1774.6724,-6101.317800000002
80,527.2944,1376.1159,-1090.5924,0.0,0.0,0.0,-1255.3853,-16251.33,614.2721,11840.837,-1912.5709,40.8231,0.0,-4238.788300000002,-1871.7477999999999,-6110.536100000002
81,518.0921,1474.6065,-1096.1846,0.0,0.0,0.0,-1252.9256,-16171.9334,591.0401,11795.2948,-1952.1955,41.9035,0.0,-4142.010100000001,-1910.2920000000001,-6052.302100000001
82,534.9108,1386.3772,-1108.7516,0.0,0.0,0.0,-1298.2806,-16197.1654,599.8832,11778.8854,-1880.4617,39.4282,0.0,-4304.141,-1841.0335,-6145.174499999999
83,514.1272,1429.9521,-1104.6741,0.0,0.0,0.0,-1279.9352,-16198.1647,586.411,11859.3823,-1970.7348,39.8069,0.0,-4192.901400000001,-1930.9279,-6123.829300000001
84,486.3878,1451.4706,-1100.9839,0.0,0.0,0.0,-1296.4182,-16219.0638,597.4417,11812.2062,-1917.0294,40.1098,0.0,-4268.959599999998,-1876.9196,-6145.879199999998
85,513.7099,1469.1981,-1089.6361,0.0,0.0,0.0,-1258.4583,-16150.7722,612.0326,11841.9526,-1979.894,40.7423,0.0,-4061.973399999997,-1939.1517,-6001.1250999999975
86,504.8422,1430.9722,-1105.1381,0.0,0.0,0.0,-1249.9865,-16088.1675,620.3636,11820.7744,-2078.3903,40.882,0.0,-4066.3396999999986,-2037.5083,-6103.847999999999
87,526.6011,1449.8449,-1111.88,0.0,0.0,0.0,-1297.4215,-16063.434,602.5811,11759.2142,-1975.9088,40.2644,0.0,-4134.494199999999,-1935.6444,-6070.138599999999
88,545.4064,1393.1712,-1097.939,0.0,0.0,0.0,-1260.6122,-16115.3568,596.8255,11788.6164,-1984.3906,40.5026,0.0,-4149.888499999997,-1943.888,-6093.776499999997
89,509.794,1396.6874,-1078.793,0.0,0.0,0.0,-1288.9032,-16212.7157,626.7552,11767.2727,-1869.3723,39.3058,0.0,-4279.902600000003,-1830.0665,-6109.969100000003
90,508.4562,1432.7494,-1112.0016,0.0,0.0,0.0,-1286.4851,-16095.2059,609.4328,11803.4038,-2019.0956,40.4652,0.0,-4139.6504,-1978.6304,-6118.280800000001
91,506.7981,1430.3073,-1115.56,0.0,0.0,0.0,-1241.4021,-16112.082,602.1051,11790.7683,-2006.0997,41.6029,0.0,-4139.065299999998,-1964.4968,-6103.562099999998
92,500.3828,1470.2312,-1095.32,0.0,0.0,0.0,-1277.177,-16080.8038,590.961,11793.3151,-2022.0592,40.3997,0.0,-4098.4107,-1981.6595,-6080.0702
93,560.3819,1409.8517,-1096.8375,0.0,0.0,0.0,-1270.4252,-16168.3885,599.564,11775.8274,-1939.081,39.6293,0.0,-4190.0262,-1899.4516999999998,-6089.477900000001
94,525.305,1408.6925,-1074.7988,0.0,0.0,0.0,-1267.3363,-16249.9168,623.7668,11856.7948,-1942.0121,39.5624,0.0,-4177.492800000002,-1902.4497,-6079.942500000002
95,528.203,1399.1542,-1109.4756,0.0,0.0,0.0,-1298.3754,-16075.9193,619.3157,11851.3044,-2006.6272,39.4902,0.0,-4085.792999999998,-1967.137,-6052.929999999998
96,533.9541,1422.9269,-1111.3166,0.0,0.0,0.0,-1286.5712,-16176.1937,613.6283,11818.0253,-1965.1775,39.3495,0.0,-4185.546899999999,-1925.828,-6111.374899999999
97,520.0029,1403.5442,-1104.094,0.0,0.0,0.0,-1301.0405,-16050.4219,604.6007,11864.0694,-2069.9227,40.438,0.0,-4063.3391999999985,-2029.4847,-6092.8238999999985
98,533.1463,1458.9702,-1126.8138,0.0,0.0,0.0,-1254.2896,-16097.2624,607.2368,11847.0535,-2045.7138,41.1457,0.0,-4031.958999999999,-2004.5681,-6036.527099999998
99,520.8419,1380.8002,-1100.7058,0.0,0.0,0.0,-1259.5729,-16110.9347,611.1315,11849.8356,-2018.5236,40.9167,0.0,-4108.6042,-1977.6069,-6086.2111
100,534.9989,1430.9305,-1108.5984,0.0,0.0,0.0,-1275.0763,-16139.6838,592.4163,11760.1488,-1951.9764,41.5967,0.0,-4204.864,-1910.3797,-6115.243699999999
101,518.5785,1419.9522,-1128.9054,0.0,0.0,0.0,-1280.737,-16286.0673,605.39,11854.2507,-1842.5889,39.7232,0.0,-4297.5383,-1802.8657,-6100.4039999999995
102,490.7676,1418.2506,-1117.2359,0.0,0.0,0.0,-1297.8602,-16127.9911,599.8638,11796.0558,-1920.0713,39.7899,0.0,-4238.1494,-1880.2814,-6118.4308
103,538.1984,1464.6862,-1116.2686,0.0,0.0,0.0,-1266.1115,-16175.7399,606.3121,11868.1533,-1981.2138,41.1267,0.0,-4080.7700000000023,-1940.0871,-6020.857100000002
104,515.7052,1437.0172,-1090.9828,0.0,0.0,0.0,-1275.5665,-16033.2305,609.3949,11789.6624,-2082.4763,41.3049,0.0,-4048.0000999999993,-2041.1713999999997,-6089.1714999999995
105,496.7071,1453.2545,-1102.0498,0.0,0.0,0.0,-1263.8889,-15902.2588,612.0143,11833.121,-2166.3329,41.5211,0.0,-3873.1005999999998,-2124.8118,-5997.912399999999
106,528.1834,1452.268,-1076.8754,0.0,0.0,0.0,-1257.0887,-15922.7625,594.8112,11817.3443,-2158.0161,41.6584,0.0,-3864.1196999999993,-2116.3577,-5980.477399999999
107,552.362,1467.0493,-1113.5566,0.0,0.0,0.0,-1267.7766,-15956.4061,583.5992,11752.2495,-2090.4555,40.5032,0.0,-3982.479299999999,-2049.9523,-6032.431599999999
108,501.3426,1452.0004,-1091.8421,0.0,0.0,0.0,-1284.7385,-16142.6228,627.0081,11851.0276,-1971.1912,40.3487,0.0,-4087.824699999999,-1930.8425,-6018.6672
109,538.7407,1430.1442,-1102.5623,0.0,0.0,0.0,-1243.4149,-16156.1105,600.9985,11759.0389,-1906.724,39.9613,0.0,-4173.1654,-1866.7627,-6039.9281
110,499.8688,1402.0295,-1077.8822,0.0,0.0,0.0,-1281.1051,-15996.2959,604.8059,11826.6995,-2081.5025,40.9138,0.0,-4021.8794999999973,-2040.5887,-6062.4681999999975
111,509.7821,1417.304,-1067.6883,0.0,0.0,0.0,-1282.3269,-16018.5672,595.8417,11800.8602,-2020.9242,40.5745,0.0,-4044.794399999999,-1980.3497,-6025.144099999999
112,506.3131,1408.7868,-1084.1977,0.0,0.0,0.0,-1290.309,-16084.1127,623.6025,11842.3994,-2004.1142,40.1652,0.0,-4077.5175999999974,-1963.949,-6041.466599999997
113,486.7934,1382.3714,-1075.5078,0.0,0.0,0.0,-1267.5982,-15889.3088,610.984,11797.2203,-2175.6332,40.6888,0.0,-3955.0456999999988,-2134.9444000000003,-6089.990099999999
114,474.3524,1453.3985,-1102.6899,0.0,0.0,0.0,-1270.0488,-15964.421,616.9541,11807.6017,-2149.846,40.9153,0.0,-3984.853000000001,-2108.9307,-6093.783700000001
115,520.5549,1389.3589,-1077.763,0.0,0.0,0.0,-1272.8099,-16020.0986,618.9149,11813.0023,-2069.109,40.6308,0.0,-4028.8404999999984,-2028.4782,-6057.318699999999
116,522.0504,1455.0896,-1119.9641,0.0,0.0,0.0,-1261.9451,-16172.6204,610.4904,11845.2353,-1969.0386,40.6941,0.0,-4121.663899999998,-1928.3445000000002,-6050.008399999998
117,535.8396,1459.6782,-1106.5641,0.0,0.0,0.0,-1272.2288,-16000.6413,596.9655,11823.1727,-2116.8691,41.7421,0.0,-3963.7782000000007,-2075.127,-6038.9052
118,519.0598,1426.172,-1119.7858,0.0,0.0,0.0,-1265.635,-16137.0815,602.7881,11895.3533,-2057.9179,41.0285,0.0,-4079.1290999999983,-2016.8894,-6096.018499999998
119,494.2276,1431.3112,-1108.791,0.0,0.0,0.0,-1264.5955,-16009.3411,619.388,11803.5523,-2080.5897,40.8704,0.0,-4034.2484999999997,-2039.7193,-6073.9678
120,520.4888,1421.2772,-1069.9079,0.0,0.0,0.0,-1282.9852,-16004.5395,585.76,11807.895,-2101.349,41.0905,0.0,-4022.0116,-2060.2585000000004,-6082.2701
121,526.5658,1380.475,-1102.7839,0.0,0.0,0.0,-1263.8776,-16115.3676,608.2968,11804.6775,-1983.5862,40.1624,0.0,-4162.014000000001,-1943.4238,-6105.437800000001
122,531.7095,1418.7698,-1098.1122,0.0,0.0,0.0,-1285.5967,-15967.6759,607.0938,11816.1905,-2104.3433,40.8225,0.0,-3977.6211999999996,-2063.5208,-6041.142
123,499.0731,1428.3186,-1104.4312,0.0,0.0,0.0,-1301.6524,-15941.3386,595.8795,11787.3978,-2096.3434,40.3733,0.0,-4036.753200000001,-2055.9701,-6092.723300000001
124,473.8583,1410.9209,-1107.6581,0.0,0.0,0.0,-1280.4136,-15932.3477,606.1188,11825.8243,-2104.607,39.8684,0.0,-4003.6971000000012,-2064.7386,-6068.435700000001
125,491.9573,1414.9042,-1096.0768,0.0,0.0,0.0,-1290.4202,-16016.1357,619.021,11807.4732,-2078.7766,40.8342,0.0,-4069.276999999998,-2037.9424000000001,-6107.219399999998
126,522.7848,1382.929,-1092.6256,0.0,0.0,0.0,-1256.5918,-16166.9111,598.1396,11816.4125,-1984.4625,41.0487,0.0,-4195.8626,-1943.4138,-6139.2764
127,525.729,1442.0424,-1117.9922,0.0,0.0,0.0,-1282.9907,-15971.1623,601.8128,11793.7955,-2104.3105,40.5527,0.0,-4008.7655000000013,-2063.7578,-6072.523300000001
128,492.4545,1438.3928,-1102.7338,0.0,0.0,0.0,-1292.568,-16128.4243,617.2371,11791.5181,-1935.1966,40.8799,0.0,-4184.123599999999,-1894.3167,-6078.440299999999
129,502.8273,1414.1539,-1094.3291,0.0,0.0,0.0,-1260.7104,-15927.0045,587.1575,11779.9775,-2125.5697,40.6373,0.0,-3997.9277999999995,-2084.9324,-6082.860199999999
130,490.5479,1455.6299,-1092.5729,0.0,0.0,0.0,-1246.7617,-16189.6141,608.4451,11744.6411,-1883.1323,40.4149,0.0,-4229.684699999998,-1842.7174,-6072.402099999998
131,494.152,1414.4432,-1113.1172,0.0,0.0,0.0,-1241.4649,-16358.13,617.9339,11838.8064,-1805.2514,40.2523,0.0,-4347.376600000001,-1764.9991,-6112.375700000001
132,495.9446,1420.0379,-1102.9628,0.0,0.0,0.0,-1257.0501,-15971.8303,601.0669,11751.4168,-2039.1971,41.6069,0.0,-4063.3770000000004,-1997.5902,-6060.967200000001
133,512.1904,1447.5876,-1078.1794,0.0,0.0,0.0,-1298.4712,-16089.258,598.4153,11787.6831,-1937.806,40.7696,0.0,-4120.0322,-1897.0364,-6017.0686000000005
134,484.9773,1473.3875,-1112.3078,0.0,0.0,0.0,-1284.7913,-16028.9091,616.6653,11801.7765,-2050.7527,41.2569,0.0,-4049.2016000000003,-2009.4958,-6058.6974
135,489.9869,1433.0974,-1127.4242,0.0,0.0,0.0,-1290.3254,-16087.0908,608.429,11872.5235,-2033.7973,40.3602,0.0,-4100.803599999999,-1993.4370999999999,-6094.240699999999
136,498.3662,1439.5256,-1108.6442,0.0,0.0,0.0,-1281.1536,-16145.1936,599.7263,11824.5935,-1947.6265,40.7541,0.0,-4172.7798,-1906.8724,-6079.6522
137,516.9178,1409.217,-1064.3709,0.0,0.0,0.0,-1258.8718,-16003.9395,601.4973,11781.7162,-2049.0561,41.6122,0.0,-4017.8338999999996,-2007.4438999999998,-6025.2778
138,500.3888,1465.3007,-1102.473,0.0,0.0,0.0,-1289.4147,-16196.4715,610.9193,11845.3653,-1928.7386,40.5826,0.0,-4166.3850999999995,-1888.156,-6054.5410999999995
139,521.4549,1464.8578,-1111.9085,0.0,0.0,0.0,-1289.8208,-16159.1457,608.4814,11801.627,-1945.607,41.6582,0.0,-4164.453899999997,-1903.9488,-6068.402699999997
140,488.9188,1435.9425,-1114.1116,0.0,0.0,0.0,-1255.5775,-16282.4959,613.9596,11850.1414,-1894.1378,41.2615,0.0,-4263.2227,-1852.8763,-6116.099000000001
141,539.6458,1421.504,-1083.1691,0.0,0.0,0.0,-1289.8119,-16041.3137,591.2044,11815.1696,-2048.4693,40.9337,0.0,-4046.7708999999995,-2007.5356000000002,-6054.306500000001
142,497.6098,1409.9979,-1095.4293,0.0,0.0,0.0,-1280.8198,-16068.9212,593.765,11833.6249,-2034.7746,41.6201,0.0,-4110.172700000001,-1993.1544999999999,-6103.327200000001
143,528.1962,1444.5861,-1082.6801,0.0,0.0,0.0,-1299.5863,-16068.4828,602.3511,11803.7275,-2013.5986,41.3382,0.0,-4071.8882999999987,-1972.2604000000001,-6044.148699999999
144,488.5582,1435.2912,-1085.2449,0.0,0.0,0.0,-1299.083,-16251.0105,618.5387,11853.6664,-1889.1486,40.3741,0.0,-4239.283900000002,-1848.7745,-6088.058400000003
145,496.8593,1466.1434,-1097.6983,0.0,0.0,0.0,-1325.4731,-16297.9061,600.4048,11857.7822,-1862.2288,39.7138,0.0,-4299.887799999999,-1822.515,-6122.402799999998
146,478.2084,1436.3359,-1106.7775,0.0,0.0,0.0,-1291.4714,-16177.0992,625.4251,11808.0292,-1945.787,39.4332,0.0,-4227.3495,-1906.3538,-6133.7033
147,524.0973,1458.5315,-1082.1734,0.0,0.0,0.0,-1286.648,-16126.8928,608.2249,11810.6986,-1991.6692,40.5736,0.0,-4094.161900000001,-1951.0956,-6045.2575000000015
148,507.5519,1441.2683,-1093.7433,0.0,0.0,0.0,-1301.0488,-16219.1898,599.6225,11863.7815,-1972.1821,40.0376,0.0,-4201.757700000002,-1932.1444999999999,-6133.902200000002
149,487.2177,1416.9065,-1093.5273,0.0,0.0,0.0,-1266.5698,-16251.5239,618.272,11802.6386,-1867.8948,39.7569,0.0,-4286.5862,-1828.1379,-6114.724099999999
150,524.4177,1449.3039,-1084.4435,0.0,0.0,0.0,-1290.4536,-16114.2848,595.1969,11831.7953,-2037.7166,40.9881,0.0,-4088.4680999999982,-1996.7285,-6085.196599999998
151,464.5746,1451.0027,-1073.9248,0.0,0.0,0.0,-1276.5636,-16265.4639,623.7172,11810.7138,-1883.6996,40.8736,0.0,-4265.944000000001,-1842.826,-6108.770000000001
152,497.6593,1417.5756,-1119.2125,0.0,0.0,0.0,-1244.115,-16148.9867,614.119,11805.5646,-1961.5544,40.7954,0.0,-4177.395700000001,-1920.759,-6098.154700000001
153,554.6079,1375.3228,-1104.7632,0.0,0.0,0.0,-1288.4255,-16302.3573,615.1267,11882.303,-1855.4872,39.7374,0.0,-4268.185600000001,-1815.7498,-6083.9354
154,499.8284,1417.3714,-1096.7196,0.0,0.0,0.0,-1275.7864,-16145.6716,613.6691,11842.8225,-1980.567,40.3897,0.0,-4144.486200000001,-1940.1773,-6084.6635000000015
155,511.3762,1432.4374,-1099.6985,0.0,0.0,0.0,-1293.2603,-16148.9987,617.239,11805.8344,-1944.1048,40.3098,0.0,-4175.0705,-1903.795,-6078.8655
156,508.3307,1416.6111,-1094.4477,0.0,0.0,0.0,-1270.5224,-16252.3859,610.9062,11882.9388,-1890.7208,39.2359,0.0,-4198.5692,-1851.4849000000002,-6050.0541
157,500.3053,1445.7816,-1111.8181,0.0,0.0,0.0,-1298.3174,-16055.5628,610.5273,11776.5925,-2000.6716,39.4197,0.0,-4132.491599999998,-1961.2519,-6093.743499999997
158,563.0822,1411.7724,-1093.0701,0.0,0.0,0.0,-1291.1344,-16231.9043,611.7176,11749.0067,-1846.6191,40.095,0.0,-4280.5298999999995,-1806.5240999999999,-6087.053999999999
159,496.6079,1437.5024,-1099.3236,0.0,0.0,0.0,-1260.9413,-16097.9543,610.9028,11824.3284,-2036.7865,42.0978,0.0,-4088.877699999999,-1994.6887,-6083.5664
160,493.9616,1412.9427,-1103.161,0.0,0.0,0.0,-1261.5392,-16180.3335,602.322,11836.7207,-1920.7528,41.2229,0.0,-4199.086700000002,-1879.5299,-6078.616600000002
161,517.3069,1422.7257,-1094.2255,0.0,0.0,0.0,-1280.3454,-15992.5761,587.5404,11799.4278,-2082.6184,40.4903,0.0,-4040.146199999999,-2042.1281,-6082.274299999998
162,521.6385,1456.2275,-1087.889,0.0,0.0,0.0,-1276.1134,-15976.0117,603.2697,11750.0041,-2049.0286,40.2954,0.0,-4008.8742999999977,-2008.7332000000001,-6017.607499999997
163,495.7435,1451.412,-1080.9074,0.0,0.0,0.0,-1271.8579,-16126.3247,600.0593,11850.7953,-2002.2925,41.0058,0.0,-4081.079899999999,-1961.2867,-6042.3665999999985
164,507.0781,1468.9013,-1080.1776,0.0,0.0,0.0,-1288.1021,-16170.0934,594.2991,11816.9465,-1943.4536,41.0908,0.0,-4151.1481,-1902.3628,-6053.5109
165,483.3381,1406.5411,-1066.5755,0.0,0.0,0.0,-1270.9,-16103.3843,602.8298,11807.2725,-1968.1818,40.3308,0.0,-4140.8783,-1927.851,-6068.729300000001
166,509.1689,1469.6636,-1101.5607,0.0,0.0,0.0,-1269.9005,-16060.288,604.1451,11792.9604,-2038.9958,40.6544,0.0,-4055.811200000002,-1998.3414,-6054.152600000001
167,540.3902,1412.6287,-1098.2926,0.0,0.0,0.0,-1290.38,-16132.7445,615.9191,11829.2499,-1966.5334,40.1065,0.0,-4123.2292,-1926.4269,-6049.6561
168,546.778,1445.9581,-1102.5838,0.0,0.0,0.0,-1264.6913,-16142.0669,598.7548,11790.59,-1974.1507,40.4253,0.0,-4127.261099999998,-1933.7253999999998,-6060.986499999998
169,501.0722,1405.1736,-1104.7063,0.0,0.0,0.0,-1260.5739,-16045.6291,606.1593,11797.4054,-2041.0822,40.4582,0.0,-4101.0988,-2000.624,-6101.7228
170,510.4146,1429.4,-1129.1329,0.0,0.0,0.0,-1254.176,-16204.6466,623.9112,11789.5982,-1883.4089,40.9874,0.0,-4234.631499999998,-1842.4215,-6077.052999999998
171,493.809,1396.1559,-1127.6189,0.0,0.0,0.0,-1269.2429,-16115.6503,606.3627,11814.0814,-1984.0101,41.4207,0.0,-4202.103100000002,-1942.5894,-6144.692500000002
172,502.8397,1410.1958,-1119.5938,0.0,0.0,0.0,-1306.2232,-16026.241,630.9849,11846.9102,-2057.0177,40.6872,0.0,-4061.1273999999994,-2016.3304999999998,-6077.457899999999
173,467.0909,1382.8952,-1113.9648,0.0,0.0,0.0,-1281.9089,-16063.1545,615.0431,11804.5958,-2019.3293,41.558,0.0,-4189.403199999999,-1977.7713,-6167.174499999999
174,511.1534,1441.0948,-1106.4982,0.0,0.0,0.0,-1294.6206,-16067.1761,622.2811,11855.0841,-2070.0613,41.2979,0.0,-4038.681499999999,-2028.7633999999998,-6067.444899999999
175,475.4071,1433.0454,-1106.4834,0.0,0.0,0.0,-1280.571,-16251.2315,611.7729,11824.4968,-1859.3948,40.3067,0.0,-4293.563699999999,-1819.0881,-6112.651799999999
176,493.361,1444.5363,-1106.5569,0.0,0.0,0.0,-1257.7808,-16194.4592,610.73,11896.7712,-1975.5878,41.7915,0.0,-4113.398400000002,-1933.7963,-6047.194700000002
177,520.5584,1429.6497,-1097.9279,0.0,0.0,0.0,-1257.1872,-16035.1023,601.0249,11771.8507,-2025.4767,40.7881,0.0,-4067.1337000000003,-1984.6886,-6051.822300000001
178,541.6995,1469.7857,-1120.7453,0.0,0.0,0.0,-1258.1983,-16097.7641,595.6377,11779.9465,-1987.4537,40.3863,0.0,-4089.6383000000005,-1947.0674000000001,-6036.7057
179,537.3807,1410.8825,-1136.5922,0.0,0.0,0.0,-1240.503,-16126.9729,606.679,11785.7312,-1969.8789,41.8955,0.0,-4163.394699999999,-1927.9833999999998,-6091.378099999999
180,496.5402,1420.8533,-1096.6913,0.0,0.0,0.0,-1289.4146,-16048.4351,633.5684,11817.8708,-2026.1688,40.5653,0.0,-4065.7082999999984,-1985.6035,-6051.311799999998
181,507.7421,1400.4024,-1092.4493,0.0,0.0,0.0,-1284.2347,-16194.8688,610.5038,11907.5343,-1946.5173,40.2974,0.0,-4145.370199999999,-1906.2199,-6051.5900999999985
182,506.0753,1420.098,-1122.2612,0.0,0.0,0.0,-1282.5614,-16026.5805,600.9082,11758.7953,-2008.1473,40.9428,0.0,-4145.526300000001,-1967.2045,-6112.730800000002
183,478.7208,1447.6346,-1094.4566,0.0,0.0,0.0,-1259.0577,-16197.5461,603.2201,11895.5145,-2018.7405,41.0026,0.0,-4125.970399999998,-1977.7379,-6103.708299999998
184,534.7229,1424.0832,-1117.6888,0.0,0.0,0.0,-1262.5207,-16160.2156,599.2888,11776.7056,-1914.0348,40.8608,0.0,-4205.624599999999,-1873.174,-6078.798599999998
185,471.3159,1426.5231,-1074.2298,0.0,0.0,0.0,-1261.5851,-16205.8331,620.037,11836.2015,-1946.9016,41.252,0.0,-4187.570500000002,-1905.6496,-6093.220100000001
186,558.1521,1437.7074,-1137.0616,0.0,0.0,0.0,-1243.4415,-16142.7447,612.4239,11844.9208,-2039.3391,40.5703,0.0,-4070.043599999999,-1998.7687999999998,-6068.812399999999
187,523.5388,1471.334,-1092.518,0.0,0.0,0.0,-1274.1421,-16178.4099,607.7263,11859.3217,-1983.3703,40.4932,0.0,-4083.1492000000017,-1942.8771000000002,-6026.026300000002
188,522.3803,1416.8463,-1108.9452,0.0,0.0,0.0,-1267.8457,-16109.4269,606.2837,11800.3444,-2004.9892,40.5739,0.0,-4140.3631000000005,-1964.4153,-6104.7784
189,509.4379,1431.129,-1102.4038,0.0,0.0,0.0,-1246.448,-16053.4733,602.2511,11832.3979,-2067.765,41.5418,0.0,-4027.109200000001,-2026.2232,-6053.3324
190,507.6782,1456.0303,-1083.2516,0.0,0.0,0.0,-1232.6858,-16132.4278,593.833,11816.7062,-2023.6868,41.6171,0.0,-4074.1174999999985,-1982.0697,-6056.187199999998
191,515.7015,1403.0942,-1092.6564,0.0,0.0,0.0,-1257.3993,-16156.0535,623.6371,11926.8377,-2027.3824,41.3296,0.0,-4036.8387000000002,-1986.0528,-6022.891500000001
192,468.6799,1421.5387,-1083.7713,0.0,0.0,0.0,-1244.0405,-16222.0709,631.0266,11880.994,-1983.1794,40.4014,0.0,-4147.643500000002,-1942.778,-6090.421500000002
193,524.7453,1425.5444,-1095.4076,0.0,0.0,0.0,-1265.4407,-16046.5804,598.4979,11769.3402,-2018.1631,41.5959,0.0,-4089.3008999999984,-1976.5672,-6065.868099999998
194,500.7207,1418.7233,-1112.7629,0.0,0.0,0.0,-1259.6811,-16021.4684,596.9047,11830.7744,-2102.6703,42.4159,0.0,-4046.7892999999985,-2060.2544000000003,-6107.043699999998
195,492.5606,1398.6587,-1099.9433,0.0,0.0,0.0,-1272.7168,-15983.8462,613.0377,11808.8534,-2087.4663,41.6868,0.0,-4043.3958999999995,-2045.7795,-6089.175399999999
196,504.5508,1439.8248,-1108.3224,0.0,0.0,0.0,-1284.5179,-16179.2346,608.9196,11829.7531,-1944.1178,41.1059,0.0,-4189.026600000001,-1903.0119,-6092.0385000000015
197,500.3147,1436.8537,-1106.6061,0.0,0.0,0.0,-1279.2887,-16060.7294,605.451,11821.6038,-2059.5131,41.5939,0.0,-4082.400999999998,-2017.9192,-6100.320199999998
198,518.1059,1444.7401,-1105.7204,0.0,0.0,0.0,-1266.5441,-16105.9244,607.35,11825.1579,-2001.9834,41.6533,0.0,-4082.834999999999,-1960.3301000000001,-6043.165099999999
199,484.3557,1421.2232,-1103.602,0.0,0.0,0.0,-1271.5675,-15943.7336,601.0339,11781.9234,-2131.087,41.4735,0.0,-4030.366899999999,-2089.6135,-6119.980399999999
200,506.8019,1391.4271,-1034.1058,0.0,0.0,0.0,-1278.2488,-16040.8906,613.7295,11829.0798,-2092.0784,41.1274,0.0,-4012.206900000003,-2050.951,-6063.157900000003
201,514.3539,1442.3591,-1085.5746,0.0,0.0,0.0,-1246.403,-15926.1721,597.4828,11793.8265,-2170.163,41.2644,0.0,-3910.127400000001,-2128.8986,-6039.026000000002
202,566.426,1390.1789,-1090.6312,0.0,0.0,0.0,-1283.1716,-15981.4463,602.8126,11833.9165,-2135.1753,40.8137,0.0,-3961.9151,-2094.3615999999997,-6056.2767
203,511.7041,1425.6784,-1097.6117,0.0,0.0,0.0,-1303.7032,-15925.3078,617.6504,11832.8503,-2148.5018,41.2129,0.0,-3938.7394999999997,-2107.2889,-6046.028399999999
204,546.23,1393.7427,-1094.9571,0.0,0.0,0.0,-1292.3677,-15897.0329,576.1808,11824.0644,-2208.2343,41.3296,0.0,-3944.139800000001,-2166.9047,-6111.044500000001
205,502.1032,1431.3789,-1106.77,0.0,0.0,0.0,-1273.1899,-16171.6242,604.9212,11838.3172,-1997.0933,39.7384,0.0,-4174.863599999999,-1957.3549,-6132.218499999999
206,467.669,1424.9762,-1079.061,0.0,0.0,0.0,-1299.233,-16194.1655,598.1062,11856.2133,-1924.1055,39.7519,0.0,-4225.494799999999,-1884.3536,-6109.848399999998
207,528.4567,1407.212,-1104.6966,0.0,0.0,0.0,-1264.9791,-16049.0686,588.2744,11801.395,-2061.093,41.3259,0.0,-4093.4061999999994,-2019.7670999999998,-6113.1732999999995
208,467.5471,1412.0378,-1111.9139,0.0,0.0,0.0,-1272.2068,-16050.0906,626.1737,11850.3257,-2061.506,41.94,0.0,-4078.127000000002,-2019.5659999999998,-6097.693000000002
209,521.721,1439.1936,-1083.2825,0.0,0.0,0.0,-1277.0154,-16088.114,608.9446,11826.842,-2032.1336,41.2425,0.0,-4051.710699999998,-1990.8910999999998,-6042.601799999998
210,516.2648,1471.5422,-1081.4463,0.0,0.0,0.0,-1268.3942,-16008.3398,594.6572,11727.236,-2025.2266,40.587,0.0,-4048.480099999999,-1984.6396,-6033.119699999998
211,525.1792,1407.1698,-1104.5516,0.0,0.0,0.0,-1297.1835,-16086.0294,620.1271,11793.4118,-1954.4807,39.9843,0.0,-4141.8766,-1914.4964,-6056.373
212,495.0871,1486.2795,-1119.5977,0.0,0.0,0.0,-1289.3676,-16200.6726,614.5682,11798.1918,-1888.0403,39.682,0.0,-4215.5113,-1848.3582999999999,-6063.8696
213,510.3673,1426.0117,-1120.5743,0.0,0.0,0.0,-1267.056,-16286.6176,607.5495,11822.1371,-1813.2876,39.4066,0.0,-4308.182300000002,-1773.881,-6082.063300000002
214,502.1495,1454.8188,-1107.6688,0.0,0.0,0.0,-1291.7416,-16162.6641,615.5146,11770.4762,-1935.1521,40.4342,0.0,-4219.115399999999,-1894.7179,-6113.833299999999
215,490.3037,1409.295,-1107.6396,0.0,0.0,0.0,-1277.0647,-16106.8772,617.2362,11867.6165,-1991.9021,39.8013,0.0,-4107.130100000002,-1952.1008,-6059.230900000002
216,518.7559,1469.683,-1106.3287,0.0,0.0,0.0,-1264.6981,-16244.6935,609.1894,11818.0935,-1901.3704,40.3467,0.0,-4199.9985,-1861.0237,-6061.022199999999
217,531.7724,1406.1043,-1082.6833,0.0,0.0,0.0,-1282.7363,-16211.6311,602.2724,11815.3981,-1893.7249,40.3704,0.0,-4221.503499999999,-1853.3545,-6074.857999999999
218,527.7552,1402.2067,-1114.0259,0.0,0.0,0.0,-1285.9917,-16087.9617,620.0951,11886.8428,-2035.7887,40.4597,0.0,-4051.0795,-1995.3290000000002,-6046.4085
219,502.2871,1439.9093,-1075.1838,0.0,0.0,0.0,-1254.6428,-16251.1562,621.8565,11815.988,-1874.8919,39.8592,0.0,-4200.941900000002,-1835.0327,-6035.974600000002
220,534.5007,1414.4252,-1111.9822,0.0,0.0,0.0,-1271.9993,-16242.5838,611.4256,11826.3158,-1845.3207,39.6511,0.0,-4239.897999999999,-1805.6696,-6045.567599999999
221,469.7544,1459.6463,-1084.3298,0.0,0.0,0.0,-1271.4478,-16232.8655,612.7939,11782.8517,-1836.9648,39.6419,0.0,-4263.596799999999,-1797.3229,-6060.9196999999995
222,495.9791,1454.249,-1096.7327,0.0,0.0,0.0,-1269.3312,-16009.8401,611.963,11732.2319,-2001.2336,40.0558,0.0,-4081.480999999998,-1961.1778,-6042.658799999997
223,477.2965,1387.9182,-1100.1278,0.0,0.0,0.0,-1273.7614,-15935.0226,619.4939,11765.0811,-2063.0193,40.4781,0.0,-4059.1221000000023,-2022.5412,-6081.663300000002
224,507.6437,1437.4212,-1105.6302,0.0,0.0,0.0,-1258.256,-16245.4775,601.464,11794.5666,-1817.49,39.834,0.0,-4268.2682,-1777.656,-6045.9242
225,508.484,1461.1864,-1106.0083,0.0,0.0,0.0,-1279.1096,-16149.7212,590.0916,11797.8298,-1950.094,39.9688,0.0,-4177.247299999999,-1910.1252,-6087.3724999999995
226,508.7912,1407.8245,-1142.425,0.0,0.0,0.0,-1275.3767,-16193.262,594.4721,11797.1037,-1869.8335,39.9329,0.0,-4302.872200000002,-1829.9006,-6132.772800000002
227,533.6479,1420.0153,-1097.529,0.0,0.0,0.0,-1260.7325,-16127.2754,596.292,11831.523,-1967.5688,40.6548,0.0,-4104.058700000001,-1926.914,-6030.972700000001
228,485.4918,1445.6368,-1104.6071,0.0,0.0,0.0,-1275.4152,-16180.3367,605.9137,11849.209,-1961.512,39.7209,0.0,-4174.1077000000005,-1921.7911,-6095.8988
229,533.2883,1401.0446,-1090.145,0.0,0.0,0.0,-1276.1664,-16136.729,602.8102,11788.9008,-1922.1336,41.2815,0.0,-4176.996500000001,-1880.8520999999998,-6057.848600000001
230,495.8262,1443.7883,-1100.1063,0.0,0.0,0.0,-1265.8168,-16312.3811,611.3689,11856.5447,-1831.5981,40.0152,0.0,-4270.776099999999,-1791.5828999999999,-6062.3589999999995
231,512.4944,1386.9609,-1104.0547,0.0,0.0,0.0,-1283.0984,-16212.4766,595.9799,11805.6611,-1815.3643,40.0813,0.0,-4298.5334,-1775.283,-6073.816400000001
232,484.2232,1391.1769,-1099.8869,0.0,0.0,0.0,-1292.0302,-16109.4048,605.7359,11812.8048,-1948.8707,40.7629,0.0,-4207.3811000000005,-1908.1078,-6115.4889
233,522.8335,1435.9804,-1090.6038,0.0,0.0,0.0,-1239.3582,-16186.3972,615.2331,11815.6358,-1891.1651,40.1499,0.0,-4126.6763999999985,-1851.0151999999998,-5977.691599999998
234,551.2363,1423.2784,-1090.7736,0.0,0.0,0.0,-1251.7907,-16093.7338,603.5387,11789.1663,-1988.5182,40.3129,0.0,-4069.0784000000003,-1948.2053,-6017.283700000001
235,508.7408,1405.2061,-1076.6286,0.0,0.0,0.0,-1279.8391,-16170.9251,617.5612,11878.5882,-1970.09,40.117,0.0,-4117.296499999999,-1929.973,-6047.2694999999985
236,514.364,1432.9776,-1104.9385,0.0,0.0,0.0,-1288.2639,-16121.8013,603.3867,11767.248,-1909.0862,41.0882,0.0,-4197.027399999999,-1867.998,-6065.025399999999
237,523.0486,1419.3858,-1093.9964,0.0,0.0,0.0,-1281.0343,-16122.3037,602.5122,11840.1422,-1972.9266,41.6063,0.0,-4112.245600000002,-1931.3203,-6043.565900000001
238,544.7139,1374.9987,-1068.5632,0.0,0.0,0.0,-1284.3054,-16248.0816,615.3536,11833.518,-1881.2074,39.291,0.0,-4232.366,-1841.9164,-6074.2824
239,508.5843,1424.3094,-1097.5077,0.0,0.0,0.0,-1277.6038,-16131.7664,615.3355,11825.2528,-1983.6867,40.0488,0.0,-4133.3958999999995,-1943.6379,-6077.0338
240,496.43,1452.4684,-1049.7683,0.0,0.0,0.0,-1295.1914,-16095.5491,599.4253,11812.0236,-2034.9385,41.697,0.0,-4080.1615,-1993.2415,-6073.403
241,514.0825,1376.311,-1096.2723,0.0,0.0,0.0,-1260.7512,-16214.0635,614.9385,11853.2355,-1927.2358,40.9221,0.0,-4212.5195,-1886.3137,-6098.833200000001
242,492.6972,1432.8501,-1113.3959,0.0,0.0,0.0,-1275.85,-15992.5336,599.9276,11787.0699,-2061.8854,40.9298,0.0,-4069.234699999999,-2020.9556000000002,-6090.190299999999
243,502.5917,1420.4803,-1092.2541,0.0,0.0,0.0,-1270.8188,-16184.9959,613.9936,11891.1528,-1986.2909,39.7322,0.0,-4119.850400000001,-1946.5587,-6066.409100000001
244,482.7046,1430.0695,-1132.5613,0.0,0.0,0.0,-1274.9545,-16097.3874,616.5055,11831.3062,-2008.6828,40.8617,0.0,-4144.317399999998,-1967.8211000000001,-6112.138499999998
245,545.6764,1413.2651,-1099.0742,0.0,0.0,0.0,-1259.4824,-16265.0958,627.8226,11836.1375,-1884.3298,39.8208,0.0,-4200.750799999998,-1844.509,-6045.259799999997
246,518.5249,1411.6335,-1096.1088,0.0,0.0,0.0,-1279.2191,-16204.5548,602.9825,11886.5002,-1927.8457,40.0044,0.0,-4160.241600000001,-1887.8413,-6048.082900000001
247,509.6732,1471.2471,-1109.9983,0.0,0.0,0.0,-1274.1625,-16174.3298,605.2865,11839.5573,-1947.5048,40.4845,0.0,-4132.726499999999,-1907.0203,-6039.746799999999
248,497.5253,1428.7515,-1108.043,0.0,0.0,0.0,-1262.548,-16108.9482,626.8749,11869.5294,-2058.7775,40.8139,0.0,-4056.8580999999995,-2017.9636,-6074.8216999999995
249,504.0066,1407.3477,-1126.4125,0.0,0.0,0.0,-1253.1561,-16333.7207,622.5415,11908.6796,-1873.3081,40.1534,0.0,-4270.7139000000025,-1833.1547,-6103.8686000000025
250,535.3694,1448.5267,-1084.1224,0.0,0.0,0.0,-1255.0763,-16133.1024,604.7929,11755.5444,-1929.2273,41.2185,0.0,-4128.067699999998,-1888.0088,-6016.076499999998
251,523.1809,1429.3965,-1071.4348,0.0,0.0,0.0,-1218.7661,-16141.5943,610.2408,11776.9898,-1982.9652,40.8314,0.0,-4091.987200000003,-1942.1338,-6034.121000000004
252,528.2754,1448.2126,-1089.0608,0.0,0.0,0.0,-1274.7844,-16218.682,592.8468,11813.7246,-1951.6283,40.7236,0.0,-4199.4678,-1910.9047,-6110.3725
253,505.0346,1418.2617,-1061.2991,0.0,0.0,0.0,-1275.8666,-16175.3103,614.0827,11852.6636,-1969.3559,41.8442,0.0,-4122.4334,-1927.5117,-6049.945100000001
254,516.5381,1424.956,-1099.9277,0.0,0.0,0.0,-1280.6701,-16111.8947,608.9252,11888.3483,-2078.4257,40.7897,0.0,-4053.724900000001,-2037.6359999999997,-6091.360900000001
255,495.2721,1442.9874,-1088.6004,0.0,0.0,0.0,-1265.2014,-16163.4212,595.474,11798.5014,-1974.5496,40.4751,0.0,-4184.988100000002,-1934.0745000000002,-6119.062600000003
256,462.9536,1446.6653,-1087.5224,0.0,0.0,0.0,-1272.6857,-16075.4025,617.3473,11799.812,-2043.0359,41.305,0.0,-4108.832399999999,-2001.7309,-6110.563299999999
257,513.5469,1413.8529,-1098.1846,0.0,0.0,0.0,-1262.9339,-16000.8884,622.6246,11824.0683,-2103.5375,41.6869,0.0,-3987.914200000001,-2061.8505999999998,-6049.764800000002
258,493.6334,1404.2215,-1064.1013,0.0,0.0,0.0,-1262.5503,-16111.9781,628.5515,11836.5726,-2039.0492,41.4122,0.0,-4075.6507,-1997.637,-6073.2877
259,516.9981,1438.193,-1111.8843,0.0,0.0,0.0,-1268.7003,-16078.634,613.7271,11832.4846,-2070.552,40.335,0.0,-4057.8158000000003,-2030.217,-6088.0328
260,504.9167,1408.1883,-1100.7501,0.0,0.0,0.0,-1264.8185,-16130.8876,615.7384,11867.1044,-2052.2416,41.3057,0.0,-4100.508400000001,-2010.9359,-6111.4443
261,494.6941,1439.0721,-1120.5656,0.0,0.0,0.0,-1299.4714,-16155.2008,596.3026,11871.5462,-1978.8439,40.6276,0.0,-4173.622800000001,-1938.2163,-6111.839100000001
262,536.0474,1418.7123,-1091.8982,0.0,0.0,0.0,-1278.0195,-16193.8969,599.949,11836.8102,-1951.1588,40.4649,0.0,-4172.295699999999,-1910.6939,-6082.989599999999
263,519.9981,1394.8071,-1113.2346,0.0,0.0,0.0,-1242.5449,-16174.0592,610.8133,11880.9789,-2026.968,41.0314,0.0,-4123.2413000000015,-1985.9366,-6109.1779000000015
264,529.3618,1492.1968,-1084.2174,0.0,0.0,0.0,-1272.603,-16191.0807,601.8047,11795.0971,-1933.808,41.086,0.0,-4129.440699999997,-1892.722,-6022.162699999997
265,502.2911,1398.1479,-1107.3909,0.0,0.0,0.0,-1261.2552,-16233.5594,625.0034,11822.5856,-1890.3534,39.7676,0.0,-4254.177500000002,-1850.5858,-6104.763300000001
266,477.0348,1436.5245,-1096.5774,0.0,0.0,0.0,-1259.2951,-16259.4305,610.8641,11858.078,-1885.8189,40.3344,0.0,-4232.801599999999,-1845.4845,-6078.286099999999
267,526.9771,1396.6817,-1106.6286,0.0,0.0,0.0,-1297.5485,-16132.9446,620.548,11847.5158,-1995.9319,40.6437,0.0,-4145.399100000002,-1955.2882,-6100.687300000002
268,531.9249,1420.515,-1084.0482,0.0,0.0,0.0,-1284.555,-16110.8186,604.4061,11792.2445,-1968.8879,40.4307,0.0,-4130.331299999998,-1928.4571999999998,-6058.788499999998
269,473.8787,1427.7623,-1138.1495,0.0,0.0,0.0,-1301.5284,-16217.6594,623.3366,11945.4762,-1981.1496,40.114,0.0,-4186.8835,-1941.0356,-6127.9191
270,489.5346,1438.8862,-1088.8214,0.0,0.0,0.0,-1254.4779,-16281.0968,609.9192,11837.3969,-1879.9905,39.9115,0.0,-4248.659199999998,-1840.0790000000002,-6088.738199999998
271,533.4187,1408.7984,-1115.6449,0.0,0.0,0.0,-1292.0047,-16190.4691,593.8695,11841.1345,-1943.8957,40.0431,0.0,-4220.8976,-1903.8526,-6124.7502
272,512.2778,1464.4803,-1105.1297,0.0,0.0,0.0,-1284.1389,-16376.4187,596.5746,11834.5019,-1773.6684,39.4478,0.0,-4357.8526999999995,-1734.2206,-6092.0733
273,472.9247,1450.8457,-1121.1841,0.0,0.0,0.0,-1254.3475,-16276.5788,615.2165,11807.4714,-1850.941,40.3098,0.0,-4305.652099999999,-1810.6312,-6116.283299999999
274,532.0497,1423.913,-1112.2807,0.0,0.0,0.0,-1301.9605,-16220.6154,584.8235,11797.4148,-1873.774,39.4884,0.0,-4296.655599999998,-1834.2856,-6130.9411999999975
275,510.799,1394.4174,-1103.276,0.0,0.0,0.0,-1259.8032,-16165.0143,597.037,11809.5834,-1991.5557,40.2052,0.0,-4216.256700000002,-1951.3504999999998,-6167.607200000001
276,523.0316,1423.1342,-1102.6311,0.0,0.0,0.0,-1287.571,-16249.2523,621.0072,11825.1909,-1896.7407,39.7863,0.0,-4247.0905,-1856.9544,-6104.044900000001
277,512.3452,1425.0696,-1102.2645,0.0,0.0,0.0,-1260.4146,-16309.8542,630.1959,11871.1025,-1865.5289,39.1403,0.0,-4233.820099999999,-1826.3886,-6060.208699999999
278,474.5199,1478.2176,-1113.3647,0.0,0.0,0.0,-1290.4108,-16290.3056,614.8878,11870.9046,-1854.2407,39.7662,0.0,-4255.5512,-1814.4745,-6070.0257
279,487.9876,1414.4046,-1108.5583,0.0,0.0,0.0,-1320.1119,-16220.3644,607.7748,11878.6002,-1889.7247,39.7782,0.0,-4260.267400000001,-1849.9465,-6110.213900000001
280,539.9897,1408.4081,-1103.7776,0.0,0.0,0.0,-1281.8526,-16305.9358,618.8227,11860.0492,-1850.8148,40.3528,0.0,-4264.2963,-1810.462,-6074.7583
281,507.9123,1427.366,-1068.0217,0.0,0.0,0.0,-1295.2619,-16147.7377,603.825,11805.2558,-1941.3474,40.6257,0.0,-4166.662199999997,-1900.7217,-6067.383899999998
282,514.3117,1384.5089,-1111.0814,0.0,0.0,0.0,-1272.176,-16254.6765,614.8571,11864.454,-1892.1348,40.6023,0.0,-4259.802200000002,-1851.5325,-6111.334700000002
283,537.4541,1475.9947,-1085.733,0.0,0.0,0.0,-1285.1787,-16260.7741,604.5784,11822.4083,-1875.6587,39.6728,0.0,-4191.2503000000015,-1835.9859,-6027.236200000001
284,494.9207,1388.025,-1117.0422,0.0,0.0,0.0,-1320.1505,-16200.3986,607.9698,11872.0015,-1928.9182,39.7796,0.0,-4274.674299999999,-1889.1386,-6163.812899999999
285,509.5374,1435.3272,-1077.2048,0.0,0.0,0.0,-1315.2327,-16393.7675,617.5269,11826.5044,-1727.1832,38.9196,0.0,-4397.3091,-1688.2636,-6085.5727
286,541.379,1472.2167,-1118.4855,0.0,0.0,0.0,-1314.0141,-16197.2491,615.1622,11832.4975,-1924.5791,39.5463,0.0,-4168.493300000002,-1885.0328,-6053.526100000002
287,491.7201,1440.5301,-1100.8131,0.0,0.0,0.0,-1317.8983,-16213.3713,617.0185,11833.5568,-1901.7523,40.3186,0.0,-4249.2572,-1861.4337,-6110.6909000000005
288,515.3331,1379.2457,-1065.6675,0.0,0.0,0.0,-1274.6857,-16155.1025,603.3244,11821.0745,-1957.6986,39.8696,0.0,-4176.478000000003,-1917.829,-6094.3070000000025
289,511.9566,1454.9803,-1083.3385,0.0,0.0,0.0,-1306.6931,-16091.3235,607.6984,11826.4762,-2016.9008,39.662,0.0,-4080.2436000000016,-1977.2387999999999,-6057.482400000001
290,505.6568,1425.3109,-1061.2617,0.0,0.0,0.0,-1280.5448,-16290.5799,595.4573,11807.3241,-1813.6714,39.6058,0.0,-4298.637300000002,-1774.0656,-6072.702900000002
291,516.4089,1399.9454,-1135.7785,0.0,0.0,0.0,-1285.8364,-16173.672,610.8945,11844.4986,-1948.3515,40.7006,0.0,-4223.539499999999,-1907.6509,-6131.190399999999
292,527.8581,1428.6513,-1106.6168,0.0,0.0,0.0,-1315.4916,-16228.6715,595.6158,11801.7357,-1862.6902,40.2219,0.0,-4296.919,-1822.4683,-6119.3873
293,481.6069,1393.9286,-1124.3863,0.0,0.0,0.0,-1251.5821,-16255.2857,605.8124,11821.284,-1899.6473,39.5514,0.0,-4328.6222,-1860.0959,-6188.7181
294,512.0583,1409.1924,-1095.1684,0.0,0.0,0.0,-1254.7279,-16346.8886,615.9307,11856.2003,-1855.3866,39.825,0.0,-4303.403200000001,-1815.5616,-6118.964800000001
295,483.62,1398.0432,-1057.4334,0.0,0.0,0.0,-1313.0918,-16221.286,615.6467,11874.1509,-1933.8536,39.999,0.0,-4220.350400000001,-1893.8546,-6114.205000000002
296,502.0054,1485.5241,-1067.0983,0.0,0.0,0.0,-1277.7498,-16331.4018,626.6929,11858.2325,-1844.9415,39.5996,0.0,-4203.794999999998,-1805.3419,-6009.136899999999
297,499.2349,1439.3399,-1084.5766,0.0,0.0,0.0,-1307.2015,-16208.1192,610.3436,11830.8534,-1913.3483,40.9185,0.0,-4220.125499999998,-1872.4298000000001,-6092.555299999998
298,517.7011,1433.0852,-1131.7419,0.0,0.0,0.0,-1256.4608,-16070.6371,601.9515,11802.781,-2025.5468,40.0584,0.0,-4103.321000000002,-1985.4884000000002,-6088.809400000002
299,516.4662,1411.6218,-1118.5154,0.0,0.0,0.0,-1296.0177,-16168.6199,614.1812,11854.9637,-1969.5694,40.0645,0.0,-4185.920099999999,-1929.5049000000001,-6115.424999999999
300,494.0126,1418.8654,-1098.7374,0.0,0.0,0.0,-1301.8507,-16295.7857,610.1216,11828.8387,-1832.5439,39.9014,0.0,-4344.5355,-1792.6425,-6137.178
301,489.1286,1421.2599,-1085.0599,0.0,0.0,0.0,-1288.7727,-16246.7545,618.227,11823.4072,-1907.2848,39.4647,0.0,-4268.564399999999,-1867.8201,-6136.384499999998
302,523.2461,1438.3863,-1118.3579,0.0,0.0,0.0,-1260.1124,-16331.508,601.0486,11901.1928,-1918.606,39.4614,0.0,-4246.1044999999995,-1879.1446,-6125.249099999999
303,517.4667,1396.0523,-1082.6198,0.0,0.0,0.0,-1313.426,-16269.2402,624.0706,11862.5809,-1886.2165,38.8006,0.0,-4265.1155,-1847.4159,-6112.531400000001
304,481.0153,1437.7461,-1110.734,0.0,0.0,0.0,-1304.4469,-16336.7641,612.662,11829.5566,-1799.5424,38.5323,0.0,-4390.965,-1761.0101,-6151.975100000001
305,537.0265,1422.6656,-1110.0419,0.0,0.0,0.0,-1299.7921,-16250.9467,610.2746,11856.4976,-1897.3914,39.6695,0.0,-4234.316399999998,-1857.7219,-6092.038299999998
306,500.4427,1423.8799,-1110.214,0.0,0.0,0.0,-1295.6984,-16155.4214,618.3677,11883.74,-1979.5755,40.1248,0.0,-4134.9035,-1939.4506999999999,-6074.354200000001
307,471.2739,1437.3432,-1090.1783,0.0,0.0,0.0,-1291.4722,-16176.1722,607.4444,11804.1276,-1909.9453,40.6207,0.0,-4237.633600000001,-1869.3246000000001,-6106.958200000001
308,491.0501,1372.2448,-1099.1543,0.0,0.0,0.0,-1283.9343,-16195.8419,615.0056,11866.0029,-1954.6204,40.5185,0.0,-4234.627099999998,-1914.1019000000001,-6148.7289999999975
309,511.7497,1378.7255,-1101.2493,0.0,0.0,0.0,-1286.1559,-16115.9104,598.9769,11787.7554,-1968.6824,40.4299,0.0,-4226.108100000001,-1928.2524999999998,-6154.360600000001
310,540.5726,1423.9464,-1107.0448,0.0,0.0,0.0,-1277.711,-16145.954,616.7937,11836.1529,-1986.126,40.5593,0.0,-4113.244200000001,-1945.5667,-6058.810900000001
311,503.9263,1496.2635,-1106.1044,0.0,0.0,0.0,-1298.4175,-16155.2871,590.4813,11858.0609,-1970.9121,41.0043,0.0,-4111.077000000001,-1929.9078,-6040.984800000001
312,537.1496,1469.9904,-1110.5896,0.0,0.0,0.0,-1306.5138,-16080.3248,599.0816,11849.8413,-2038.8264,40.496,0.0,-4041.3652999999995,-1998.3303999999998,-6039.695699999999
313,491.0462,1402.8111,-1106.8406,0.0,0.0,0.0,-1294.6591,-16135.9515,600.4174,11851.8641,-1979.9193,40.9083,0.0,-4191.312399999999,-1939.011,-6130.323399999998
314,481.4206,1425.8967,-1099.2002,0.0,0.0,0.0,-1285.4508,-16163.7074,611.3786,11860.5818,-1966.2746,40.0058,0.0,-4169.080699999999,-1926.2688,-6095.349499999998
315,515.9858,1407.2138,-1086.0015,0.0,0.0,0.0,-1270.9762,-16333.02,604.7616,11859.3137,-1855.1864,39.6755,0.0,-4302.7228,-1815.5109,-6118.2337
316,537.7538,1443.8872,-1119.6713,0.0,0.0,0.0,-1283.2275,-16327.9117,629.0208,11867.1459,-1869.4764,40.9191,0.0,-4253.0028,-1828.5573,-6081.5601
317,515.5001,1393.4881,-1072.0634,0.0,0.0,0.0,-1298.3361,-16239.3868,625.6439,11868.9693,-1921.4395,39.9606,0.0,-4206.1849,-1881.4789,-6087.6638
318,521.3918,1472.9003,-1070.3081,0.0,0.0,0.0,-1279.1338,-16329.7556,623.8557,11843.7956,-1828.4521,39.817,0.0,-4217.2541,-1788.6351,-6005.8892000000005
319,522.4457,1414.2649,-1063.1714,0.0,0.0,0.0,-1291.7903,-16352.5895,575.1104,11809.5664,-1778.8815,40.4119,0.0,-4386.1638,-1738.4696,-6124.6334
320,549.8359,1454.2848,-1109.2084,0.0,0.0,0.0,-1268.4576,-16042.4155,597.3535,11784.3247,-2037.2661,40.9497,0.0,-4034.2826000000023,-1996.3164000000002,-6030.599000000002
321,551.7107,1470.5615,-1087.4439,0.0,0.0,0.0,-1269.3011,-16130.7486,593.0659,11756.7137,-1946.216,40.798,0.0,-4115.441800000002,-1905.418,-6020.859800000003
322,488.453,1434.7639,-1091.2693,0.0,0.0,0.0,-1299.8045,-16260.372,617.6025,11838.4394,-1835.1587,40.2174,0.0,-4272.186999999998,-1794.9413,-6067.1282999999985
323,511.649,1482.7334,-1092.4096,0.0,0.0,0.0,-1257.9375,-16435.0836,626.3237,11842.5242,-1730.9449,39.5285,0.0,-4322.2004000000015,-1691.4164,-6013.616800000002
324,512.4659,1411.16,-1069.4494,0.0,0.0,0.0,-1290.8006,-16310.4039,623.6698,11776.7667,-1795.0266,40.0593,0.0,-4346.591499999999,-1754.9673,-6101.558799999999
325,486.6551,1429.9238,-1092.0184,0.0,0.0,0.0,-1259.1259,-16171.6764,623.6445,11824.5497,-1960.7827,40.9015,0.0,-4158.0476,-1919.8812,-6077.9288
326,522.8689,1440.7053,-1115.6445,0.0,0.0,0.0,-1278.4422,-16197.0957,618.3085,11842.3548,-1951.3683,40.6973,0.0,-4166.9449,-1910.671,-6077.615900000001
327,491.407,1425.4955,-1078.72,0.0,0.0,0.0,-1277.3155,-16326.1683,606.4543,11880.5979,-1849.8185,40.113,0.0,-4278.249099999999,-1809.7055,-6087.954599999999
328,498.5479,1410.9674,-1080.6451,0.0,0.0,0.0,-1280.6155,-16310.2019,602.7182,11845.8867,-1847.3376,40.0514,0.0,-4313.3423,-1807.2862,-6120.6285
329,493.3346,1417.4006,-1111.6193,0.0,0.0,0.0,-1320.1404,-16212.2228,607.1373,11843.884,-1896.8216,40.0673,0.0,-4282.225999999999,-1856.7543,-6138.980299999999
330,486.2005,1444.1423,-1090.3221,0.0,0.0,0.0,-1288.139,-16202.7775,603.5263,11824.6056,-1903.2874,40.2399,0.0,-4222.763899999998,-1863.0475,-6085.811399999999
331,499.0418,1411.4272,-1067.0316,0.0,0.0,0.0,-1308.6003,-16164.0478,602.248,11820.7422,-1935.3938,40.3717,0.0,-4206.220499999999,-1895.0221000000001,-6101.2426
332,534.9353,1377.6797,-1088.364,0.0,0.0,0.0,-1270.0637,-16093.5469,597.0596,11765.4112,-1956.8618,40.3623,0.0,-4176.888799999999,-1916.4995,-6093.388299999999
333,521.3156,1395.8189,-1075.1337,0.0,0.0,0.0,-1284.4992,-16224.8637,604.4558,11834.5351,-1925.0989,40.2499,0.0,-4228.3712,-1884.849,-6113.2202
334,535.2287,1435.6051,-1082.8455,0.0,0.0,0.0,-1282.4926,-16243.6412,586.0549,11813.0197,-1889.5217,39.5008,0.0,-4239.070899999999,-1850.0209,-6089.091799999999
335,513.2241,1481.4492,-1112.5323,0.0,0.0,0.0,-1291.9721,-16252.1272,609.4509,11849.4242,-1905.0609,39.569,0.0,-4203.083200000003,-1865.4919,-6068.575100000003
336,498.1068,1446.8119,-1084.7879,0.0,0.0,0.0,-1299.837,-16195.1977,608.7278,11864.4769,-1961.9044,40.3864,0.0,-4161.699200000001,-1921.5179999999998,-6083.2172
337,520.2176,1427.1169,-1064.9115,0.0,0.0,0.0,-1279.5501,-16223.0077,614.854,11880.3361,-1940.3632,40.7504,0.0,-4124.9447,-1899.6128,-6024.5575
338,492.7557,1423.8686,-1097.6913,0.0,0.0,0.0,-1298.7231,-16248.4187,602.1516,11822.7954,-1860.3611,39.8798,0.0,-4303.2618,-1820.4813000000001,-6123.743100000001
339,512.918,1419.2145,-1084.8663,0.0,0.0,0.0,-1290.5283,-16253.1626,606.3272,11867.5881,-1875.7544,40.4673,0.0,-4222.509399999999,-1835.2871,-6057.796499999999
340,504.731,1433.3375,-1126.3393,0.0,0.0,0.0,-1277.741,-16283.241,609.6229,11875.8571,-1853.5399,40.2855,0.0,-4263.772799999999,-1813.2544,-6077.027199999999
341,528.9999,1489.4139,-1126.5809,0.0,0.0,0.0,-1274.1789,-16013.578,610.7955,11722.1569,-1994.7852,40.2415,0.0,-4062.971599999999,-1954.5437,-6017.515299999999
342,535.1105,1371.5265,-1084.0973,0.0,0.0,0.0,-1301.5578,-16166.5788,621.8551,11884.9104,-1999.1877,39.4685,0.0,-4138.831399999999,-1959.7192,-6098.5506
343,481.2366,1485.1492,-1086.5285,0.0,0.0,0.0,-1299.9429,-16233.5829,606.9714,11838.5399,-1914.5992,39.1315,0.0,-4208.1572,-1875.4677000000001,-6083.6249
344,500.2077,1409.0464,-1087.7279,0.0,0.0,0.0,-1262.5528,-16149.4331,619.5227,11835.4687,-1981.9807,40.4211,0.0,-4135.4683,-1941.5596,-6077.027900000001
345,477.6422,1424.189,-1138.9758,0.0,0.0,0.0,-1263.023,-16220.5409,598.6604,11838.8447,-1934.384,39.6919,0.0,-4283.2034,-1894.6921,-6177.8955000000005
346,516.7878,1459.5161,-1113.7612,0.0,0.0,0.0,-1265.2385,-16177.4346,619.4224,11844.1133,-1996.5825,41.069,0.0,-4116.5947000000015,-1955.5135,-6072.1082000000015
347,510.5071,1415.9518,-1102.4407,0.0,0.0,0.0,-1271.6573,-16230.6547,615.0296,11860.3199,-1921.4307,40.2774,0.0,-4202.944299999999,-1881.1533,-6084.097599999999
348,494.4765,1424.7428,-1086.27,0.0,0.0,0.0,-1309.6732,-16311.3927,606.8092,11862.0418,-1801.3278,39.4942,0.0,-4319.265600000001,-1761.8336,-6081.099200000001
349,499.5974,1481.7242,-1079.9379,0.0,0.0,0.0,-1325.876,-16248.6738,610.4358,11824.897,-1861.6737,38.7989,0.0,-4237.833299999998,-1822.8748,-6060.708099999999
350,519.2239,1415.5653,-1075.914,0.0,0.0,0.0,-1282.3699,-16131.8554,602.7915,11795.2277,-1976.81,39.9835,0.0,-4157.330900000001,-1936.8265,-6094.1574
351,502.7498,1403.3837,-1100.5794,0.0,0.0,0.0,-1314.891,-16241.6342,606.9826,11840.3991,-1894.698,39.5563,0.0,-4303.589399999999,-1855.1417000000001,-6158.731099999999
352,500.742,1439.5367,-1056.6845,0.0,0.0,0.0,-1328.3042,-16205.7344,601.8492,11834.7858,-1914.0472,39.0708,0.0,-4213.8094,-1874.9764,-6088.7858
353,526.6977,1431.4398,-1116.7628,0.0,0.0,0.0,-1261.0026,-16359.7839,610.2505,11850.2087,-1788.0726,39.8585,0.0,-4318.952600000002,-1748.2141,-6067.166700000002
354,498.6763,1470.8873,-1107.1589,0.0,0.0,0.0,-1285.5478,-16391.6392,636.952,11778.151,-1752.665,39.0361,0.0,-4399.679300000003,-1713.6289,-6113.308200000003
355,499.0388,1453.1125,-1136.3424,0.0,0.0,0.0,-1273.8748,-16202.0988,616.6778,11788.1006,-1927.1805,40.4432,0.0,-4255.386300000002,-1886.7373,-6142.123600000003
356,496.4904,1425.3805,-1106.9898,0.0,0.0,0.0,-1284.9946,-16167.4544,599.0623,11820.1643,-1966.2248,40.5764,0.0,-4218.341300000002,-1925.6484,-6143.989700000002
357,495.8817,1365.4718,-1097.8769,0.0,0.0,0.0,-1260.6855,-16165.4415,617.4592,11814.3367,-1924.5563,41.3697,0.0,-4230.854500000003,-1883.1866,-6114.041100000003
358,502.7759,1375.9082,-1070.0304,0.0,0.0,0.0,-1272.6595,-16248.8135,613.9385,11822.9112,-1878.1417,39.9763,0.0,-4275.9695999999985,-1838.1653999999999,-6114.134999999998
359,513.6369,1460.1271,-1084.8617,0.0,0.0,0.0,-1270.7563,-16115.4039,617.3832,11825.8039,-1979.7936,40.6783,0.0,-4054.0707999999995,-1939.1153,-5993.1861
360,503.1295,1410.5371,-1084.9702,0.0,0.0,0.0,-1268.8954,-16123.3128,613.599,11794.3,-1980.5494,40.8485,0.0,-4155.612800000001,-1939.7009,-6095.313700000001
361,485.8837,1423.6161,-1094.5321,0.0,0.0,0.0,-1270.353,-16197.0569,631.7407,11964.9381,-2058.8722,40.7435,0.0,-4055.763399999998,-2018.1286999999998,-6073.892099999998
362,517.0024,1418.8911,-1083.6511,0.0,0.0,0.0,-1282.7495,-16311.7043,629.7058,11860.9843,-1835.5543,40.2447,0.0,-4251.5213,-1795.3096,-6046.8309
363,529.1142,1509.2237,-1075.2071,0.0,0.0,0.0,-1305.984,-16217.0766,616.9706,11846.3117,-1914.5441,39.7022,0.0,-4096.647500000001,-1874.8419000000001,-5971.489400000001
364,475.0904,1379.536,-1104.0598,0.0,0.0,0.0,-1275.4676,-16261.4599,617.2562,11866.1348,-1882.1577,39.9378,0.0,-4302.9699,-1842.2199,-6145.1898
365,508.5808,1380.5043,-1100.123,0.0,0.0,0.0,-1266.6385,-16174.7609,629.1041,11863.2075,-1952.1128,39.8703,0.0,-4160.125699999997,-1912.2425,-6072.368199999997
366,508.5074,1434.9075,-1076.089,0.0,0.0,0.0,-1270.1902,-16018.9989,601.8714,11808.6769,-2067.9438,40.9567,0.0,-4011.3148999999994,-2026.9871,-6038.302
367,506.8756,1435.9528,-1079.5681,0.0,0.0,0.0,-1261.0783,-16075.5749,602.4744,11842.0526,-2031.6332,41.5187,0.0,-4028.865899999999,-1990.1145,-6018.9803999999995
368,505.3405,1453.7224,-1111.2752,0.0,0.0,0.0,-1263.4308,-16019.3536,601.7598,11791.2102,-2047.7413,40.4531,0.0,-4042.0267000000003,-2007.2882,-6049.3149
369,473.0789,1370.6249,-1108.712,0.0,0.0,0.0,-1286.3152,-16158.6002,618.3383,11859.9216,-1989.2547,41.3233,0.0,-4231.663700000003,-1947.9314,-6179.595100000002
370,519.051,1407.5252,-1096.0896,0.0,0.0,0.0,-1269.3226,-16079.3099,590.1449,11851.9586,-2038.0001,40.1328,0.0,-4076.0424000000003,-1997.8673,-6073.9097
371,526.4937,1463.5853,-1084.9539,0.0,0.0,0.0,-1250.4714,-16165.9217,615.491,11816.6703,-2000.6268,40.7093,0.0,-4079.1067000000003,-1959.9175,-6039.0242
372,520.7678,1441.9902,-1077.4999,0.0,0.0,0.0,-1302.2669,-16174.6366,605.692,11806.0246,-1919.8588,39.6598,0.0,-4179.9288000000015,-1880.199,-6060.127800000001
373,524.8121,1378.0077,-1079.5038,0.0,0.0,0.0,-1271.2065,-16019.3807,596.2215,11840.549,-2092.3092,41.9204,0.0,-4030.5006999999987,-2050.3888,-6080.889499999998
374,542.9307,1415.1919,-1073.6052,0.0,0.0,0.0,-1275.8306,-16077.6829,597.0925,11855.1309,-2010.9913,40.9201,0.0,-4016.7726999999995,-1970.0711999999999,-5986.843899999999
375,514.6791,1438.0429,-1090.8855,0.0,0.0,0.0,-1281.4946,-16143.7536,610.508,11864.1004,-2014.2693,40.5987,0.0,-4088.8033000000014,-1973.6706,-6062.473900000002
376,516.0221,1406.2773,-1088.6725,0.0,0.0,0.0,-1247.5555,-16155.878,619.5062,11879.1816,-2010.4016,41.3142,0.0,-4071.1188,-1969.0874,-6040.2062000000005
377,519.8936,1459.4915,-1093.7378,0.0,0.0,0.0,-1251.4512,-16135.2744,589.768,11823.5391,-1986.4418,41.2721,0.0,-4087.771200000001,-1945.1697000000001,-6032.940900000001
378,528.9924,1378.1582,-1096.8049,0.0,0.0,0.0,-1278.0133,-16249.5247,621.2505,11862.2333,-1911.8499,40.4589,0.0,-4233.708499999999,-1871.3909999999998,-6105.099499999999
379,530.4332,1428.7931,-1105.7143,0.0,0.0,0.0,-1286.3,-16031.528,585.8579,11751.4642,-1976.5733,40.7762,0.0,-4126.9938999999995,-1935.7971,-6062.790999999999
380,505.2864,1407.927,-1090.0782,0.0,0.0,0.0,-1248.4837,-16142.8313,605.8136,11830.7955,-2009.6278,41.1625,0.0,-4131.570699999998,-1968.4653,-6100.035999999998
381,539.9956,1405.999,-1079.7453,0.0,0.0,0.0,-1285.3166,-15984.4252,593.0305,11749.8287,-2090.318,41.1738,0.0,-4060.6332999999995,-2049.1442,-6109.7775
382,520.938,1372.3568,-1105.395,0.0,0.0,0.0,-1257.7216,-16173.9804,611.8079,11796.7138,-1921.9255,40.5721,0.0,-4235.280500000003,-1881.3534,-6116.6339000000025
383,486.6124,1438.8218,-1088.7537,0.0,0.0,0.0,-1296.5389,-16091.0718,613.6503,11816.946,-1976.4674,40.554,0.0,-4120.3339,-1935.9134,-6056.247299999999
384,526.1179,1407.2256,-1101.5878,0.0,0.0,0.0,-1279.2848,-15937.5109,584.5741,11747.5315,-2065.1665,41.1153,0.0,-4052.934400000002,-2024.0511999999999,-6076.985600000001
385,524.9086,1444.3129,-1060.5421,0.0,0.0,0.0,-1281.0759,-16125.3732,606.6247,11847.2002,-2007.7284,40.2632,0.0,-4043.944800000001,-1967.4651999999999,-6011.410000000001
386,496.0767,1426.9152,-1110.4758,0.0,0.0,0.0,-1262.1366,-16098.1849,596.65,11846.6366,-2055.4316,41.2564,0.0,-4104.518800000002,-2014.1752,-6118.694000000001
387,478.0564,1473.0681,-1107.2467,0.0,0.0,0.0,-1269.7377,-16108.1878,598.4645,11831.1613,-1966.6189,40.7112,0.0,-4104.421899999999,-1925.9077,-6030.329599999999
388,489.515,1392.5695,-1100.7995,0.0,0.0,0.0,-1274.7492,-16048.2019,602.534,11843.09,-2098.3142,41.4281,0.0,-4096.042099999999,-2056.8860999999997,-6152.9281999999985
389,505.9926,1427.6643,-1072.2144,0.0,0.0,0.0,-1257.7581,-16170.014,613.7259,11873.8363,-1997.6148,40.7096,0.0,-4078.7674000000006,-1956.9052000000001,-6035.672600000001
390,493.862,1465.827,-1107.8865,0.0,0.0,0.0,-1297.7729,-16110.0652,607.7031,11868.8801,-2034.6463,40.1752,0.0,-4079.4523999999983,-1994.4711000000002,-6073.923499999999
391,477.9306,1440.3177,-1127.7985,0.0,0.0,0.0,-1265.001,-16142.5943,611.0636,11857.815,-1989.4942,40.6886,0.0,-4148.266899999999,-1948.8056000000001,-6097.072499999998
392,515.4998,1418.2024,-1083.6108,0.0,0.0,0.0,-1265.6972,-16094.7845,616.9643,11790.8932,-1990.0882,40.14,0.0,-4102.532799999999,-1949.9481999999998,-6052.480999999999
393,510.1633,1404.3392,-1098.0097,0.0,0.0,0.0,-1252.3444,-16118.9074,618.8724,11820.8926,-1988.5672,40.2089,0.0,-4114.994000000002,-1948.3582999999999,-6063.352300000002
394,511.1278,1440.1794,-1098.8407,0.0,0.0,0.0,-1276.8914,-15985.8694,611.7537,11767.1209,-2074.9703,39.9038,0.0,-4031.419700000002,-2035.0665,-6066.486200000002
395,522.4877,1430.8233,-1083.7884,0.0,0.0,0.0,-1268.5314,-16228.0631,616.215,11819.7861,-1887.7504,39.5783,0.0,-4191.0707999999995,-1848.1721,-6039.242899999999
396,523.9045,1436.6468,-1101.8656,0.0,0.0,0.0,-1273.0882,-16072.7836,602.472,11788.696,-1973.8709,39.56,0.0,-4096.018099999999,-1934.3109,-6030.328999999999
397,514.3291,1410.9344,-1103.4391,0.0,0.0,0.0,-1266.0365,-16166.1998,615.8108,11841.7349,-1932.367,40.6094,0.0,-4152.8662,-1891.7576,-6044.6238
398,489.6445,1451.5795,-1106.7828,0.0,0.0,0.0,-1264.9001,-16032.4049,610.483,11756.8592,-2018.7541,40.7214,0.0,-4095.521599999998,-1978.0327000000002,-6073.554299999998
399,490.0626,1459.2313,-1114.4522,0.0,0.0,0.0,-1287.3073,-16137.1272,619.2464,11824.7841,-1959.0813,40.4285,0.0,-4145.562300000001,-1918.6528,-6064.215100000001
400,518.9461,1416.3727,-1116.5663,0.0,0.0,0.0,-1261.8988,-15945.876,611.4346,11796.3057,-2098.6113,41.5254,0.0,-3981.2819999999992,-2057.0859,-6038.367899999999

