POISSON BOLTZMANN:
Frame #,BOND,ANGLE,DIHED,UB,IMP,CMAP,VDWAALS,EEL,1-4 VDW,1-4 EEL,EPB,ENPOLAR,EDISPER,G gas,G solv,TOTAL
0,481.6196,1461.8236,-1088.6022,0.0,0.0,0.0,-1282.4552,-16164.1318,609.8268,11768.7734,-1898.7876,1228.9325,-738.5718,-4213.145799999998,-1408.4269000000004,-5621.572699999998
1,533.2449,1455.7784,-1096.1604,0.0,0.0,0.0,-1272.6651,-16157.6919,595.2048,11776.882,-1893.5897,1234.6309,-734.6765,-4165.407300000001,-1393.6353,-5559.042600000001
2,507.7916,1421.7231,-1063.8396,0.0,0.0,0.0,-1283.6052,-16003.7602,616.029,11738.6824,-2006.129,1237.3997,-746.768,-4066.978900000002,-1515.4973,-5582.476200000002
3,485.0282,1462.6121,-1098.4041,0.0,0.0,0.0,-1254.4595,-16095.4437,614.2988,11780.2036,-2005.2977,1234.7631,-745.9603,-4106.1646,-1516.4949000000001,-5622.6595
4,540.2493,1422.1622,-1065.2346,0.0,0.0,0.0,-1281.6175,-16115.6913,629.9402,11785.3473,-1900.5622,1230.7611,-739.0655,-4084.8444,-1408.8666000000003,-5493.711
5,490.6123,1457.3053,-1126.4838,0.0,0.0,0.0,-1268.5105,-16212.6757,617.2923,11801.2346,-1878.5746,1229.5987,-738.3591,-4241.225500000002,-1387.335,-5628.560500000001
6,484.0388,1397.1526,-1094.7187,0.0,0.0,0.0,-1257.362,-16119.9885,601.0969,11811.6806,-1979.7759,1240.2016,-748.1489,-4178.100299999998,-1487.7232,-5665.823499999999
7,471.0713,1403.8423,-1083.0899,0.0,0.0,0.0,-1257.2515,-16135.1279,624.124,11814.5972,-1973.3185,1231.2856,-743.5502,-4161.834500000001,-1485.5831000000003,-5647.417600000001
8,504.1819,1449.8236,-1082.4729,0.0,0.0,0.0,-1288.9126,-16138.9007,604.9111,11730.4782,-1881.5186,1235.4058,-742.3092,-4220.8914,-1388.422,-5609.313400000001
9,475.1606,1455.7406,-1107.2146,0.0,0.0,0.0,-1275.8874,-16205.782,614.8894,11833.2463,-1930.7191,1239.2377,-756.6625,-4209.847099999997,-1448.1439,-5657.990999999998
10,495.1075,1398.2594,-1083.5843,0.0,0.0,0.0,-1278.6942,-16158.1657,617.3829,11792.4008,-1927.0408,1229.5562,-740.5779,-4217.293600000001,-1438.0625,-5655.356100000001
11,499.6006,1435.1167,-1122.2135,0.0,0.0,0.0,-1269.0284,-16171.6459,614.2289,11856.3628,-1954.2589,1236.3366,-744.2217,-4157.578799999999,-1462.144,-5619.7228
12,507.9874,1448.0701,-1122.1729,0.0,0.0,0.0,-1253.1899,-16140.9352,604.3386,11816.0996,-2000.5315,1232.3912,-748.9668,-4139.802300000001,-1517.1071000000002,-5656.909400000001
13,521.1797,1390.5479,-1090.7894,0.0,0.0,0.0,-1265.9863,-16143.4846,607.0054,11722.5958,-1943.7314,1238.7227,-746.7492,-4258.931500000001,-1451.7578999999998,-5710.6894
14,505.8284,1441.2936,-1110.5124,0.0,0.0,0.0,-1270.728,-16231.3587,612.0071,11787.5184,-1917.5894,1221.4292,-733.5124,-4265.9515999999985,-1429.6725999999999,-5695.624199999998
15,511.5671,1387.2269,-1103.6458,0.0,0.0,0.0,-1271.4864,-16027.6671,601.5884,11757.1081,-2020.567,1236.6862,-742.5574,-4145.308800000001,-1526.4382,-5671.747
16,516.6417,1445.3115,-1131.0697,0.0,0.0,0.0,-1277.0321,-16060.739,607.8899,11752.7984,-1965.9378,1235.4955,-743.7192,-4146.199299999998,-1474.1615,-5620.360799999999
17,492.8639,1438.3319,-1103.5479,0.0,0.0,0.0,-1301.9818,-16014.9343,602.5511,11774.6282,-2016.1572,1219.5912,-731.8788,-4112.0889000000025,-1528.4448,-5640.533700000002
18,486.577,1414.6362,-1084.0597,0.0,0.0,0.0,-1290.7347,-16132.1621,601.8172,11781.6906,-1941.5365,1220.3614,-729.8757,-4222.235499999999,-1451.0508,-5673.2863
19,514.2544,1445.1605,-1073.952,0.0,0.0,0.0,-1274.4599,-16270.7354,600.0216,11865.2596,-1875.2716,1237.2202,-745.6252,-4194.451200000001,-1383.6766,-5578.127800000002
20,519.5727,1389.5951,-1084.378,0.0,0.0,0.0,-1261.5293,-16042.6364,599.6803,11812.1427,-2080.7825,1228.219,-742.3546,-4067.5528999999988,-1594.9180999999999,-5662.470999999998
21,513.3412,1418.5965,-1077.1739,0.0,0.0,0.0,-1279.1493,-16044.129,601.6522,11813.5865,-2056.9422,1226.3574,-737.3923,-4053.2758000000013,-1567.9770999999998,-5621.252900000001
22,507.1133,1431.0644,-1080.0143,0.0,0.0,0.0,-1278.7492,-16083.8007,585.9083,11828.8641,-2018.674,1232.2778,-742.9747,-4089.6141000000007,-1529.3709,-5618.985000000001
23,513.6452,1440.8093,-1090.0548,0.0,0.0,0.0,-1275.9714,-16250.1273,615.066,11852.8658,-1883.8149,1228.8475,-744.728,-4193.7672,-1399.6954,-5593.462600000001
24,540.3897,1438.6086,-1101.5597,0.0,0.0,0.0,-1285.1191,-16262.5681,596.8908,11785.5332,-1826.8171,1229.0317,-739.0979,-4287.8246,-1336.8833,-5624.7079
25,539.5905,1454.9382,-1063.2748,0.0,0.0,0.0,-1263.8222,-16279.0933,606.5383,11814.8055,-1815.9497,1233.5914,-749.4943,-4190.317799999999,-1331.8525999999997,-5522.170399999999
26,523.1466,1468.4846,-1098.6952,0.0,0.0,0.0,-1282.4042,-16129.2054,599.1188,11831.0426,-1933.1541,1238.288,-744.1966,-4088.512200000001,-1439.0627,-5527.5749000000005
27,496.1162,1424.8438,-1103.8211,0.0,0.0,0.0,-1272.7189,-16218.0262,619.9402,11863.2048,-1930.0547,1237.4139,-744.9786,-4190.461200000002,-1437.6194,-5628.080600000001
28,539.7796,1414.4753,-1085.9557,0.0,0.0,0.0,-1279.0883,-16150.7966,603.3097,11835.9662,-1970.2778,1238.5054,-749.4527,-4122.309799999999,-1481.2251,-5603.534899999999
29,509.3144,1392.7069,-1092.1292,0.0,0.0,0.0,-1280.7703,-16076.7996,591.7585,11780.6154,-1944.8037,1230.161,-734.3615,-4175.303900000001,-1449.0041999999999,-5624.308100000001
30,524.4799,1426.8859,-1102.0862,0.0,0.0,0.0,-1292.1123,-16219.9506,630.8214,11845.8602,-1903.3932,1233.889,-744.6811,-4186.101699999999,-1414.1853,-5600.286999999999
31,498.7045,1462.9176,-1064.2421,0.0,0.0,0.0,-1266.821,-16168.0862,584.4246,11796.3746,-1893.5054,1241.7656,-754.5017,-4156.728000000001,-1406.2415,-5562.969500000001
32,500.6139,1406.1603,-1092.6047,0.0,0.0,0.0,-1306.9688,-16320.3017,617.0135,11897.2833,-1825.3995,1222.979,-729.8819,-4298.804199999999,-1332.3024,-5631.106599999998
33,524.5983,1429.3334,-1108.2142,0.0,0.0,0.0,-1269.8404,-16197.5731,591.1861,11823.8412,-1896.7271,1238.1652,-744.5312,-4206.668699999998,-1403.0931,-5609.761799999999
34,511.1847,1500.3985,-1082.9833,0.0,0.0,0.0,-1271.7312,-16105.2188,607.8919,11817.6416,-2004.5687,1238.3447,-745.6288,-4022.8165999999983,-1511.8528,-5534.669399999999
35,502.8333,1442.5793,-1110.8973,0.0,0.0,0.0,-1271.2165,-16120.6566,613.6238,11853.6652,-1985.9335,1235.3491,-745.2065,-4090.0688000000027,-1495.7909000000002,-5585.859700000003
36,508.0378,1488.2629,-1067.512,0.0,0.0,0.0,-1282.6847,-16179.5543,589.7294,11786.2004,-1908.9212,1231.5407,-747.1871,-4157.5205000000005,-1424.5675999999999,-5582.0881
37,547.7044,1383.2853,-1058.6774,0.0,0.0,0.0,-1250.5973,-16116.9617,592.5475,11825.8557,-1982.5647,1237.0926,-746.2295,-4076.843499999999,-1491.7015999999999,-5568.545099999999
38,517.7987,1399.376,-1102.0352,0.0,0.0,0.0,-1277.9762,-16136.5777,611.3117,11862.9852,-2007.7834,1240.3198,-758.8222,-4125.117500000002,-1526.2858,-5651.403300000002
39,526.8411,1389.6369,-1106.1641,0.0,0.0,0.0,-1224.1044,-16173.3992,601.1642,11819.0424,-1990.4666,1251.2865,-768.1903,-4166.9830999999995,-1507.3704,-5674.353499999999
40,526.1933,1433.5364,-1097.4259,0.0,0.0,0.0,-1264.8964,-16252.3331,626.6409,11820.3617,-1910.681,1232.9393,-752.7898,-4207.9231,-1430.5315,-5638.454600000001
41,526.3256,1470.2115,-1091.4858,0.0,0.0,0.0,-1246.4522,-16306.6331,591.84,11836.2969,-1847.9122,1238.1841,-747.7758,-4219.8971,-1357.5039000000002,-5577.401000000001
42,530.5772,1447.228,-1098.3412,0.0,0.0,0.0,-1262.2538,-15977.6456,583.6263,11707.4974,-2017.911,1243.4808,-754.3063,-4069.3117,-1528.7365,-5598.0482
43,506.0384,1406.6238,-1085.6462,0.0,0.0,0.0,-1294.71,-16062.9314,610.511,11764.8374,-2007.4842,1239.6299,-749.0467,-4155.277,-1516.9010000000003,-5672.178
44,491.371,1439.6652,-1080.9679,0.0,0.0,0.0,-1274.1486,-16285.9494,610.0778,11802.7318,-1856.5268,1227.6851,-735.8958,-4297.2201000000005,-1364.7375000000002,-5661.957600000001
45,535.7558,1427.0919,-1101.1636,0.0,0.0,0.0,-1282.6852,-16036.1278,592.6197,11794.4252,-2031.2924,1237.5273,-747.3371,-4070.0840000000007,-1541.1022,-5611.186200000001
46,529.2216,1387.0427,-1089.9257,0.0,0.0,0.0,-1281.1507,-16149.8611,612.3679,11870.5768,-2011.3031,1236.4594,-748.9135,-4121.728500000001,-1523.7572,-5645.485700000001
47,494.9633,1381.8125,-1094.657,0.0,0.0,0.0,-1265.9144,-16201.4153,608.6502,11782.9479,-1882.0667,1232.722,-741.1242,-4293.612800000003,-1390.4689,-5684.081700000003
48,513.1578,1458.7125,-1102.0599,0.0,0.0,0.0,-1276.936,-16237.5152,598.3084,11837.8223,-1895.9741,1233.1094,-743.6015,-4208.510100000001,-1406.4661999999998,-5614.9763
49,511.0453,1411.8842,-1083.3201,0.0,0.0,0.0,-1294.0838,-16104.1672,627.894,11769.6702,-1918.9756,1225.5116,-742.2283,-4161.077399999998,-1435.6923,-5596.769699999998
50,510.7991,1436.2973,-1112.634,0.0,0.0,0.0,-1281.9587,-16102.2815,620.5956,11764.0439,-1959.2328,1224.0185,-740.3392,-4165.138299999999,-1475.5535,-5640.691799999999
51,516.0986,1423.3109,-1097.6782,0.0,0.0,0.0,-1260.4204,-16323.8981,615.1527,11816.6869,-1829.8347,1224.1083,-737.2741,-4310.747600000001,-1343.0005,-5653.748100000001
52,502.1489,1373.9989,-1092.4375,0.0,0.0,0.0,-1294.5816,-16173.8171,631.5515,11815.7822,-1932.8943,1220.4275,-731.1265,-4237.3547,-1443.5933,-5680.948
53,497.9631,1452.4622,-1131.3245,0.0,0.0,0.0,-1276.5507,-16088.231,599.9328,11803.722,-2012.5521,1236.4783,-737.6856,-4142.026099999999,-1513.7594000000001,-5655.785499999999
54,503.717,1447.2879,-1078.4198,0.0,0.0,0.0,-1269.7926,-16151.2045,606.008,11779.2929,-1958.5602,1229.7169,-741.9878,-4163.1111,-1470.8310999999999,-5633.9422
55,506.2125,1409.9762,-1118.3929,0.0,0.0,0.0,-1280.9019,-16240.0443,616.4997,11849.5168,-1875.3339,1229.5184,-734.9887,-4257.133899999999,-1380.8042,-5637.9380999999985
56,529.9434,1449.9488,-1057.5073,0.0,0.0,0.0,-1269.5978,-16233.7872,616.0605,11790.2177,-1894.5386,1226.1637,-739.7113,-4174.721900000002,-1408.0862000000002,-5582.808100000002
57,513.0972,1448.1331,-1106.4807,0.0,0.0,0.0,-1276.4121,-16163.4594,598.2622,11710.8774,-1877.671,1232.4574,-743.9965,-4275.9823,-1389.2101,-5665.1924
58,478.2048,1433.6662,-1066.8569,0.0,0.0,0.0,-1297.9658,-16245.7344,582.9377,11846.7042,-1861.2286,1228.0726,-736.1233,-4269.044199999998,-1369.2793,-5638.3234999999995
59,539.0285,1453.3306,-1093.0395,0.0,0.0,0.0,-1263.0628,-16204.5013,611.3322,11781.4674,-1915.0356,1230.9123,-739.2955,-4175.4449,-1423.4188,-5598.863700000001
60,496.4717,1393.0402,-1093.7342,0.0,0.0,0.0,-1273.0431,-16137.569,611.8485,11835.7375,-1984.2509,1237.102,-742.5318,-4167.2484,-1489.6807,-5656.9291
61,536.9978,1436.6391,-1091.2543,0.0,0.0,0.0,-1278.7669,-16082.4126,601.8014,11720.632,-1970.7258,1218.4383,-729.1459,-4156.363500000001,-1481.4334,-5637.796900000001
62,472.967,1415.5238,-1098.8274,0.0,0.0,0.0,-1271.091,-16105.8978,601.982,11841.2529,-2041.2751,1229.2018,-739.6058,-4144.090500000002,-1551.6791,-5695.769600000002
63,511.5864,1442.5919,-1107.6982,0.0,0.0,0.0,-1262.3836,-16011.1885,597.7939,11843.9083,-2108.5381,1237.6785,-748.5057,-3985.389800000001,-1619.3653000000004,-5604.7551
64,489.4115,1452.3773,-1108.6399,0.0,0.0,0.0,-1262.9841,-16071.7008,614.9838,11808.2949,-2033.3392,1234.8151,-743.3595,-4078.2572999999993,-1541.8836,-5620.1409
65,535.6386,1404.747,-1088.2181,0.0,0.0,0.0,-1316.3552,-16136.9756,607.5283,11898.4138,-2025.1482,1221.5804,-732.9944,-4095.2212,-1536.5622,-5631.7834
66,470.2362,1431.0878,-1083.1395,0.0,0.0,0.0,-1290.9707,-16127.7223,611.8943,11840.7484,-1988.5247,1226.4897,-730.0873,-4147.8658,-1492.1223,-5639.9881
67,526.5684,1389.353,-1105.7384,0.0,0.0,0.0,-1298.361,-15960.7529,600.7574,11753.0007,-2045.4645,1234.8624,-738.2787,-4095.1727999999985,-1548.8808,-5644.053599999998
68,513.8552,1421.1714,-1105.1236,0.0,0.0,0.0,-1272.2718,-16091.735,621.3044,11774.1564,-1951.6025,1226.4566,-730.4914,-4138.643,-1455.6372999999999,-5594.280299999999
69,501.955,1408.9925,-1123.1222,0.0,0.0,0.0,-1279.6291,-16198.2209,619.5382,11831.8843,-1920.242,1221.656,-734.3928,-4238.602200000003,-1432.9787999999999,-5671.581000000003
70,493.6724,1444.3299,-1098.3873,0.0,0.0,0.0,-1299.1759,-16061.1926,605.9912,11746.8357,-1950.0396,1214.4362,-711.0149,-4167.926599999999,-1446.6183,-5614.544899999999
71,501.9397,1429.1411,-1101.0283,0.0,0.0,0.0,-1296.6233,-16006.2611,616.5598,11748.8631,-2004.7061,1220.6968,-725.6671,-4107.4090000000015,-1509.6764000000003,-5617.085400000002
72,540.1459,1444.4479,-1121.9224,0.0,0.0,0.0,-1309.4699,-16152.6648,617.6369,11765.3827,-1906.6563,1218.4099,-721.9031,-4216.4437,-1410.1495,-5626.593199999999
73,544.1237,1456.0614,-1107.5556,0.0,0.0,0.0,-1298.651,-16047.1895,609.745,11770.5917,-2020.7056,1230.3453,-735.6559,-4072.8742999999977,-1526.0162,-5598.890499999998
74,540.7298,1416.8106,-1120.9071,0.0,0.0,0.0,-1273.4415,-16051.8385,597.2333,11734.3593,-1975.6063,1239.7008,-736.008,-4157.054100000001,-1471.9134999999999,-5628.9676
75,508.7272,1410.066,-1118.3323,0.0,0.0,0.0,-1262.1722,-16256.3612,593.8446,11790.3521,-1854.8835,1226.6929,-737.5058,-4333.875799999998,-1365.6963999999998,-5699.572199999998
76,490.5658,1415.7463,-1078.0461,0.0,0.0,0.0,-1279.2922,-16040.5978,613.756,11878.8117,-2085.3691,1233.2748,-735.7742,-3999.0563,-1587.8685,-5586.9248
77,524.2352,1436.3618,-1066.0482,0.0,0.0,0.0,-1277.2454,-16079.6277,616.7131,11766.0191,-2019.1434,1233.0007,-743.9523,-4079.5921,-1530.0949999999998,-5609.6871
78,508.2101,1426.0305,-1060.2814,0.0,0.0,0.0,-1277.1256,-16236.4727,611.3483,11845.3151,-1912.7825,1229.2113,-732.6812,-4182.975700000001,-1416.2524,-5599.228100000001
79,495.9439,1413.2624,-1100.7337,0.0,0.0,0.0,-1288.0629,-16274.5321,603.0741,11824.4029,-1814.4618,1229.0743,-734.9267,-4326.645400000001,-1320.3142,-5646.959600000001
80,527.2944,1376.1159,-1090.5924,0.0,0.0,0.0,-1255.3853,-16251.33,614.2721,11840.837,-1912.5709,1237.1115,-751.0213,-4238.788300000002,-1426.4807,-5665.269000000002
81,518.0921,1474.6065,-1096.1846,0.0,0.0,0.0,-1252.9256,-16171.9334,591.0401,11795.2948,-1952.1955,1247.4781,-761.0275,-4142.010100000001,-1465.7449000000001,-5607.755000000001
82,534.9108,1386.3772,-1108.7516,0.0,0.0,0.0,-1298.2806,-16197.1654,599.8832,11778.8854,-1880.4617,1223.598,-728.7907,-4304.141,-1385.6544000000001,-5689.795399999999
83,514.1272,1429.9521,-1104.6741,0.0,0.0,0.0,-1279.9352,-16198.1647,586.411,11859.3823,-1970.7348,1222.6199,-728.6568,-4192.901400000001,-1476.7717,-5669.673100000001
84,486.3878,1451.4706,-1100.9839,0.0,0.0,0.0,-1296.4182,-16219.0638,597.4417,11812.2062,-1917.0294,1227.6473,-738.0283,-4268.959599999998,-1427.4103999999998,-5696.369999999997
85,513.7099,1469.1981,-1089.6361,0.0,0.0,0.0,-1258.4583,-16150.7722,612.0326,11841.9526,-1979.894,1231.1627,-743.0251,-4061.973399999997,-1491.7563999999998,-5553.729799999997
86,504.8422,1430.9722,-1105.1381,0.0,0.0,0.0,-1249.9865,-16088.1675,620.3636,11820.7744,-2078.3903,1229.4995,-739.778,-4066.3396999999986,-1588.6688000000001,-5655.008499999999
87,526.6011,1449.8449,-1111.88,0.0,0.0,0.0,-1297.4215,-16063.434,602.5811,11759.2142,-1975.9088,1231.4226,-734.4022,-4134.494199999999,-1478.8883999999998,-5613.382599999999
88,545.4064,1393.1712,-1097.939,0.0,0.0,0.0,-1260.6122,-16115.3568,596.8255,11788.6164,-1984.3906,1235.0561,-735.3853,-4149.888499999997,-1484.7197999999999,-5634.608299999997
89,509.794,1396.6874,-1078.793,0.0,0.0,0.0,-1288.9032,-16212.7157,626.7552,11767.2727,-1869.3723,1223.2058,-728.1198,-4279.902600000003,-1374.2863000000002,-5654.188900000004
90,508.4562,1432.7494,-1112.0016,0.0,0.0,0.0,-1286.4851,-16095.2059,609.4328,11803.4038,-2019.0956,1228.1954,-738.6898,-4139.6504,-1529.5900000000001,-5669.240400000001
91,506.7981,1430.3073,-1115.56,0.0,0.0,0.0,-1241.4021,-16112.082,602.1051,11790.7683,-2006.0997,1246.5898,-756.1612,-4139.065299999998,-1515.6711,-5654.736399999998
92,500.3828,1470.2312,-1095.32,0.0,0.0,0.0,-1277.177,-16080.8038,590.961,11793.3151,-2022.0592,1232.2967,-733.5787,-4098.4107,-1523.3411999999998,-5621.7519
93,560.3819,1409.8517,-1096.8375,0.0,0.0,0.0,-1270.4252,-16168.3885,599.564,11775.8274,-1939.081,1225.162,-725.8203,-4190.0262,-1439.7392999999997,-5629.7655
94,525.305,1408.6925,-1074.7988,0.0,0.0,0.0,-1267.3363,-16249.9168,623.7668,11856.7948,-1942.0121,1225.2943,-732.1056,-4177.492800000002,-1448.8233999999998,-5626.316200000002
95,528.203,1399.1542,-1109.4756,0.0,0.0,0.0,-1298.3754,-16075.9193,619.3157,11851.3044,-2006.6272,1215.4993,-722.5824,-4085.792999999998,-1513.7103,-5599.503299999998
96,533.9541,1422.9269,-1111.3166,0.0,0.0,0.0,-1286.5712,-16176.1937,613.6283,11818.0253,-1965.1775,1219.5298,-728.023,-4185.546899999999,-1473.6707000000001,-5659.217599999999
97,520.0029,1403.5442,-1104.094,0.0,0.0,0.0,-1301.0405,-16050.4219,604.6007,11864.0694,-2069.9227,1227.1323,-739.3605,-4063.3391999999985,-1582.1509,-5645.490099999998
98,533.1463,1458.9702,-1126.8138,0.0,0.0,0.0,-1254.2896,-16097.2624,607.2368,11847.0535,-2045.7138,1244.6904,-750.5864,-4031.958999999999,-1551.6098000000002,-5583.568799999999
99,520.8419,1380.8002,-1100.7058,0.0,0.0,0.0,-1259.5729,-16110.9347,611.1315,11849.8356,-2018.5236,1240.6458,-748.761,-4108.6042,-1526.6388,-5635.243
100,534.9989,1430.9305,-1108.5984,0.0,0.0,0.0,-1275.0763,-16139.6838,592.4163,11760.1488,-1951.9764,1240.3623,-759.3994,-4204.864,-1471.0135,-5675.8775
101,518.5785,1419.9522,-1128.9054,0.0,0.0,0.0,-1280.737,-16286.0673,605.39,11854.2507,-1842.5889,1222.9648,-734.3294,-4297.5383,-1353.9535,-5651.4918
102,490.7676,1418.2506,-1117.2359,0.0,0.0,0.0,-1297.8602,-16127.9911,599.8638,11796.0558,-1920.0713,1231.0068,-736.1615,-4238.1494,-1425.226,-5663.3754
103,538.1984,1464.6862,-1116.2686,0.0,0.0,0.0,-1266.1115,-16175.7399,606.3121,11868.1533,-1981.2138,1245.0448,-747.7205,-4080.7700000000023,-1483.8895000000002,-5564.6595000000025
104,515.7052,1437.0172,-1090.9828,0.0,0.0,0.0,-1275.5665,-16033.2305,609.3949,11789.6624,-2082.4763,1239.6299,-744.883,-4048.0000999999993,-1587.7294,-5635.7294999999995
105,496.7071,1453.2545,-1102.0498,0.0,0.0,0.0,-1263.8889,-15902.2588,612.0143,11833.121,-2166.3329,1250.1525,-754.8649,-3873.1005999999998,-1671.0453,-5544.1458999999995
106,528.1834,1452.268,-1076.8754,0.0,0.0,0.0,-1257.0887,-15922.7625,594.8112,11817.3443,-2158.0161,1250.9841,-759.5185,-3864.1196999999993,-1666.5504999999998,-5530.6702
107,552.362,1467.0493,-1113.5566,0.0,0.0,0.0,-1267.7766,-15956.4061,583.5992,11752.2495,-2090.4555,1235.2215,-742.8522,-3982.479299999999,-1598.0862,-5580.5655
108,501.3426,1452.0004,-1091.8421,0.0,0.0,0.0,-1284.7385,-16142.6228,627.0081,11851.0276,-1971.1912,1226.4283,-740.8896,-4087.824699999999,-1485.6525,-5573.477199999999
109,538.7407,1430.1442,-1102.5623,0.0,0.0,0.0,-1243.4149,-16156.1105,600.9985,11759.0389,-1906.724,1226.1542,-734.1201,-4173.1654,-1414.6898999999999,-5587.8553
110,499.8688,1402.0295,-1077.8822,0.0,0.0,0.0,-1281.1051,-15996.2959,604.8059,11826.6995,-2081.5025,1239.0015,-747.9863,-4021.8794999999973,-1590.4873,-5612.366799999998
111,509.7821,1417.304,-1067.6883,0.0,0.0,0.0,-1282.3269,-16018.5672,595.8417,11800.8602,-2020.9242,1235.7034,-738.6192,-4044.794399999999,-1523.8399999999997,-5568.634399999998
112,506.3131,1408.7868,-1084.1977,0.0,0.0,0.0,-1290.309,-16084.1127,623.6025,11842.3994,-2004.1142,1237.7257,-737.6381,-4077.5175999999974,-1504.0266000000001,-5581.5441999999975
113,486.7934,1382.3714,-1075.5078,0.0,0.0,0.0,-1267.5982,-15889.3088,610.984,11797.2203,-2175.6332,1239.8614,-747.0885,-3955.0456999999988,-1682.8603000000003,-5637.905999999999
114,474.3524,1453.3985,-1102.6899,0.0,0.0,0.0,-1270.0488,-15964.421,616.9541,11807.6017,-2149.846,1231.8762,-742.4216,-3984.853000000001,-1660.3914,-5645.2444000000005
115,520.5549,1389.3589,-1077.763,0.0,0.0,0.0,-1272.8099,-16020.0986,618.9149,11813.0023,-2069.109,1240.6552,-746.9588,-4028.8404999999984,-1575.4126,-5604.253099999999
116,522.0504,1455.0896,-1119.9641,0.0,0.0,0.0,-1261.9451,-16172.6204,610.4904,11845.2353,-1969.0386,1235.9019,-744.4535,-4121.663899999998,-1477.5902,-5599.254099999997
117,535.8396,1459.6782,-1106.5641,0.0,0.0,0.0,-1272.2288,-16000.6413,596.9655,11823.1727,-2116.8691,1239.2661,-750.9587,-3963.7782000000007,-1628.5616999999997,-5592.339900000001
118,519.0598,1426.172,-1119.7858,0.0,0.0,0.0,-1265.635,-16137.0815,602.7881,11895.3533,-2057.9179,1246.8403,-753.702,-4079.1290999999983,-1564.7795999999998,-5643.908699999999
119,494.2276,1431.3112,-1108.791,0.0,0.0,0.0,-1264.5955,-16009.3411,619.388,11803.5523,-2080.5897,1241.5719,-748.4555,-4034.2484999999997,-1587.4733,-5621.7218
120,520.4888,1421.2772,-1069.9079,0.0,0.0,0.0,-1282.9852,-16004.5395,585.76,11807.895,-2101.349,1240.1213,-751.6318,-4022.0116,-1612.8595,-5634.8711
121,526.5658,1380.475,-1102.7839,0.0,0.0,0.0,-1263.8776,-16115.3676,608.2968,11804.6775,-1983.5862,1225.4549,-735.4051,-4162.014000000001,-1493.5364,-5655.550400000001
122,531.7095,1418.7698,-1098.1122,0.0,0.0,0.0,-1285.5967,-15967.6759,607.0938,11816.1905,-2104.3433,1240.23,-746.199,-3977.6211999999996,-1610.3123,-5587.9335
123,499.0731,1428.3186,-1104.4312,0.0,0.0,0.0,-1301.6524,-15941.3386,595.8795,11787.3978,-2096.3434,1236.9981,-739.2103,-4036.753200000001,-1598.5556000000001,-5635.308800000001
124,473.8583,1410.9209,-1107.6581,0.0,0.0,0.0,-1280.4136,-15932.3477,606.1188,11825.8243,-2104.607,1234.7065,-733.5799,-4003.6971000000012,-1603.4804,-5607.177500000001
125,491.9573,1414.9042,-1096.0768,0.0,0.0,0.0,-1290.4202,-16016.1357,619.021,11807.4732,-2078.7766,1231.3942,-746.7032,-4069.276999999998,-1594.0856000000003,-5663.362599999999
126,522.7848,1382.929,-1092.6256,0.0,0.0,0.0,-1256.5918,-16166.9111,598.1396,11816.4125,-1984.4625,1235.3963,-749.3517,-4195.8626,-1498.4179,-5694.2805
127,525.729,1442.0424,-1117.9922,0.0,0.0,0.0,-1282.9907,-15971.1623,601.8128,11793.7955,-2104.3105,1230.5485,-742.6485,-4008.7655000000013,-1616.4105,-5625.176000000001
128,492.4545,1438.3928,-1102.7338,0.0,0.0,0.0,-1292.568,-16128.4243,617.2371,11791.5181,-1935.1966,1235.1789,-745.0781,-4184.123599999999,-1445.0957999999998,-5629.219399999999
129,502.8273,1414.1539,-1094.3291,0.0,0.0,0.0,-1260.7104,-15927.0045,587.1575,11779.9775,-2125.5697,1237.4375,-742.9197,-3997.9277999999995,-1631.0519,-5628.9797
130,490.5479,1455.6299,-1092.5729,0.0,0.0,0.0,-1246.7617,-16189.6141,608.4451,11744.6411,-1883.1323,1229.6932,-744.3744,-4229.684699999998,-1397.8135000000002,-5627.498199999998
131,494.152,1414.4432,-1113.1172,0.0,0.0,0.0,-1241.4649,-16358.13,617.9339,11838.8064,-1805.2514,1234.6592,-749.0348,-4347.376600000001,-1319.627,-5667.003600000002
132,495.9446,1420.0379,-1102.9628,0.0,0.0,0.0,-1257.0501,-15971.8303,601.0669,11751.4168,-2039.1971,1242.2428,-751.5358,-4063.3770000000004,-1548.4901,-5611.8671
133,512.1904,1447.5876,-1078.1794,0.0,0.0,0.0,-1298.4712,-16089.258,598.4153,11787.6831,-1937.806,1230.4918,-742.6867,-4120.0322,-1450.0009,-5570.033100000001
134,484.9773,1473.3875,-1112.3078,0.0,0.0,0.0,-1284.7913,-16028.9091,616.6653,11801.7765,-2050.7527,1242.8713,-749.6412,-4049.2016000000003,-1557.5226,-5606.724200000001
135,489.9869,1433.0974,-1127.4242,0.0,0.0,0.0,-1290.3254,-16087.0908,608.429,11872.5235,-2033.7973,1229.2302,-738.1711,-4100.803599999999,-1542.7382,-5643.541799999999
136,498.3662,1439.5256,-1108.6442,0.0,0.0,0.0,-1281.1536,-16145.1936,599.7263,11824.5935,-1947.6265,1234.2623,-744.1958,-4172.7798,-1457.56,-5630.3398
137,516.9178,1409.217,-1064.3709,0.0,0.0,0.0,-1258.8718,-16003.9395,601.4973,11781.7162,-2049.0561,1246.1599,-755.326,-4017.8338999999996,-1558.2221999999997,-5576.056099999999
138,500.3888,1465.3007,-1102.473,0.0,0.0,0.0,-1289.4147,-16196.4715,610.9193,11845.3653,-1928.7386,1231.4179,-740.1225,-4166.3850999999995,-1437.4432,-5603.828299999999
139,521.4549,1464.8578,-1111.9085,0.0,0.0,0.0,-1289.8208,-16159.1457,608.4814,11801.627,-1945.607,1238.6235,-749.4933,-4164.453899999997,-1456.4768,-5620.930699999997
140,488.9188,1435.9425,-1114.1116,0.0,0.0,0.0,-1255.5775,-16282.4959,613.9596,11850.1414,-1894.1378,1238.6707,-750.9486,-4263.2227,-1406.4157,-5669.638400000001
141,539.6458,1421.504,-1083.1691,0.0,0.0,0.0,-1289.8119,-16041.3137,591.2044,11815.1696,-2048.4693,1232.2825,-741.3418,-4046.7708999999995,-1557.5286,-5604.2995
142,497.6098,1409.9979,-1095.4293,0.0,0.0,0.0,-1280.8198,-16068.9212,593.765,11833.6249,-2034.7746,1242.6586,-750.6571,-4110.172700000001,-1542.7730999999999,-5652.945800000001
143,528.1962,1444.5861,-1082.6801,0.0,0.0,0.0,-1299.5863,-16068.4828,602.3511,11803.7275,-2013.5986,1235.8357,-742.275,-4071.8882999999987,-1520.0378999999998,-5591.926199999998
144,488.5582,1435.2912,-1085.2449,0.0,0.0,0.0,-1299.083,-16251.0105,618.5387,11853.6664,-1889.1486,1224.9068,-740.55,-4239.283900000002,-1404.7918,-5644.075700000003
145,496.8593,1466.1434,-1097.6983,0.0,0.0,0.0,-1325.4731,-16297.9061,600.4048,11857.7822,-1862.2288,1222.7569,-731.3673,-4299.887799999999,-1370.8392,-5670.726999999998
146,478.2084,1436.3359,-1106.7775,0.0,0.0,0.0,-1291.4714,-16177.0992,625.4251,11808.0292,-1945.787,1216.1939,-725.9841,-4227.3495,-1455.5772000000002,-5682.9267
147,524.0973,1458.5315,-1082.1734,0.0,0.0,0.0,-1286.648,-16126.8928,608.2249,11810.6986,-1991.6692,1229.7027,-740.814,-4094.161900000001,-1502.7804999999998,-5596.942400000002
148,507.5519,1441.2683,-1093.7433,0.0,0.0,0.0,-1301.0488,-16219.1898,599.6225,11863.7815,-1972.1821,1227.8269,-733.9644,-4201.757700000002,-1478.3195999999998,-5680.077300000002
149,487.2177,1416.9065,-1093.5273,0.0,0.0,0.0,-1266.5698,-16251.5239,618.272,11802.6386,-1867.8948,1218.2871,-735.5979,-4286.5862,-1385.2056,-5671.7918
150,524.4177,1449.3039,-1084.4435,0.0,0.0,0.0,-1290.4536,-16114.2848,595.1969,11831.7953,-2037.7166,1233.7803,-743.0808,-4088.4680999999982,-1547.0171,-5635.485199999997
151,464.5746,1451.0027,-1073.9248,0.0,0.0,0.0,-1276.5636,-16265.4639,623.7172,11810.7138,-1883.6996,1232.8117,-744.254,-4265.944000000001,-1395.1419,-5661.085900000001
152,497.6593,1417.5756,-1119.2125,0.0,0.0,0.0,-1244.115,-16148.9867,614.119,11805.5646,-1961.5544,1238.7227,-746.1812,-4177.395700000001,-1469.0129,-5646.408600000001
153,554.6079,1375.3228,-1104.7632,0.0,0.0,0.0,-1288.4255,-16302.3573,615.1267,11882.303,-1855.4872,1221.8214,-740.571,-4268.185600000001,-1374.2368000000001,-5642.4224
154,499.8284,1417.3714,-1096.7196,0.0,0.0,0.0,-1275.7864,-16145.6716,613.6691,11842.8225,-1980.567,1230.8414,-743.9118,-4144.486200000001,-1493.6374,-5638.123600000001
155,511.3762,1432.4374,-1099.6985,0.0,0.0,0.0,-1293.2603,-16148.9987,617.239,11805.8344,-1944.1048,1225.8235,-738.9151,-4175.0705,-1457.1964000000003,-5632.2669000000005
156,508.3307,1416.6111,-1094.4477,0.0,0.0,0.0,-1270.5224,-16252.3859,610.9062,11882.9388,-1890.7208,1221.0559,-726.8372,-4198.5692,-1396.5021000000002,-5595.0713
157,500.3053,1445.7816,-1111.8181,0.0,0.0,0.0,-1298.3174,-16055.5628,610.5273,11776.5925,-2000.6716,1223.9571,-731.2443,-4132.491599999998,-1507.9587999999999,-5640.450399999998
158,563.0822,1411.7724,-1093.0701,0.0,0.0,0.0,-1291.1344,-16231.9043,611.7176,11749.0067,-1846.6191,1220.2669,-735.6661,-4280.5298999999995,-1362.0182999999997,-5642.548199999999
159,496.6079,1437.5024,-1099.3236,0.0,0.0,0.0,-1260.9413,-16097.9543,610.9028,11824.3284,-2036.7865,1247.4734,-758.7841,-4088.877699999999,-1548.0971999999997,-5636.974899999999
160,493.9616,1412.9427,-1103.161,0.0,0.0,0.0,-1261.5392,-16180.3335,602.322,11836.7207,-1920.7528,1238.992,-746.3269,-4199.086700000002,-1428.0877,-5627.174400000002
161,517.3069,1422.7257,-1094.2255,0.0,0.0,0.0,-1280.3454,-15992.5761,587.5404,11799.4278,-2082.6184,1236.9697,-746.0251,-4040.146199999999,-1591.6737999999996,-5631.819999999999
162,521.6385,1456.2275,-1087.889,0.0,0.0,0.0,-1276.1134,-15976.0117,603.2697,11750.0041,-2049.0286,1231.4935,-736.8114,-4008.8742999999977,-1554.3465,-5563.220799999997
163,495.7435,1451.412,-1080.9074,0.0,0.0,0.0,-1271.8579,-16126.3247,600.0593,11850.7953,-2002.2925,1239.0109,-747.1146,-4081.079899999999,-1510.3962000000001,-5591.476099999998
164,507.0781,1468.9013,-1080.1776,0.0,0.0,0.0,-1288.1021,-16170.0934,594.2991,11816.9465,-1943.4536,1244.818,-747.7119,-4151.1481,-1446.3475,-5597.4956
165,483.3381,1406.5411,-1066.5755,0.0,0.0,0.0,-1270.9,-16103.3843,602.8298,11807.2725,-1968.1818,1233.6575,-743.2529,-4140.8783,-1477.7772,-5618.655500000001
166,509.1689,1469.6636,-1101.5607,0.0,0.0,0.0,-1269.9005,-16060.288,604.1451,11792.9604,-2038.9958,1233.6764,-742.5852,-4055.811200000002,-1547.9045999999998,-5603.715800000002
167,540.3902,1412.6287,-1098.2926,0.0,0.0,0.0,-1290.38,-16132.7445,615.9191,11829.2499,-1966.5334,1225.866,-735.6455,-4123.2292,-1476.3129,-5599.5421
168,546.778,1445.9581,-1102.5838,0.0,0.0,0.0,-1264.6913,-16142.0669,598.7548,11790.59,-1974.1507,1233.941,-744.8816,-4127.261099999998,-1485.0913,-5612.352399999998
169,501.0722,1405.1736,-1104.7063,0.0,0.0,0.0,-1260.5739,-16045.6291,606.1593,11797.4054,-2041.0822,1236.157,-739.9684,-4101.0988,-1544.8936,-5645.992399999999
170,510.4146,1429.4,-1129.1329,0.0,0.0,0.0,-1254.176,-16204.6466,623.9112,11789.5982,-1883.4089,1232.4763,-747.3456,-4234.631499999998,-1398.2781999999997,-5632.909699999997
171,493.809,1396.1559,-1127.6189,0.0,0.0,0.0,-1269.2429,-16115.6503,606.3627,11814.0814,-1984.0101,1239.3653,-752.728,-4202.103100000002,-1497.3728,-5699.475900000002
172,502.8397,1410.1958,-1119.5938,0.0,0.0,0.0,-1306.2232,-16026.241,630.9849,11846.9102,-2057.0177,1231.7392,-741.9785,-4061.1273999999994,-1567.257,-5628.3844
173,467.0909,1382.8952,-1113.9648,0.0,0.0,0.0,-1281.9089,-16063.1545,615.0431,11804.5958,-2019.3293,1236.9414,-746.1602,-4189.403199999999,-1528.5481000000002,-5717.9513
174,511.1534,1441.0948,-1106.4982,0.0,0.0,0.0,-1294.6206,-16067.1761,622.2811,11855.0841,-2070.0613,1236.3791,-747.9434,-4038.681499999999,-1581.6255999999998,-5620.307099999998
175,475.4071,1433.0454,-1106.4834,0.0,0.0,0.0,-1280.571,-16251.2315,611.7729,11824.4968,-1859.3948,1229.457,-741.2775,-4293.563699999999,-1371.2152999999998,-5664.778999999999
176,493.361,1444.5363,-1106.5569,0.0,0.0,0.0,-1257.7808,-16194.4592,610.73,11896.7712,-1975.5878,1244.4022,-760.0916,-4113.398400000002,-1491.2772,-5604.675600000002
177,520.5584,1429.6497,-1097.9279,0.0,0.0,0.0,-1257.1872,-16035.1023,601.0249,11771.8507,-2025.4767,1237.6738,-741.3429,-4067.1337000000003,-1529.1457999999998,-5596.279500000001
178,541.6995,1469.7857,-1120.7453,0.0,0.0,0.0,-1258.1983,-16097.7641,595.6377,11779.9465,-1987.4537,1230.5437,-734.8988,-4089.6383000000005,-1491.8088000000002,-5581.4471
179,537.3807,1410.8825,-1136.5922,0.0,0.0,0.0,-1240.503,-16126.9729,606.679,11785.7312,-1969.8789,1246.0323,-757.8602,-4163.394699999999,-1481.7068,-5645.101499999999
180,496.5402,1420.8533,-1096.6913,0.0,0.0,0.0,-1289.4146,-16048.4351,633.5684,11817.8708,-2026.1688,1230.4681,-738.4553,-4065.7082999999984,-1534.156,-5599.8642999999975
181,507.7421,1400.4024,-1092.4493,0.0,0.0,0.0,-1284.2347,-16194.8688,610.5038,11907.5343,-1946.5173,1225.4549,-738.6735,-4145.370199999999,-1459.7359000000001,-5605.106099999999
182,506.0753,1420.098,-1122.2612,0.0,0.0,0.0,-1282.5614,-16026.5805,600.9082,11758.7953,-2008.1473,1232.1124,-744.4876,-4145.526300000001,-1520.5225,-5666.048800000002
183,478.7208,1447.6346,-1094.4566,0.0,0.0,0.0,-1259.0577,-16197.5461,603.2201,11895.5145,-2018.7405,1240.7072,-756.032,-4125.970399999998,-1534.0653000000002,-5660.0356999999985
184,534.7229,1424.0832,-1117.6888,0.0,0.0,0.0,-1262.5207,-16160.2156,599.2888,11776.7056,-1914.0348,1241.9593,-749.6658,-4205.624599999999,-1421.7413,-5627.365899999998
185,471.3159,1426.5231,-1074.2298,0.0,0.0,0.0,-1261.5851,-16205.8331,620.037,11836.2015,-1946.9016,1239.0676,-752.2156,-4187.570500000002,-1460.0495999999998,-5647.620100000002
186,558.1521,1437.7074,-1137.0616,0.0,0.0,0.0,-1243.4415,-16142.7447,612.4239,11844.9208,-2039.3391,1234.6309,-747.3318,-4070.043599999999,-1552.04,-5622.083599999999
187,523.5388,1471.334,-1092.518,0.0,0.0,0.0,-1274.1421,-16178.4099,607.7263,11859.3217,-1983.3703,1232.6369,-745.184,-4083.1492000000017,-1495.9174,-5579.066600000003
188,522.3803,1416.8463,-1108.9452,0.0,0.0,0.0,-1267.8457,-16109.4269,606.2837,11800.3444,-2004.9892,1236.5303,-745.4155,-4140.3631000000005,-1513.8744000000002,-5654.2375
189,509.4379,1431.129,-1102.4038,0.0,0.0,0.0,-1246.448,-16053.4733,602.2511,11832.3979,-2067.765,1242.446,-756.3828,-4027.109200000001,-1581.7017999999998,-5608.811000000001
190,507.6782,1456.0303,-1083.2516,0.0,0.0,0.0,-1232.6858,-16132.4278,593.833,11816.7062,-2023.6868,1244.6573,-756.1268,-4074.1174999999985,-1535.1562999999999,-5609.273799999998
191,515.7015,1403.0942,-1092.6564,0.0,0.0,0.0,-1257.3993,-16156.0535,623.6371,11926.8377,-2027.3824,1242.9752,-754.104,-4036.8387000000002,-1538.5112,-5575.349900000001
192,468.6799,1421.5387,-1083.7713,0.0,0.0,0.0,-1244.0405,-16222.0709,631.0266,11880.994,-1983.1794,1226.2818,-743.4051,-4147.643500000002,-1500.3027,-5647.946200000002
193,524.7453,1425.5444,-1095.4076,0.0,0.0,0.0,-1265.4407,-16046.5804,598.4979,11769.3402,-2018.1631,1240.2111,-748.748,-4089.3008999999984,-1526.7,-5616.000899999997
194,500.7207,1418.7233,-1112.7629,0.0,0.0,0.0,-1259.6811,-16021.4684,596.9047,11830.7744,-2102.6703,1249.2311,-762.8117,-4046.7892999999985,-1616.2509000000002,-5663.040199999999
195,492.5606,1398.6587,-1099.9433,0.0,0.0,0.0,-1272.7168,-15983.8462,613.0377,11808.8534,-2087.4663,1247.5301,-758.5235,-4043.3958999999995,-1598.4597,-5641.8556
196,504.5508,1439.8248,-1108.3224,0.0,0.0,0.0,-1284.5179,-16179.2346,608.9196,11829.7531,-1944.1178,1234.7065,-745.9053,-4189.026600000001,-1455.3166,-5644.343200000001
197,500.3147,1436.8537,-1106.6061,0.0,0.0,0.0,-1279.2887,-16060.7294,605.451,11821.6038,-2059.5131,1234.6734,-751.2541,-4082.400999999998,-1576.0938,-5658.494799999999
198,518.1059,1444.7401,-1105.7204,0.0,0.0,0.0,-1266.5441,-16105.9244,607.35,11825.1579,-2001.9834,1239.0865,-754.7404,-4082.834999999999,-1517.6373000000003,-5600.4722999999985
199,484.3557,1421.2232,-1103.602,0.0,0.0,0.0,-1271.5675,-15943.7336,601.0339,11781.9234,-2131.087,1240.4095,-745.5194,-4030.366899999999,-1636.1969,-5666.563799999999
200,506.8019,1391.4271,-1034.1058,0.0,0.0,0.0,-1278.2488,-16040.8906,613.7295,11829.0798,-2092.0784,1235.0892,-743.6154,-4012.206900000003,-1600.6046000000001,-5612.8115000000025
201,514.3539,1442.3591,-1085.5746,0.0,0.0,0.0,-1246.403,-15926.1721,597.4828,11793.8265,-2170.163,1238.8408,-750.9826,-3910.127400000001,-1682.3048000000001,-5592.432200000002
202,566.426,1390.1789,-1090.6312,0.0,0.0,0.0,-1283.1716,-15981.4463,602.8126,11833.9165,-2135.1753,1233.2086,-743.3424,-3961.9151,-1645.3091,-5607.224200000001
203,511.7041,1425.6784,-1097.6117,0.0,0.0,0.0,-1303.7032,-15925.3078,617.6504,11832.8503,-2148.5018,1239.096,-743.3576,-3938.7394999999997,-1652.7634,-5591.5029
204,546.23,1393.7427,-1094.9571,0.0,0.0,0.0,-1292.3677,-15897.0329,576.1808,11824.0644,-2208.2343,1240.3292,-747.1131,-3944.139800000001,-1715.0182000000002,-5659.158000000001
205,502.1032,1431.3789,-1106.77,0.0,0.0,0.0,-1273.1899,-16171.6242,604.9212,11838.3172,-1997.0933,1228.975,-734.2591,-4174.863599999999,-1502.3774,-5677.240999999999
206,467.669,1424.9762,-1079.061,0.0,0.0,0.0,-1299.233,-16194.1655,598.1062,11856.2133,-1924.1055,1232.1455,-738.7615,-4225.494799999999,-1430.7214999999997,-5656.216299999997
207,528.4567,1407.212,-1104.6966,0.0,0.0,0.0,-1264.9791,-16049.0686,588.2744,11801.395,-2061.093,1243.1359,-752.6808,-4093.4061999999994,-1570.6378999999997,-5664.044099999999
208,467.5471,1412.0378,-1111.9139,0.0,0.0,0.0,-1272.2068,-16050.0906,626.1737,11850.3257,-2061.506,1247.2041,-757.7763,-4078.127000000002,-1572.0782,-5650.205200000002
209,521.721,1439.1936,-1083.2825,0.0,0.0,0.0,-1277.0154,-16088.114,608.9446,11826.842,-2032.1336,1241.4207,-747.8257,-4051.710699999998,-1538.5385999999999,-5590.249299999999
210,516.2648,1471.5422,-1081.4463,0.0,0.0,0.0,-1268.3942,-16008.3398,594.6572,11727.236,-2025.2266,1243.5847,-741.1331,-4048.480099999999,-1522.7749999999999,-5571.2550999999985
211,525.1792,1407.1698,-1104.5516,0.0,0.0,0.0,-1297.1835,-16086.0294,620.1271,11793.4118,-1954.4807,1229.1121,-728.3554,-4141.8766,-1453.7240000000002,-5595.6006
212,495.0871,1486.2795,-1119.5977,0.0,0.0,0.0,-1289.3676,-16200.6726,614.5682,11798.1918,-1888.0403,1227.6851,-731.5126,-4215.5113,-1391.8678,-5607.3791
213,510.3673,1426.0117,-1120.5743,0.0,0.0,0.0,-1267.056,-16286.6176,607.5495,11822.1371,-1813.2876,1221.5757,-731.1552,-4308.182300000002,-1322.8671,-5631.049400000002
214,502.1495,1454.8188,-1107.6688,0.0,0.0,0.0,-1291.7416,-16162.6641,615.5146,11770.4762,-1935.1521,1232.0321,-743.5678,-4219.115399999999,-1446.6878000000002,-5665.803199999999
215,490.3037,1409.295,-1107.6396,0.0,0.0,0.0,-1277.0647,-16106.8772,617.2362,11867.6165,-1991.9021,1225.0722,-735.9573,-4107.130100000002,-1502.7872,-5609.917300000003
216,518.7559,1469.683,-1106.3287,0.0,0.0,0.0,-1264.6981,-16244.6935,609.1894,11818.0935,-1901.3704,1235.8594,-746.1105,-4199.9985,-1411.6215,-5611.619999999999
217,531.7724,1406.1043,-1082.6833,0.0,0.0,0.0,-1282.7363,-16211.6311,602.2724,11815.3981,-1893.7249,1237.1682,-741.2696,-4221.503499999999,-1397.8262999999997,-5619.329799999999
218,527.7552,1402.2067,-1114.0259,0.0,0.0,0.0,-1285.9917,-16087.9617,620.0951,11886.8428,-2035.7887,1230.3878,-734.7314,-4051.0795,-1540.1323000000002,-5591.2118
219,502.2871,1439.9093,-1075.1838,0.0,0.0,0.0,-1254.6428,-16251.1562,621.8565,11815.988,-1874.8919,1230.7705,-734.3061,-4200.941900000002,-1378.4275,-5579.369400000001
220,534.5007,1414.4252,-1111.9822,0.0,0.0,0.0,-1271.9993,-16242.5838,611.4256,11826.3158,-1845.3207,1230.2413,-733.1454,-4239.897999999999,-1348.2248,-5588.1228
221,469.7544,1459.6463,-1084.3298,0.0,0.0,0.0,-1271.4478,-16232.8655,612.7939,11782.8517,-1836.9648,1225.8896,-729.1987,-4263.596799999999,-1340.2739000000001,-5603.870699999999
222,495.9791,1454.249,-1096.7327,0.0,0.0,0.0,-1269.3312,-16009.8401,611.963,11732.2319,-2001.2336,1228.6018,-736.1462,-4081.480999999998,-1508.7780000000002,-5590.258999999997
223,477.2965,1387.9182,-1100.1278,0.0,0.0,0.0,-1273.7614,-15935.0226,619.4939,11765.0811,-2063.0193,1235.3632,-743.6818,-4059.1221000000023,-1571.3379,-5630.460000000003
224,507.6437,1437.4212,-1105.6302,0.0,0.0,0.0,-1258.256,-16245.4775,601.464,11794.5666,-1817.49,1229.8255,-733.1488,-4268.2682,-1320.8133000000003,-5589.0815
225,508.484,1461.1864,-1106.0083,0.0,0.0,0.0,-1279.1096,-16149.7212,590.0916,11797.8298,-1950.094,1224.406,-731.96,-4177.247299999999,-1457.6480000000001,-5634.895299999999
226,508.7912,1407.8245,-1142.425,0.0,0.0,0.0,-1275.3767,-16193.262,594.4721,11797.1037,-1869.8335,1231.6447,-737.6435,-4302.872200000002,-1375.8323,-5678.704500000002
227,533.6479,1420.0153,-1097.529,0.0,0.0,0.0,-1260.7325,-16127.2754,596.292,11831.523,-1967.5688,1242.2145,-745.5812,-4104.058700000001,-1470.9355,-5574.994200000001
228,485.4918,1445.6368,-1104.6071,0.0,0.0,0.0,-1275.4152,-16180.3367,605.9137,11849.209,-1961.512,1226.8771,-733.014,-4174.1077000000005,-1467.6489000000001,-5641.756600000001
229,533.2883,1401.0446,-1090.145,0.0,0.0,0.0,-1276.1664,-16136.729,602.8102,11788.9008,-1922.1336,1245.144,-750.5887,-4176.996500000001,-1427.5783,-5604.574800000001
230,495.8262,1443.7883,-1100.1063,0.0,0.0,0.0,-1265.8168,-16312.3811,611.3689,11856.5447,-1831.5981,1228.9183,-737.5505,-4270.776099999999,-1340.2303,-5611.006399999999
231,512.4944,1386.9609,-1104.0547,0.0,0.0,0.0,-1283.0984,-16212.4766,595.9799,11805.6611,-1815.3643,1240.6033,-742.3412,-4298.5334,-1317.1021999999998,-5615.6356000000005
232,484.2232,1391.1769,-1099.8869,0.0,0.0,0.0,-1292.0302,-16109.4048,605.7359,11812.8048,-1948.8707,1239.6583,-744.6629,-4207.3811000000005,-1453.8753,-5661.2564
233,522.8335,1435.9804,-1090.6038,0.0,0.0,0.0,-1239.3582,-16186.3972,615.2331,11815.6358,-1891.1651,1240.7214,-746.528,-4126.6763999999985,-1396.9717,-5523.6480999999985
234,551.2363,1423.2784,-1090.7736,0.0,0.0,0.0,-1251.7907,-16093.7338,603.5387,11789.1663,-1988.5182,1233.8134,-736.577,-4069.0784000000003,-1491.2818,-5560.360200000001
235,508.7408,1405.2061,-1076.6286,0.0,0.0,0.0,-1279.8391,-16170.9251,617.5612,11878.5882,-1970.09,1231.0682,-731.3058,-4117.296499999999,-1470.3276,-5587.624099999999
236,514.364,1432.9776,-1104.9385,0.0,0.0,0.0,-1288.2639,-16121.8013,603.3867,11767.248,-1909.0862,1235.3396,-745.8073,-4197.027399999999,-1419.5538999999999,-5616.581299999999
237,523.0486,1419.3858,-1093.9964,0.0,0.0,0.0,-1281.0343,-16122.3037,602.5122,11840.1422,-1972.9266,1244.1092,-750.4742,-4112.245600000002,-1479.2916,-5591.537200000002
238,544.7139,1374.9987,-1068.5632,0.0,0.0,0.0,-1284.3054,-16248.0816,615.3536,11833.518,-1881.2074,1223.5602,-734.3014,-4232.366,-1391.9486000000002,-5624.314600000001
239,508.5843,1424.3094,-1097.5077,0.0,0.0,0.0,-1277.6038,-16131.7664,615.3355,11825.2528,-1983.6867,1236.2893,-742.1892,-4133.3958999999995,-1489.5866,-5622.982499999999
240,496.43,1452.4684,-1049.7683,0.0,0.0,0.0,-1295.1914,-16095.5491,599.4253,11812.0236,-2034.9385,1247.5679,-751.4708,-4080.1615,-1538.8414,-5619.0029
241,514.0825,1376.311,-1096.2723,0.0,0.0,0.0,-1260.7512,-16214.0635,614.9385,11853.2355,-1927.2358,1238.8219,-748.5472,-4212.5195,-1436.9611,-5649.480600000001
242,492.6972,1432.8501,-1113.3959,0.0,0.0,0.0,-1275.85,-15992.5336,599.9276,11787.0699,-2061.8854,1237.1682,-748.5655,-4069.234699999999,-1573.2827000000002,-5642.517399999999
243,502.5917,1420.4803,-1092.2541,0.0,0.0,0.0,-1270.8188,-16184.9959,613.9936,11891.1528,-1986.2909,1230.2839,-734.1528,-4119.850400000001,-1490.1598,-5610.010200000001
244,482.7046,1430.0695,-1132.5613,0.0,0.0,0.0,-1274.9545,-16097.3874,616.5055,11831.3062,-2008.6828,1230.969,-740.9037,-4144.317399999998,-1518.6174999999998,-5662.934899999998
245,545.6764,1413.2651,-1099.0742,0.0,0.0,0.0,-1259.4824,-16265.0958,627.8226,11836.1375,-1884.3298,1228.8853,-739.0552,-4200.750799999998,-1394.4997,-5595.250499999997
246,518.5249,1411.6335,-1096.1088,0.0,0.0,0.0,-1279.2191,-16204.5548,602.9825,11886.5002,-1927.8457,1228.5356,-733.4836,-4160.241600000001,-1432.7937000000002,-5593.035300000001
247,509.6732,1471.2471,-1109.9983,0.0,0.0,0.0,-1274.1625,-16174.3298,605.2865,11839.5573,-1947.5048,1228.6632,-741.5122,-4132.726499999999,-1460.3537999999999,-5593.080299999999
248,497.5253,1428.7515,-1108.043,0.0,0.0,0.0,-1262.548,-16108.9482,626.8749,11869.5294,-2058.7775,1233.889,-741.8104,-4056.8580999999995,-1566.6989000000003,-5623.557
249,504.0066,1407.3477,-1126.4125,0.0,0.0,0.0,-1253.1561,-16333.7207,622.5415,11908.6796,-1873.3081,1228.4789,-745.3856,-4270.7139000000025,-1390.2147999999997,-5660.928700000002
250,535.3694,1448.5267,-1084.1224,0.0,0.0,0.0,-1255.0763,-16133.1024,604.7929,11755.5444,-1929.2273,1236.3366,-750.8764,-4128.067699999998,-1443.7671,-5571.834799999998
251,523.1809,1429.3965,-1071.4348,0.0,0.0,0.0,-1218.7661,-16141.5943,610.2408,11776.9898,-1982.9652,1235.5806,-750.7272,-4091.987200000003,-1498.1118000000001,-5590.099000000004
252,528.2754,1448.2126,-1089.0608,0.0,0.0,0.0,-1274.7844,-16218.682,592.8468,11813.7246,-1951.6283,1223.4799,-740.2243,-4199.4678,-1468.3727,-5667.8405
253,505.0346,1418.2617,-1061.2991,0.0,0.0,0.0,-1275.8666,-16175.3103,614.0827,11852.6636,-1969.3559,1243.6934,-756.378,-4122.4334,-1482.0405,-5604.4739
254,516.5381,1424.956,-1099.9277,0.0,0.0,0.0,-1280.6701,-16111.8947,608.9252,11888.3483,-2078.4257,1234.4041,-743.6647,-4053.724900000001,-1587.6862999999998,-5641.411200000001
255,495.2721,1442.9874,-1088.6004,0.0,0.0,0.0,-1265.2014,-16163.4212,595.474,11798.5014,-1974.5496,1232.1739,-745.4183,-4184.988100000002,-1487.794,-5672.782100000003
256,462.9536,1446.6653,-1087.5224,0.0,0.0,0.0,-1272.6857,-16075.4025,617.3473,11799.812,-2043.0359,1235.9491,-753.2331,-4108.832399999999,-1560.3199,-5669.1523
257,513.5469,1413.8529,-1098.1846,0.0,0.0,0.0,-1262.9339,-16000.8884,622.6246,11824.0683,-2103.5375,1239.1763,-748.7726,-3987.914200000001,-1613.1337999999998,-5601.048000000002
258,493.6334,1404.2215,-1064.1013,0.0,0.0,0.0,-1262.5503,-16111.9781,628.5515,11836.5726,-2039.0492,1240.6505,-755.1215,-4075.6507,-1553.5202,-5629.1709
259,516.9981,1438.193,-1111.8843,0.0,0.0,0.0,-1268.7003,-16078.634,613.7271,11832.4846,-2070.552,1224.6139,-736.7472,-4057.8158000000003,-1582.6853,-5640.5010999999995
260,504.9167,1408.1883,-1100.7501,0.0,0.0,0.0,-1264.8185,-16130.8876,615.7384,11867.1044,-2052.2416,1236.9225,-743.9133,-4100.508400000001,-1559.2323999999999,-5659.7408000000005
261,494.6941,1439.0721,-1120.5656,0.0,0.0,0.0,-1299.4714,-16155.2008,596.3026,11871.5462,-1978.8439,1236.7902,-736.2774,-4173.622800000001,-1478.3311,-5651.953900000001
262,536.0474,1418.7123,-1091.8982,0.0,0.0,0.0,-1278.0195,-16193.8969,599.949,11836.8102,-1951.1588,1230.4114,-738.4137,-4172.295699999999,-1459.1610999999998,-5631.456799999999
263,519.9981,1394.8071,-1113.2346,0.0,0.0,0.0,-1242.5449,-16174.0592,610.8133,11880.9789,-2026.968,1235.401,-744.952,-4123.2413000000015,-1536.519,-5659.760300000002
264,529.3618,1492.1968,-1084.2174,0.0,0.0,0.0,-1272.603,-16191.0807,601.8047,11795.0971,-1933.808,1235.6562,-746.3181,-4129.440699999997,-1444.4699,-5573.910599999997
265,502.2911,1398.1479,-1107.3909,0.0,0.0,0.0,-1261.2552,-16233.5594,625.0034,11822.5856,-1890.3534,1223.0404,-732.2445,-4254.177500000002,-1399.5575,-5653.7350000000015
266,477.0348,1436.5245,-1096.5774,0.0,0.0,0.0,-1259.2951,-16259.4305,610.8641,11858.078,-1885.8189,1226.1825,-735.9726,-4232.801599999999,-1395.6090000000002,-5628.410599999999
267,526.9771,1396.6817,-1106.6286,0.0,0.0,0.0,-1297.5485,-16132.9446,620.548,11847.5158,-1995.9319,1232.6747,-736.0331,-4145.399100000002,-1499.2903000000001,-5644.689400000002
268,531.9249,1420.515,-1084.0482,0.0,0.0,0.0,-1284.555,-16110.8186,604.4061,11792.2445,-1968.8879,1234.3757,-736.9084,-4130.331299999998,-1471.4206,-5601.7518999999975
269,473.8787,1427.7623,-1138.1495,0.0,0.0,0.0,-1301.5284,-16217.6594,623.3366,11945.4762,-1981.1496,1222.0104,-726.1796,-4186.8835,-1485.3188,-5672.2023
270,489.5346,1438.8862,-1088.8214,0.0,0.0,0.0,-1254.4779,-16281.0968,609.9192,11837.3969,-1879.9905,1222.0198,-729.0076,-4248.659199999998,-1386.9783000000002,-5635.637499999998
271,533.4187,1408.7984,-1115.6449,0.0,0.0,0.0,-1292.0047,-16190.4691,593.8695,11841.1345,-1943.8957,1219.8747,-730.5949,-4220.8976,-1454.6159,-5675.5135
272,512.2778,1464.4803,-1105.1297,0.0,0.0,0.0,-1284.1389,-16376.4187,596.5746,11834.5019,-1773.6684,1216.1136,-723.1182,-4357.8526999999995,-1280.6730000000002,-5638.5257
273,472.9247,1450.8457,-1121.1841,0.0,0.0,0.0,-1254.3475,-16276.5788,615.2165,11807.4714,-1850.941,1226.5984,-737.0206,-4305.652099999999,-1361.3631999999998,-5667.015299999999
274,532.0497,1423.913,-1112.2807,0.0,0.0,0.0,-1301.9605,-16220.6154,584.8235,11797.4148,-1873.774,1220.7063,-723.2657,-4296.655599999998,-1376.3334,-5672.988999999998
275,510.799,1394.4174,-1103.276,0.0,0.0,0.0,-1259.8032,-16165.0143,597.037,11809.5834,-1991.5557,1225.2045,-734.5048,-4216.256700000002,-1500.8559999999998,-5717.1127000000015
276,523.0316,1423.1342,-1102.6311,0.0,0.0,0.0,-1287.571,-16249.2523,621.0072,11825.1909,-1896.7407,1218.7643,-726.969,-4247.0905,-1404.9454,-5652.035900000001
277,512.3452,1425.0696,-1102.2645,0.0,0.0,0.0,-1260.4146,-16309.8542,630.1959,11871.1025,-1865.5289,1221.949,-722.9575,-4233.820099999999,-1366.5374,-5600.3575
278,474.5199,1478.2176,-1113.3647,0.0,0.0,0.0,-1290.4108,-16290.3056,614.8878,11870.9046,-1854.2407,1223.7256,-726.0256,-4255.5512,-1356.5407,-5612.0919
279,487.9876,1414.4046,-1108.5583,0.0,0.0,0.0,-1320.1119,-16220.3644,607.7748,11878.6002,-1889.7247,1225.3793,-724.4743,-4260.267400000001,-1388.8197,-5649.087100000001
280,539.9897,1408.4081,-1103.7776,0.0,0.0,0.0,-1281.8526,-16305.9358,618.8227,11860.0492,-1850.8148,1225.8613,-729.7548,-4264.2963,-1354.7083000000002,-5619.004599999999
281,507.9123,1427.366,-1068.0217,0.0,0.0,0.0,-1295.2619,-16147.7377,603.825,11805.2558,-1941.3474,1226.7543,-733.7784,-4166.662199999997,-1448.3715000000002,-5615.033699999997
282,514.3117,1384.5089,-1111.0814,0.0,0.0,0.0,-1272.176,-16254.6765,614.8571,11864.454,-1892.1348,1226.244,-739.7519,-4259.802200000002,-1405.6427,-5665.444900000002
283,537.4541,1475.9947,-1085.733,0.0,0.0,0.0,-1285.1787,-16260.7741,604.5784,11822.4083,-1875.6587,1220.0212,-725.9557,-4191.2503000000015,-1381.5932,-5572.843500000001
284,494.9207,1388.025,-1117.0422,0.0,0.0,0.0,-1320.1505,-16200.3986,607.9698,11872.0015,-1928.9182,1223.0215,-725.448,-4274.674299999999,-1431.3447,-5706.018999999999
285,509.5374,1435.3272,-1077.2048,0.0,0.0,0.0,-1315.2327,-16393.7675,617.5269,11826.5044,-1727.1832,1210.642,-722.9328,-4397.3091,-1239.474,-5636.783100000001
286,541.379,1472.2167,-1118.4855,0.0,0.0,0.0,-1314.0141,-16197.2491,615.1622,11832.4975,-1924.5791,1220.3094,-727.1588,-4168.493300000002,-1431.4285,-5599.921800000002
287,491.7201,1440.5301,-1100.8131,0.0,0.0,0.0,-1317.8983,-16213.3713,617.0185,11833.5568,-1901.7523,1223.924,-735.3029,-4249.2572,-1413.1312000000003,-5662.3884
288,515.3331,1379.2457,-1065.6675,0.0,0.0,0.0,-1274.6857,-16155.1025,603.3244,11821.0745,-1957.6986,1224.3823,-729.0006,-4176.478000000003,-1462.3168999999998,-5638.794900000003
289,511.9566,1454.9803,-1083.3385,0.0,0.0,0.0,-1306.6931,-16091.3235,607.6984,11826.4762,-2016.9008,1215.8679,-726.0185,-4080.2436000000016,-1527.0513999999998,-5607.295000000001
290,505.6568,1425.3109,-1061.2617,0.0,0.0,0.0,-1280.5448,-16290.5799,595.4573,11807.3241,-1813.6714,1217.5878,-727.2966,-4298.637300000002,-1323.3802,-5622.017500000002
291,516.4089,1399.9454,-1135.7785,0.0,0.0,0.0,-1285.8364,-16173.672,610.8945,11844.4986,-1948.3515,1232.0699,-740.7711,-4223.539499999999,-1457.0527000000002,-5680.592199999999
292,527.8581,1428.6513,-1106.6168,0.0,0.0,0.0,-1315.4916,-16228.6715,595.6158,11801.7357,-1862.6902,1228.6018,-730.8666,-4296.919,-1364.955,-5661.874000000001
293,481.6069,1393.9286,-1124.3863,0.0,0.0,0.0,-1251.5821,-16255.2857,605.8124,11821.284,-1899.6473,1221.2071,-727.8204,-4328.6222,-1406.2606,-5734.8828
294,512.0583,1409.1924,-1095.1684,0.0,0.0,0.0,-1254.7279,-16346.8886,615.9307,11856.2003,-1855.3866,1222.7144,-731.7207,-4303.403200000001,-1364.3928999999998,-5667.7961000000005
295,483.62,1398.0432,-1057.4334,0.0,0.0,0.0,-1313.0918,-16221.286,615.6467,11874.1509,-1933.8536,1222.8042,-730.4763,-4220.350400000001,-1441.5257,-5661.876100000001
296,502.0054,1485.5241,-1067.0983,0.0,0.0,0.0,-1277.7498,-16331.4018,626.6929,11858.2325,-1844.9415,1224.8029,-729.3792,-4203.794999999998,-1349.5178,-5553.312799999999
297,499.2349,1439.3399,-1084.5766,0.0,0.0,0.0,-1307.2015,-16208.1192,610.3436,11830.8534,-1913.3483,1231.5596,-741.9591,-4220.125499999998,-1423.7478,-5643.8732999999975
298,517.7011,1433.0852,-1131.7419,0.0,0.0,0.0,-1256.4608,-16070.6371,601.9515,11802.781,-2025.5468,1224.2311,-731.3803,-4103.321000000002,-1532.6960000000001,-5636.017000000002
299,516.4662,1411.6218,-1118.5154,0.0,0.0,0.0,-1296.0177,-16168.6199,614.1812,11854.9637,-1969.5694,1223.8909,-733.7795,-4185.920099999999,-1479.458,-5665.378099999999
300,494.0126,1418.8654,-1098.7374,0.0,0.0,0.0,-1301.8507,-16295.7857,610.1216,11828.8387,-1832.5439,1225.9227,-735.1398,-4344.5355,-1341.761,-5686.2964999999995
301,489.1286,1421.2599,-1085.0599,0.0,0.0,0.0,-1288.7727,-16246.7545,618.227,11823.4072,-1907.2848,1218.013,-727.8546,-4268.564399999999,-1417.1264,-5685.6907999999985
302,523.2461,1438.3863,-1118.3579,0.0,0.0,0.0,-1260.1124,-16331.508,601.0486,11901.1928,-1918.606,1221.0512,-727.0412,-4246.1044999999995,-1424.596,-5670.700499999999
303,517.4667,1396.0523,-1082.6198,0.0,0.0,0.0,-1313.426,-16269.2402,624.0706,11862.5809,-1886.2165,1212.3478,-718.5716,-4265.1155,-1392.4403,-5657.555800000001
304,481.0153,1437.7461,-1110.734,0.0,0.0,0.0,-1304.4469,-16336.7641,612.662,11829.5566,-1799.5424,1211.6059,-716.7695,-4390.965,-1304.7060000000001,-5695.671
305,537.0265,1422.6656,-1110.0419,0.0,0.0,0.0,-1299.7921,-16250.9467,610.2746,11856.4976,-1897.3914,1227.5812,-730.4548,-4234.316399999998,-1400.2649999999999,-5634.581399999997
306,500.4427,1423.8799,-1110.214,0.0,0.0,0.0,-1295.6984,-16155.4214,618.3677,11883.74,-1979.5755,1225.6581,-731.7034,-4134.9035,-1485.6207999999997,-5620.524300000001
307,471.2739,1437.3432,-1090.1783,0.0,0.0,0.0,-1291.4722,-16176.1722,607.4444,11804.1276,-1909.9453,1227.1606,-744.2885,-4237.633600000001,-1427.0732000000003,-5664.706800000001
308,491.0501,1372.2448,-1099.1543,0.0,0.0,0.0,-1283.9343,-16195.8419,615.0056,11866.0029,-1954.6204,1228.0111,-737.0804,-4234.627099999998,-1463.6897000000001,-5698.316799999998
309,511.7497,1378.7255,-1101.2493,0.0,0.0,0.0,-1286.1559,-16115.9104,598.9769,11787.7554,-1968.6824,1228.5687,-734.6882,-4226.108100000001,-1474.8019,-5700.910000000002
310,540.5726,1423.9464,-1107.0448,0.0,0.0,0.0,-1277.711,-16145.954,616.7937,11836.1529,-1986.126,1223.4846,-738.5507,-4113.244200000001,-1501.1921,-5614.436300000001
311,503.9263,1496.2635,-1106.1044,0.0,0.0,0.0,-1298.4175,-16155.2871,590.4813,11858.0609,-1970.9121,1236.2137,-743.4647,-4111.077000000001,-1478.1631,-5589.240100000001
312,537.1496,1469.9904,-1110.5896,0.0,0.0,0.0,-1306.5138,-16080.3248,599.0816,11849.8413,-2038.8264,1234.5364,-738.463,-4041.3652999999995,-1542.753,-5584.118299999999
313,491.0462,1402.8111,-1106.8406,0.0,0.0,0.0,-1294.6591,-16135.9515,600.4174,11851.8641,-1979.9193,1230.6524,-740.8469,-4191.312399999999,-1490.1138,-5681.426199999998
314,481.4206,1425.8967,-1099.2002,0.0,0.0,0.0,-1285.4508,-16163.7074,611.3786,11860.5818,-1966.2746,1229.1357,-734.8194,-4169.080699999999,-1471.9582999999998,-5641.038999999999
315,515.9858,1407.2138,-1086.0015,0.0,0.0,0.0,-1270.9762,-16333.02,604.7616,11859.3137,-1855.1864,1223.7964,-734.7301,-4302.7228,-1366.1201,-5668.8429
316,537.7538,1443.8872,-1119.6713,0.0,0.0,0.0,-1283.2275,-16327.9117,629.0208,11867.1459,-1869.4764,1229.8114,-745.9324,-4253.0028,-1385.5974,-5638.600199999999
317,515.5001,1393.4881,-1072.0634,0.0,0.0,0.0,-1298.3361,-16239.3868,625.6439,11868.9693,-1921.4395,1224.2595,-730.3894,-4206.1849,-1427.5694,-5633.7543000000005
318,521.3918,1472.9003,-1070.3081,0.0,0.0,0.0,-1279.1338,-16329.7556,623.8557,11843.7956,-1828.4521,1224.9352,-731.3996,-4217.2541,-1334.9165,-5552.1706
319,522.4457,1414.2649,-1063.1714,0.0,0.0,0.0,-1291.7903,-16352.5895,575.1104,11809.5664,-1778.8815,1224.5146,-731.8549,-4386.1638,-1286.2218,-5672.3856
320,549.8359,1454.2848,-1109.2084,0.0,0.0,0.0,-1268.4576,-16042.4155,597.3535,11784.3247,-2037.2661,1230.0476,-739.0226,-4034.2826000000023,-1546.2411,-5580.5237000000025
321,551.7107,1470.5615,-1087.4439,0.0,0.0,0.0,-1269.3011,-16130.7486,593.0659,11756.7137,-1946.216,1237.6123,-740.6952,-4115.441800000002,-1449.2988999999998,-5564.740700000003
322,488.453,1434.7639,-1091.2693,0.0,0.0,0.0,-1299.8045,-16260.372,617.6025,11838.4394,-1835.1587,1228.6585,-736.4601,-4272.186999999998,-1342.9603,-5615.147299999999
323,511.649,1482.7334,-1092.4096,0.0,0.0,0.0,-1257.9375,-16435.0836,626.3237,11842.5242,-1730.9449,1220.8244,-731.2006,-4322.2004000000015,-1241.3211000000001,-5563.521500000003
324,512.4659,1411.16,-1069.4494,0.0,0.0,0.0,-1290.8006,-16310.4039,623.6698,11776.7667,-1795.0266,1220.333,-732.4837,-4346.591499999999,-1307.1772999999998,-5653.768799999999
325,486.6551,1429.9238,-1092.0184,0.0,0.0,0.0,-1259.1259,-16171.6764,623.6445,11824.5497,-1960.7827,1231.4887,-740.3724,-4158.0476,-1469.6663999999998,-5627.714
326,522.8689,1440.7053,-1115.6445,0.0,0.0,0.0,-1278.4422,-16197.0957,618.3085,11842.3548,-1951.3683,1228.0537,-738.1753,-4166.9449,-1461.4899,-5628.4348
327,491.407,1425.4955,-1078.72,0.0,0.0,0.0,-1277.3155,-16326.1683,606.4543,11880.5979,-1849.8185,1230.7233,-731.9885,-4278.249099999999,-1351.0837000000001,-5629.332799999999
328,498.5479,1410.9674,-1080.6451,0.0,0.0,0.0,-1280.6155,-16310.2019,602.7182,11845.8867,-1847.3376,1220.1487,-731.7316,-4313.3423,-1358.9205000000002,-5672.2628
329,493.3346,1417.4006,-1111.6193,0.0,0.0,0.0,-1320.1404,-16212.2228,607.1373,11843.884,-1896.8216,1224.1839,-730.8486,-4282.225999999999,-1403.4863,-5685.712299999999
330,486.2005,1444.1423,-1090.3221,0.0,0.0,0.0,-1288.139,-16202.7775,603.5263,11824.6056,-1903.2874,1223.924,-732.7292,-4222.763899999998,-1412.0926,-5634.856499999998
331,499.0418,1411.4272,-1067.0316,0.0,0.0,0.0,-1308.6003,-16164.0478,602.248,11820.7422,-1935.3938,1226.9197,-733.5402,-4206.220499999999,-1442.0143000000003,-5648.234799999999
332,534.9353,1377.6797,-1088.364,0.0,0.0,0.0,-1270.0637,-16093.5469,597.0596,11765.4112,-1956.8618,1228.7435,-731.1203,-4176.888799999999,-1459.2386,-5636.127399999999
333,521.3156,1395.8189,-1075.1337,0.0,0.0,0.0,-1284.4992,-16224.8637,604.4558,11834.5351,-1925.0989,1224.5383,-731.5713,-4228.3712,-1432.1318999999999,-5660.503099999999
334,535.2287,1435.6051,-1082.8455,0.0,0.0,0.0,-1282.4926,-16243.6412,586.0549,11813.0197,-1889.5217,1218.7738,-730.1143,-4239.070899999999,-1400.8622,-5639.933099999999
335,513.2241,1481.4492,-1112.5323,0.0,0.0,0.0,-1291.9721,-16252.1272,609.4509,11849.4242,-1905.0609,1219.7755,-726.0198,-4203.083200000003,-1411.3052,-5614.3884000000035
336,498.1068,1446.8119,-1084.7879,0.0,0.0,0.0,-1299.837,-16195.1977,608.7278,11864.4769,-1961.9044,1221.5615,-734.6629,-4161.699200000001,-1475.0058,-5636.705000000001
337,520.2176,1427.1169,-1064.9115,0.0,0.0,0.0,-1279.5501,-16223.0077,614.854,11880.3361,-1940.3632,1228.8994,-738.5692,-4124.9447,-1450.033,-5574.9776999999995
338,492.7557,1423.8686,-1097.6913,0.0,0.0,0.0,-1298.7231,-16248.4187,602.1516,11822.7954,-1860.3611,1216.9972,-728.2488,-4303.2618,-1371.6127000000001,-5674.874500000001
339,512.918,1419.2145,-1084.8663,0.0,0.0,0.0,-1290.5283,-16253.1626,606.3272,11867.5881,-1875.7544,1227.378,-738.9812,-4222.509399999999,-1387.3576,-5609.866999999999
340,504.731,1433.3375,-1126.3393,0.0,0.0,0.0,-1277.741,-16283.241,609.6229,11875.8571,-1853.5399,1223.0357,-734.5107,-4263.772799999999,-1365.0149000000001,-5628.787699999998
341,528.9999,1489.4139,-1126.5809,0.0,0.0,0.0,-1274.1789,-16013.578,610.7955,11722.1569,-1994.7852,1226.6692,-732.8457,-4062.971599999999,-1500.9616999999998,-5563.933299999999
342,535.1105,1371.5265,-1084.0973,0.0,0.0,0.0,-1301.5578,-16166.5788,621.8551,11884.9104,-1999.1877,1223.1208,-728.2073,-4138.831399999999,-1504.2742,-5643.1056
343,481.2366,1485.1492,-1086.5285,0.0,0.0,0.0,-1299.9429,-16233.5829,606.9714,11838.5399,-1914.5992,1222.0765,-725.8063,-4208.1572,-1418.3290000000002,-5626.4862
344,500.2077,1409.0464,-1087.7279,0.0,0.0,0.0,-1262.5528,-16149.4331,619.5227,11835.4687,-1981.9807,1230.8083,-737.9201,-4135.4683,-1489.0925000000002,-5624.560800000001
345,477.6422,1424.189,-1138.9758,0.0,0.0,0.0,-1263.023,-16220.5409,598.6604,11838.8447,-1934.384,1226.6456,-736.2414,-4283.2034,-1443.9798,-5727.1832
346,516.7878,1459.5161,-1113.7612,0.0,0.0,0.0,-1265.2385,-16177.4346,619.4224,11844.1133,-1996.5825,1234.1631,-742.6871,-4116.5947000000015,-1505.1064999999999,-5621.701200000002
347,510.5071,1415.9518,-1102.4407,0.0,0.0,0.0,-1271.6573,-16230.6547,615.0296,11860.3199,-1921.4307,1222.4073,-728.8632,-4202.944299999999,-1427.8865999999998,-5630.830899999999
348,494.4765,1424.7428,-1086.27,0.0,0.0,0.0,-1309.6732,-16311.3927,606.8092,11862.0418,-1801.3278,1221.2497,-730.1992,-4319.265600000001,-1310.2773,-5629.5429
349,499.5974,1481.7242,-1079.9379,0.0,0.0,0.0,-1325.876,-16248.6738,610.4358,11824.897,-1861.6737,1213.8739,-720.3983,-4237.833299999998,-1368.1981,-5606.031399999999
350,519.2239,1415.5653,-1075.914,0.0,0.0,0.0,-1282.3699,-16131.8554,602.7915,11795.2277,-1976.81,1227.6757,-735.4587,-4157.330900000001,-1484.5929999999998,-5641.923900000001
351,502.7498,1403.3837,-1100.5794,0.0,0.0,0.0,-1314.891,-16241.6342,606.9826,11840.3991,-1894.698,1219.6384,-729.6372,-4303.589399999999,-1404.6968000000002,-5708.2862
352,500.742,1439.5367,-1056.6845,0.0,0.0,0.0,-1328.3042,-16205.7344,601.8492,11834.7858,-1914.0472,1217.2996,-719.2151,-4213.8094,-1415.9627,-5629.7721
353,526.6977,1431.4398,-1116.7628,0.0,0.0,0.0,-1261.0026,-16359.7839,610.2505,11850.2087,-1788.0726,1223.7492,-735.1586,-4318.952600000002,-1299.482,-5618.434600000001
354,498.6763,1470.8873,-1107.1589,0.0,0.0,0.0,-1285.5478,-16391.6392,636.952,11778.151,-1752.665,1215.1922,-725.8748,-4399.679300000003,-1263.3476,-5663.026900000003
355,499.0388,1453.1125,-1136.3424,0.0,0.0,0.0,-1273.8748,-16202.0988,616.6778,11788.1006,-1927.1805,1230.9217,-745.2955,-4255.386300000002,-1441.5542999999998,-5696.940600000003
356,496.4904,1425.3805,-1106.9898,0.0,0.0,0.0,-1284.9946,-16167.4544,599.0623,11820.1643,-1966.2248,1232.1455,-741.8405,-4218.341300000002,-1475.9198,-5694.2611000000015
357,495.8817,1365.4718,-1097.8769,0.0,0.0,0.0,-1260.6855,-16165.4415,617.4592,11814.3367,-1924.5563,1243.3154,-753.5965,-4230.854500000003,-1434.8374,-5665.691900000003
358,502.7759,1375.9082,-1070.0304,0.0,0.0,0.0,-1272.6595,-16248.8135,613.9385,11822.9112,-1878.1417,1232.0888,-737.6966,-4275.9695999999985,-1383.7495,-5659.719099999999
359,513.6369,1460.1271,-1084.8617,0.0,0.0,0.0,-1270.7563,-16115.4039,617.3832,11825.8039,-1979.7936,1230.7705,-737.0574,-4054.0707999999995,-1486.0805,-5540.1512999999995
360,503.1295,1410.5371,-1084.9702,0.0,0.0,0.0,-1268.8954,-16123.3128,613.599,11794.3,-1980.5494,1234.4088,-740.411,-4155.612800000001,-1486.5516000000002,-5642.164400000001
361,485.8837,1423.6161,-1094.5321,0.0,0.0,0.0,-1270.353,-16197.0569,631.7407,11964.9381,-2058.8722,1232.5613,-738.1427,-4055.763399999998,-1564.4535999999998,-5620.216999999998
362,517.0024,1418.8911,-1083.6511,0.0,0.0,0.0,-1282.7495,-16311.7043,629.7058,11860.9843,-1835.5543,1232.2684,-736.9094,-4251.5213,-1340.1953,-5591.7166
363,529.1142,1509.2237,-1075.2071,0.0,0.0,0.0,-1305.984,-16217.0766,616.9706,11846.3117,-1914.5441,1221.3111,-729.452,-4096.647500000001,-1422.6850000000002,-5519.332500000001
364,475.0904,1379.536,-1104.0598,0.0,0.0,0.0,-1275.4676,-16261.4599,617.2562,11866.1348,-1882.1577,1228.9703,-736.6657,-4302.9699,-1389.8531,-5692.823
365,508.5808,1380.5043,-1100.123,0.0,0.0,0.0,-1266.6385,-16174.7609,629.1041,11863.2075,-1952.1128,1230.5343,-734.6427,-4160.125699999997,-1456.2212,-5616.346899999997
366,508.5074,1434.9075,-1076.089,0.0,0.0,0.0,-1270.1902,-16018.9989,601.8714,11808.6769,-2067.9438,1234.4986,-742.0339,-4011.3148999999994,-1575.4791,-5586.794
367,506.8756,1435.9528,-1079.5681,0.0,0.0,0.0,-1261.0783,-16075.5749,602.4744,11842.0526,-2031.6332,1244.4022,-751.4983,-4028.865899999999,-1538.7293,-5567.595199999999
368,505.3405,1453.7224,-1111.2752,0.0,0.0,0.0,-1263.4308,-16019.3536,601.7598,11791.2102,-2047.7413,1238.5999,-744.6382,-4042.0267000000003,-1553.7795999999998,-5595.8063
369,473.0789,1370.6249,-1108.712,0.0,0.0,0.0,-1286.3152,-16158.6002,618.3383,11859.9216,-1989.2547,1235.2073,-747.6335,-4231.663700000003,-1501.6808999999998,-5733.344600000002
370,519.051,1407.5252,-1096.0896,0.0,0.0,0.0,-1269.3226,-16079.3099,590.1449,11851.9586,-2038.0001,1231.6966,-734.4295,-4076.0424000000003,-1540.733,-5616.7754
371,526.4937,1463.5853,-1084.9539,0.0,0.0,0.0,-1250.4714,-16165.9217,615.491,11816.6703,-2000.6268,1236.7335,-747.2983,-4079.1067000000003,-1511.1916,-5590.2983
372,520.7678,1441.9902,-1077.4999,0.0,0.0,0.0,-1302.2669,-16174.6366,605.692,11806.0246,-1919.8588,1235.2357,-732.6484,-4179.9288000000015,-1417.2715,-5597.200300000001
373,524.8121,1378.0077,-1079.5038,0.0,0.0,0.0,-1271.2065,-16019.3807,596.2215,11840.549,-2092.3092,1248.9807,-746.8412,-4030.5006999999987,-1590.1697,-5620.670399999998
374,542.9307,1415.1919,-1073.6052,0.0,0.0,0.0,-1275.8306,-16077.6829,597.0925,11855.1309,-2010.9913,1236.5161,-744.976,-4016.7726999999995,-1519.4512,-5536.223899999999
375,514.6791,1438.0429,-1090.8855,0.0,0.0,0.0,-1281.4946,-16143.7536,610.508,11864.1004,-2014.2693,1235.8216,-744.3352,-4088.8033000000014,-1522.7829,-5611.586200000002
376,516.0221,1406.2773,-1088.6725,0.0,0.0,0.0,-1247.5555,-16155.878,619.5062,11879.1816,-2010.4016,1245.0117,-747.0035,-4071.1188,-1512.3934,-5583.5122
377,519.8936,1459.4915,-1093.7378,0.0,0.0,0.0,-1251.4512,-16135.2744,589.768,11823.5391,-1986.4418,1248.5554,-747.7882,-4087.771200000001,-1485.6746,-5573.445800000001
378,528.9924,1378.1582,-1096.8049,0.0,0.0,0.0,-1278.0133,-16249.5247,621.2505,11862.2333,-1911.8499,1231.399,-737.8896,-4233.708499999999,-1418.3405,-5652.048999999999
379,530.4332,1428.7931,-1105.7143,0.0,0.0,0.0,-1286.3,-16031.528,585.8579,11751.4642,-1976.5733,1240.9624,-750.6506,-4126.9938999999995,-1486.2615,-5613.255399999999
380,505.2864,1407.927,-1090.0782,0.0,0.0,0.0,-1248.4837,-16142.8313,605.8136,11830.7955,-2009.6278,1229.8586,-745.9121,-4131.570699999998,-1525.6813,-5657.251999999999
381,539.9956,1405.999,-1079.7453,0.0,0.0,0.0,-1285.3166,-15984.4252,593.0305,11749.8287,-2090.318,1230.161,-741.8206,-4060.6332999999995,-1601.9776000000002,-5662.6109
382,520.938,1372.3568,-1105.395,0.0,0.0,0.0,-1257.7216,-16173.9804,611.8079,11796.7138,-1921.9255,1240.6552,-746.1078,-4235.280500000003,-1427.3781000000001,-5662.6586000000025
383,486.6124,1438.8218,-1088.7537,0.0,0.0,0.0,-1296.5389,-16091.0718,613.6503,11816.946,-1976.4674,1236.1665,-743.3285,-4120.3339,-1483.6293999999998,-5603.9632999999985
384,526.1179,1407.2256,-1101.5878,0.0,0.0,0.0,-1279.2848,-15937.5109,584.5741,11747.5315,-2065.1665,1242.3232,-746.3397,-4052.934400000002,-1569.1829999999998,-5622.117400000001
385,524.9086,1444.3129,-1060.5421,0.0,0.0,0.0,-1281.0759,-16125.3732,606.6247,11847.2002,-2007.7284,1232.1124,-743.0907,-4043.944800000001,-1518.7067,-5562.651500000001
386,496.0767,1426.9152,-1110.4758,0.0,0.0,0.0,-1262.1366,-16098.1849,596.65,11846.6366,-2055.4316,1235.8216,-753.6691,-4104.518800000002,-1573.2790999999997,-5677.797900000001
387,478.0564,1473.0681,-1107.2467,0.0,0.0,0.0,-1269.7377,-16108.1878,598.4645,11831.1613,-1966.6189,1234.8766,-751.6042,-4104.421899999999,-1483.3464999999999,-5587.768399999999
388,489.515,1392.5695,-1100.7995,0.0,0.0,0.0,-1274.7492,-16048.2019,602.534,11843.09,-2098.3142,1241.1608,-748.0351,-4096.042099999999,-1605.1884999999997,-5701.230599999998
389,505.9926,1427.6643,-1072.2144,0.0,0.0,0.0,-1257.7581,-16170.014,613.7259,11873.8363,-1997.6148,1232.4007,-746.0493,-4078.7674000000006,-1511.2634000000003,-5590.0308
390,493.862,1465.827,-1107.8865,0.0,0.0,0.0,-1297.7729,-16110.0652,607.7031,11868.8801,-2034.6463,1229.509,-736.3448,-4079.4523999999983,-1541.4821000000002,-5620.9344999999985
391,477.9306,1440.3177,-1127.7985,0.0,0.0,0.0,-1265.001,-16142.5943,611.0636,11857.815,-1989.4942,1233.0858,-742.0672,-4148.266899999999,-1498.4756,-5646.7424999999985
392,515.4998,1418.2024,-1083.6108,0.0,0.0,0.0,-1265.6972,-16094.7845,616.9643,11790.8932,-1990.0882,1229.8303,-734.9586,-4102.532799999999,-1495.2165,-5597.7492999999995
393,510.1633,1404.3392,-1098.0097,0.0,0.0,0.0,-1252.3444,-16118.9074,618.8724,11820.8926,-1988.5672,1235.075,-741.5676,-4114.994000000002,-1495.0598,-5610.053800000002
394,511.1278,1440.1794,-1098.8407,0.0,0.0,0.0,-1276.8914,-15985.8694,611.7537,11767.1209,-2074.9703,1231.9754,-737.8361,-4031.419700000002,-1580.831,-5612.250700000002
395,522.4877,1430.8233,-1083.7884,0.0,0.0,0.0,-1268.5314,-16228.0631,616.215,11819.7861,-1887.7504,1228.2379,-734.887,-4191.0707999999995,-1394.3994999999998,-5585.470299999999
396,523.9045,1436.6468,-1101.8656,0.0,0.0,0.0,-1273.0882,-16072.7836,602.472,11788.696,-1973.8709,1232.0038,-735.052,-4096.018099999999,-1476.9191,-5572.9371999999985
397,514.3291,1410.9344,-1103.4391,0.0,0.0,0.0,-1266.0365,-16166.1998,615.8108,11841.7349,-1932.367,1244.4872,-750.6129,-4152.8662,-1438.4926999999998,-5591.358900000001
398,489.6445,1451.5795,-1106.7828,0.0,0.0,0.0,-1264.9001,-16032.4049,610.483,11756.8592,-2018.7541,1234.13,-742.6259,-4095.521599999998,-1527.25,-5622.771599999998
399,490.0626,1459.2313,-1114.4522,0.0,0.0,0.0,-1287.3073,-16137.1272,619.2464,11824.7841,-1959.0813,1238.2975,-743.7997,-4145.562300000001,-1464.5835000000002,-5610.145800000002
400,518.9461,1416.3727,-1116.5663,0.0,0.0,0.0,-1261.8988,-15945.876,611.4346,11796.3057,-2098.6113,1245.6496,-753.8701,-3981.2819999999992,-1606.8318,-5588.1138

