POISSON BOLTZMANN:
Frame #,BOND,ANGLE,DIHED,UB,IMP,CMAP,VDWAALS,EEL,1-4 VDW,1-4 EEL,EPB,ENPOLAR,EDISPER,G gas,G solv,TOTAL
0,519.9928,1391.1414,-1071.0988,0.0,0.0,0.0,-1278.6005,-16193.6235,612.9212,11779.3972,-1922.76,1235.6042,-751.7332,-4239.870200000001,-1438.8890000000001,-5678.759200000001
1,495.8803,1452.2275,-1090.2786,0.0,0.0,0.0,-1277.1146,-16057.1811,592.4506,11731.0538,-1987.2774,1241.7939,-749.8931,-4152.962099999999,-1495.3766,-5648.338699999999
2,507.9511,1428.5482,-1098.1331,0.0,0.0,0.0,-1267.0688,-16189.137,602.1299,11784.0435,-1927.8245,1243.7218,-754.7797,-4231.6662,-1438.8824,-5670.548599999999
3,500.1806,1382.6371,-1107.9769,0.0,0.0,0.0,-1257.8852,-16107.255,591.9996,11781.8237,-1996.148,1245.1912,-762.2237,-4216.4761,-1513.1805,-5729.6566
4,491.9628,1418.7018,-1063.537,0.0,0.0,0.0,-1308.9436,-16240.4356,615.0739,11795.4418,-1877.9985,1236.0531,-745.3214,-4291.7359,-1387.2667999999999,-5679.002699999999
5,496.0189,1418.2204,-1111.8411,0.0,0.0,0.0,-1272.884,-16114.6675,606.4224,11722.8004,-1959.0535,1240.934,-759.0434,-4255.930499999999,-1477.1629,-5733.093399999998
6,483.6714,1439.6082,-1108.0768,0.0,0.0,0.0,-1278.9504,-16114.9555,600.1332,11783.0818,-1955.8142,1237.9242,-756.1852,-4195.488099999999,-1474.0752000000002,-5669.563299999998
7,505.0802,1433.8759,-1105.6632,0.0,0.0,0.0,-1262.7458,-16144.6498,598.027,11761.1178,-1900.9127,1235.9302,-755.2981,-4214.957899999999,-1420.2806,-5635.2384999999995
8,520.9519,1478.1261,-1101.6121,0.0,0.0,0.0,-1242.1935,-16014.8589,602.1723,11702.1513,-2033.8535,1258.2984,-777.1215,-4055.2628999999997,-1552.6766,-5607.9395
9,495.9423,1454.5327,-1092.1689,0.0,0.0,0.0,-1253.9899,-16081.7029,602.7028,11732.9965,-1973.4086,1256.1107,-777.3494,-4141.687400000001,-1494.6473,-5636.3347
10,498.8989,1409.7369,-1094.6135,0.0,0.0,0.0,-1270.5437,-16080.6221,607.6546,11809.1265,-2002.2163,1246.0701,-758.2576,-4120.362400000002,-1514.4038,-5634.766200000002
11,493.4806,1393.6514,-1094.9056,0.0,0.0,0.0,-1252.0251,-16234.3547,603.8133,11788.7587,-1893.8147,1237.8864,-758.7015,-4301.581399999999,-1414.6297999999997,-5716.211199999999
12,514.951,1389.2273,-1095.8361,0.0,0.0,0.0,-1283.8007,-16088.1397,599.4131,11772.7537,-1973.8046,1238.9873,-751.4349,-4191.431400000001,-1486.2522,-5677.683600000001
13,481.5244,1416.5353,-1084.7996,0.0,0.0,0.0,-1273.578,-16282.5693,610.3604,11808.3808,-1871.2193,1229.6932,-746.9868,-4324.145999999997,-1388.5129000000002,-5712.658899999997
14,506.0386,1431.3079,-1080.3396,0.0,0.0,0.0,-1255.7606,-16128.6312,598.2143,11783.7527,-2000.0917,1240.5749,-754.3568,-4145.417900000002,-1513.8736,-5659.291500000001
15,525.5155,1371.3594,-1062.9133,0.0,0.0,0.0,-1279.5299,-16130.3402,605.1339,11749.999,-1934.825,1243.3627,-755.6762,-4220.775600000001,-1447.1385,-5667.914100000001
16,497.0299,1437.9316,-1103.6389,0.0,0.0,0.0,-1254.3132,-16146.0859,603.2593,11827.8532,-2019.0773,1240.0977,-759.0405,-4137.964,-1538.0200999999997,-5675.9841
17,481.6105,1453.0934,-1062.0286,0.0,0.0,0.0,-1282.572,-16037.9708,604.6686,11723.1047,-2035.7541,1237.8202,-755.5358,-4120.0942,-1553.4697,-5673.563899999999
18,488.9491,1448.1943,-1085.5528,0.0,0.0,0.0,-1281.5915,-15963.5958,595.3279,11737.4781,-2091.2864,1238.4203,-754.6047,-4060.7906999999977,-1607.4708,-5668.261499999998
19,486.9025,1406.0116,-1087.9485,0.0,0.0,0.0,-1260.0506,-16122.8913,613.1939,11765.4765,-1988.9413,1233.6717,-753.284,-4199.305899999998,-1508.5535999999997,-5707.859499999998
20,521.9003,1414.8361,-1069.5164,0.0,0.0,0.0,-1227.7965,-16176.6244,615.7498,11747.5615,-1947.8124,1242.8382,-759.4336,-4173.8896,-1464.4078,-5638.2974
21,500.2316,1429.3478,-1094.3398,0.0,0.0,0.0,-1284.8526,-16117.9459,598.4793,11834.3289,-1998.757,1244.0053,-754.4416,-4134.7507000000005,-1509.1933,-5643.944
22,540.3185,1401.3508,-1076.7141,0.0,0.0,0.0,-1252.8669,-16133.2851,608.8818,11700.3679,-1933.7593,1239.9134,-760.5061,-4211.947099999999,-1454.3519999999999,-5666.299099999999
23,551.2845,1453.8494,-1066.1009,0.0,0.0,0.0,-1249.2898,-16144.6254,597.7442,11668.3473,-1884.8415,1246.7458,-773.7683,-4188.790700000001,-1411.864,-5600.654700000002
24,536.2753,1454.6747,-1095.9898,0.0,0.0,0.0,-1252.9048,-16009.3012,596.2046,11753.6428,-2019.1482,1246.793,-762.4017,-4017.3984,-1534.7569000000003,-5552.1553
25,508.8588,1481.783,-1123.4992,0.0,0.0,0.0,-1228.5307,-16002.5106,596.6829,11651.3222,-1958.3456,1247.7758,-766.2476,-4115.893599999999,-1476.8174000000004,-5592.711
26,526.6323,1418.3719,-1092.9518,0.0,0.0,0.0,-1258.4207,-16155.6428,601.98,11739.3616,-1903.7701,1244.9597,-751.7455,-4220.6695,-1410.5558999999998,-5631.225399999999
27,469.3897,1439.8569,-1114.9137,0.0,0.0,0.0,-1269.3317,-15993.9764,617.3087,11822.787,-2100.3321,1252.2126,-771.7517,-4028.879500000001,-1619.8712,-5648.7507000000005
28,496.9613,1414.2492,-1078.2284,0.0,0.0,0.0,-1270.5159,-16091.249,608.0253,11764.579,-1998.1086,1244.2557,-758.4323,-4156.178500000002,-1512.2852000000003,-5668.463700000002
29,502.5354,1444.2219,-1105.4019,0.0,0.0,0.0,-1248.4623,-16239.9126,613.0385,11776.9719,-1884.6576,1239.8189,-757.9331,-4257.0090999999975,-1402.7718,-5659.780899999998
30,475.4078,1377.6426,-1084.3457,0.0,0.0,0.0,-1269.8374,-16055.2224,616.5734,11759.4263,-2029.6149,1233.9788,-755.8548,-4180.355400000002,-1551.4908999999998,-5731.846300000003
31,478.1775,1400.7804,-1083.2274,0.0,0.0,0.0,-1271.2108,-15974.746,608.632,11760.4394,-2048.2817,1249.7698,-768.1227,-4081.1548999999995,-1566.6345999999999,-5647.789499999999
32,492.6978,1475.7445,-1085.711,0.0,0.0,0.0,-1273.777,-16049.9297,598.6753,11692.0079,-2002.7155,1254.0601,-774.6634,-4150.292199999998,-1523.3188,-5673.610999999999
33,514.0459,1425.2649,-1102.5317,0.0,0.0,0.0,-1260.7712,-15981.6007,618.0111,11760.9116,-2107.6608,1248.4279,-765.2598,-4026.670100000003,-1624.4927000000002,-5651.162800000003
34,515.694,1467.1118,-1054.2621,0.0,0.0,0.0,-1262.4964,-15937.1024,592.396,11701.5833,-2083.98,1249.8312,-767.2446,-3977.0757999999987,-1601.3934,-5578.469199999998
35,495.7476,1364.1014,-1057.1464,0.0,0.0,0.0,-1241.4713,-16274.8134,615.3172,11785.6146,-1872.868,1235.2876,-759.4133,-4312.650299999999,-1396.9937,-5709.644
36,506.1305,1415.2069,-1094.3484,0.0,0.0,0.0,-1259.5506,-16257.0317,616.8573,11804.3397,-1888.2219,1249.8973,-770.3521,-4268.3963,-1408.6767,-5677.073
37,470.3037,1421.9844,-1067.4743,0.0,0.0,0.0,-1263.8816,-16201.0126,616.5058,11786.1241,-1903.1828,1238.3305,-755.9621,-4237.450499999997,-1420.8144,-5658.264899999997
38,509.8922,1455.3939,-1098.745,0.0,0.0,0.0,-1239.1976,-16228.0884,625.8594,11748.5947,-1907.2671,1240.5135,-766.8153,-4226.2908000000025,-1433.5689,-5659.859700000003
39,520.9481,1480.1282,-1101.6147,0.0,0.0,0.0,-1256.8143,-16116.988,595.6974,11700.1535,-1921.8296,1244.3644,-761.4625,-4178.489799999999,-1438.9277000000002,-5617.4175
40,533.1583,1403.0215,-1109.9471,0.0,0.0,0.0,-1284.2103,-16101.8631,589.2061,11699.547,-1919.6831,1235.7743,-753.952,-4271.087600000001,-1437.8608,-5708.948400000001
41,508.0518,1371.9543,-1067.978,0.0,0.0,0.0,-1264.0917,-16150.7257,616.177,11751.9588,-1906.7595,1244.4116,-766.7601,-4234.6535,-1429.108,-5663.7615000000005
42,532.2854,1408.3132,-1109.8233,0.0,0.0,0.0,-1250.0727,-16116.934,598.9825,11748.665,-1971.0313,1241.8223,-760.3372,-4188.5839,-1489.5462000000002,-5678.1301
43,500.8982,1428.5348,-1080.7525,0.0,0.0,0.0,-1261.6854,-16130.4032,605.446,11730.9479,-1946.0577,1234.1395,-749.5125,-4207.014200000001,-1461.4307000000001,-5668.444900000001
44,515.2019,1421.5456,-1094.0788,0.0,0.0,0.0,-1239.4646,-16307.6915,618.1174,11842.9901,-1935.8797,1233.5677,-754.7649,-4243.379900000002,-1457.0769,-5700.456800000002
45,500.7718,1425.9249,-1130.4541,0.0,0.0,0.0,-1248.2628,-16064.4338,624.5095,11791.9485,-2011.5325,1245.2763,-761.5372,-4099.996000000001,-1527.7934,-5627.789400000001
46,544.899,1455.7595,-1090.2793,0.0,0.0,0.0,-1265.4819,-16125.0603,605.8676,11754.9441,-1978.9444,1242.7815,-754.5654,-4119.3513,-1490.7283,-5610.079600000001
47,485.954,1433.5058,-1110.239,0.0,0.0,0.0,-1286.0657,-16163.5526,612.4244,11757.6622,-1877.1359,1242.1767,-763.1017,-4270.310900000002,-1398.0609,-5668.371800000003
48,491.8632,1399.3752,-1093.962,0.0,0.0,0.0,-1260.2693,-16104.5306,616.582,11779.4252,-1995.2772,1245.6543,-753.5831,-4171.516299999999,-1503.2060000000001,-5674.722299999999
49,517.0422,1441.7885,-1070.6614,0.0,0.0,0.0,-1274.3247,-16091.7918,625.5181,11742.0109,-1957.5772,1239.7528,-755.6905,-4110.418200000004,-1473.5149000000001,-5583.933100000003
50,512.2049,1349.6195,-1085.6468,0.0,0.0,0.0,-1269.0417,-16183.311,597.7286,11787.8732,-1925.9489,1238.099,-752.5597,-4290.5733,-1440.4096000000002,-5730.9829
51,534.1056,1405.2097,-1102.6419,0.0,0.0,0.0,-1269.8078,-16116.9872,612.0662,11733.8634,-1901.5618,1242.8949,-753.7277,-4204.191999999999,-1412.3946,-5616.586599999999
52,496.4237,1416.6189,-1113.2918,0.0,0.0,0.0,-1264.2085,-15894.0672,613.0322,11713.5445,-2091.3811,1254.1073,-761.97,-4031.9482000000007,-1599.2438000000002,-5631.192000000002
53,509.9349,1398.9824,-1074.0253,0.0,0.0,0.0,-1258.8597,-16044.4642,587.1046,11732.0804,-2015.9851,1240.1591,-754.3091,-4149.246899999998,-1530.1351,-5679.381999999998
54,518.5776,1436.5828,-1097.2127,0.0,0.0,0.0,-1279.7098,-16113.4254,612.0049,11727.4733,-1968.8423,1237.1587,-752.3075,-4195.7093,-1483.9911000000002,-5679.700400000001
55,538.0172,1420.8954,-1101.6947,0.0,0.0,0.0,-1226.1963,-16205.719,623.6222,11769.7648,-1922.849,1251.1117,-765.3503,-4181.310399999997,-1437.0875999999998,-5618.397999999997
56,510.8482,1437.1868,-1109.9735,0.0,0.0,0.0,-1286.4251,-16160.1736,611.8481,11724.0949,-1879.0604,1233.4921,-745.7169,-4272.5942,-1391.2852000000003,-5663.879400000001
57,486.8633,1451.4839,-1103.3,0.0,0.0,0.0,-1270.2098,-16264.7374,609.2957,11739.0231,-1759.1481,1237.4942,-747.4684,-4351.5812000000005,-1269.1223,-5620.7035000000005
58,523.33,1474.4144,-1106.7366,0.0,0.0,0.0,-1272.5757,-16002.1892,600.8516,11667.8422,-1994.3251,1238.9023,-750.5895,-4115.063300000002,-1506.0123,-5621.075600000002
59,465.09,1429.7368,-1117.4307,0.0,0.0,0.0,-1266.9341,-16216.4303,625.3119,11790.0919,-1895.6863,1231.7864,-750.4372,-4290.5645,-1414.3371000000002,-5704.901600000001
60,507.2351,1410.2091,-1102.5681,0.0,0.0,0.0,-1258.4638,-16313.2992,610.5871,11766.5743,-1821.7996,1234.4324,-749.0369,-4379.725499999997,-1336.4041000000002,-5716.1295999999975
61,502.0296,1427.1474,-1095.7034,0.0,0.0,0.0,-1246.5047,-16309.9258,612.8865,11751.75,-1808.1031,1239.663,-760.1415,-4358.3204000000005,-1328.5816,-5686.902
62,504.7627,1452.6873,-1092.9162,0.0,0.0,0.0,-1275.5121,-16232.6103,593.1585,11746.6378,-1835.1332,1233.1472,-746.281,-4303.792299999999,-1348.2669999999998,-5652.059299999999
63,561.4534,1391.7647,-1083.7166,0.0,0.0,0.0,-1259.3514,-16284.0554,614.7112,11815.0276,-1828.6184,1232.6605,-747.691,-4244.166499999999,-1343.6489000000001,-5587.8153999999995
64,509.1568,1406.2605,-1068.1569,0.0,0.0,0.0,-1249.5234,-16300.7222,595.8647,11712.4895,-1773.1422,1248.6169,-757.7384,-4394.630999999999,-1282.2637,-5676.8947
65,514.6038,1373.8048,-1077.572,0.0,0.0,0.0,-1217.1941,-16118.6868,606.5772,11739.3065,-1951.5043,1248.5696,-767.9856,-4179.160600000001,-1470.9203,-5650.080900000002
66,526.3503,1445.8093,-1110.3006,0.0,0.0,0.0,-1269.7961,-16025.1167,610.2667,11776.251,-2066.0887,1241.1514,-755.4805,-4046.536100000001,-1580.4177999999997,-5626.953900000001
67,487.5723,1377.6066,-1078.6372,0.0,0.0,0.0,-1265.8758,-16184.869,607.4761,11709.5542,-1858.0541,1240.6505,-753.7928,-4347.1727999999985,-1371.1964000000003,-5718.369199999999
68,484.1779,1446.4246,-1112.9577,0.0,0.0,0.0,-1277.8528,-16176.5723,614.0832,11732.9776,-1888.0602,1240.6033,-751.3325,-4289.719499999997,-1398.7894,-5688.508899999997
69,561.7344,1457.0986,-1069.8992,0.0,0.0,0.0,-1245.0106,-15998.6278,599.8174,11705.9814,-2027.0269,1250.1525,-756.9148,-3988.9058000000005,-1533.7892000000002,-5522.695
70,505.232,1408.4783,-1089.7819,0.0,0.0,0.0,-1259.5689,-16099.4214,620.4359,11733.0954,-1972.1736,1239.748,-755.2241,-4181.5306,-1487.6497,-5669.180300000001
71,510.1351,1373.9745,-1079.8288,0.0,0.0,0.0,-1269.265,-16050.6726,621.1794,11764.3701,-2010.9568,1236.9697,-745.9635,-4130.1073,-1519.9505999999997,-5650.0579
72,518.2854,1420.202,-1096.0999,0.0,0.0,0.0,-1280.1045,-16166.6684,587.6111,11806.0119,-1919.971,1236.6343,-742.5555,-4210.7624,-1425.8922000000002,-5636.6546
73,504.6292,1445.1095,-1094.8636,0.0,0.0,0.0,-1262.2691,-16060.8516,603.0135,11713.832,-1989.0627,1242.583,-762.1662,-4151.400099999997,-1508.6459,-5660.045999999997
74,512.8067,1406.2911,-1103.1286,0.0,0.0,0.0,-1261.9973,-16077.796,615.7689,11757.8372,-1974.0436,1244.1139,-762.2729,-4150.218000000003,-1492.2026,-5642.420600000002
75,498.2268,1427.7952,-1084.4729,0.0,0.0,0.0,-1247.0458,-16073.4894,615.0901,11750.0692,-1985.915,1247.5726,-759.2751,-4113.826800000003,-1497.6174999999998,-5611.444300000002
76,518.8797,1476.8556,-1120.7245,0.0,0.0,0.0,-1257.231,-16038.6931,598.9494,11734.7873,-2003.418,1250.573,-763.7937,-4087.1766000000007,-1516.6386999999997,-5603.8153
77,504.2262,1429.7023,-1097.1928,0.0,0.0,0.0,-1272.96,-16126.8015,614.0221,11777.6621,-1997.2362,1238.4061,-753.646,-4171.3416,-1512.4761,-5683.8177
78,487.7288,1438.1455,-1105.3435,0.0,0.0,0.0,-1272.7901,-16022.1281,583.1453,11785.1351,-2083.5775,1254.4475,-765.6212,-4106.107,-1594.7512,-5700.858199999999
79,503.6994,1408.5226,-1110.6058,0.0,0.0,0.0,-1217.944,-16115.0895,619.7062,11818.0596,-2082.5061,1251.9952,-771.0879,-4093.6515,-1601.5988,-5695.2503
80,509.8552,1395.4041,-1093.9784,0.0,0.0,0.0,-1249.5316,-16170.868,593.8627,11766.5603,-1969.781,1247.6293,-756.6999,-4248.6957,-1478.8516,-5727.5473
81,489.7021,1445.8644,-1077.8822,0.0,0.0,0.0,-1256.2909,-16010.9848,607.8337,11761.442,-2056.4272,1242.0538,-758.9753,-4040.315700000003,-1573.3487,-5613.664400000003
82,509.6597,1430.8312,-1082.8355,0.0,0.0,0.0,-1277.6554,-15948.1146,604.2487,11786.0097,-2128.5121,1240.1119,-750.7788,-3977.8562,-1639.1789999999999,-5617.0352
83,490.7284,1414.0551,-1073.2189,0.0,0.0,0.0,-1277.9991,-16194.3581,619.0453,11806.7573,-1947.7846,1229.2018,-732.8878,-4214.990000000002,-1451.4705999999999,-5666.460600000002
84,512.7027,1369.4056,-1067.031,0.0,0.0,0.0,-1276.0915,-16160.8053,601.4589,11739.2554,-1890.9385,1240.1166,-755.0798,-4281.105200000002,-1405.9017,-5687.006900000002
85,499.7753,1449.1438,-1101.2652,0.0,0.0,0.0,-1259.135,-16103.7536,620.4181,11793.5213,-1976.8553,1253.1812,-773.132,-4101.2953,-1496.8060999999998,-5598.1014
86,497.9853,1452.6326,-1068.1832,0.0,0.0,0.0,-1275.6099,-16111.1447,613.896,11795.8551,-2012.5539,1244.336,-758.5915,-4094.568800000001,-1526.8094,-5621.378200000001
87,489.6155,1436.1439,-1066.3944,0.0,0.0,0.0,-1251.5696,-16037.1925,604.3463,11756.6657,-2075.8774,1248.6499,-766.3074,-4068.3850999999995,-1593.5349,-5661.919999999998
88,488.8836,1376.5677,-1104.9225,0.0,0.0,0.0,-1236.5046,-16011.5979,617.9687,11736.8013,-2058.4764,1251.8488,-769.4757,-4132.803700000002,-1576.1033,-5708.907000000002
89,500.0126,1380.7915,-1082.8031,0.0,0.0,0.0,-1242.62,-16140.3165,597.111,11756.8784,-1926.3305,1245.9283,-763.7933,-4230.946099999999,-1444.1955,-5675.1416
90,490.082,1426.9602,-1095.4456,0.0,0.0,0.0,-1264.3651,-16152.657,594.9419,11780.5438,-1958.9487,1248.3003,-761.3508,-4219.939799999998,-1471.9991999999997,-5691.9389999999985
91,494.1122,1395.8112,-1107.4929,0.0,0.0,0.0,-1261.7889,-15959.1838,605.5375,11706.7744,-2088.969,1241.9641,-760.0507,-4126.230299999999,-1607.0556000000001,-5733.285899999999
92,516.2397,1434.4154,-1139.1226,0.0,0.0,0.0,-1262.3198,-16048.0091,621.4759,11743.7563,-1976.4586,1242.6397,-759.4547,-4133.564200000001,-1493.2736,-5626.837800000001
93,507.2862,1476.0723,-1088.8671,0.0,0.0,0.0,-1237.5055,-16085.7785,609.3771,11789.8322,-2050.6647,1249.7887,-764.6852,-4029.5833000000002,-1565.5611999999996,-5595.144499999999
94,481.8365,1462.7283,-1089.9137,0.0,0.0,0.0,-1278.0633,-16249.9827,611.1159,11722.4366,-1873.8411,1237.1729,-757.7843,-4339.842399999998,-1394.4525,-5734.294899999998
95,495.6893,1423.2082,-1107.4595,0.0,0.0,0.0,-1289.0745,-16239.2484,609.7304,11702.4132,-1778.4506,1225.5872,-734.3004,-4404.7413,-1287.1637999999998,-5691.9051
96,519.3492,1486.8536,-1111.4602,0.0,0.0,0.0,-1269.2133,-16024.3557,600.1609,11718.8511,-2000.8255,1243.1264,-753.8411,-4079.8143999999975,-1511.5402,-5591.354599999997
97,500.3734,1443.6887,-1123.5522,0.0,0.0,0.0,-1278.7306,-16169.0577,608.8549,11710.774,-1845.3375,1235.6278,-746.1099,-4307.6494999999995,-1355.8196000000003,-5663.469099999999
98,543.6614,1390.4233,-1109.2725,0.0,0.0,0.0,-1247.1293,-16189.3114,618.3698,11783.4808,-1923.9547,1244.0761,-762.2455,-4209.777899999999,-1442.1241,-5651.901999999999
99,514.4695,1490.9841,-1096.0751,0.0,0.0,0.0,-1259.688,-16131.589,613.2391,11686.2986,-1887.6358,1238.7511,-752.7705,-4182.360799999999,-1401.6552000000001,-5584.015999999999
100,536.4357,1388.5854,-1067.1116,0.0,0.0,0.0,-1283.3205,-16143.2128,577.4076,11734.0216,-1899.1201,1238.0518,-741.3695,-4257.194600000001,-1402.4378000000002,-5659.6324
101,512.5454,1433.1643,-1082.027,0.0,0.0,0.0,-1287.9759,-15970.6182,599.514,11732.3051,-2047.4158,1246.6843,-761.7512,-4063.092300000002,-1562.4827,-5625.575000000002
102,519.2359,1396.6334,-1078.2256,0.0,0.0,0.0,-1257.172,-16103.965,616.9865,11805.8096,-2005.7584,1240.5229,-757.7406,-4100.697200000002,-1522.9760999999999,-5623.673300000002
103,471.1827,1396.4325,-1104.937,0.0,0.0,0.0,-1271.6938,-15948.2431,597.79,11696.1524,-2038.2034,1247.979,-762.9194,-4163.316299999997,-1553.1438,-5716.460099999997
104,532.4407,1422.7513,-1078.8815,0.0,0.0,0.0,-1268.1267,-16044.4447,601.5069,11729.9973,-2005.7079,1241.0805,-761.3173,-4104.7567,-1525.9447,-5630.7014
105,487.2261,1414.9006,-1071.606,0.0,0.0,0.0,-1264.1514,-16205.1029,608.5058,11808.8323,-1898.339,1240.4001,-760.6005,-4221.395499999999,-1418.5394,-5639.934899999998
106,515.0038,1407.8702,-1100.2866,0.0,0.0,0.0,-1263.5197,-16045.6962,614.5601,11707.9061,-1943.1144,1240.0315,-758.7345,-4164.162299999998,-1461.8174,-5625.979699999998
107,494.6183,1418.2141,-1113.8988,0.0,0.0,0.0,-1249.8276,-16233.1463,624.5778,11759.2356,-1873.0294,1236.3602,-755.8357,-4300.2269000000015,-1392.5049,-5692.7318000000005
108,516.7612,1455.3203,-1086.9958,0.0,0.0,0.0,-1235.557,-16146.8854,605.0422,11784.1384,-1978.084,1240.5418,-767.3317,-4108.176100000001,-1504.8739,-5613.05
109,522.3197,1367.6935,-1097.815,0.0,0.0,0.0,-1229.8627,-16172.542,603.1662,11798.4604,-1917.6181,1239.5448,-754.5735,-4208.579900000001,-1432.6468,-5641.226700000001
110,545.7669,1410.7417,-1100.9098,0.0,0.0,0.0,-1294.2979,-16138.1367,608.313,11828.6968,-1948.4583,1250.6439,-767.4333,-4139.826000000001,-1465.2477,-5605.073700000001
111,511.3954,1436.9212,-1087.8887,0.0,0.0,0.0,-1268.5023,-16134.3935,626.1515,11804.8112,-1982.8622,1241.7325,-759.3477,-4111.5052,-1500.4774,-5611.982599999999
112,456.8445,1439.7956,-1063.3855,0.0,0.0,0.0,-1272.398,-16019.6196,614.6065,11837.257,-2118.1719,1240.6741,-755.2309,-4006.8994999999995,-1632.7287,-5639.628199999999
113,511.3386,1406.2577,-1072.2314,0.0,0.0,0.0,-1275.7269,-16110.016,612.6949,11807.7382,-1994.6069,1243.3863,-755.1531,-4119.9449,-1506.3737,-5626.3186000000005
114,486.2428,1402.9723,-1100.7733,0.0,0.0,0.0,-1259.7476,-16122.6659,596.7118,11783.4443,-1987.1749,1238.3305,-756.5578,-4213.815600000002,-1505.4022,-5719.217800000002
115,454.8196,1426.227,-1086.7499,0.0,0.0,0.0,-1276.8877,-16167.5364,612.6104,11816.9776,-1944.4776,1238.6896,-752.1951,-4220.5394000000015,-1457.9831,-5678.522500000002
116,523.2749,1416.2731,-1112.814,0.0,0.0,0.0,-1275.0983,-16134.375,588.2492,11817.3798,-2004.2592,1237.4233,-750.5008,-4177.1103,-1517.3367,-5694.447
117,522.7556,1382.5438,-1097.5531,0.0,0.0,0.0,-1271.8105,-16170.0078,603.1462,11732.4964,-1897.2104,1240.0741,-750.7077,-4298.429400000001,-1407.844,-5706.273400000001
118,487.6479,1359.8031,-1097.7874,0.0,0.0,0.0,-1275.778,-15894.2944,602.7753,11767.8378,-2156.4297,1240.504,-757.4666,-4049.7957000000024,-1673.3923000000002,-5723.188000000003
119,485.5893,1457.1065,-1074.4313,0.0,0.0,0.0,-1252.1642,-16054.8149,617.8831,11765.8321,-2017.9689,1241.6428,-760.8121,-4054.9994000000006,-1537.1381999999999,-5592.137600000001
120,521.078,1477.463,-1085.8477,0.0,0.0,0.0,-1282.5077,-15938.554,590.046,11733.4981,-2084.9981,1238.8645,-757.2292,-3984.8242999999984,-1603.3627999999999,-5588.187099999998
121,499.1876,1419.2602,-1084.3152,0.0,0.0,0.0,-1253.3143,-16067.0439,608.1567,11816.3473,-2016.5839,1246.5095,-754.3532,-4061.7216000000026,-1524.4276000000002,-5586.149200000002
122,505.334,1415.8342,-1118.2664,0.0,0.0,0.0,-1266.8848,-16089.7562,589.1479,11788.8788,-2008.5714,1252.3213,-768.5847,-4175.7125,-1524.8348,-5700.547299999999
123,534.3548,1405.961,-1060.8783,0.0,0.0,0.0,-1269.8585,-16192.2887,610.6881,11783.898,-1931.1429,1244.5392,-762.4155,-4188.123600000001,-1449.0192000000002,-5637.1428000000005
124,497.302,1418.0807,-1114.0735,0.0,0.0,0.0,-1254.8319,-15938.2108,605.8079,11816.1271,-2154.2059,1240.8442,-756.4244,-3969.7985000000026,-1669.7860999999998,-5639.584600000002
125,518.4307,1409.5255,-1129.43,0.0,0.0,0.0,-1263.0607,-16123.2044,611.7148,11790.9527,-1979.2342,1240.1166,-755.691,-4185.071400000001,-1494.8086,-5679.88
126,504.8804,1373.4833,-1074.8249,0.0,0.0,0.0,-1278.2182,-16187.9339,609.8225,11796.4816,-1898.2205,1234.9805,-746.0805,-4256.3092000000015,-1409.3205,-5665.629700000001
127,523.2884,1414.2621,-1104.433,0.0,0.0,0.0,-1273.2753,-16014.4761,598.3156,11791.9158,-2098.0169,1251.2912,-768.7658,-4064.4025,-1615.4915,-5679.894000000001
128,457.0967,1405.4752,-1104.5422,0.0,0.0,0.0,-1238.8395,-16079.9258,606.8918,11789.7611,-2061.0182,1253.6206,-779.1164,-4164.082700000001,-1586.5140000000001,-5750.596700000001
129,521.7334,1399.1206,-1102.443,0.0,0.0,0.0,-1222.3993,-16080.6587,612.3576,11725.4844,-2014.4511,1241.4585,-768.7623,-4146.805000000002,-1541.7549,-5688.559900000003
130,517.1257,1384.7547,-1096.8754,0.0,0.0,0.0,-1230.7264,-16179.4344,612.4602,11828.0358,-1988.2735,1252.652,-772.568,-4164.659800000001,-1508.1895,-5672.849300000002
131,487.8885,1467.1478,-1111.2143,0.0,0.0,0.0,-1272.3892,-16090.5562,593.3091,11814.3044,-2001.2746,1254.6129,-768.281,-4111.509899999999,-1514.9426999999998,-5626.452599999999
132,467.6424,1456.0715,-1075.2667,0.0,0.0,0.0,-1302.3808,-16067.325,612.1305,11775.9621,-2031.3537,1245.3661,-763.9983,-4133.166000000001,-1549.9859,-5683.151900000001
133,473.7596,1426.1787,-1097.8292,0.0,0.0,0.0,-1260.1942,-16006.2412,602.611,11769.6349,-2047.5545,1248.5035,-761.0169,-4092.0804000000007,-1560.0679,-5652.148300000001
134,497.4202,1466.0646,-1097.7276,0.0,0.0,0.0,-1257.5217,-16074.083,594.1753,11770.8732,-1995.8665,1246.5615,-756.2005,-4100.798999999999,-1505.5055000000002,-5606.304499999999
135,496.9802,1394.0152,-1104.066,0.0,0.0,0.0,-1256.7133,-16048.1531,600.4651,11755.6825,-1974.1011,1241.2931,-756.4278,-4161.789399999998,-1489.2358,-5651.025199999998
136,515.0634,1463.8613,-1116.2227,0.0,0.0,0.0,-1240.6123,-16079.3145,601.8805,11737.7467,-1985.7574,1249.765,-771.2923,-4117.597600000001,-1507.2846999999997,-5624.882300000001
137,498.3725,1457.825,-1130.6185,0.0,0.0,0.0,-1265.0084,-16018.5504,609.8155,11723.7113,-1984.3252,1254.7688,-775.5012,-4124.4529999999995,-1505.0576,-5629.5106
138,501.4087,1425.3429,-1130.5069,0.0,0.0,0.0,-1250.2231,-16007.6187,601.9136,11734.9263,-2060.3712,1259.1158,-781.3148,-4124.7572,-1582.5702,-5707.3274
139,537.6386,1446.2996,-1114.722,0.0,0.0,0.0,-1238.6046,-15949.6298,600.2033,11769.3529,-2117.2887,1252.4299,-769.471,-3949.4620000000014,-1634.3298,-5583.791800000001
140,516.3197,1363.1587,-1066.0296,0.0,0.0,0.0,-1255.015,-16033.3327,614.3387,11829.4337,-2114.3207,1248.3381,-769.3348,-4031.1265000000003,-1635.3174000000004,-5666.4439
141,498.555,1421.003,-1125.8482,0.0,0.0,0.0,-1275.3677,-15956.9375,609.5282,11738.1158,-2083.2612,1244.5061,-762.0406,-4090.951399999998,-1600.7957,-5691.747099999999
142,511.786,1419.6561,-1084.881,0.0,0.0,0.0,-1260.3507,-16041.1087,603.4235,11818.4056,-2043.1873,1258.8559,-767.451,-4033.0692,-1551.7824,-5584.851599999999
143,487.8206,1448.8014,-1113.1941,0.0,0.0,0.0,-1259.2485,-16016.2194,619.0727,11723.9324,-2035.9483,1245.4086,-761.9929,-4109.034900000001,-1552.5326,-5661.567500000001
144,494.14,1400.0664,-1109.3609,0.0,0.0,0.0,-1225.5002,-16059.7526,611.7109,11757.4309,-1995.9002,1255.402,-781.8275,-4131.2654999999995,-1522.3256999999999,-5653.5912
145,516.1596,1424.3255,-1104.6401,0.0,0.0,0.0,-1250.8133,-16080.042,615.0702,11737.8004,-1981.9874,1244.8699,-764.4828,-4142.139699999998,-1501.6003,-5643.739999999998
146,497.3289,1470.3463,-1104.7827,0.0,0.0,0.0,-1267.6799,-16041.4726,595.0745,11780.0187,-2018.538,1250.9935,-763.3983,-4071.1667999999972,-1530.9427999999998,-5602.109599999997
147,503.2936,1409.3018,-1106.9425,0.0,0.0,0.0,-1275.2321,-16220.5158,625.4793,11813.1541,-1862.447,1234.9569,-750.0725,-4251.461600000002,-1377.5626,-5629.024200000003
148,505.25,1406.125,-1108.0141,0.0,0.0,0.0,-1271.8999,-16163.5745,597.333,11813.0366,-1973.0242,1247.8136,-757.8216,-4221.7438999999995,-1483.0322,-5704.7761
149,512.4317,1404.5865,-1078.072,0.0,0.0,0.0,-1260.4648,-16164.2213,601.178,11757.1323,-1930.1138,1243.0555,-764.3173,-4227.429600000001,-1451.3756000000003,-5678.805200000002
150,510.108,1413.1317,-1071.6803,0.0,0.0,0.0,-1225.7459,-16168.5238,620.8831,11810.8408,-1986.5096,1242.7248,-762.9523,-4110.986400000003,-1506.7371000000003,-5617.723500000004
151,546.3231,1421.5949,-1102.0541,0.0,0.0,0.0,-1277.7435,-16017.7523,615.0309,11796.2197,-2078.9439,1244.2368,-760.6408,-4018.381300000001,-1595.3479000000002,-5613.729200000002
152,476.065,1378.8626,-1092.0982,0.0,0.0,0.0,-1267.1896,-16241.7562,600.4566,11821.5031,-1906.9325,1246.2638,-768.7118,-4324.1567,-1429.3805,-5753.5372
153,525.9954,1437.3166,-1094.6393,0.0,0.0,0.0,-1258.7496,-16108.5007,605.9057,11752.8281,-1967.221,1251.1873,-769.4596,-4139.843800000001,-1485.4933,-5625.337100000001
154,511.0955,1429.7105,-1094.0426,0.0,0.0,0.0,-1255.0036,-16199.0592,604.9882,11781.6897,-1928.1324,1245.3235,-765.5675,-4220.621499999999,-1448.3764,-5668.997899999999
155,510.9088,1440.7247,-1067.4011,0.0,0.0,0.0,-1270.8407,-15922.6829,567.3632,11686.2634,-2074.6607,1254.7074,-764.4923,-4055.6646,-1584.4456,-5640.1102
156,515.609,1425.6169,-1078.8753,0.0,0.0,0.0,-1267.3155,-15944.213,603.2021,11783.1426,-2149.1234,1260.9207,-776.8739,-3962.833199999999,-1665.0766,-5627.909799999999
157,502.0041,1421.086,-1091.9695,0.0,0.0,0.0,-1249.2444,-16029.0064,612.6896,11747.7639,-2063.5016,1243.2918,-759.6826,-4086.6767,-1579.8924000000002,-5666.5691
158,511.0077,1476.9057,-1101.2359,0.0,0.0,0.0,-1269.3066,-15981.6044,597.373,11785.8278,-2095.2275,1240.0977,-755.6215,-3981.0327000000016,-1610.7513,-5591.7840000000015
159,497.3041,1438.3954,-1073.4732,0.0,0.0,0.0,-1300.9908,-15896.445,605.6408,11784.2106,-2165.2012,1240.041,-758.995,-3945.3580999999995,-1684.1552000000001,-5629.513299999999
160,488.837,1448.69,-1072.9877,0.0,0.0,0.0,-1290.9889,-15843.6711,621.4135,11809.4969,-2220.5792,1255.3831,-759.4897,-3839.210299999999,-1724.6858000000002,-5563.896099999999
161,558.0624,1395.006,-1098.1095,0.0,0.0,0.0,-1259.0708,-15960.7285,615.1665,11695.5681,-2057.2287,1248.631,-757.4757,-4054.1057999999994,-1566.0734,-5620.179199999999
162,484.1165,1412.1344,-1117.1575,0.0,0.0,0.0,-1269.6826,-16102.6401,602.5365,11818.482,-2031.0,1239.3889,-747.1645,-4172.210799999999,-1538.7756,-5710.986399999999
163,509.4892,1428.5074,-1101.0781,0.0,0.0,0.0,-1272.5111,-16125.6513,613.1441,11790.201,-1977.3205,1242.0822,-755.8359,-4157.898800000003,-1491.0742,-5648.973000000003
164,510.1437,1398.4612,-1058.1593,0.0,0.0,0.0,-1258.3892,-16029.6383,622.5008,11752.0836,-2060.8855,1248.4798,-761.6615,-4062.9975000000013,-1574.0672,-5637.064700000002
165,477.2432,1430.1985,-1095.6413,0.0,0.0,0.0,-1258.2908,-16114.1928,614.1089,11790.7279,-1988.0805,1244.3974,-762.6578,-4155.8464,-1506.3409,-5662.1873000000005
166,491.5085,1388.477,-1115.8487,0.0,0.0,0.0,-1232.9184,-16093.0246,616.927,11734.0814,-1965.3467,1245.9756,-765.7906,-4210.7978,-1485.1617,-5695.959500000001
167,485.6038,1439.1819,-1110.6886,0.0,0.0,0.0,-1239.4981,-16019.3691,610.6886,11726.0176,-1994.2054,1241.6995,-764.3729,-4108.063900000003,-1516.8788,-5624.942700000003
168,522.1851,1388.0086,-1098.5098,0.0,0.0,0.0,-1246.061,-15987.2981,597.3878,11742.4795,-2049.4483,1254.1971,-780.7104,-4081.8079000000016,-1575.9616,-5657.769500000001
169,512.0416,1405.0752,-1080.2273,0.0,0.0,0.0,-1231.5802,-16023.6914,608.829,11715.8828,-1996.4049,1255.8886,-782.1901,-4093.6702999999998,-1522.7064,-5616.376699999999
170,485.9113,1367.0551,-1096.6177,0.0,0.0,0.0,-1240.0218,-16182.3461,617.1351,11805.6443,-1932.0677,1253.3844,-772.279,-4243.239800000003,-1450.9623000000001,-5694.202100000002
171,510.244,1387.5253,-1094.9593,0.0,0.0,0.0,-1246.8399,-16032.046,609.6365,11723.0434,-1998.0987,1249.354,-772.6067,-4143.395999999999,-1521.3514,-5664.747399999999
172,466.159,1424.6774,-1110.0498,0.0,0.0,0.0,-1245.6677,-16067.6039,594.0638,11756.9952,-1975.9975,1255.1562,-785.8858,-4181.426000000001,-1506.7271,-5688.153100000001
173,528.3766,1418.4011,-1085.8837,0.0,0.0,0.0,-1250.2125,-16155.3151,625.5644,11712.1437,-1858.1751,1244.5345,-762.8461,-4206.925500000001,-1376.4867,-5583.412200000002
174,484.4834,1378.1338,-1098.0899,0.0,0.0,0.0,-1249.4677,-16037.3868,626.7614,11723.698,-1958.8489,1252.5292,-767.0771,-4171.8678,-1473.3968,-5645.2646
175,518.6989,1438.172,-1146.967,0.0,0.0,0.0,-1264.1267,-16036.5961,612.8521,11729.0993,-2010.2321,1255.4161,-771.1804,-4148.867500000002,-1525.9964,-5674.863900000003
176,528.8207,1418.6609,-1107.2168,0.0,0.0,0.0,-1263.3178,-16160.2661,610.9049,11763.6546,-1919.1758,1246.8544,-761.0884,-4208.759600000001,-1433.4098,-5642.169400000001
177,492.1061,1453.5488,-1080.3726,0.0,0.0,0.0,-1271.729,-16124.1164,608.7737,11774.9918,-1933.762,1242.687,-761.9519,-4146.7976,-1453.0269,-5599.8245
178,514.9967,1420.4835,-1109.1952,0.0,0.0,0.0,-1248.4661,-16170.1844,603.3501,11752.848,-1906.671,1245.4133,-764.8676,-4236.1674,-1426.1253000000002,-5662.2927
179,508.1207,1491.4571,-1090.9026,0.0,0.0,0.0,-1271.8535,-16045.3774,599.4269,11713.3169,-1988.2368,1254.4144,-772.4121,-4095.8119000000006,-1506.2345,-5602.046400000001
180,494.6311,1399.0238,-1089.769,0.0,0.0,0.0,-1240.6651,-16162.768,623.1679,11802.6531,-1948.3814,1240.1071,-762.0104,-4173.726200000001,-1470.2847000000002,-5644.010900000001
181,504.9444,1449.1115,-1107.6584,0.0,0.0,0.0,-1234.7602,-16194.9447,605.2969,11715.0521,-1839.1574,1244.0336,-766.844,-4262.958400000001,-1361.9678000000001,-5624.926200000002
182,521.9082,1462.1747,-1100.1132,0.0,0.0,0.0,-1263.6874,-16133.6293,603.5084,11770.0914,-1969.3869,1251.4613,-769.7055,-4139.747200000002,-1487.6311,-5627.378300000001
183,492.2226,1454.7353,-1075.9134,0.0,0.0,0.0,-1241.4875,-16119.9622,604.1055,11686.5836,-1905.6771,1255.2791,-778.4557,-4199.7161000000015,-1428.8537000000001,-5628.569800000001
184,526.455,1464.9987,-1090.2185,0.0,0.0,0.0,-1245.2856,-16166.2722,599.1215,11723.5775,-1877.773,1250.6439,-764.2451,-4187.623600000001,-1391.3741999999997,-5578.997800000001
185,496.2556,1406.5546,-1108.5514,0.0,0.0,0.0,-1263.4842,-16042.3763,608.8546,11774.7047,-2023.3555,1248.5696,-766.7812,-4128.042399999998,-1541.5670999999998,-5669.609499999999
186,498.2032,1435.4069,-1112.7662,0.0,0.0,0.0,-1258.5004,-16235.9928,608.9052,11748.935,-1852.8856,1233.9883,-758.8369,-4315.809100000002,-1377.7342,-5693.543300000002
187,534.1223,1433.9667,-1096.8046,0.0,0.0,0.0,-1251.2355,-16052.7115,618.8727,11741.5483,-2020.392,1249.7036,-771.219,-4072.2415999999994,-1541.9074,-5614.148999999999
188,537.0464,1416.5769,-1116.499,0.0,0.0,0.0,-1264.4743,-16377.0869,591.7677,11758.2867,-1732.0895,1239.474,-758.4778,-4454.3825,-1251.0933,-5705.475799999999
189,516.6844,1418.8039,-1108.3124,0.0,0.0,0.0,-1268.4055,-16158.3345,628.0811,11761.6841,-1908.7309,1250.4454,-768.6526,-4209.7989,-1426.9380999999998,-5636.737
190,491.6869,1457.5114,-1118.8186,0.0,0.0,0.0,-1250.7628,-16030.0908,602.5178,11712.9846,-2008.1463,1246.415,-769.1092,-4134.9715000000015,-1530.8405000000002,-5665.812000000002
191,478.6747,1458.7265,-1152.7948,0.0,0.0,0.0,-1251.6202,-16107.5791,625.9855,11799.1393,-1987.7929,1259.4796,-770.7621,-4149.468099999998,-1499.0754000000002,-5648.543499999999
192,490.9432,1437.807,-1121.2531,0.0,0.0,0.0,-1235.9004,-16054.1286,604.535,11753.09,-2013.6677,1257.3156,-777.9325,-4124.906900000002,-1534.2846,-5659.191500000002
193,495.5907,1413.9335,-1113.6696,0.0,0.0,0.0,-1266.9727,-16202.4823,614.2859,11781.743,-1908.1089,1248.116,-767.1582,-4277.571499999998,-1427.1511,-5704.722599999998
194,500.8072,1435.2758,-1108.9784,0.0,0.0,0.0,-1254.9381,-16094.584,596.0275,11786.4629,-1990.3045,1249.8028,-766.5423,-4139.927099999999,-1507.0439999999999,-5646.9711
195,527.596,1377.5961,-1118.0227,0.0,0.0,0.0,-1237.2791,-16200.5584,583.6516,11724.0971,-1884.9957,1245.3046,-766.2706,-4342.919399999999,-1405.9616999999998,-5748.881099999999
196,497.3627,1424.2095,-1117.0427,0.0,0.0,0.0,-1223.6885,-16196.4995,609.0317,11754.696,-1899.9808,1254.5373,-773.014,-4251.930800000002,-1418.4575,-5670.388300000002
197,495.5688,1499.0259,-1136.8594,0.0,0.0,0.0,-1256.2699,-16179.9976,599.5347,11696.8164,-1862.6261,1244.1423,-769.5064,-4282.181100000002,-1387.9902,-5670.171300000002
198,532.0001,1432.8287,-1093.4462,0.0,0.0,0.0,-1230.2239,-16088.1205,596.6455,11753.6648,-2012.3199,1248.1066,-766.257,-4096.6515,-1530.4703,-5627.1218
199,520.5156,1373.6835,-1109.6344,0.0,0.0,0.0,-1266.895,-16219.0074,632.9937,11809.6004,-1870.7771,1239.3228,-758.6507,-4258.743600000002,-1390.105,-5648.848600000002
200,519.026,1445.6604,-1117.9899,0.0,0.0,0.0,-1272.2091,-16068.9966,601.0993,11728.5795,-1957.8896,1252.8363,-766.7131,-4164.830400000001,-1471.7664,-5636.596800000001
201,510.2394,1369.166,-1099.7308,0.0,0.0,0.0,-1235.682,-16212.0342,620.5568,11735.0187,-1874.622,1249.6422,-776.3499,-4312.4661,-1401.3297000000002,-5713.7958
202,507.4293,1466.4986,-1074.4331,0.0,0.0,0.0,-1254.8138,-16147.4238,621.6559,11804.307,-1969.1802,1250.0107,-768.3703,-4076.7798999999995,-1487.5398,-5564.3197
203,526.3359,1429.2844,-1089.1046,0.0,0.0,0.0,-1266.8274,-16237.6292,613.7714,11786.8852,-1916.6972,1246.8119,-768.136,-4237.2842999999975,-1438.0213,-5675.305599999998
204,501.9578,1445.7031,-1123.2416,0.0,0.0,0.0,-1260.5266,-16190.3206,605.0862,11785.7203,-1887.0429,1253.7718,-776.033,-4235.621399999998,-1409.3040999999998,-5644.9254999999985
205,512.39,1436.9745,-1104.0407,0.0,0.0,0.0,-1247.3323,-16177.4077,606.6857,11762.5955,-1906.5906,1256.0257,-778.5531,-4210.135,-1429.118,-5639.253
206,515.0766,1435.2821,-1114.842,0.0,0.0,0.0,-1249.5867,-16183.5639,619.818,11816.9766,-1960.8279,1248.357,-773.2303,-4160.8393000000015,-1485.7012,-5646.540500000002
207,482.0628,1458.2831,-1076.1315,0.0,0.0,0.0,-1225.8236,-16157.8796,610.3796,11728.1631,-1940.4494,1250.1478,-770.4248,-4180.946099999999,-1460.7264,-5641.672499999999
208,495.355,1463.675,-1125.2766,0.0,0.0,0.0,-1263.9857,-16298.4549,613.3994,11856.662,-1876.5505,1245.144,-767.2752,-4258.6258,-1398.6817,-5657.3075
209,516.9499,1426.8482,-1086.0575,0.0,0.0,0.0,-1286.1481,-15976.8367,606.3379,11723.1668,-2020.586,1244.6809,-759.7478,-4075.7394999999997,-1535.6529,-5611.3924
210,486.7421,1422.3856,-1053.4262,0.0,0.0,0.0,-1283.3091,-16140.9843,590.5012,11769.2906,-1930.7731,1238.288,-758.4431,-4208.800099999999,-1450.9282,-5659.728299999999
211,517.9911,1466.0059,-1098.2787,0.0,0.0,0.0,-1242.494,-16165.9408,612.2003,11716.5066,-1900.9318,1248.4373,-764.6,-4194.009599999998,-1417.0945000000002,-5611.104099999999
212,493.3002,1423.1169,-1091.3733,0.0,0.0,0.0,-1251.9942,-16138.8991,622.463,11767.3767,-1929.1355,1253.6821,-770.5245,-4176.0098,-1445.9779,-5621.9877
213,508.4656,1422.0323,-1109.187,0.0,0.0,0.0,-1249.3477,-16171.8077,611.5367,11761.5417,-1942.9144,1247.1143,-769.064,-4226.766099999999,-1464.8640999999998,-5691.630199999999
214,495.4877,1421.8296,-1083.8896,0.0,0.0,0.0,-1274.7931,-16014.0731,621.4231,11746.8233,-2019.0485,1250.6392,-773.395,-4087.1921,-1541.8043,-5628.9964
215,485.8277,1452.9005,-1085.8899,0.0,0.0,0.0,-1246.5662,-16197.3546,616.0367,11748.4781,-1882.2781,1251.9102,-771.7031,-4226.5677,-1402.071,-5628.638699999999
216,516.5694,1401.1711,-1103.6769,0.0,0.0,0.0,-1258.2731,-16032.0995,621.4278,11812.2199,-2078.4965,1251.3007,-771.6676,-4042.6613000000016,-1598.8634000000002,-5641.524700000002
217,566.7232,1439.7146,-1102.385,0.0,0.0,0.0,-1237.574,-16127.8028,611.733,11766.5627,-1970.7439,1258.2275,-776.969,-4083.0283,-1489.4854,-5572.5136999999995
218,510.4783,1369.604,-1113.9615,0.0,0.0,0.0,-1247.1393,-16145.0818,630.835,11849.0,-2006.3139,1255.4917,-774.5304,-4146.265299999999,-1525.3526000000002,-5671.617899999999
219,528.4634,1385.1963,-1109.4949,0.0,0.0,0.0,-1253.3612,-15946.1409,594.2943,11771.9959,-2118.4218,1254.9247,-769.3524,-4029.0471,-1632.8495,-5661.8966
220,489.303,1443.0947,-1097.8871,0.0,0.0,0.0,-1224.7702,-16095.8045,607.0841,11746.8768,-1980.9449,1240.9624,-765.9452,-4132.1032,-1505.9277000000002,-5638.0309
221,484.4235,1415.4989,-1101.118,0.0,0.0,0.0,-1256.1568,-16034.2803,607.0915,11747.5508,-2035.702,1251.9716,-768.3209,-4136.990400000001,-1552.0513,-5689.041700000001
222,499.6871,1447.3064,-1121.2844,0.0,0.0,0.0,-1254.3591,-15902.7237,604.7359,11735.3451,-2139.49,1246.6371,-762.3133,-3991.2927,-1655.1662,-5646.4589
223,515.7632,1427.5022,-1100.7372,0.0,0.0,0.0,-1278.3429,-16017.9025,609.6851,11717.1695,-1990.2581,1241.605,-761.469,-4126.862599999999,-1510.1221,-5636.984699999998
224,519.2912,1465.887,-1082.514,0.0,0.0,0.0,-1227.5121,-16011.5702,620.0498,11708.9901,-2004.0517,1256.6068,-778.5234,-4007.378199999999,-1525.9683,-5533.3465
225,513.6011,1439.2481,-1115.6789,0.0,0.0,0.0,-1259.6222,-16074.1773,612.2662,11842.6646,-2065.9108,1259.3143,-775.6334,-4041.6983999999993,-1582.2299000000003,-5623.928299999999
226,486.5554,1429.4271,-1079.2852,0.0,0.0,0.0,-1256.6052,-16182.3055,602.1013,11750.254,-1901.4472,1250.1525,-766.1606,-4249.8580999999995,-1417.4553,-5667.3134
227,520.4525,1413.1744,-1124.0706,0.0,0.0,0.0,-1220.7668,-16108.0008,611.986,11754.9895,-1948.9369,1257.9535,-777.2009,-4152.235799999999,-1468.1843,-5620.420099999998
228,553.6404,1382.5395,-1105.3378,0.0,0.0,0.0,-1267.4182,-16087.4972,608.4778,11740.9003,-1978.3423,1255.6146,-770.8113,-4174.6952,-1493.5389999999998,-5668.234200000001
229,514.9203,1385.8857,-1140.8267,0.0,0.0,0.0,-1239.5916,-16147.1083,613.1562,11739.0439,-1905.4348,1252.567,-768.7742,-4274.5205000000005,-1421.6419999999998,-5696.1625
230,508.1605,1418.636,-1100.9307,0.0,0.0,0.0,-1271.9546,-16205.9054,611.0627,11775.5716,-1877.0776,1237.1446,-749.1207,-4265.359900000001,-1389.0537,-5654.413600000003
231,515.791,1495.6309,-1101.1017,0.0,0.0,0.0,-1281.0408,-16054.7042,597.1081,11700.4733,-1961.7536,1252.3118,-765.8937,-4127.843400000002,-1475.3355000000001,-5603.178900000002
232,480.9851,1433.859,-1087.6225,0.0,0.0,0.0,-1282.6756,-16135.9154,612.5885,11800.8003,-1954.7772,1249.9682,-761.4755,-4177.980599999999,-1466.2845,-5644.265099999999
233,529.4436,1392.3515,-1107.5109,0.0,0.0,0.0,-1251.5171,-16110.7715,594.9408,11722.1364,-1939.6219,1250.7526,-768.0123,-4230.927200000002,-1456.8816000000002,-5687.8088000000025
234,496.4342,1447.4546,-1102.4312,0.0,0.0,0.0,-1253.1556,-16077.3896,600.2455,11768.2557,-2009.1709,1247.0293,-768.0888,-4120.586399999998,-1530.2304000000001,-5650.816799999999
235,529.505,1467.2398,-1095.2661,0.0,0.0,0.0,-1262.9281,-16098.7326,599.4518,11774.0567,-1967.1833,1243.5895,-757.0283,-4086.673500000001,-1480.6220999999998,-5567.2956
236,493.4007,1419.8208,-1083.2435,0.0,0.0,0.0,-1258.3631,-16259.2569,621.1672,11806.7935,-1868.6834,1248.2767,-762.3445,-4259.6813,-1382.7512000000002,-5642.4325
237,491.3813,1414.0835,-1105.8164,0.0,0.0,0.0,-1232.7515,-16125.918,610.9966,11734.8872,-1940.4714,1244.8085,-767.2421,-4213.1372999999985,-1462.9049999999997,-5676.042299999999
238,517.53,1456.9158,-1112.5582,0.0,0.0,0.0,-1218.0336,-16169.9789,601.1383,11760.3329,-1951.9006,1254.594,-774.7253,-4164.653699999999,-1472.0319,-5636.685599999999
239,506.3386,1405.2392,-1116.568,0.0,0.0,0.0,-1248.5377,-16149.4052,612.3769,11827.5172,-1966.3747,1254.8066,-763.4964,-4163.038999999999,-1475.0645000000002,-5638.103499999999
240,487.0701,1405.9524,-1106.3941,0.0,0.0,0.0,-1246.9071,-16189.4625,615.9403,11835.0333,-1967.8928,1256.5076,-771.9738,-4198.767600000001,-1483.3590000000002,-5682.1266000000005
241,522.6013,1400.2663,-1105.9048,0.0,0.0,0.0,-1255.5334,-16071.9826,584.518,11810.639,-2048.5793,1248.3523,-764.1524,-4115.396199999999,-1564.3793999999998,-5679.775599999998
242,496.5887,1397.7302,-1100.8374,0.0,0.0,0.0,-1280.7463,-16059.5972,605.0882,11780.6584,-2029.0519,1239.2236,-754.8769,-4161.115400000001,-1544.7051999999999,-5705.820600000001
243,524.643,1356.9826,-1085.9584,0.0,0.0,0.0,-1283.5387,-16075.3769,599.2126,11834.4798,-2063.8567,1246.0748,-763.1682,-4129.5560000000005,-1580.9500999999996,-5710.5061000000005
244,527.937,1451.4362,-1121.9193,0.0,0.0,0.0,-1252.8856,-16214.4438,611.0352,11763.6529,-1904.1307,1239.3937,-754.8928,-4235.187399999999,-1419.6297999999997,-5654.817199999998
245,523.6996,1427.6309,-1091.9778,0.0,0.0,0.0,-1240.5048,-16049.0103,615.8608,11727.4909,-2020.3069,1249.354,-768.0999,-4086.8107,-1539.0528,-5625.8634999999995
246,505.3608,1420.5949,-1090.4031,0.0,0.0,0.0,-1250.1573,-16136.3621,602.4222,11785.0435,-1939.8543,1248.253,-763.6584,-4163.501100000001,-1455.2597,-5618.760800000002
247,504.802,1390.2359,-1090.7716,0.0,0.0,0.0,-1236.001,-16135.2527,620.6657,11800.3748,-1989.5326,1252.3638,-773.8014,-4145.946899999999,-1510.9701999999997,-5656.9171
248,521.5596,1430.5305,-1082.424,0.0,0.0,0.0,-1280.4565,-16198.2767,592.6454,11780.5404,-1897.9787,1244.9172,-755.8653,-4235.881300000001,-1408.9267999999997,-5644.808100000001
249,535.6765,1426.2597,-1097.4267,0.0,0.0,0.0,-1275.1139,-16184.2887,592.5758,11802.5943,-1913.6599,1238.4534,-750.6938,-4199.722999999996,-1425.9003,-5625.623299999997
250,516.1864,1427.7598,-1096.64,0.0,0.0,0.0,-1242.6253,-16196.261,620.5508,11811.4716,-1951.1863,1260.642,-784.5789,-4159.557699999998,-1475.1232,-5634.680899999998
251,502.1958,1449.7681,-1108.2421,0.0,0.0,0.0,-1239.9827,-16069.5911,620.4359,11723.0905,-1960.6265,1259.6734,-781.7113,-4122.325599999998,-1482.6644000000001,-5604.989999999999
252,544.4988,1424.9232,-1107.0222,0.0,0.0,0.0,-1247.4083,-16075.5999,605.7926,11779.4463,-2015.4984,1257.2683,-772.1639,-4075.3695000000007,-1530.394,-5605.763500000001
253,514.0646,1387.5618,-1070.1545,0.0,0.0,0.0,-1283.2852,-16026.4943,602.5423,11748.2118,-1970.6391,1246.8639,-763.1418,-4127.553500000002,-1486.917,-5614.470500000002
254,499.2599,1496.8552,-1099.6325,0.0,0.0,0.0,-1254.284,-16063.7952,601.368,11692.9627,-1951.8607,1252.1228,-767.8855,-4127.2659,-1467.6234,-5594.889300000001
255,502.1977,1397.7393,-1136.5226,0.0,0.0,0.0,-1235.5111,-16229.4746,625.431,11755.3721,-1881.2531,1246.9726,-769.5974,-4320.768199999999,-1403.8779,-5724.646099999998
256,532.7578,1397.2505,-1105.8629,0.0,0.0,0.0,-1263.2153,-16130.84,622.0826,11758.7328,-1940.3976,1240.8584,-762.9978,-4189.094499999999,-1462.5369999999998,-5651.6314999999995
257,530.5057,1412.7832,-1107.8618,0.0,0.0,0.0,-1244.5066,-16110.7428,625.1236,11794.2478,-1976.341,1245.2716,-761.5249,-4100.4509,-1492.5942999999997,-5593.0452000000005
258,526.0025,1440.8224,-1077.667,0.0,0.0,0.0,-1251.7844,-16105.5044,599.3562,11767.025,-1960.4297,1256.2241,-767.098,-4101.7497,-1471.3036,-5573.0533
259,541.7426,1453.1538,-1110.2496,0.0,0.0,0.0,-1241.4674,-16138.7914,615.3421,11726.751,-1941.353,1250.3462,-762.6308,-4153.518900000001,-1453.6376,-5607.156500000001
260,483.815,1455.6162,-1077.1913,0.0,0.0,0.0,-1262.6784,-16088.9658,601.3105,11781.1004,-1948.1341,1245.9,-766.1253,-4106.993399999999,-1468.3593999999998,-5575.352799999999
261,524.303,1392.5392,-1085.1143,0.0,0.0,0.0,-1272.5501,-16090.6594,616.6241,11757.2724,-1942.4063,1246.8828,-772.0137,-4157.585099999998,-1467.5372,-5625.122299999999
262,489.3061,1466.1935,-1107.5625,0.0,0.0,0.0,-1228.6279,-16064.3411,637.1276,11721.552,-1981.3181,1254.4948,-774.3885,-4086.3522999999986,-1501.2118,-5587.564099999999
263,513.681,1461.7614,-1120.996,0.0,0.0,0.0,-1269.31,-16035.6548,610.0923,11743.8161,-2027.5744,1258.5394,-782.9635,-4096.610000000001,-1551.9985000000001,-5648.6085
264,491.0516,1402.7176,-1097.5999,0.0,0.0,0.0,-1247.1466,-16068.1349,631.7133,11749.3556,-1995.1163,1237.4895,-754.2418,-4138.043299999999,-1511.8686,-5649.911899999999
265,507.94,1413.0285,-1071.7074,0.0,0.0,0.0,-1257.0512,-15986.4603,605.4253,11759.4429,-2066.0876,1252.8694,-765.9335,-4029.3822,-1579.1517,-5608.533899999999
266,539.0241,1457.6706,-1094.324,0.0,0.0,0.0,-1262.6478,-16016.2585,594.3173,11806.669,-2096.1213,1257.103,-772.2135,-3975.5492999999988,-1611.2317999999996,-5586.781099999998
267,541.6048,1415.8433,-1092.2928,0.0,0.0,0.0,-1282.0633,-16137.9433,619.4878,11747.2365,-1926.2663,1242.1578,-756.4091,-4188.127,-1440.5176000000001,-5628.6446000000005
268,508.4873,1399.2923,-1097.4461,0.0,0.0,0.0,-1253.6797,-16177.4757,609.3823,11803.6207,-1916.9931,1245.6826,-760.6397,-4207.8189,-1431.9501999999998,-5639.7690999999995
269,524.5955,1442.4466,-1093.5792,0.0,0.0,0.0,-1258.8842,-16136.9693,622.6739,11723.9128,-1922.2941,1238.0612,-749.4249,-4175.803899999999,-1433.6578,-5609.461699999999
270,519.0689,1418.8028,-1098.3586,0.0,0.0,0.0,-1227.7487,-16224.6127,614.8839,11809.9322,-1932.3532,1244.3313,-761.3803,-4188.0322000000015,-1449.4022,-5637.434400000001
271,479.8688,1389.3673,-1102.6977,0.0,0.0,0.0,-1267.5115,-16001.383,597.3559,11784.412,-2073.1311,1248.357,-767.8973,-4120.5882,-1592.6714000000002,-5713.2596
272,494.3406,1374.2762,-1114.2638,0.0,0.0,0.0,-1252.8262,-16080.1075,615.0145,11764.3454,-2001.2707,1249.0894,-772.7805,-4199.220799999999,-1524.9618,-5724.182599999999
273,517.6231,1419.3407,-1121.6535,0.0,0.0,0.0,-1257.0263,-16050.7389,603.351,11733.2639,-1987.1424,1250.4407,-763.5933,-4155.84,-1500.2949999999998,-5656.135
274,562.8788,1425.0864,-1077.614,0.0,0.0,0.0,-1281.0663,-16143.9306,618.7717,11778.3394,-1931.5362,1235.5144,-757.0573,-4117.534600000001,-1453.0791,-5570.613700000002
275,508.1206,1456.4284,-1104.5203,0.0,0.0,0.0,-1252.2269,-15974.7639,608.946,11801.0201,-2144.748,1245.1723,-768.6334,-3956.996000000001,-1668.2091,-5625.2051
276,540.5928,1426.7504,-1087.4579,0.0,0.0,0.0,-1254.3818,-16123.1422,598.3143,11773.9737,-1992.7421,1247.8656,-765.5633,-4125.350699999999,-1510.4397999999999,-5635.790499999998
277,536.0909,1479.0631,-1102.3147,0.0,0.0,0.0,-1245.1414,-16131.4299,598.1404,11727.4631,-1941.7896,1242.1436,-755.6282,-4138.128499999999,-1455.2741999999998,-5593.402699999999
278,486.5806,1448.2098,-1110.8147,0.0,0.0,0.0,-1270.3124,-16100.2871,614.0387,11775.0341,-2018.6135,1239.1196,-758.5851,-4157.551000000001,-1538.079,-5695.630000000001
279,494.3225,1383.7735,-1103.4371,0.0,0.0,0.0,-1271.7594,-16144.2233,612.519,11773.1151,-1931.5143,1231.9896,-748.4385,-4255.689699999997,-1447.9632,-5703.652899999997
280,521.6225,1437.6731,-1092.186,0.0,0.0,0.0,-1249.6909,-15991.6538,610.9522,11777.1492,-2103.8871,1252.4347,-769.759,-3986.1337000000003,-1621.2114,-5607.3451000000005
281,501.5367,1465.6309,-1121.2982,0.0,0.0,0.0,-1272.5368,-16043.8351,607.401,11735.5666,-2050.5475,1238.8219,-758.0393,-4127.534899999999,-1569.7649000000001,-5697.2998
282,525.4374,1449.2921,-1072.0746,0.0,0.0,0.0,-1262.6998,-16016.2371,600.8291,11732.2624,-2035.2384,1241.2648,-754.0915,-4043.1905000000006,-1548.0651,-5591.2556
283,517.3374,1406.7564,-1090.9604,0.0,0.0,0.0,-1257.0246,-16115.951,606.4254,11728.1129,-1962.4619,1242.0916,-757.0427,-4205.303899999999,-1477.413,-5682.716899999999
284,520.164,1432.918,-1088.3278,0.0,0.0,0.0,-1271.3499,-16075.514,603.8518,11720.6505,-1964.8469,1252.9591,-766.8437,-4157.607400000001,-1478.7314999999999,-5636.338900000002
285,508.8484,1413.5079,-1103.4593,0.0,0.0,0.0,-1274.365,-16178.3652,615.2325,11781.5097,-1922.7968,1240.8064,-744.6669,-4237.091,-1426.6573000000003,-5663.748300000001
286,502.0712,1428.163,-1085.4413,0.0,0.0,0.0,-1283.3826,-16053.6703,594.2156,11737.2168,-1989.3992,1240.2205,-748.4263,-4160.827599999999,-1497.605,-5658.432599999999
287,484.4159,1437.7343,-1101.9432,0.0,0.0,0.0,-1236.5837,-16232.7581,624.3437,11745.9409,-1888.5557,1243.3107,-756.5015,-4278.850200000001,-1401.7464999999997,-5680.596700000001
288,524.6213,1401.4215,-1107.4797,0.0,0.0,0.0,-1271.9154,-16208.3291,606.1749,11734.5497,-1826.787,1232.8165,-737.9452,-4320.956800000002,-1331.9157,-5652.872500000002
289,489.0047,1398.9505,-1100.2756,0.0,0.0,0.0,-1260.5781,-16259.9496,594.7731,11764.5082,-1862.0676,1237.7399,-752.2922,-4373.566799999999,-1376.6199000000001,-5750.186699999998
290,529.5866,1443.9573,-1097.2708,0.0,0.0,0.0,-1262.754,-16109.6807,603.9816,11711.9394,-1959.7785,1239.3511,-755.3946,-4180.240600000001,-1475.8219999999997,-5656.062600000001
291,504.568,1454.0319,-1087.0452,0.0,0.0,0.0,-1280.3481,-16062.7632,595.3647,11723.9678,-2045.3096,1238.236,-752.8134,-4152.224099999999,-1559.887,-5712.1111
292,502.8369,1436.522,-1107.8486,0.0,0.0,0.0,-1237.8938,-16109.6119,612.6774,11724.7219,-1969.4163,1240.3434,-749.7925,-4178.596099999999,-1478.8654000000001,-5657.461499999999
293,491.1604,1397.4698,-1082.9643,0.0,0.0,0.0,-1284.1709,-16055.3945,606.5094,11752.9861,-1981.4274,1237.5651,-751.6468,-4174.403999999999,-1495.5091,-5669.9131
294,498.0109,1385.3385,-1093.84,0.0,0.0,0.0,-1256.8679,-16273.4111,625.1502,11737.6365,-1810.3694,1235.5806,-752.8214,-4377.982899999999,-1327.6102,-5705.593099999998
295,531.7206,1372.016,-1098.9931,0.0,0.0,0.0,-1247.5834,-16119.8507,613.0499,11727.1686,-1958.0619,1245.6637,-761.9327,-4222.472100000001,-1474.3309,-5696.803000000001
296,526.5652,1394.6756,-1077.5337,0.0,0.0,0.0,-1242.8696,-16056.1731,625.3741,11686.9472,-1972.5447,1246.7883,-757.9802,-4143.014299999997,-1483.7366,-5626.750899999997
297,515.6126,1440.0846,-1073.3817,0.0,0.0,0.0,-1213.6009,-16116.3379,602.1929,11761.75,-1981.5785,1250.7667,-769.9325,-4083.6803999999993,-1500.7443000000003,-5584.424699999999
298,541.7826,1423.2121,-1106.4221,0.0,0.0,0.0,-1258.9291,-15972.0295,615.284,11728.1363,-2077.665,1251.8062,-764.935,-4028.9657000000007,-1590.7938,-5619.7595
299,511.1441,1469.4162,-1092.6144,0.0,0.0,0.0,-1248.6628,-16012.8668,600.6231,11778.0678,-2096.0438,1245.9378,-761.3437,-3994.892799999998,-1611.4497000000001,-5606.342499999998
300,478.8976,1385.3469,-1084.992,0.0,0.0,0.0,-1258.3092,-16036.3524,623.2709,11787.2002,-2069.2647,1254.0128,-776.0446,-4104.938000000002,-1591.2965000000002,-5696.234500000001
301,495.5701,1430.0578,-1086.4528,0.0,0.0,0.0,-1278.5657,-15982.5286,621.4477,11787.3436,-2061.9024,1240.5702,-748.8326,-4013.1278999999995,-1570.1647999999998,-5583.292699999999
302,513.7566,1400.7302,-1099.6382,0.0,0.0,0.0,-1254.6307,-16103.9827,624.7341,11762.3208,-1999.0964,1232.4385,-753.8662,-4156.709900000002,-1520.5241,-5677.234000000002
303,514.7612,1433.9447,-1091.0159,0.0,0.0,0.0,-1271.8096,-16130.548,610.8974,11757.8924,-1930.0275,1232.6086,-751.336,-4175.8778,-1448.7549,-5624.632700000001
304,511.8684,1368.5986,-1102.8828,0.0,0.0,0.0,-1265.0643,-16180.5925,626.8408,11789.2051,-1945.0054,1241.9641,-762.3952,-4252.0267,-1465.4365000000003,-5717.4632
305,514.6868,1428.0944,-1074.9411,0.0,0.0,0.0,-1281.302,-16158.0723,599.875,11800.3579,-1944.9071,1245.8102,-756.9166,-4171.301299999997,-1456.0135,-5627.314799999998
306,509.7686,1423.7692,-1121.397,0.0,0.0,0.0,-1238.0342,-16210.8691,605.3764,11748.8098,-1855.2965,1258.6764,-770.3966,-4282.576300000001,-1367.0167,-5649.593000000001
307,491.3487,1447.207,-1098.7793,0.0,0.0,0.0,-1260.0155,-16054.1706,616.7404,11684.3138,-1977.9438,1245.9472,-761.8107,-4173.3555,-1493.8073,-5667.1628
308,512.0664,1499.7131,-1102.5533,0.0,0.0,0.0,-1239.562,-16117.4518,589.068,11733.5461,-1969.0403,1252.8646,-767.5841,-4125.173500000001,-1483.7597999999998,-5608.933300000001
309,510.4264,1416.1795,-1103.5777,0.0,0.0,0.0,-1245.1069,-16084.3841,613.9095,11776.9352,-2026.7648,1247.2844,-758.4393,-4115.6181000000015,-1537.9197,-5653.537800000002
310,526.7572,1427.5067,-1073.2988,0.0,0.0,0.0,-1253.0197,-16169.7637,601.8717,11719.8363,-1912.2338,1247.8467,-764.4838,-4220.1102999999985,-1428.8709,-5648.981199999998
311,553.501,1391.5064,-1069.4634,0.0,0.0,0.0,-1243.7562,-16207.0413,615.3525,11803.4241,-1917.7032,1248.2625,-763.262,-4156.4769000000015,-1432.7026999999998,-5589.179600000001
312,515.8926,1463.5622,-1116.1643,0.0,0.0,0.0,-1243.4354,-16080.2897,620.5429,11725.0379,-2015.6236,1254.8586,-772.5696,-4114.853800000001,-1533.3346,-5648.1884
313,505.5765,1413.7945,-1095.9967,0.0,0.0,0.0,-1252.7715,-16170.7329,591.4551,11788.4655,-1955.0711,1247.9554,-762.6858,-4220.209500000003,-1469.8014999999998,-5690.011000000003
314,491.1427,1384.1569,-1084.3387,0.0,0.0,0.0,-1265.631,-16184.7276,610.6868,11764.5516,-1899.3131,1226.948,-741.7477,-4284.159300000001,-1414.1127999999999,-5698.272100000001
315,493.8779,1437.4605,-1068.6209,0.0,0.0,0.0,-1278.2776,-16165.0275,607.1424,11744.0767,-1917.7341,1227.052,-737.8766,-4229.368499999999,-1428.5587,-5657.927199999998
316,527.3983,1404.0695,-1047.623,0.0,0.0,0.0,-1292.7014,-16139.8593,597.1707,11788.7144,-1958.1281,1241.1986,-752.2885,-4162.830799999998,-1469.2179999999998,-5632.048799999998
317,535.1323,1451.1477,-1092.1945,0.0,0.0,0.0,-1307.4295,-16000.6386,595.4134,11762.3026,-2044.8801,1234.2718,-739.1234,-4056.266599999999,-1549.7317,-5605.998299999999
318,544.9094,1445.8053,-1082.5426,0.0,0.0,0.0,-1270.371,-16037.1152,589.8299,11743.7809,-2037.3063,1241.3829,-759.0027,-4065.703299999999,-1554.9261,-5620.629399999999
319,487.5389,1394.934,-1124.306,0.0,0.0,0.0,-1276.9385,-16134.7137,621.5876,11742.5792,-1947.1632,1231.7203,-747.521,-4289.318499999999,-1462.9639,-5752.282399999999
320,515.5602,1399.2592,-1105.1215,0.0,0.0,0.0,-1287.7395,-16161.7175,620.2754,11821.9388,-1933.0234,1231.6116,-748.671,-4197.544899999999,-1450.0828000000001,-5647.627699999999
321,500.5547,1407.9181,-1109.5004,0.0,0.0,0.0,-1288.8158,-16123.9656,619.328,11784.4348,-1936.5732,1239.6252,-748.5243,-4210.046200000001,-1445.4723000000001,-5655.518500000001
322,496.9977,1454.7483,-1097.7004,0.0,0.0,0.0,-1293.8209,-16112.1194,614.0944,11737.6067,-1892.7243,1242.4366,-754.8618,-4200.1936000000005,-1405.1495,-5605.3431
323,500.9977,1366.8437,-1102.7625,0.0,0.0,0.0,-1258.4898,-16105.4119,613.4812,11771.4707,-1916.7503,1234.0591,-755.1935,-4213.870899999998,-1437.8847,-5651.755599999998
324,505.4666,1399.2393,-1101.2022,0.0,0.0,0.0,-1259.4784,-16215.4729,592.2335,11719.9977,-1839.8108,1253.9561,-774.2665,-4359.216399999999,-1360.1211999999998,-5719.337599999999
325,494.036,1430.3354,-1113.5096,0.0,0.0,0.0,-1269.9708,-16305.7713,599.8163,11794.0549,-1830.5322,1237.4044,-750.4318,-4371.009100000001,-1343.5596,-5714.568700000002
326,505.0371,1437.194,-1107.8151,0.0,0.0,0.0,-1276.7263,-16180.767,619.8122,11727.4913,-1899.4139,1235.1837,-750.0865,-4275.773800000001,-1414.3166999999999,-5690.090500000001
327,479.9142,1474.7147,-1103.6438,0.0,0.0,0.0,-1273.3839,-16187.0478,612.1314,11739.7873,-1862.5894,1237.4328,-748.239,-4257.527899999999,-1373.3956,-5630.923499999999
328,511.7593,1431.6214,-1130.9149,0.0,0.0,0.0,-1257.2563,-16175.1224,595.8246,11681.3326,-1857.6183,1238.6329,-752.744,-4342.7557,-1371.7294000000002,-5714.485099999999
329,498.9842,1457.4887,-1113.8659,0.0,0.0,0.0,-1293.6518,-16119.0978,613.494,11797.2575,-1993.3091,1242.6539,-748.8129,-4159.391099999999,-1499.4681,-5658.859199999999
330,503.5184,1468.7244,-1137.2507,0.0,0.0,0.0,-1281.2906,-16076.7267,594.7074,11747.4656,-1983.4301,1239.1574,-743.5882,-4180.852200000001,-1487.8609000000001,-5668.713100000001
331,524.8707,1436.6569,-1094.2721,0.0,0.0,0.0,-1282.3429,-16178.3382,604.0084,11779.7885,-1932.724,1247.5348,-754.7512,-4209.6286999999975,-1439.9404,-5649.569099999998
332,495.9175,1435.8318,-1106.0112,0.0,0.0,0.0,-1280.1464,-16091.2809,609.3827,11733.5934,-1948.046,1246.5804,-754.5609,-4202.713100000001,-1456.0265,-5658.739600000001
333,513.176,1443.4035,-1105.3443,0.0,0.0,0.0,-1277.8192,-16121.7471,615.1715,11705.6997,-1907.5946,1236.4122,-751.6151,-4227.4599,-1422.7975,-5650.2574
334,532.4234,1417.4674,-1108.157,0.0,0.0,0.0,-1248.7389,-16193.007,609.0939,11726.6917,-1884.3336,1240.3528,-756.1366,-4264.226500000001,-1400.1174,-5664.343900000001
335,532.6113,1397.9348,-1096.6534,0.0,0.0,0.0,-1265.655,-16129.4638,601.7283,11683.8378,-1871.429,1239.5023,-745.7968,-4275.66,-1377.7235,-5653.3835
336,527.2114,1406.9118,-1058.5455,0.0,0.0,0.0,-1244.0434,-16055.7791,609.5333,11755.458,-2057.8843,1243.5895,-759.3884,-4059.2535000000007,-1573.6832000000002,-5632.9367
337,494.8885,1438.8439,-1104.2163,0.0,0.0,0.0,-1275.3923,-16012.4604,609.648,11753.3137,-2047.0061,1245.7441,-758.7542,-4095.374899999999,-1560.0162,-5655.3911
338,482.0586,1420.4538,-1080.0372,0.0,0.0,0.0,-1256.6404,-16282.8109,618.3233,11844.8703,-1899.5252,1242.8618,-762.1693,-4253.782499999999,-1418.8327000000002,-5672.6152
339,509.0188,1456.9836,-1078.3306,0.0,0.0,0.0,-1265.2447,-16273.0485,601.2215,11739.4267,-1848.7985,1243.6745,-761.3864,-4309.9732,-1366.5104000000001,-5676.4836000000005
340,519.2739,1433.1273,-1070.1239,0.0,0.0,0.0,-1282.0796,-16291.2664,617.0684,11749.086,-1816.8947,1236.3366,-750.8276,-4324.9143,-1331.3856999999998,-5656.3
341,524.329,1477.3137,-1097.0514,0.0,0.0,0.0,-1269.3344,-16252.7923,589.3243,11787.7653,-1846.8306,1237.3855,-747.0425,-4240.445800000001,-1356.4876,-5596.933400000002
342,481.1264,1387.532,-1096.1767,0.0,0.0,0.0,-1245.1437,-16259.3343,613.4089,11740.4618,-1841.319,1233.1992,-753.0818,-4378.125599999999,-1361.2015999999999,-5739.327199999999
343,502.4017,1396.9637,-1095.1628,0.0,0.0,0.0,-1249.691,-16180.2602,603.5042,11740.7995,-1909.6103,1245.3708,-757.6469,-4281.4449,-1421.8864,-5703.331300000001
344,511.7252,1442.4282,-1103.7177,0.0,0.0,0.0,-1291.2526,-16162.7562,599.9203,11749.6716,-1923.4913,1236.7429,-746.9178,-4253.981200000002,-1433.6662000000001,-5687.647400000002
345,526.574,1415.9242,-1062.2164,0.0,0.0,0.0,-1248.6866,-16270.6368,607.3661,11669.4232,-1799.626,1236.3602,-749.6813,-4362.252300000002,-1312.9470999999999,-5675.199400000002
346,467.9984,1445.5545,-1102.2498,0.0,0.0,0.0,-1267.321,-16116.0787,614.2737,11646.4753,-1840.0779,1243.2256,-757.1955,-4311.347600000001,-1354.0478,-5665.395400000001
347,507.5357,1417.9217,-1097.9485,0.0,0.0,0.0,-1239.338,-16199.3389,627.1444,11816.3779,-1876.9819,1254.7924,-772.0925,-4167.645700000003,-1394.282,-5561.927700000002
348,521.1731,1461.3317,-1093.829,0.0,0.0,0.0,-1264.7529,-16244.3219,587.9171,11694.6247,-1788.5769,1253.1812,-769.5834,-4337.8572,-1304.9791,-5642.836300000001
349,498.6608,1445.9455,-1081.2486,0.0,0.0,0.0,-1252.2228,-16198.7889,603.8264,11759.1775,-1906.0155,1240.9387,-765.6567,-4224.650099999999,-1430.7335,-5655.383599999999
350,495.3345,1410.9008,-1087.571,0.0,0.0,0.0,-1269.3738,-16006.432,593.5071,11707.322,-2006.8588,1241.0096,-764.6421,-4156.312400000001,-1530.4913,-5686.8037
351,510.8436,1414.6114,-1091.5786,0.0,0.0,0.0,-1249.9128,-16036.7845,592.9185,11670.538,-1944.9655,1248.4562,-771.5319,-4189.364399999999,-1468.0412,-5657.405599999998
352,545.3586,1438.3547,-1078.5257,0.0,0.0,0.0,-1240.2637,-16152.8414,610.7262,11748.8658,-1961.4202,1248.8295,-775.113,-4128.325500000001,-1487.7037,-5616.029200000002
353,497.8377,1446.9438,-1089.98,0.0,0.0,0.0,-1259.8283,-15972.2328,612.4097,11732.4236,-2034.2828,1259.5552,-779.7173,-4032.426299999999,-1554.4449,-5586.8712
354,529.1812,1419.1717,-1095.493,0.0,0.0,0.0,-1247.4923,-16217.4163,615.7634,11837.8658,-1913.5759,1247.171,-761.6668,-4158.4195,-1428.0717,-5586.4911999999995
355,488.8466,1449.6189,-1117.8823,0.0,0.0,0.0,-1293.0414,-16079.1446,599.6444,11779.9728,-1958.7002,1251.3054,-767.0489,-4171.985600000002,-1474.4437,-5646.429300000002
356,519.5691,1438.4525,-1110.971,0.0,0.0,0.0,-1264.5033,-16217.6379,608.6383,11757.6891,-1867.7303,1237.4044,-754.1923,-4268.763199999999,-1384.5182,-5653.281399999999
357,487.225,1361.9269,-1063.1866,0.0,0.0,0.0,-1236.806,-16244.7214,612.9982,11770.0001,-1863.8035,1252.6284,-769.6406,-4312.5638,-1380.8156999999999,-5693.3795
358,497.96,1418.3915,-1082.5856,0.0,0.0,0.0,-1241.4375,-16119.6653,596.4871,11701.4926,-1910.0586,1255.1185,-766.4136,-4229.357200000002,-1421.3537000000001,-5650.710900000002
359,502.3505,1444.4618,-1092.9075,0.0,0.0,0.0,-1290.3386,-16292.7679,609.3199,11759.5407,-1769.3619,1235.2215,-748.033,-4360.3411000000015,-1282.1734000000001,-5642.514500000002
360,539.4289,1445.8758,-1062.696,0.0,0.0,0.0,-1273.196,-16328.98,603.4096,11752.7503,-1733.5449,1244.2132,-752.9544,-4323.4074,-1242.2861000000003,-5565.693499999999
361,492.9006,1442.3715,-1091.7028,0.0,0.0,0.0,-1280.7959,-16194.0916,616.9985,11775.2589,-1856.9749,1231.0824,-743.4885,-4239.060800000001,-1369.3809999999999,-5608.441800000001
362,482.4006,1441.8542,-1098.9786,0.0,0.0,0.0,-1236.5855,-16189.4023,625.1115,11713.4342,-1849.529,1240.3576,-756.5917,-4262.1659,-1365.7631,-5627.929
363,530.9455,1386.9651,-1113.1425,0.0,0.0,0.0,-1264.1978,-16223.8178,634.4285,11825.8707,-1911.3426,1244.6998,-760.8488,-4222.948300000002,-1427.4915999999998,-5650.439900000001
364,504.602,1509.6916,-1094.4586,0.0,0.0,0.0,-1270.4278,-16082.5876,607.3243,11731.5836,-1965.5137,1249.4721,-763.5764,-4094.272500000001,-1479.618,-5573.8905
365,506.3057,1405.5043,-1117.5162,0.0,0.0,0.0,-1249.9228,-16208.4357,592.0752,11830.8612,-1953.5457,1247.1001,-761.4326,-4241.1283,-1467.8781999999997,-5709.0064999999995
366,494.0368,1432.7172,-1120.1248,0.0,0.0,0.0,-1283.1315,-16100.0248,618.2464,11742.5667,-1923.7609,1240.1969,-755.0617,-4215.714,-1438.6257,-5654.3397
367,460.9785,1454.6867,-1092.3024,0.0,0.0,0.0,-1303.0736,-16164.437,601.9898,11749.8171,-1872.1803,1234.5694,-751.1137,-4292.340899999999,-1388.7246,-5681.065499999999
368,508.3248,1475.5569,-1099.521,0.0,0.0,0.0,-1290.8746,-16115.527,591.0831,11738.5238,-1895.145,1241.2175,-756.5777,-4192.433999999999,-1410.5052,-5602.9392
369,554.6043,1462.6342,-1111.3724,0.0,0.0,0.0,-1275.1772,-16146.648,613.816,11682.77,-1889.3002,1244.5156,-758.0808,-4219.373099999999,-1402.8654,-5622.238499999999
370,525.4022,1396.7045,-1121.8425,0.0,0.0,0.0,-1239.5304,-16160.1796,616.2314,11794.615,-1941.9002,1247.6341,-769.5556,-4188.599400000001,-1463.8217,-5652.4211000000005
371,488.1045,1387.9747,-1070.6563,0.0,0.0,0.0,-1248.4136,-16205.2645,615.5094,11726.7872,-1861.885,1246.7599,-765.171,-4305.958599999998,-1380.2961,-5686.254699999999
372,502.7056,1441.835,-1114.0146,0.0,0.0,0.0,-1262.8654,-16193.4258,602.5353,11729.6022,-1877.5087,1242.0869,-761.9268,-4293.627700000003,-1397.3486,-5690.976300000003
373,482.3803,1437.6531,-1099.1219,0.0,0.0,0.0,-1245.0175,-16202.4267,616.6162,11726.9625,-1869.4504,1233.9977,-757.9307,-4282.954,-1393.3834000000002,-5676.337399999999
374,507.6649,1461.3604,-1095.6977,0.0,0.0,0.0,-1264.2779,-16176.4684,604.8569,11746.8519,-1887.8449,1246.4859,-767.6886,-4215.709899999998,-1409.0476,-5624.757499999998
375,522.1559,1474.4541,-1110.6328,0.0,0.0,0.0,-1258.7909,-16190.6003,626.8379,11750.5985,-1869.4657,1243.3249,-759.8598,-4185.9776,-1386.0005999999998,-5571.9782
376,497.434,1430.4308,-1125.1516,0.0,0.0,0.0,-1296.5213,-16145.1232,614.3125,11786.8975,-1923.6275,1232.8448,-748.2115,-4237.721300000001,-1438.9942,-5676.715500000002
377,522.1835,1388.5693,-1064.0292,0.0,0.0,0.0,-1261.7488,-16175.2952,621.1986,11792.6777,-1946.6707,1237.5226,-756.5551,-4176.444100000001,-1465.7032,-5642.1473000000005
378,506.5784,1395.8215,-1096.5579,0.0,0.0,0.0,-1228.3899,-16122.5725,605.2732,11768.9207,-1991.147,1248.6216,-770.2266,-4170.9265,-1512.752,-5683.6785
379,521.0651,1424.0766,-1109.5251,0.0,0.0,0.0,-1254.4963,-16070.4983,591.9086,11748.2551,-1959.2295,1244.6668,-764.9079,-4149.2143,-1479.4706,-5628.684899999999
380,495.1379,1442.464,-1104.5627,0.0,0.0,0.0,-1230.1386,-16123.6647,609.4326,11641.2067,-1889.2482,1243.6367,-763.4696,-4270.1248,-1409.0810999999999,-5679.2059
381,542.891,1440.3524,-1104.9126,0.0,0.0,0.0,-1253.6121,-16310.8675,606.2782,11758.9694,-1794.0666,1236.5539,-759.9894,-4320.901199999998,-1317.5021000000002,-5638.403299999999
382,545.7906,1386.7032,-1060.4885,0.0,0.0,0.0,-1278.919,-16175.9355,606.1254,11674.0233,-1842.4694,1232.9157,-746.117,-4302.700499999999,-1355.6707,-5658.3712
383,496.1819,1476.2623,-1067.9646,0.0,0.0,0.0,-1263.729,-16070.8126,602.2682,11706.2618,-1947.3512,1232.7314,-741.9752,-4121.531999999997,-1456.5950000000003,-5578.126999999998
384,500.6929,1382.9501,-1086.0458,0.0,0.0,0.0,-1263.2634,-16131.8031,588.6255,11731.7191,-1911.6523,1240.6033,-759.7709,-4277.1247,-1430.8199,-5707.944600000001
385,504.4464,1420.5754,-1087.2905,0.0,0.0,0.0,-1277.47,-16145.1678,603.6911,11757.3211,-1914.8395,1234.5694,-751.8398,-4223.894300000002,-1432.1099,-5656.004200000001
386,510.6234,1417.6781,-1076.7157,0.0,0.0,0.0,-1225.8255,-16166.746,603.5453,11731.0884,-1902.5164,1244.8747,-753.8613,-4206.351999999997,-1411.503,-5617.854999999998
387,510.6558,1450.6091,-1102.0955,0.0,0.0,0.0,-1264.0054,-16224.1624,619.7402,11763.4552,-1883.4378,1234.3946,-760.6364,-4245.803,-1409.6796,-5655.4826
388,537.828,1418.0648,-1102.5993,0.0,0.0,0.0,-1243.0099,-16129.2975,604.3757,11717.3636,-1885.8313,1243.1075,-759.4023,-4197.274600000001,-1402.1261,-5599.4007
389,510.3634,1426.4987,-1119.098,0.0,0.0,0.0,-1268.3563,-16118.3774,610.7432,11747.4815,-1943.9029,1230.3358,-751.4501,-4210.7449,-1465.0172,-5675.7621
390,490.9431,1449.0328,-1095.8918,0.0,0.0,0.0,-1264.8245,-16191.614,596.2821,11727.8965,-1868.6063,1236.9934,-754.0844,-4288.175799999999,-1385.6972999999998,-5673.873099999998
391,497.8406,1441.4364,-1080.1986,0.0,0.0,0.0,-1288.8028,-16267.5105,613.7969,11721.6767,-1782.9181,1233.5488,-754.1955,-4361.7613,-1303.5648,-5665.3261
392,518.6005,1441.6637,-1112.2954,0.0,0.0,0.0,-1293.478,-16163.1645,593.6499,11705.3745,-1852.1433,1247.2891,-761.909,-4309.649299999999,-1366.7631999999999,-5676.4124999999985
393,506.5239,1444.2118,-1077.6437,0.0,0.0,0.0,-1238.7651,-16280.9373,619.7522,11702.1248,-1785.7704,1239.3653,-762.979,-4324.733399999997,-1309.3841000000002,-5634.117499999998
394,486.3487,1414.3924,-1101.7103,0.0,0.0,0.0,-1238.6758,-16162.4341,612.3953,11719.1568,-1912.2353,1241.0143,-763.0033,-4270.526999999998,-1434.2242999999999,-5704.751299999999
395,502.8066,1381.8563,-1099.4426,0.0,0.0,0.0,-1277.6896,-16114.6275,600.235,11748.2637,-1942.7685,1240.8679,-768.006,-4258.598099999999,-1469.9065999999998,-5728.5046999999995
396,536.5437,1434.8343,-1128.7862,0.0,0.0,0.0,-1243.8394,-16093.4494,602.0125,11717.2822,-1941.6551,1250.1903,-774.0695,-4175.4023,-1465.5342999999998,-5640.936599999999
397,503.838,1453.9532,-1123.2653,0.0,0.0,0.0,-1266.9586,-16057.2146,605.1362,11748.2413,-1991.2505,1244.1801,-764.83,-4136.2698,-1511.9004,-5648.1702000000005
398,540.8967,1452.2281,-1118.9773,0.0,0.0,0.0,-1226.3921,-16101.1922,611.1189,11706.9114,-1953.8119,1249.4674,-772.9027,-4135.406499999999,-1477.2471999999998,-5612.653699999998
399,490.8778,1440.7849,-1085.8128,0.0,0.0,0.0,-1256.9064,-16154.3186,615.0938,11704.4959,-1878.9489,1238.7652,-757.0873,-4245.785400000001,-1397.2710000000002,-5643.056400000001
400,486.4979,1439.3165,-1116.9187,0.0,0.0,0.0,-1249.3003,-16183.7086,616.9487,11729.8103,-1888.9317,1246.5001,-771.8445,-4277.3542,-1414.2761,-5691.6303

