0.000000000000000000e+00	1.425433000865071298e+00	6.383616225986202153e+01
1.000000000000000000e+00	1.296583369636004957e+00	6.344885893362922502e+01
2.000000000000000000e+00	7.105336869228170427e-01	6.275515915019127533e+01
3.000000000000000000e+00	7.581064989641895790e-01	6.296965462254286194e+01
4.000000000000000000e+00	1.124910668857549867e+00	6.293283566370880067e+01
5.000000000000000000e+00	8.329591640290829879e-01	6.330714902451151005e+01
6.000000000000000000e+00	7.406550067132138260e-01	6.289096963603506651e+01
7.000000000000000000e+00	1.245342048435649884e+00	6.329483494495223539e+01
8.000000000000000000e+00	8.801682934216703558e-01	6.352000473082469512e+01
9.000000000000000000e+00	1.272727066721094591e+00	6.337715034290662430e+01
1.000000000000000000e+01	9.184738169967070487e-01	6.369271601317976206e+01
1.100000000000000000e+01	8.498200765535856016e-01	6.338317121536027798e+01
1.200000000000000000e+01	1.414837554203184578e+00	6.380431388205971643e+01
1.300000000000000000e+01	1.248647789864772095e+00	6.330477152481631720e+01
1.400000000000000000e+01	1.215794686327109186e+00	6.320601985470413098e+01
1.500000000000000000e+01	9.851707015526501854e-01	6.251279756481324767e+01
1.600000000000000000e+01	1.103008252830490754e+00	6.286700017392976036e+01
1.700000000000000000e+01	9.055367159483423967e-01	6.363438543566805805e+01
1.800000000000000000e+01	1.174099208746027800e+00	6.308068928912953766e+01
1.900000000000000000e+01	8.928623255253258506e-01	6.357723936328139303e+01
2.000000000000000000e+01	1.015354642951569630e+00	6.260352612019292451e+01
2.100000000000000000e+01	1.276722057057985138e+00	6.338915870514242101e+01
2.200000000000000000e+01	1.212016414953811738e+00	6.319466291827885840e+01
2.300000000000000000e+01	1.069203680560703251e+00	6.276538852663920665e+01
2.400000000000000000e+01	8.655098621011387827e-01	6.345391304914532071e+01
2.500000000000000000e+01	1.213547305829933975e+00	6.319926455448663916e+01
2.600000000000000000e+01	1.127779285182972213e+00	6.294145830883337567e+01
2.700000000000000000e+01	1.196452906100260227e+00	6.314788126520515021e+01
2.800000000000000000e+01	9.180924027402159737e-01	6.369099629917512573e+01
2.900000000000000000e+01	1.300662496730845108e+00	6.346112019877129029e+01
3.000000000000000000e+01	8.579291082882463115e-01	6.341973307743241861e+01
3.100000000000000000e+01	1.273408622850844996e+00	6.337919900190200195e+01
3.200000000000000000e+01	1.000213439442779073e+00	6.255801385581012397e+01
3.300000000000000000e+01	1.094313558851705448e+00	6.284086518334859051e+01
3.400000000000000000e+01	8.635529084116619902e-01	6.344508957018785367e+01
3.500000000000000000e+01	1.241785425755090655e+00	6.328414425238915442e+01
3.600000000000000000e+01	1.146314398888277575e+00	6.299717217562285754e+01
3.700000000000000000e+01	9.196160928222043562e-01	6.369786628667070261e+01
3.800000000000000000e+01	1.211610565081122637e+00	6.319344299235323348e+01
3.900000000000000000e+01	1.196830949911237951e+00	6.314901761013727111e+01
4.000000000000000000e+01	1.200434122867133802e+00	6.315984822608471205e+01
4.100000000000000000e+01	1.886558615934470939e+00	6.295395029524866004e+01
4.200000000000000000e+01	7.066650102374423259e-01	6.273771612764547001e+01
4.300000000000000000e+01	8.704527675387202512e-01	6.347619953571460627e+01
4.400000000000000000e+01	1.197877721869733847e+00	6.315216405500844843e+01
4.500000000000000000e+01	1.189912722200281658e+00	6.312822241981712779e+01
4.600000000000000000e+01	1.038102108196499618e+00	6.267190170550650663e+01
4.700000000000000000e+01	1.296288395015184225e+00	6.344797228264925337e+01
4.800000000000000000e+01	1.291615464196363083e+00	6.343392612953169163e+01
4.900000000000000000e+01	8.941217223999738950e-01	6.358291771013360005e+01
5.000000000000000000e+01	1.042391805545159755e+00	6.268479591432821962e+01
5.100000000000000000e+01	2.410391741872505378e+00	6.317416135099054486e+01
5.200000000000000000e+01	1.733224749557722877e+00	6.345888403924310950e+01
5.300000000000000000e+01	1.387518343179523272e+00	6.372219629120134954e+01
5.400000000000000000e+01	9.550235897652931127e-01	6.242217971391076503e+01
5.500000000000000000e+01	8.587192162444440280e-01	6.342329550252357251e+01
5.600000000000000000e+01	1.043780561930150341e+00	6.268897031484533500e+01
5.700000000000000000e+01	8.853105650910428892e-01	6.354319011641263870e+01
5.800000000000000000e+01	1.098831767691336392e+00	6.285444626460982676e+01
5.900000000000000000e+01	7.443984986000318216e-01	6.290784822752571159e+01
6.000000000000000000e+01	1.341695778030314035e+00	6.358446029824956014e+01
6.100000000000000000e+01	1.430569888356145514e+00	6.385160299952732288e+01
6.200000000000000000e+01	1.154874239119181079e+00	6.302290181537289726e+01
6.300000000000000000e+01	8.734394329350820829e-01	6.348966576101135217e+01
6.400000000000000000e+01	7.745019117902975925e-01	6.304357797640046357e+01
6.500000000000000000e+01	1.168891610897763389e+00	6.306503600437367396e+01
6.600000000000000000e+01	1.025096085931623158e+00	6.263280748663917308e+01
6.700000000000000000e+01	7.326978051162968963e-01	6.285509234306270798e+01
6.800000000000000000e+01	1.102714277501350537e+00	6.286611652667581751e+01
6.900000000000000000e+01	7.332954028741680563e-01	6.285778678150034438e+01
7.000000000000000000e+01	1.044298942941075614e+00	6.269052849307117725e+01
7.100000000000000000e+01	9.604896599374469490e-01	6.388215631933586280e+01
7.200000000000000000e+01	1.149588582854167207e+00	6.300701389832388344e+01
7.300000000000000000e+01	8.844447718589154572e-01	6.353928644285802818e+01
7.400000000000000000e+01	1.290088491680245752e+00	6.342933627134647878e+01
7.500000000000000000e+01	1.501040989249447399e+00	6.406342892032286329e+01
7.600000000000000000e+01	8.861748721788882399e-01	6.354708708926560234e+01
7.700000000000000000e+01	1.493332695577811009e+00	6.404025890617437256e+01
7.800000000000000000e+01	1.132202380026944510e+00	6.295475349120195574e+01
7.900000000000000000e+01	8.629275710990063075e-01	6.344227006012525294e+01
8.000000000000000000e+01	7.765806862462429905e-01	6.305295071872338042e+01
8.100000000000000000e+01	9.403398566239440370e-01	6.379130523456579738e+01
8.200000000000000000e+01	1.188345679884156514e+00	6.312351211761762926e+01
8.300000000000000000e+01	9.206373976596256004e-01	6.370247112826230307e+01
8.400000000000000000e+01	6.968710869383482054e-01	6.269355745562104687e+01
8.500000000000000000e+01	1.207479090681233158e+00	6.318102437879525013e+01
8.600000000000000000e+01	8.752761083859443847e-01	6.349794693152628611e+01
8.700000000000000000e+01	1.553005068378079390e+00	6.305259834807919361e+01
8.800000000000000000e+01	8.356866805156852873e-01	6.331944680368486900e+01
8.900000000000000000e+01	1.145906487735498303e+00	6.299594605378788259e+01
9.000000000000000000e+01	9.296155005660149406e-01	6.374295144340642594e+01
9.100000000000000000e+01	8.225547642630844924e-01	6.326023784674884354e+01
9.200000000000000000e+01	8.089190551469473967e-01	6.319875739726077768e+01
9.300000000000000000e+01	7.911061334138844714e-01	6.311844280375362359e+01
9.400000000000000000e+01	7.762640868451370357e-01	6.305152324081798554e+01
9.500000000000000000e+01	1.192946993619706131e+00	6.313734300015738654e+01
9.600000000000000000e+01	8.561175024526226363e-01	6.341156494036519575e+01
9.700000000000000000e+01	1.388660333004930969e+00	6.372562894718712556e+01
9.800000000000000000e+01	9.120713710803459717e-01	6.366384877573663914e+01
9.900000000000000000e+01	8.830222519166597284e-01	6.353287260953915450e+01
1.000000000000000000e+02	1.134749092288291017e+00	6.296240853934116188e+01
1.010000000000000000e+02	8.661153333951547850e-01	6.345664298764658895e+01
1.020000000000000000e+02	7.694720045852030399e-01	6.302089921776615711e+01
1.030000000000000000e+02	9.065600715749284610e-01	6.363899952382239178e+01
1.040000000000000000e+02	8.271606948283201088e-01	6.328100498684032971e+01
1.050000000000000000e+02	1.016690736591963073e+00	6.260754222412854375e+01
1.060000000000000000e+02	1.303856161751788312e+00	6.347071989318785512e+01
1.070000000000000000e+02	7.963544152194333980e-01	6.314210616601054937e+01
1.080000000000000000e+02	7.770057391483213838e-01	6.305486718989868677e+01
1.090000000000000000e+02	7.926547960977472496e-01	6.312542538728472152e+01
1.100000000000000000e+02	8.534771987565650253e-01	6.339966038471385446e+01
1.110000000000000000e+02	1.238755645254173476e+00	6.327503717109937753e+01
1.120000000000000000e+02	9.193203785166377262e-01	6.369653297512294898e+01
1.130000000000000000e+02	7.415282706241710375e-01	6.289490699325720868e+01
1.140000000000000000e+02	1.013930066785089679e+00	6.259924405060151997e+01
1.150000000000000000e+02	9.372049523817367334e-01	6.377717063252409702e+01
1.160000000000000000e+02	9.394987124744578200e-01	6.378751269836880056e+01
1.170000000000000000e+02	1.401584133456133419e+00	6.376447601919326758e+01
1.180000000000000000e+02	8.178433853839512935e-01	6.323899526312296615e+01
1.190000000000000000e+02	8.836797527771832472e-01	6.353583713805025468e+01
1.200000000000000000e+02	1.063775361697758992e+00	6.274907178648701489e+01
1.210000000000000000e+02	8.959931906689222458e-01	6.359135575390511264e+01
1.220000000000000000e+02	8.704434285179191155e-01	6.347615742809909989e+01
1.230000000000000000e+02	1.295755767045898565e+00	6.344637128013041405e+01
1.240000000000000000e+02	8.020395051860389479e-01	6.316773900135119391e+01
1.250000000000000000e+02	1.048545779622434226e+00	6.270329386893579482e+01
1.260000000000000000e+02	8.293875060987635495e-01	6.329104519499274772e+01
1.270000000000000000e+02	9.061258501107283259e-01	6.363704171359270845e+01
1.280000000000000000e+02	1.137558062756287569e+00	6.297085189765866176e+01
1.290000000000000000e+02	7.637904217209223745e-01	6.299528219518782635e+01
1.300000000000000000e+02	1.188664511556390302e+00	6.312447047943820166e+01
1.310000000000000000e+02	1.851273097027523296e+00	6.372501121319321271e+01
1.320000000000000000e+02	1.085091775997135244e+00	6.281314583996123702e+01
1.330000000000000000e+02	7.084996312327124235e-01	6.274598803506654576e+01
1.340000000000000000e+02	7.855108371070937956e-01	6.309321482851372309e+01
1.350000000000000000e+02	1.218376001408848497e+00	6.321377891390884685e+01
1.360000000000000000e+02	9.124341227778953733e-01	6.366548434431822301e+01
1.370000000000000000e+02	8.613670697307820312e-01	6.343523409853879969e+01
1.380000000000000000e+02	9.378181259616276133e-01	6.377993529895873337e+01
1.390000000000000000e+02	1.146835902472822299e+00	6.299873973985264541e+01
1.400000000000000000e+02	1.022585610771786557e+00	6.262526136197777760e+01
1.410000000000000000e+02	1.035011016944440865e+00	6.266261033298031435e+01
1.420000000000000000e+02	1.310715558039533768e+00	6.349133824477218013e+01
1.430000000000000000e+02	1.355305148270689930e+00	6.362536809372986113e+01
1.440000000000000000e+02	1.292200478527753216e+00	6.343568459786629177e+01
1.450000000000000000e+02	1.303223770148741023e+00	6.346881901563775585e+01
1.460000000000000000e+02	8.243480318241750426e-01	6.326832330052093312e+01
1.470000000000000000e+02	8.833908348060172111e-01	6.353453446969753315e+01
1.480000000000000000e+02	7.494401712708627095e-01	6.293058003408849288e+01
1.490000000000000000e+02	8.539961791685917181e-01	6.340200035462191863e+01
1.500000000000000000e+02	1.154135587693061682e+00	6.302068153618751012e+01
1.510000000000000000e+02	1.133998055072141797e+00	6.296015103026516613e+01
1.520000000000000000e+02	8.176796362483089720e-01	6.323825695385156820e+01
1.530000000000000000e+02	1.419027707130348315e+00	6.381690887477048335e+01
1.540000000000000000e+02	8.920603328484624228e-01	6.357362335256718922e+01
1.550000000000000000e+02	1.356246168727234691e+00	6.362819666490539561e+01
1.560000000000000000e+02	8.358480544928247324e-01	6.332017440388267460e+01
1.570000000000000000e+02	9.051491086284332299e-01	6.363263779848615798e+01
1.580000000000000000e+02	8.648628360386461100e-01	6.345099574922247143e+01
1.590000000000000000e+02	1.162046761813086970e+00	6.304446137957446439e+01
1.600000000000000000e+02	9.179301453054476978e-01	6.369026471565882730e+01
1.610000000000000000e+02	7.902911665024756616e-01	6.311476829503504149e+01
1.620000000000000000e+02	8.024356630166529225e-01	6.316952519092791363e+01
1.630000000000000000e+02	1.055986021015371312e+00	6.272565815676474443e+01
1.640000000000000000e+02	8.557898513588981793e-01	6.341008763277922355e+01
1.650000000000000000e+02	7.415392271834120308e-01	6.289495639400206528e+01
1.660000000000000000e+02	7.476324984182304290e-01	6.292242962998697919e+01
1.670000000000000000e+02	9.091815249122667808e-01	6.365081908730228122e+01
1.680000000000000000e+02	1.162263426022004165e+00	6.304511264080034039e+01
1.690000000000000000e+02	8.177102253085434258e-01	6.323839487327744280e+01
1.700000000000000000e+02	9.067268021330243677e-01	6.363975127567979229e+01
1.710000000000000000e+02	8.690677180982107064e-01	6.346995464874610349e+01
1.720000000000000000e+02	1.250966650781081491e+00	6.331174168481902598e+01
1.730000000000000000e+02	1.219288991183600013e+00	6.321652322891547016e+01
1.740000000000000000e+02	8.113877566445260037e-01	6.320988823588679395e+01
1.750000000000000000e+02	8.290175037973430694e-01	6.328937693501380579e+01
1.760000000000000000e+02	1.213995998576786306e+00	6.320061325988575618e+01
1.770000000000000000e+02	8.947301619726042432e-01	6.358566103195815344e+01
1.780000000000000000e+02	1.007268888313435307e+00	6.257922151305839265e+01
1.790000000000000000e+02	8.152608593200821874e-01	6.322735121426060800e+01
1.800000000000000000e+02	1.220678541121159366e+00	6.322070001473665712e+01
1.810000000000000000e+02	8.579566440226157331e-01	6.341985723007542219e+01
1.820000000000000000e+02	1.125861764118181618e+00	6.293569451828597749e+01
1.830000000000000000e+02	1.091558666916633280e+00	6.283258437726720302e+01
1.840000000000000000e+02	1.138624437512554266e+00	6.297405726570025308e+01
1.850000000000000000e+02	9.353546076221205263e-01	6.236305760284999877e+01
1.860000000000000000e+02	1.402212627460433847e+00	6.376636518112614027e+01
1.870000000000000000e+02	2.517852598841372469e+00	6.409249725302422007e+01
1.880000000000000000e+02	1.407348196375005189e+00	6.272423075511050428e+01
1.890000000000000000e+02	1.320751655805742608e+00	6.352150530082172963e+01
1.900000000000000000e+02	2.166729053246641890e+00	6.280795397855402484e+01
1.910000000000000000e+02	8.836499925593692684e-01	6.353570295569475945e+01
1.920000000000000000e+02	7.786742911075952289e-01	6.306239032812176504e+01
1.930000000000000000e+02	1.653190480787996242e+00	6.253306781021480276e+01
1.940000000000000000e+02	7.310345766567445391e-01	6.284759320734312382e+01
1.950000000000000000e+02	8.791688559028054684e-01	6.351549848422088473e+01
1.960000000000000000e+02	8.859640706380511599e-01	6.354613663092324316e+01
1.970000000000000000e+02	7.342340710045376362e-01	6.286201903213606101e+01
1.980000000000000000e+02	1.103149429701541173e+00	6.286742453115315499e+01
1.990000000000000000e+02	8.226305151225760115e-01	6.326057939091431592e+01
2.000000000000000000e+02	7.894983688914944953e-01	6.311119374287489592e+01
2.010000000000000000e+02	1.144183449029980260e+00	6.299076684903960199e+01
2.020000000000000000e+02	7.984987345797232017e-01	6.315177443606484076e+01
2.030000000000000000e+02	7.169786514517357823e-01	6.278421809481950788e+01
2.040000000000000000e+02	7.883192806594211399e-01	6.310587749024171700e+01
2.050000000000000000e+02	9.032044022838436881e-01	6.362386954014554874e+01
2.060000000000000000e+02	1.271770243561200164e+00	6.337427427109401634e+01
2.070000000000000000e+02	1.304827638153248426e+00	6.347364001052193316e+01
2.080000000000000000e+02	1.109745791387500846e+00	6.288725223882789805e+01
2.090000000000000000e+02	7.881504317155781925e-01	6.310511618704327930e+01
2.100000000000000000e+02	9.197951982028182982e-01	6.369867383391390092e+01
2.110000000000000000e+02	1.304258488062419286e+00	6.347192922779635182e+01
2.120000000000000000e+02	9.063534038998388720e-01	6.363806770418243275e+01
2.130000000000000000e+02	1.253284274606133231e+00	6.331870812630463519e+01
2.140000000000000000e+02	1.122868987064135737e+00	6.292669866399715062e+01
2.150000000000000000e+02	1.522631323407061421e+00	6.412832633721073705e+01
2.160000000000000000e+02	7.873801115529214245e-01	6.310164298081348022e+01
2.170000000000000000e+02	7.256201360003559087e-01	6.282318067093258662e+01
2.180000000000000000e+02	9.553086952756125738e-01	6.385879647545255011e+01
2.190000000000000000e+02	8.543798111627616265e-01	6.340373006792385979e+01
2.200000000000000000e+02	8.896507145932766036e-01	6.356275890744286983e+01
2.210000000000000000e+02	1.325963944919122284e+00	6.254075880223509643e+01
2.220000000000000000e+02	8.345656649525935444e-01	6.331439238809745973e+01
2.230000000000000000e+02	1.100543342863894880e+00	6.285959101163863494e+01
2.240000000000000000e+02	8.555927283291089314e-01	6.340919884787095384e+01
2.250000000000000000e+02	7.516260657907984921e-01	6.294043575750372099e+01
2.260000000000000000e+02	1.102840200637168477e+00	6.286649503338077949e+01
2.270000000000000000e+02	8.993960472853066435e-01	6.360669849497834605e+01
2.280000000000000000e+02	1.206173149307117498e+00	6.317709890820418650e+01
2.290000000000000000e+02	7.833138902534384496e-01	6.308330927252733034e+01
2.300000000000000000e+02	7.763881539756803951e-01	6.305208263255093470e+01
2.310000000000000000e+02	8.808512950832788624e-01	6.352308423690678296e+01
2.320000000000000000e+02	8.155693662032872382e-01	6.322874220476121110e+01
2.330000000000000000e+02	7.758068546988419190e-01	6.304946168042276611e+01
2.340000000000000000e+02	8.607617743007944799e-01	6.343250495297021985e+01
2.350000000000000000e+02	8.674029362600852444e-01	6.346244850918007074e+01
2.360000000000000000e+02	8.609693026158973250e-01	6.343344065304899004e+01
2.370000000000000000e+02	1.017527713600714812e+00	6.261005805577182315e+01
2.380000000000000000e+02	1.044653895172652280e+00	6.269159542806067975e+01
2.390000000000000000e+02	2.018365537293792755e+00	6.410170296593345540e+01
2.400000000000000000e+02	8.496840531386563589e-01	6.338255791533902794e+01
2.410000000000000000e+02	1.067822843397959742e+00	6.276123793015697316e+01
2.420000000000000000e+02	8.229120143146633204e-01	6.326184860960420053e+01
2.430000000000000000e+02	8.227285424785766299e-01	6.326102137496205557e+01
2.440000000000000000e+02	8.657292933193250217e-01	6.345490241682769295e+01
2.450000000000000000e+02	1.096159335275857405e+00	6.284641331989920587e+01
2.460000000000000000e+02	1.549086607456850562e+00	6.304376460365539003e+01
2.470000000000000000e+02	1.248682982265106656e+00	6.330487730807371349e+01
2.480000000000000000e+02	8.147074272019183550e-01	6.322485590909560926e+01
2.490000000000000000e+02	9.079964053382365563e-01	6.364547564065877339e+01
2.500000000000000000e+02	1.039316406106573609e+00	6.267555170912019236e+01
2.510000000000000000e+02	8.523336301151820393e-01	6.339450428219700484e+01
2.520000000000000000e+02	9.842905935738981427e-01	6.251015208772213327e+01
2.530000000000000000e+02	1.229851720347327815e+00	6.324827326265778282e+01
2.540000000000000000e+02	1.257176717179049330e+00	6.333040824481704334e+01
2.550000000000000000e+02	7.872531561665930822e-01	6.310107056656278957e+01
2.560000000000000000e+02	8.568960449900875354e-01	6.341507521949635162e+01
2.570000000000000000e+02	1.285987121395163690e+00	6.245063539690191590e+01
2.580000000000000000e+02	7.759075674887921936e-01	6.304991577250866897e+01
2.590000000000000000e+02	8.171124715415729600e-01	6.323569973142866729e+01
2.600000000000000000e+02	8.536578062416019241e-01	6.340047470461950496e+01
2.610000000000000000e+02	1.072208409441989030e+00	6.277442030638936643e+01
2.620000000000000000e+02	8.851649322706934830e-01	6.354253348967037596e+01
2.630000000000000000e+02	1.135490174839529187e+00	6.296463612613647598e+01
2.640000000000000000e+02	1.159185509008400894e+00	6.303586086812651956e+01
2.650000000000000000e+02	1.047260716877407738e+00	6.269943115647927812e+01
2.660000000000000000e+02	7.580924115255547324e-01	6.296959110534312742e+01
2.670000000000000000e+02	1.870861388047144080e+00	6.376917088711746828e+01
2.680000000000000000e+02	1.159941641872714202e+00	6.303813369398275057e+01
2.690000000000000000e+02	9.061589044500582002e-01	6.363719074842634882e+01
2.700000000000000000e+02	8.246106571839748600e-01	6.326950742120214954e+01
2.710000000000000000e+02	1.220019821594308773e+00	6.321871999926148789e+01
2.720000000000000000e+02	8.049136817571236335e-01	6.318069803897757453e+01
2.730000000000000000e+02	9.157909425655947899e-01	6.368061951533429976e+01
2.740000000000000000e+02	7.085075925134871611e-01	6.274602393075164741e+01
2.750000000000000000e+02	1.069507918214455788e+00	6.437369595722270788e+01
2.760000000000000000e+02	9.104401738574061653e-01	6.365649406190284765e+01
2.770000000000000000e+02	1.220048787264039314e+00	6.321880706586870957e+01
2.780000000000000000e+02	1.310103164552816501e+00	6.348949747866282678e+01
2.790000000000000000e+02	8.518167903658793172e-01	6.339217396407201477e+01
2.800000000000000000e+02	1.976355611082026842e+00	6.311590035086595663e+01
2.810000000000000000e+02	8.575982363428923394e-01	6.341824124772630000e+01
2.820000000000000000e+02	1.070404073504252596e+00	6.276899673393780432e+01
2.830000000000000000e+02	1.403946545889874553e+00	6.377157708874849362e+01
2.840000000000000000e+02	1.960172594839027393e+00	6.308671406933946457e+01
2.850000000000000000e+02	1.438582355318036354e+00	6.279464477299705294e+01
2.860000000000000000e+02	2.038550770287681502e+00	6.322807013423042832e+01
2.870000000000000000e+02	1.540244882220664024e+00	6.302383189472396907e+01
2.880000000000000000e+02	1.313772133144926357e+00	6.350052586676153510e+01
2.890000000000000000e+02	1.223582797505981645e+00	6.322942978871694919e+01
2.900000000000000000e+02	1.033552927125439558e+00	6.421158271509759174e+01
2.910000000000000000e+02	7.765852404355380045e-01	6.305297125257332880e+01
2.920000000000000000e+02	8.552545240122763071e-01	6.340767395809510276e+01
2.930000000000000000e+02	1.319802087735819196e+00	6.351865103675859103e+01
2.940000000000000000e+02	9.570988265892632629e-01	6.386686778856640956e+01
2.950000000000000000e+02	1.114279949325453156e+00	6.290088126076830122e+01
2.960000000000000000e+02	1.143118199540298807e+00	6.298756486338635341e+01
2.970000000000000000e+02	9.569793378267330564e-01	6.386632903969999120e+01
2.980000000000000000e+02	9.356123842884640496e-01	6.376999008904221000e+01
2.990000000000000000e+02	1.134198243622339231e+00	6.296075276804761955e+01
3.000000000000000000e+02	1.067542146416017079e+00	6.276039419569119815e+01
3.010000000000000000e+02	9.025564485785020352e-01	6.362094805768266781e+01
3.020000000000000000e+02	1.082380812674614168e+00	6.280499707692565181e+01
3.030000000000000000e+02	8.545782288933853055e-01	6.340462469035685444e+01
3.040000000000000000e+02	9.581141203451486454e-01	6.387144552749752080e+01
3.050000000000000000e+02	9.374585535971056149e-01	6.377831406529893599e+01
3.060000000000000000e+02	1.407949608337546010e+00	6.378360971457994566e+01
3.070000000000000000e+02	1.378912181559166505e+00	6.266012484915295744e+01
3.080000000000000000e+02	1.707338932298998690e+00	6.340052727661061738e+01
3.090000000000000000e+02	1.167544397123021493e+00	6.306098647492507325e+01
3.100000000000000000e+02	1.080527649981124050e+00	6.279942673831937583e+01
3.110000000000000000e+02	1.216462821717815057e+00	6.320802817290206832e+01
3.120000000000000000e+02	1.159089230378957946e+00	6.303557146851338899e+01
3.130000000000000000e+02	1.082469789870100341e+00	6.280526452948598859e+01
3.140000000000000000e+02	9.686519900284605855e-01	6.391895849211553582e+01
3.150000000000000000e+02	8.095590034815388636e-01	6.320164278524645596e+01
3.160000000000000000e+02	1.496985509138151871e+00	6.292630833804524570e+01
3.170000000000000000e+02	8.119560109760066702e-01	6.321245037119090426e+01
3.180000000000000000e+02	7.229152297751670897e-01	6.281098483651493325e+01
3.190000000000000000e+02	8.924398592122227969e-01	6.357533455447372717e+01
3.200000000000000000e+02	8.584628980517704511e-01	6.342213981948845003e+01
3.210000000000000000e+02	9.051933544063790471e-01	6.363283729308470527e+01
3.220000000000000000e+02	8.626251696656017653e-01	6.344090659777113217e+01
3.230000000000000000e+02	8.144335320087728869e-01	6.322362097518467294e+01
3.240000000000000000e+02	1.076137569638464964e+00	6.278623079275925534e+01
3.250000000000000000e+02	2.087941593121767525e+00	6.331714712942186907e+01
3.260000000000000000e+02	1.183357578576133440e+00	6.310851860766533150e+01
3.270000000000000000e+02	1.042810675247980212e+00	6.268605497597715726e+01
3.280000000000000000e+02	9.047208888861050236e-01	6.363070704871628891e+01
3.290000000000000000e+02	1.038628582693082780e+00	6.267348421157779370e+01
3.300000000000000000e+02	1.174726875673171023e+00	6.308257596498828690e+01
3.310000000000000000e+02	1.381552361118425054e+00	6.370426341336175113e+01
3.320000000000000000e+02	2.189848666475873618e+00	6.350093786952818675e+01
3.330000000000000000e+02	2.173725145276339532e+00	6.347185888809100618e+01
3.340000000000000000e+02	1.301001750676317625e+00	6.346213994698683791e+01
3.350000000000000000e+02	1.331920311316203254e+00	6.355507666138743161e+01
3.360000000000000000e+02	8.467719032305809357e-01	6.336942766418742679e+01
3.370000000000000000e+02	1.565704816023670620e+00	6.237528626918420116e+01
3.380000000000000000e+02	8.308737591967805258e-01	6.329774638726231473e+01
3.390000000000000000e+02	2.374231750642262107e+00	6.490396468066842317e+01
3.400000000000000000e+02	8.606028416370226086e-01	6.343178836012390320e+01
3.410000000000000000e+02	1.510125243827330932e+00	6.409073487363292543e+01
3.420000000000000000e+02	1.088911888018226026e+00	6.282462854331270563e+01
3.430000000000000000e+02	1.450503787858908433e+00	6.391152141379490814e+01
3.440000000000000000e+02	1.425375372407620356e+00	6.383598903706702998e+01
3.450000000000000000e+02	8.939889158274266778e-01	6.358231891415565684e+01
3.460000000000000000e+02	1.392236429034129808e+00	6.373637817381529658e+01
3.470000000000000000e+02	7.912306322223943145e-01	6.311900414182872510e+01
3.480000000000000000e+02	8.044164804764702970e-01	6.317845626644046320e+01
3.490000000000000000e+02	1.144144110316382079e+00	6.299064860256515885e+01
3.500000000000000000e+02	8.964826295697725378e-01	6.359356252755839023e+01
3.510000000000000000e+02	7.562083159167729551e-01	6.296109612764011843e+01
3.520000000000000000e+02	9.792010260686743184e-01	6.396652180341048677e+01
3.530000000000000000e+02	6.954702016504084039e-01	6.268724116825745796e+01
3.540000000000000000e+02	7.762783956130392404e-01	6.305158775594328802e+01
3.550000000000000000e+02	1.035750483033035296e+00	6.422149101717585040e+01
3.560000000000000000e+02	9.034165632449111527e-01	6.362482612781834490e+01
3.570000000000000000e+02	2.256667242200834256e+00	6.463892826924086421e+01
3.580000000000000000e+02	1.016842143828682543e+00	6.260799733234917852e+01
3.590000000000000000e+02	8.062407708003873630e-01	6.318668159510917093e+01
3.600000000000000000e+02	9.489632453399464707e-01	6.383018622050165902e+01
3.610000000000000000e+02	6.949061803104831236e-01	6.268469811859249319e+01
3.620000000000000000e+02	1.083260152191070080e+00	6.280764024413042534e+01
3.630000000000000000e+02	1.291932897447507944e+00	6.343488028790104494e+01
3.640000000000000000e+02	1.031825353693487157e+00	6.265303469072520670e+01
3.650000000000000000e+02	1.102807328535911013e+00	6.286639622460628374e+01
3.660000000000000000e+02	8.008889386004223176e-01	6.316255134662439730e+01
3.670000000000000000e+02	9.055947107166211207e-01	6.363464692147648094e+01
3.680000000000000000e+02	7.528196329000812481e-01	6.294581729224810829e+01
3.690000000000000000e+02	1.248058468165878843e+00	6.330300010915896536e+01
3.700000000000000000e+02	7.536250924105620808e-01	6.294944893416177933e+01
3.710000000000000000e+02	1.237009628089892566e+00	6.326978889643273618e+01
3.720000000000000000e+02	1.231755904851945971e+00	6.325399696543725980e+01
3.730000000000000000e+02	1.531963110730171218e+00	6.300516154067577901e+01
3.740000000000000000e+02	1.351899149573397629e+00	6.361513015504099400e+01
3.750000000000000000e+02	1.176224639914569270e+00	6.308707802733082559e+01
3.760000000000000000e+02	9.230191596913306373e-01	6.371320997572784961e+01
3.770000000000000000e+02	1.163782803602510851e+00	6.304967966970931315e+01
3.780000000000000000e+02	9.404899987589465660e-01	6.379198219282798732e+01
3.790000000000000000e+02	1.172951665381548825e+00	6.307723994000979673e+01
3.800000000000000000e+02	1.030068053128141869e+00	6.264775249978948324e+01
3.810000000000000000e+02	7.501256230885890997e-01	6.293367058739212183e+01
3.820000000000000000e+02	7.543870996650194893e-01	6.295288465929482413e+01
3.830000000000000000e+02	8.347018701910473570e-01	6.331500650792148122e+01
3.840000000000000000e+02	8.675639463764819315e-01	6.346317446880885882e+01
3.850000000000000000e+02	1.121677464298440841e+00	6.292311711916824635e+01
3.860000000000000000e+02	1.154198974403632727e+00	6.302087206745724046e+01
3.870000000000000000e+02	7.293329014575447022e-01	6.283992072362860881e+01
3.880000000000000000e+02	8.459644918578916872e-01	6.336578722175117662e+01
3.890000000000000000e+02	1.697100459857840304e+00	6.337744575285589121e+01
3.900000000000000000e+02	8.616452268658674196e-01	6.343648824861985958e+01
3.910000000000000000e+02	8.266626976309341401e-01	6.327875962568761281e+01
3.920000000000000000e+02	8.478272215979125725e-01	6.337418586539455845e+01
3.930000000000000000e+02	8.302864986267646241e-01	6.329509855695853560e+01
3.940000000000000000e+02	7.991777682522509529e-01	6.315483605134637202e+01
3.950000000000000000e+02	8.325288283589165061e-01	6.330520873448278962e+01
3.960000000000000000e+02	1.044910272969100440e+00	6.269236606257774724e+01
3.970000000000000000e+02	7.748671775458448874e-01	6.304522488032327487e+01
3.980000000000000000e+02	1.279485403238601604e+00	6.339746492346122153e+01
3.990000000000000000e+02	9.758411907190835954e-01	6.395137303588109035e+01
4.000000000000000000e+02	1.277474717075057997e+00	6.339142109212291842e+01
4.010000000000000000e+02	1.208925305480150314e+00	6.318537149098117567e+01
4.020000000000000000e+02	1.348677112678875911e+00	6.259196317126621523e+01
4.030000000000000000e+02	9.925631169315294322e-01	6.253501809457203109e+01
4.040000000000000000e+02	1.236397770575351274e+00	6.326794974137811067e+01
4.050000000000000000e+02	1.087005780018338807e+00	6.281889905878509950e+01
4.060000000000000000e+02	8.567459481775754337e-01	6.341439846558341742e+01
4.070000000000000000e+02	1.043541535509257878e+00	6.268825183604965900e+01
4.080000000000000000e+02	7.252432926798401125e-01	6.282148156628503699e+01
4.090000000000000000e+02	1.302055595844685332e+00	6.346530765290225418e+01
4.100000000000000000e+02	1.167126695356732302e+00	6.305973092392415680e+01
4.110000000000000000e+02	1.186283644683209459e+00	6.311731393851135863e+01
4.120000000000000000e+02	1.094426996434934019e+00	6.284120616029112938e+01
4.130000000000000000e+02	1.099554085797474823e+00	6.285661744820140484e+01
4.140000000000000000e+02	1.143245409365826859e+00	6.298794723769418624e+01
4.150000000000000000e+02	1.342341520789215314e+00	6.358640130744009866e+01
4.160000000000000000e+02	1.245424531668032353e+00	6.329508287760020124e+01
4.170000000000000000e+02	1.235807569548232232e+00	6.326617568258749458e+01
4.180000000000000000e+02	2.077935279278619429e+00	6.329910061148706291e+01
4.190000000000000000e+02	1.053733202823680104e+00	6.271888651162522166e+01
4.200000000000000000e+02	1.128755572354837700e+00	6.294439288664640486e+01
4.210000000000000000e+02	1.377604575989053393e+00	6.265717699446058475e+01
4.220000000000000000e+02	7.880243804060098611e-01	6.310454784907825143e+01
4.230000000000000000e+02	9.290171941677480838e-01	6.374025380986322631e+01
4.240000000000000000e+02	1.306329223155215269e+00	6.347815355751725974e+01
4.250000000000000000e+02	9.588203676468143311e-01	6.387462984311956404e+01
4.260000000000000000e+02	7.406492111814221291e-01	6.289094350524153754e+01
4.270000000000000000e+02	8.155234932402379844e-01	6.322853537353860531e+01
4.280000000000000000e+02	7.354746428393215130e-01	6.286761250097403320e+01
4.290000000000000000e+02	9.659535421015162937e-01	6.245503356731341427e+01
4.300000000000000000e+02	1.349346711372089835e+00	6.360745789555573992e+01
4.310000000000000000e+02	8.342049587280164769e-01	6.331276604210904679e+01
4.320000000000000000e+02	2.068660826529033159e+00	6.328237401460987854e+01
4.330000000000000000e+02	1.138588838803318293e+00	6.297395026113714067e+01
4.340000000000000000e+02	7.607818855383613466e-01	6.298171735926842985e+01
4.350000000000000000e+02	7.667250306995756493e-01	6.300851370940851126e+01
4.360000000000000000e+02	1.145226264958637552e+00	6.299390140265814608e+01
4.370000000000000000e+02	1.180386584517546744e+00	6.309958822990535765e+01
4.380000000000000000e+02	1.183061893029159872e+00	6.310762981974432506e+01
4.390000000000000000e+02	1.278651441414448753e+00	6.339495815502606746e+01
4.400000000000000000e+02	1.121358850124024364e+00	6.292215941111461319e+01
4.410000000000000000e+02	1.143066204265263952e+00	6.298740857312166241e+01
4.420000000000000000e+02	9.026363391876193187e-01	6.362130826707966946e+01
4.430000000000000000e+02	7.905865091245320997e-01	6.311609993074260672e+01
4.440000000000000000e+02	1.309474247564848870e+00	6.348760704530233312e+01
4.450000000000000000e+02	7.554373028757417341e-01	6.295761979737228842e+01
4.460000000000000000e+02	1.348862560156111057e+00	6.360600260713496112e+01
4.470000000000000000e+02	1.282095261119444940e+00	6.340530977818531255e+01
4.480000000000000000e+02	1.062739902394886249e+00	6.274595934581989098e+01
4.490000000000000000e+02	8.323786139829271180e-01	6.330453145050168473e+01
4.500000000000000000e+02	1.232923695903547445e+00	6.325750717617139429e+01
4.510000000000000000e+02	1.292456596883854392e+00	6.343645445254325210e+01
4.520000000000000000e+02	1.340398589488074332e+00	6.358056113740315851e+01
4.530000000000000000e+02	1.285248179611842900e+00	6.341478699443962341e+01
4.540000000000000000e+02	8.125532532742079095e-01	6.321514320693812294e+01
4.550000000000000000e+02	7.786672620285925994e-01	6.306235863553189347e+01
4.560000000000000000e+02	1.285784913357363335e+00	6.341640033832705825e+01
4.570000000000000000e+02	1.079385365887223669e+00	6.279599319780513156e+01
4.580000000000000000e+02	1.076458567579707370e+00	6.278719566607065872e+01
4.590000000000000000e+02	8.679175175925631924e-01	6.346476864459432932e+01
4.600000000000000000e+02	1.628035617788003764e+00	6.322174656999304432e+01
4.610000000000000000e+02	8.863335479188155785e-01	6.354780252369812388e+01
4.620000000000000000e+02	1.828255841904160794e+00	6.367312131223855687e+01
4.630000000000000000e+02	1.132854820254243888e+00	6.295671463201230011e+01
4.640000000000000000e+02	1.016539178128193832e+00	6.260708666134132017e+01
4.650000000000000000e+02	1.228744381114409201e+00	6.324494476133352094e+01
4.660000000000000000e+02	1.370400929913837329e+00	6.367074382656437592e+01
4.670000000000000000e+02	1.145157994235491472e+00	6.299369619075411464e+01
4.680000000000000000e+02	1.095004720617506866e+00	6.284294271549443778e+01
4.690000000000000000e+02	8.561491735512496426e-01	6.341170773846705799e+01
4.700000000000000000e+02	9.055489155659239842e-01	6.363444044109286324e+01
4.710000000000000000e+02	1.171764630932590423e+00	6.307367188641081412e+01
4.720000000000000000e+02	7.846593848400580384e-01	6.308937581525455585e+01
4.730000000000000000e+02	1.404406155130267120e+00	6.377295860754581014e+01
4.740000000000000000e+02	1.093892206455071126e+00	6.283959865908168041e+01
4.750000000000000000e+02	1.168613702325932202e+00	6.306420065146477327e+01
4.760000000000000000e+02	8.583107185823608543e-01	6.342145367532809530e+01
4.770000000000000000e+02	8.922618714381562732e-01	6.357453204627559984e+01
4.780000000000000000e+02	1.368775656822929010e+00	6.366585849109122819e+01
4.790000000000000000e+02	1.385670698338514306e+00	6.371664253846032011e+01
4.800000000000000000e+02	7.943710643917614167e-01	6.313316366809281988e+01
4.810000000000000000e+02	8.560186085062438943e-01	6.341111904904973073e+01
4.820000000000000000e+02	9.286508011334094759e-01	6.373860182328529334e+01
4.830000000000000000e+02	1.017852439378338580e+00	6.261103413441937704e+01
4.840000000000000000e+02	8.303897743717620905e-01	6.329556420485184276e+01
4.850000000000000000e+02	8.701207404004980273e-01	6.347470249749486726e+01
4.860000000000000000e+02	1.037208177517824570e+00	6.266921467938178836e+01
4.870000000000000000e+02	1.242220914339779325e+00	6.328545326798956694e+01
4.880000000000000000e+02	9.564723118219742304e-01	6.386404296961670468e+01
4.890000000000000000e+02	8.784633752577550858e-01	6.351231762528693281e+01
4.900000000000000000e+02	8.880374560836548081e-01	6.355548507536950353e+01
4.910000000000000000e+02	1.166685887870742233e+00	6.305840592047693605e+01
4.920000000000000000e+02	8.843842889888302583e-01	6.353901373873920022e+01
4.930000000000000000e+02	8.416000692538549988e-01	6.334610898857924610e+01
4.940000000000000000e+02	8.512372692015891529e-01	6.338956102906695378e+01
4.950000000000000000e+02	7.710190298368913009e-01	6.302787441847138439e+01
4.960000000000000000e+02	1.259569593245013497e+00	6.333760088363774088e+01
4.970000000000000000e+02	1.046751109341015340e+00	6.269789935004695280e+01
4.980000000000000000e+02	8.741867280898661940e-01	6.349303515248377749e+01
4.990000000000000000e+02	1.557335072774227225e+00	6.306235987255485043e+01
5.000000000000000000e+02	1.178948022100977822e+00	6.309526411967224391e+01
5.010000000000000000e+02	7.938149367623765773e-01	6.313065620945344136e+01
5.020000000000000000e+02	1.124401963438683039e+00	6.293130656891108998e+01
5.030000000000000000e+02	7.955576739029448508e-01	6.313851383253920346e+01
5.040000000000000000e+02	9.884346771057253012e-01	6.400815432954746598e+01
5.050000000000000000e+02	1.216040018293097269e+00	6.320675728705494834e+01
5.060000000000000000e+02	1.311284905888025154e+00	6.349304962192864110e+01
5.070000000000000000e+02	2.153988896135970332e+00	6.278880644519040999e+01
5.080000000000000000e+02	8.118424393177183784e-01	6.321193830126177460e+01
5.090000000000000000e+02	7.409219488051503877e-01	6.289217321992350662e+01
5.100000000000000000e+02	1.635350438472884527e+00	6.323823703850483469e+01
5.110000000000000000e+02	8.281486472338477345e-01	6.328545944956370306e+01
5.120000000000000000e+02	1.175222625029987755e+00	6.308406611574029199e+01
5.130000000000000000e+02	7.481022237943568687e-01	6.292454751964084636e+01
5.140000000000000000e+02	1.167740402101494546e+00	6.306157563749695782e+01
5.150000000000000000e+02	8.595155732226044121e-01	6.342688610309691910e+01
5.160000000000000000e+02	1.248804072839698964e+00	6.330524128879968515e+01
5.170000000000000000e+02	1.232780564217591746e+00	6.325707694305756235e+01
5.180000000000000000e+02	8.083082863241303206e-01	6.319600357335325214e+01
5.190000000000000000e+02	1.323353542240897074e+00	6.352932619453483198e+01
5.200000000000000000e+02	8.825167705028016396e-01	6.353059350368062042e+01
5.210000000000000000e+02	2.381039433829613472e+00	6.491931186279023791e+01
5.220000000000000000e+02	8.367743121696882280e-01	6.332435069848021669e+01
5.230000000000000000e+02	1.308667147444186662e+00	6.348518101925666457e+01
5.240000000000000000e+02	8.011484693748840424e-01	6.316372151449274952e+01
5.250000000000000000e+02	1.187625740155006548e+00	6.312134808308274359e+01
5.260000000000000000e+02	1.223505119589076706e+00	6.322919630015121584e+01
5.270000000000000000e+02	1.141303887952619389e+00	6.298211130557615434e+01
5.280000000000000000e+02	7.415595447126743789e-01	6.289504800132669260e+01
5.290000000000000000e+02	1.199564077185325983e+00	6.315723299480058728e+01
5.300000000000000000e+02	1.437475320820072788e+00	6.387235972918842464e+01
5.310000000000000000e+02	1.758233471876043508e+00	6.351526348662487464e+01
5.320000000000000000e+02	1.415718659016353298e+00	6.380696235549068973e+01
5.330000000000000000e+02	1.220095335285499738e+00	6.321894698247823641e+01
5.340000000000000000e+02	7.684005986635336072e-01	6.301606848127219251e+01
5.350000000000000000e+02	1.021355115537551983e+00	6.262156267155400968e+01
5.360000000000000000e+02	1.040388384364467012e+00	6.267877392047595464e+01
5.370000000000000000e+02	1.158755435475721018e+00	6.303456812938802045e+01
5.380000000000000000e+02	8.288127526778337195e-01	6.328845375670651663e+01
5.390000000000000000e+02	1.138751627775128394e+00	6.297443958120468466e+01
5.400000000000000000e+02	1.314788968502247357e+00	6.350358232654620139e+01
5.410000000000000000e+02	1.339443098941922372e+00	6.357768907123442403e+01
5.420000000000000000e+02	1.443959549199878678e+00	6.389185038038855424e+01
5.430000000000000000e+02	7.619727917238348081e-01	6.298708689648556458e+01
5.440000000000000000e+02	1.489158969087973627e+00	6.402771328895467207e+01
5.450000000000000000e+02	7.802562747961002687e-01	6.306952314882244792e+01
5.460000000000000000e+02	1.196740640710590053e+00	6.314874615376238154e+01
5.470000000000000000e+02	1.212378589473336765e+00	6.319575156241972280e+01
5.480000000000000000e+02	1.277081258885487625e+00	6.339023841380168278e+01
5.490000000000000000e+02	1.555953947412761718e+00	6.422848931783477155e+01
5.500000000000000000e+02	1.159297048104139805e+00	6.303619613849068060e+01
5.510000000000000000e+02	1.221969635080067951e+00	6.322458085614842815e+01
5.520000000000000000e+02	1.267711333863870138e+00	6.336207377652015538e+01
5.530000000000000000e+02	1.081192071775126440e+00	6.280142389398357494e+01
5.540000000000000000e+02	7.917236703772615458e-01	6.312122714373627730e+01
5.550000000000000000e+02	1.178894465317565921e+00	6.309510313573957774e+01
5.560000000000000000e+02	1.097326235758447455e+00	6.284992085371190029e+01
5.570000000000000000e+02	8.344994120144864080e-01	6.331409366799569938e+01
5.580000000000000000e+02	1.105916579813545964e+00	6.287574218353867650e+01
5.590000000000000000e+02	1.123805579117054698e+00	6.292951392403289645e+01
5.600000000000000000e+02	8.349820180015935511e-01	6.331626963352563564e+01
5.610000000000000000e+02	1.066208865094165237e+00	6.275638654517771187e+01
5.620000000000000000e+02	8.630288584776824035e-01	6.344272674290687064e+01
5.630000000000000000e+02	1.193111004440044365e+00	6.313783599292460025e+01
5.640000000000000000e+02	1.378247667563666568e+00	6.369432998325621753e+01
5.650000000000000000e+02	8.442684598506300375e-01	6.335814018196288799e+01
5.660000000000000000e+02	8.351278617458457454e-01	6.331692721127794243e+01
5.670000000000000000e+02	8.275688211991500953e-01	6.328284513996421623e+01
5.680000000000000000e+02	1.242310436195199763e+00	6.328572235771877530e+01
5.690000000000000000e+02	7.770767406780177966e-01	6.305518732036809837e+01
5.700000000000000000e+02	7.689270982558349399e-01	6.301844235353026846e+01
5.710000000000000000e+02	1.138559368231299551e+00	6.297386167686678249e+01
5.720000000000000000e+02	1.190599051346647119e+00	6.313028542580902780e+01
5.730000000000000000e+02	1.145554312256448659e+00	6.299488746531421413e+01
5.740000000000000000e+02	1.151929044843135852e+00	6.301404898802187660e+01
5.750000000000000000e+02	1.063412664813925268e+00	6.274798157219471051e+01
5.760000000000000000e+02	9.355497161717329924e-01	6.376970753212108889e+01
5.770000000000000000e+02	1.181174290699718021e+00	6.310195596058133560e+01
5.780000000000000000e+02	8.995008213854708279e-01	6.360717089862951212e+01
5.790000000000000000e+02	1.248343171056764289e+00	6.330385588480671544e+01
5.800000000000000000e+02	1.162871049675629376e+00	6.304693906948237014e+01
5.810000000000000000e+02	1.132227814007682243e+00	6.465648633888673658e+01
5.820000000000000000e+02	1.080914285224409355e+00	6.280058890785246462e+01
5.830000000000000000e+02	1.177555547783577072e+00	6.309107854358887835e+01
5.840000000000000000e+02	1.063032434107132662e+00	6.274683865377056691e+01
5.850000000000000000e+02	1.019732790772187814e+00	6.261668619832034466e+01
5.860000000000000000e+02	8.072152580742126826e-01	6.319107534647955760e+01
5.870000000000000000e+02	7.323757842918338090e-01	6.285364042113742045e+01
5.880000000000000000e+02	7.128093893136475678e-01	6.276541979778192371e+01
5.890000000000000000e+02	1.422028225107117905e+00	6.382592799715165910e+01
5.900000000000000000e+02	1.128762521765674487e+00	6.294441377556869810e+01
5.910000000000000000e+02	1.695327137783100291e+00	6.337344799090182335e+01
5.920000000000000000e+02	7.847083724580767861e-01	6.308959668977963986e+01
5.930000000000000000e+02	1.485717753905750893e+00	6.401736949461358961e+01
5.940000000000000000e+02	1.275966401624867075e+00	6.338688731437520119e+01
5.950000000000000000e+02	8.037870563417004455e-01	6.317561832978497449e+01
5.960000000000000000e+02	1.096599941605233219e+00	6.284773771869878800e+01
5.970000000000000000e+02	1.199711402337641841e+00	6.315767583286682907e+01
5.980000000000000000e+02	9.579867048318928546e-01	6.387087103863449045e+01
5.990000000000000000e+02	9.003279716681709122e-01	6.361090033952191902e+01
6.000000000000000000e+02	1.565705040156381678e+00	6.308122905465871355e+01
6.010000000000000000e+02	8.636231448297908564e-01	6.344540625093546282e+01
6.020000000000000000e+02	1.085092931030812169e+00	6.281314931182514982e+01
6.030000000000000000e+02	1.353203796742361575e+00	6.361905173543885894e+01
6.040000000000000000e+02	1.249338984064531255e+00	6.330684915445393557e+01
6.050000000000000000e+02	7.574808937638617401e-01	6.296683390463294927e+01
6.060000000000000000e+02	1.205522595740566416e+00	6.317514343842274371e+01
6.070000000000000000e+02	8.844013276343161145e-01	6.353909056228935270e+01
6.080000000000000000e+02	8.403676021122041817e-01	6.334055206204153166e+01
6.090000000000000000e+02	1.175522318171630110e+00	6.308496694991034559e+01
6.100000000000000000e+02	7.928517655974307576e-01	6.312631347995910858e+01
6.110000000000000000e+02	8.935019315974388476e-01	6.358012320807992523e+01
6.120000000000000000e+02	1.894525746204675176e+00	6.296831911892977729e+01
6.130000000000000000e+02	8.732285339549696879e-01	6.348871486333646885e+01
6.140000000000000000e+02	8.496494009580694007e-01	6.338240167618636178e+01
6.150000000000000000e+02	7.746560866816005753e-01	6.304427311748453633e+01
6.160000000000000000e+02	9.660233025570670318e-01	6.390710631149710252e+01
6.170000000000000000e+02	8.589611098675012935e-01	6.342438614830864196e+01
6.180000000000000000e+02	8.291632087653291183e-01	6.329003388705407929e+01
6.190000000000000000e+02	1.116327269747000583e+00	6.290703520937929483e+01
6.200000000000000000e+02	1.124897178487027860e+00	6.293279511360923806e+01
6.210000000000000000e+02	7.850505473059509187e-01	6.309113948181719422e+01
6.220000000000000000e+02	1.154607310057389480e+00	6.302209946528066808e+01
6.230000000000000000e+02	7.970679907154027966e-01	6.314532352286835248e+01
6.240000000000000000e+02	8.815810629765516993e-01	6.352637460176556772e+01
6.250000000000000000e+02	1.296024897932795295e+00	6.344718024858995165e+01
6.260000000000000000e+02	1.255824831779799311e+00	6.332634467314189664e+01
6.270000000000000000e+02	8.167186711995180204e-01	6.323392417125560883e+01
6.280000000000000000e+02	1.531484298057017801e+00	6.415493709656080057e+01
6.290000000000000000e+02	7.854996103757925230e-01	6.309316420962175442e+01
6.300000000000000000e+02	8.466682723404717059e-01	6.336896041502197363e+01
6.310000000000000000e+02	7.766747424102400377e-01	6.305337479752928687e+01
6.320000000000000000e+02	9.710209364903270579e-01	6.392963955696139067e+01
6.330000000000000000e+02	1.321521499709337188e+00	6.352381934007583908e+01
6.340000000000000000e+02	8.728988224245375349e-01	6.348722826568909738e+01
6.350000000000000000e+02	1.312632289295158738e+00	6.251070403305512713e+01
6.360000000000000000e+02	8.623493250939271437e-01	6.343966287453598341e+01
6.370000000000000000e+02	8.452703252422297808e-01	6.336265737531729769e+01
6.380000000000000000e+02	1.074581437215726964e+00	6.278155328411886416e+01
6.390000000000000000e+02	1.263055357471842388e+00	6.334807858595350893e+01
6.400000000000000000e+02	8.741137953874557054e-01	6.349270631477622828e+01
6.410000000000000000e+02	1.163824436978271759e+00	6.304980481360581734e+01
6.420000000000000000e+02	8.976197157881055100e-01	6.359868940223827849e+01
6.430000000000000000e+02	1.065897983290618134e+00	6.275545207951079618e+01
6.440000000000000000e+02	1.252465437074026688e+00	6.331624681930045284e+01
6.450000000000000000e+02	8.710930371432274999e-01	6.347908637223652306e+01
6.460000000000000000e+02	1.094805830172030703e+00	6.284234487962672944e+01
6.470000000000000000e+02	1.292049503099137908e+00	6.343523078759827172e+01
6.480000000000000000e+02	7.844501137852466499e-01	6.308843225754112893e+01
6.490000000000000000e+02	7.658693302508974288e-01	6.300465554202141050e+01
6.500000000000000000e+02	8.794049808799258017e-01	6.351656312043489550e+01
6.510000000000000000e+02	1.349849584861638974e+00	6.360896946041873434e+01
6.520000000000000000e+02	7.239858960984320024e-01	6.281581223832040450e+01
6.530000000000000000e+02	1.140920815341596839e+00	6.298095984479956400e+01
6.540000000000000000e+02	1.180663636548211048e+00	6.310042100817560140e+01
6.550000000000000000e+02	8.392380559421123154e-01	6.333545918380077921e+01
6.560000000000000000e+02	1.437224033877819274e+00	6.279158258488558886e+01
6.570000000000000000e+02	1.228063199618776302e+00	6.324289722843403894e+01
6.580000000000000000e+02	1.060878435608181514e+00	6.274036404631235087e+01
6.590000000000000000e+02	1.238445233998397343e+00	6.327410411983089489e+01
6.600000000000000000e+02	1.207792183613701553e+00	6.318196549079541313e+01
6.610000000000000000e+02	7.984428542583064115e-01	6.315152248383785860e+01
6.620000000000000000e+02	1.142778937727999988e+00	6.298654509152427039e+01
6.630000000000000000e+02	1.219714768329206667e+00	6.321780305333680161e+01
6.640000000000000000e+02	1.183412769023626243e+00	6.310868450215556891e+01
6.650000000000000000e+02	8.321827944906519114e-01	6.330364854296082200e+01
6.660000000000000000e+02	8.042880970709066490e-01	6.317787741356133324e+01
6.670000000000000000e+02	8.683480919387780439e-01	6.346671001076148855e+01
6.680000000000000000e+02	7.844610299009355803e-01	6.308848147593479183e+01
6.690000000000000000e+02	7.780161229951212398e-01	6.305942279111661719e+01
6.700000000000000000e+02	1.824636463836030842e+00	6.284227288377395837e+01
6.710000000000000000e+02	1.224545170272030248e+00	6.323232254184174650e+01
6.720000000000000000e+02	7.527177212745426171e-01	6.294535779487303273e+01
6.730000000000000000e+02	1.054969398975712735e+00	6.272260233818204966e+01
6.740000000000000000e+02	1.345782761299465058e+00	6.359674517791356152e+01
6.750000000000000000e+02	1.416079252714315784e+00	6.380804624791091584e+01
6.760000000000000000e+02	1.445836822981306113e+00	6.389749319343241751e+01
6.770000000000000000e+02	7.734962760679391369e-01	6.303904378344391546e+01
6.780000000000000000e+02	8.915949303584075336e-01	6.357152495386729640e+01
6.790000000000000000e+02	8.512642917614032800e-01	6.338968286791739359e+01
6.800000000000000000e+02	8.606186798139285887e-01	6.343185977102207573e+01
6.810000000000000000e+02	1.251247265501159500e+00	6.331258517201754898e+01
6.820000000000000000e+02	1.387925815461648060e+00	6.372342109385471787e+01
6.830000000000000000e+02	1.462104361718284729e+00	6.284767258086650088e+01
6.840000000000000000e+02	1.008286797264338341e+00	6.258228119990985761e+01
6.850000000000000000e+02	1.350601671539413795e+00	6.259630188012265961e+01
6.860000000000000000e+02	2.612982314500624348e+00	6.347864030794924162e+01
6.870000000000000000e+02	8.690590653444582037e-01	6.346991563535959813e+01
6.880000000000000000e+02	7.707565520936257020e-01	6.302669096336104815e+01
6.890000000000000000e+02	8.900103602878508546e-01	6.356438047173193695e+01
6.900000000000000000e+02	1.119099517475829586e+00	6.291536818446254387e+01
6.910000000000000000e+02	7.929840829221246334e-01	6.312691007002479182e+01
6.920000000000000000e+02	1.415512052702488033e+00	6.274263528223463737e+01
6.930000000000000000e+02	9.011112659001232483e-01	6.361443204301101417e+01
6.940000000000000000e+02	1.054094157440431001e+00	6.271997148891506413e+01
6.950000000000000000e+02	1.286725514998084297e+00	6.341922765060289890e+01
6.960000000000000000e+02	8.097967735389933752e-01	6.320271483877022689e+01
6.970000000000000000e+02	8.703821124365516138e-01	6.347588096721165130e+01
6.980000000000000000e+02	7.937524138000819907e-01	6.313037430700212838e+01
6.990000000000000000e+02	7.977529462474096666e-01	6.314841183852751527e+01
7.000000000000000000e+02	6.793236767729061709e-01	6.261443999607901389e+01
7.010000000000000000e+02	1.233401628375896397e+00	6.325894377194966722e+01
7.020000000000000000e+02	1.106774062876016540e+00	6.287831965340890150e+01
7.030000000000000000e+02	7.786295253683411799e-01	6.306218848913066211e+01
7.040000000000000000e+02	8.982318223281018366e-01	6.360144925762187995e+01
7.050000000000000000e+02	7.694365627994235179e-01	6.302073941845525695e+01
7.060000000000000000e+02	1.700634040148498061e+00	6.338541182571361077e+01
7.070000000000000000e+02	1.516060816892772278e+00	6.296931154693186272e+01
7.080000000000000000e+02	8.529584005511401390e-01	6.339732123633575611e+01
7.090000000000000000e+02	7.314386526328697791e-01	6.284941509811740445e+01
7.100000000000000000e+02	9.434975849729010378e-01	6.380554274554535255e+01
7.110000000000000000e+02	8.774450916692710933e-01	6.350772640585029905e+01
7.120000000000000000e+02	1.134791579944942175e+00	6.296253625108226970e+01
7.130000000000000000e+02	8.088558201729852959e-01	6.319847228450358045e+01
7.140000000000000000e+02	1.137415126942860510e+00	6.297042225330927323e+01
7.150000000000000000e+02	8.330386892239498575e-01	6.330750758633505626e+01
7.160000000000000000e+02	8.706642726791573583e-01	6.347715316643467531e+01
7.170000000000000000e+02	6.805480717366876320e-01	6.261996052692072823e+01
7.180000000000000000e+02	8.540366496212493663e-01	6.340218282709908237e+01
7.190000000000000000e+02	1.087353847947345242e+00	6.281994530055834502e+01
7.200000000000000000e+02	1.773658162068032951e+00	6.275033284955526369e+01
7.210000000000000000e+02	7.520523519544668467e-01	6.294235778918756097e+01
7.220000000000000000e+02	8.752756210235335121e-01	6.349794473411507312e+01
7.230000000000000000e+02	1.169420744939811518e+00	6.306662650465337805e+01
7.240000000000000000e+02	1.067346065036112845e+00	6.275980480346768786e+01
7.250000000000000000e+02	1.326927515004457492e+00	6.354006903893406388e+01
7.260000000000000000e+02	7.048258364343475968e-01	6.272942369260319140e+01
7.270000000000000000e+02	7.689916050865663877e-01	6.301873320081328700e+01
7.280000000000000000e+02	2.051729361946210695e+00	6.417691808378326357e+01
7.290000000000000000e+02	1.480406690437394257e+00	6.288893319249826419e+01
7.300000000000000000e+02	1.356226722584496613e+00	6.362813821261730851e+01
7.310000000000000000e+02	1.626247907002760229e+00	6.321771637025443624e+01
7.320000000000000000e+02	1.065746629373244714e+00	6.275499713156040116e+01
7.330000000000000000e+02	1.372208836484747785e+00	6.264501288597089257e+01
7.340000000000000000e+02	1.857904405427541983e+00	6.373996077751930045e+01
7.350000000000000000e+02	1.057877021864477296e+00	6.273134223138552557e+01
7.360000000000000000e+02	1.061602237698283435e+00	6.274253969054475277e+01
7.370000000000000000e+02	7.158645556808463928e-01	6.277919487907152529e+01
7.380000000000000000e+02	1.065034351087929210e+00	6.275285612621583908e+01
7.390000000000000000e+02	8.428257470069410173e-01	6.335163530323918479e+01
7.400000000000000000e+02	8.241831556888987720e-01	6.326757990985306890e+01
7.410000000000000000e+02	3.036591190337567525e+00	6.502804908975994636e+01
7.420000000000000000e+02	1.215539197356595214e+00	6.320525189186906800e+01
7.430000000000000000e+02	1.298458664183856914e+00	6.345449579738366452e+01
7.440000000000000000e+02	1.770056128936406514e+00	6.354191638248909157e+01
7.450000000000000000e+02	8.458758035712365952e-01	6.336538734553781183e+01
7.460000000000000000e+02	2.143125574388584642e+00	6.341667216164214693e+01
7.470000000000000000e+02	9.575630116211848453e-01	6.386896069801211695e+01
7.480000000000000000e+02	1.294109608622944219e+00	6.344142316637461221e+01
7.490000000000000000e+02	1.382654466422244210e+00	6.266856142379438666e+01
7.500000000000000000e+02	1.222998961741649460e+00	6.322767486298420181e+01
7.510000000000000000e+02	2.759142889168373802e+00	6.369830906521669789e+01
7.520000000000000000e+02	1.435256936433631392e+00	6.278714797741393028e+01
7.530000000000000000e+02	1.105349747663579185e+00	6.287403836820755032e+01
7.540000000000000000e+02	1.072690348388991133e+00	6.277586894505006399e+01
7.550000000000000000e+02	1.176389011399166185e+00	6.308757210420255745e+01
7.560000000000000000e+02	9.905230790961614407e-01	6.401757048033142894e+01
7.570000000000000000e+02	1.033941370702761375e+00	6.421333412278244168e+01
7.580000000000000000e+02	8.491455873695549217e-01	6.338013009018990118e+01
7.590000000000000000e+02	8.372165691032675827e-01	6.332634473889528692e+01
7.600000000000000000e+02	1.068788507540392452e+00	6.276414057668239366e+01
7.610000000000000000e+02	2.383659770952492263e+00	6.492521912814595453e+01
7.620000000000000000e+02	7.960966202596776453e-01	6.314094382455353127e+01
7.630000000000000000e+02	7.679921300661407546e-01	6.301422678512309261e+01
7.640000000000000000e+02	8.281774768127494468e-01	6.328558943587056262e+01
7.650000000000000000e+02	1.082701752072975809e+00	6.280596177426563287e+01
7.660000000000000000e+02	1.699267035290689787e+00	6.261616747910797898e+01
7.670000000000000000e+02	1.177488015839333269e+00	6.309087555234719957e+01
7.680000000000000000e+02	1.382362359132733864e+00	6.370669815005592085e+01
7.690000000000000000e+02	1.198606798367479964e+00	6.315435555334617135e+01
7.700000000000000000e+02	1.789714030700642722e+00	6.277928981870286407e+01
7.710000000000000000e+02	1.114469518135627224e+00	6.290145107715061812e+01
7.720000000000000000e+02	1.836778337453476073e+00	6.286417091170253713e+01
7.730000000000000000e+02	2.214318381522129009e+00	6.354506932076626669e+01
7.740000000000000000e+02	2.223617840981230387e+00	6.456442198485966344e+01
7.750000000000000000e+02	2.728144681647209246e+00	6.447176177574371536e+01
7.760000000000000000e+02	7.711788283152729573e-01	6.302859491508763767e+01
7.770000000000000000e+02	1.911696627645302904e+00	6.386122949822689776e+01
7.780000000000000000e+02	1.026021535473508717e+00	6.263558925390085363e+01
7.790000000000000000e+02	1.634767404190767826e+00	6.323692265105984944e+01
7.800000000000000000e+02	2.097482645690799785e+00	6.270388164353752103e+01
7.810000000000000000e+02	2.283900904861864589e+00	6.367056231199993732e+01
7.820000000000000000e+02	1.749259642139109339e+00	6.270632979964277354e+01
7.830000000000000000e+02	8.299798586442259651e-01	6.329371598390737574e+01
7.840000000000000000e+02	8.909758199553655666e-01	6.356873351958708440e+01
7.850000000000000000e+02	9.189659107526609860e-01	6.369493475699783147e+01
7.860000000000000000e+02	1.019341789506756468e+00	6.261551090515715856e+01
7.870000000000000000e+02	1.039057070657923632e+00	6.267477218432906483e+01
7.880000000000000000e+02	1.306111023857944531e+00	6.347749768203815535e+01
7.890000000000000000e+02	8.084941284002307160e-01	6.319684149489258118e+01
7.900000000000000000e+02	1.362422186089606191e+00	6.364676087843477603e+01
7.910000000000000000e+02	9.423656181581439029e-01	6.380043895314379654e+01
7.920000000000000000e+02	1.054372258007160390e+00	6.272080741893281441e+01
7.930000000000000000e+02	1.202321079866833786e+00	6.316552014547998084e+01
7.940000000000000000e+02	8.508092233872549537e-01	6.338763106350060639e+01
7.950000000000000000e+02	1.982271144729931267e+00	6.312656909319647269e+01
7.960000000000000000e+02	1.461112651612413105e+00	6.394341012143100755e+01
7.970000000000000000e+02	1.305969796878424738e+00	6.347707317419595796e+01
7.980000000000000000e+02	7.396855439527350029e-01	6.288659853910358777e+01
7.990000000000000000e+02	8.060263332510085865e-01	6.318571474279436728e+01
8.000000000000000000e+02	1.114476427284246451e+00	6.290147184505050859e+01
8.010000000000000000e+02	1.179892661648835883e+00	6.309810356931200204e+01
8.020000000000000000e+02	1.200806883569960792e+00	6.316096869075905573e+01
8.030000000000000000e+02	1.151292149393176700e+00	6.301213457256039163e+01
8.040000000000000000e+02	1.420592789939536971e+00	6.382161328697598179e+01
8.050000000000000000e+02	1.124403800998508451e+00	6.293131209234973511e+01
8.060000000000000000e+02	1.390200106046665995e+00	6.373025728189806927e+01
8.070000000000000000e+02	9.050172094254201882e-01	6.363204309364027722e+01
8.080000000000000000e+02	1.466072259296495872e+00	6.395831798367735388e+01
8.090000000000000000e+02	1.187103605197115552e+00	6.311977862103614001e+01
8.100000000000000000e+02	1.329903945993132552e+00	6.354901575931828717e+01
8.110000000000000000e+02	8.568893892247133603e-01	6.341504521009652251e+01
8.120000000000000000e+02	2.685902066123703413e+00	6.358823341303730103e+01
8.130000000000000000e+02	1.092413054476767620e+00	6.283515254250582416e+01
8.140000000000000000e+02	1.173588883767683777e+00	6.307915532617064258e+01
8.150000000000000000e+02	1.098979016599378689e+00	6.285488887349683296e+01
8.160000000000000000e+02	1.359318345283555329e+00	6.363743118259619536e+01
8.170000000000000000e+02	7.955931420147144273e-01	6.313867375054827136e+01
8.180000000000000000e+02	8.738957735687964412e-01	6.349172330177006529e+01
8.190000000000000000e+02	1.355952770786149397e+00	6.362731475319631613e+01
8.200000000000000000e+02	1.545224695570092788e+00	6.303505834288599630e+01
8.210000000000000000e+02	2.368885158027012494e+00	6.311177996180619942e+01
8.220000000000000000e+02	8.689050983465043121e-01	6.346922143162146313e+01
8.230000000000000000e+02	1.341541289266727111e+00	6.358399592740556017e+01
8.240000000000000000e+02	7.933763041657846404e-01	6.312867851038631528e+01
8.250000000000000000e+02	1.447754260862984088e+00	6.281532183756197441e+01
8.260000000000000000e+02	1.392677267183616951e+00	6.373770326943255782e+01
8.270000000000000000e+02	8.267852129811831263e-01	6.327931202078040229e+01
8.280000000000000000e+02	9.646597834786272418e-01	6.390095850025281266e+01
8.290000000000000000e+02	1.059727871539820843e+00	6.273690561739432070e+01
8.300000000000000000e+02	9.593219365177237945e-01	6.387689130817210525e+01
8.310000000000000000e+02	1.297866943345337809e+00	6.345271717026015068e+01
8.320000000000000000e+02	9.581208795135895961e-01	6.387147600311931228e+01
8.330000000000000000e+02	1.202212593639659488e+00	6.316519405159649381e+01
8.340000000000000000e+02	1.106600268833441758e+00	6.287779725369284733e+01
8.350000000000000000e+02	1.058669662937300027e+00	6.273372479562792847e+01
8.360000000000000000e+02	7.408652684476993988e-01	6.289191766050788601e+01
8.370000000000000000e+02	7.060926470142873113e-01	6.273513546624162984e+01
8.380000000000000000e+02	1.784480758427426039e+00	6.357443514250564931e+01
8.390000000000000000e+02	1.320084887996742840e+00	6.351950109337629868e+01
8.400000000000000000e+02	7.653089986622620966e-01	6.300212912864325432e+01
8.410000000000000000e+02	9.426407435947189439e-01	6.380167943395503016e+01
8.420000000000000000e+02	1.098108308355666640e+00	6.285227165064759447e+01
8.430000000000000000e+02	1.176204927704962655e+00	6.308701877528427104e+01
8.440000000000000000e+02	8.020778060493098938e-01	6.316791169162125641e+01
8.450000000000000000e+02	1.086944741472710696e+00	6.281871558575901560e+01
8.460000000000000000e+02	9.739096708207165554e-01	6.394266423236121000e+01
8.470000000000000000e+02	1.118655794840017981e+00	6.459529305353707684e+01
8.480000000000000000e+02	1.190615419888770399e+00	6.313033462727548084e+01
8.490000000000000000e+02	7.461450269367426724e-01	6.291572294429109036e+01
8.500000000000000000e+02	9.286988684870635113e-01	6.373881854853831896e+01
8.510000000000000000e+02	7.827480900641943240e-01	6.308075820241730014e+01
8.520000000000000000e+02	1.208950152995745375e+00	6.318544617901363125e+01
8.530000000000000000e+02	8.816545592031590495e-01	6.352670598028127813e+01
8.540000000000000000e+02	1.164816503819060545e+00	6.305278682281777947e+01
8.550000000000000000e+02	1.543841826580192977e+00	6.303194081499074031e+01
8.560000000000000000e+02	9.588085113855393526e-01	6.387457638581373232e+01
8.570000000000000000e+02	8.673496882172552214e-01	6.346220842532527229e+01
8.580000000000000000e+02	1.522245920158067811e+00	6.412716787087401826e+01
8.590000000000000000e+02	9.262776781937633874e-01	6.372790192760864159e+01
8.600000000000000000e+02	1.397211529013383080e+00	6.270137873984691623e+01
8.610000000000000000e+02	8.536028658557044402e-01	6.340022699035753817e+01
8.620000000000000000e+02	7.418555806581531575e-01	6.289638276307891118e+01
8.630000000000000000e+02	1.109688192993122824e+00	6.288707910639814003e+01
8.640000000000000000e+02	1.188543699328665770e+00	6.312410733538260388e+01
8.650000000000000000e+02	6.996707743856026562e-01	6.270618063797388686e+01
8.660000000000000000e+02	1.254254621319908169e+00	6.332162484796117496e+01
8.670000000000000000e+02	1.072728868347557984e+00	6.277598473046548833e+01
8.680000000000000000e+02	9.247642235152579993e-01	6.372107808932331352e+01
8.690000000000000000e+02	1.550421772445044422e+00	6.304677458806160928e+01
8.700000000000000000e+02	1.281964938507150320e+00	6.340491804729136760e+01
8.710000000000000000e+02	7.556551418922968777e-01	6.295860198616347958e+01
8.720000000000000000e+02	8.577183232806172564e-01	6.341878269363469656e+01
8.730000000000000000e+02	1.085745487028590972e+00	6.281511080062477959e+01
8.740000000000000000e+02	7.655407197362898986e-01	6.300317390861514610e+01
8.750000000000000000e+02	1.194715687356759481e+00	6.314265943731682995e+01
8.760000000000000000e+02	7.940989861366571922e-01	6.313193692636070864e+01
8.770000000000000000e+02	7.939337688202929844e-01	6.313119199738144971e+01
8.780000000000000000e+02	8.079335982140111172e-01	6.319431418608107265e+01
8.790000000000000000e+02	1.107404777646371130e+00	6.288021549064284699e+01
8.800000000000000000e+02	1.110274197771798033e+00	6.288884055187380540e+01
8.810000000000000000e+02	1.278630247345065030e+00	6.339489444872368296e+01
8.820000000000000000e+02	1.328610002343427077e+00	6.354512635214879168e+01
8.830000000000000000e+02	1.280394091669515566e+00	6.340019630925133498e+01
8.840000000000000000e+02	8.732612299445496884e-01	6.348886228244894170e+01
8.850000000000000000e+02	1.240144248483949774e+00	6.327921111125411358e+01
8.860000000000000000e+02	1.202805064107666411e+00	6.316697493199765034e+01
8.870000000000000000e+02	1.102157856306757333e+00	6.286444400516841569e+01
8.880000000000000000e+02	8.075788433940174205e-01	6.319271467368274386e+01
8.890000000000000000e+02	7.772616256977002980e-01	6.305602092674800474e+01
8.900000000000000000e+02	1.245760275845799292e+00	6.329609207596244147e+01
8.910000000000000000e+02	1.571796251225139995e+00	6.309496102823061392e+01
8.920000000000000000e+02	1.288554213374823121e+00	6.342472445301692829e+01
8.930000000000000000e+02	1.115670016345833293e+00	6.290505960086554182e+01
8.940000000000000000e+02	1.166573344454565619e+00	6.305806763127102244e+01
8.950000000000000000e+02	9.685476730303665960e-01	6.391848814943828216e+01
8.960000000000000000e+02	7.083711318734184914e-01	6.274540865937724021e+01
8.970000000000000000e+02	1.419034070367313438e+00	6.381692800173902214e+01
8.980000000000000000e+02	9.298929074632329428e-01	6.374420221082796445e+01
8.990000000000000000e+02	7.152041361278211884e-01	6.277621719081015073e+01
9.000000000000000000e+02	1.560736816568616403e+00	6.307002873435517643e+01
9.010000000000000000e+02	1.083023905272576304e+00	6.280693012011631282e+01
9.020000000000000000e+02	9.182854382682505978e-01	6.369186665442614981e+01
9.030000000000000000e+02	8.277592839803845637e-01	6.328370389525895945e+01
9.040000000000000000e+02	1.136623914272790081e+00	6.296804398263862623e+01
9.050000000000000000e+02	1.208273479540085127e+00	6.318341219662926989e+01
9.060000000000000000e+02	9.633709079567031042e-01	6.389514724058548722e+01
9.070000000000000000e+02	1.430769838884065503e+00	6.277703230349134600e+01
9.080000000000000000e+02	1.306567700556085843e+00	6.249703207663310423e+01
9.090000000000000000e+02	1.218615369444062901e+00	6.321449841954770221e+01
9.100000000000000000e+02	8.659039249096081026e-01	6.345568979272240995e+01
9.110000000000000000e+02	8.391442647638236441e-01	6.333503629975785287e+01
9.120000000000000000e+02	1.416268881025547266e+00	6.380861624314479741e+01
9.130000000000000000e+02	8.253659671742925585e-01	6.327291294982644843e+01
9.140000000000000000e+02	2.726685805489107217e+00	6.446913067350520521e+01
9.150000000000000000e+02	1.142701289647705565e+00	6.298631169264305640e+01
9.160000000000000000e+02	1.183679045811158792e+00	6.310948489160585950e+01
9.170000000000000000e+02	1.310225573605865668e+00	6.250527835401242527e+01
9.180000000000000000e+02	1.436545275340864070e+00	6.386956414720490471e+01
9.190000000000000000e+02	1.028237266065380684e+00	6.264224941908783961e+01
9.200000000000000000e+02	8.513024894308760526e-01	6.338985509290904474e+01
9.210000000000000000e+02	1.145659542654855478e+00	6.299520377264808957e+01
9.220000000000000000e+02	1.116871392927728968e+00	6.290867076483851861e+01
9.230000000000000000e+02	1.287611621482371183e+00	6.342189115833269852e+01
9.240000000000000000e+02	1.149746041504521532e+00	6.300748719621729066e+01
9.250000000000000000e+02	8.649105672804244804e-01	6.345121095902007369e+01
9.260000000000000000e+02	8.008193026850192187e-01	6.316223737341309885e+01
9.270000000000000000e+02	1.053586353249345020e+00	6.271844510307749943e+01
9.280000000000000000e+02	7.013235353080348178e-01	6.271363257784309297e+01
9.290000000000000000e+02	8.309348782753188667e-01	6.329802195990681923e+01
9.300000000000000000e+02	1.236045935234407978e+00	6.326689217531033904e+01
9.310000000000000000e+02	8.427118542393190470e-01	6.335112178549784545e+01
9.320000000000000000e+02	9.799406051929463457e-01	6.249707665279115076e+01
9.330000000000000000e+02	7.578530915886637631e-01	6.296851206374975618e+01
9.340000000000000000e+02	8.108571250147769138e-01	6.320749573316972203e+01
9.350000000000000000e+02	1.101487662060031347e+00	6.286242949834753091e+01
9.360000000000000000e+02	1.736135671374951617e+00	6.268266054666073472e+01
9.370000000000000000e+02	1.217930344008256949e+00	6.321243933232090484e+01
9.380000000000000000e+02	9.682572827025109907e-01	6.391717884254917692e+01
9.390000000000000000e+02	8.765748086868685451e-01	6.350380248898729008e+01
9.400000000000000000e+02	8.211960016867299039e-01	6.325411148153891361e+01
9.410000000000000000e+02	8.466222103025450307e-01	6.336875273130183217e+01
9.420000000000000000e+02	8.797274184443646394e-01	6.351801692135016708e+01
9.430000000000000000e+02	7.970126621904899400e-01	6.314507405857190747e+01
9.440000000000000000e+02	8.380339545742691021e-01	6.333003015237353850e+01
9.450000000000000000e+02	8.599260268539161700e-01	6.342873674933262862e+01
9.460000000000000000e+02	1.141708441128578277e+00	6.298332733381923987e+01
9.470000000000000000e+02	8.076466881768877837e-01	6.319302057106664705e+01
9.480000000000000000e+02	1.240474314256195365e+00	6.328020324115194484e+01
9.490000000000000000e+02	8.318556870992346308e-01	6.330217368681040568e+01
9.500000000000000000e+02	1.065938489590636751e+00	6.275557383558088986e+01
9.510000000000000000e+02	8.521890513974897940e-01	6.339385240817458111e+01
9.520000000000000000e+02	1.180082989469847909e+00	6.309867566717095855e+01
9.530000000000000000e+02	7.851073559871786234e-01	6.309139561981683642e+01
9.540000000000000000e+02	8.785675786344835370e-01	6.351278745567014994e+01
9.550000000000000000e+02	1.203753053745256096e+00	6.316982445152185477e+01
9.560000000000000000e+02	7.202465022681534546e-01	6.279895212407623006e+01
9.570000000000000000e+02	1.355509368295888306e+00	6.362598194954216524e+01
9.580000000000000000e+02	1.152517133128544202e+00	6.301581669621695170e+01
9.590000000000000000e+02	1.072901659699075472e+00	6.277650411623747573e+01
9.600000000000000000e+02	8.036623634112249892e-01	6.317505611645610486e+01
9.610000000000000000e+02	1.116079960723173725e+00	6.290629183427901694e+01
9.620000000000000000e+02	8.378440204606836250e-01	6.332917378072635017e+01
9.630000000000000000e+02	1.150944909387394688e+00	6.301109081940442280e+01
9.640000000000000000e+02	7.644977260267402652e-01	6.299847127661190882e+01
9.650000000000000000e+02	9.468382874311924713e-01	6.382060524702527005e+01
9.660000000000000000e+02	1.159857147764621788e+00	6.303787971693369485e+01
9.670000000000000000e+02	1.461992734861371712e+00	6.284742093024534881e+01
9.680000000000000000e+02	8.073876525832027751e-01	6.319185263586082613e+01
9.690000000000000000e+02	8.579798417247103126e-01	6.341996182347351407e+01
9.700000000000000000e+02	8.284506395132209544e-01	6.328682106713119992e+01
9.710000000000000000e+02	1.370374581658467150e+00	6.367066462752554656e+01
9.720000000000000000e+02	8.704147714320225049e-01	6.347602821952571617e+01
9.730000000000000000e+02	8.665915879638244057e-01	6.345879031601089082e+01
9.740000000000000000e+02	1.227104530953257111e+00	6.324001560929885812e+01
9.750000000000000000e+02	8.694337025764387050e-01	6.347160479323330406e+01
9.760000000000000000e+02	6.886850574628227140e-01	6.265664842746626562e+01
9.770000000000000000e+02	8.511736626881547529e-01	6.338927424111899711e+01
9.780000000000000000e+02	1.123985752337510302e+00	6.293005549863357828e+01
9.790000000000000000e+02	1.218515372175272837e+00	6.321419784224338656e+01
9.800000000000000000e+02	1.263670641742763667e+00	6.334992804134140698e+01
9.810000000000000000e+02	7.953981159191956252e-01	6.313779442026098820e+01
9.820000000000000000e+02	2.113447715782783121e+00	6.336314775535311128e+01
9.830000000000000000e+02	7.067107155067632318e-01	6.273792220277348974e+01
9.840000000000000000e+02	1.196401385246609994e+00	6.314772640098242817e+01
9.850000000000000000e+02	9.561014907434945975e-01	6.386237101794991844e+01
9.860000000000000000e+02	1.529895102891812630e+00	6.300049944168392813e+01
9.870000000000000000e+02	7.594551395632707091e-01	6.297573534995667899e+01
9.880000000000000000e+02	1.187622434478450728e+00	6.312133814669788734e+01
9.890000000000000000e+02	1.012118829435854295e+00	6.411494102605134060e+01
9.900000000000000000e+02	8.006786279373213633e-01	6.316160310154307922e+01
9.910000000000000000e+02	9.294744570129240824e-01	6.374231550867303042e+01
9.920000000000000000e+02	1.366262405866739416e+00	6.263160730419545530e+01
9.930000000000000000e+02	8.014464453973304536e-01	6.316506502363046138e+01
9.940000000000000000e+02	9.826167104931037288e-01	6.398192238228281781e+01
9.950000000000000000e+02	1.173976364696008634e+00	6.308032003771044316e+01
9.960000000000000000e+02	1.693311325100230524e+00	6.336890356021725523e+01
9.970000000000000000e+02	9.481984033294329484e-01	6.382673771406952312e+01
9.980000000000000000e+02	8.820057433195547247e-01	6.352828939315295997e+01
9.990000000000000000e+02	1.442868320173148255e+00	6.280430701511215830e+01
