0.000000000000000000e+00	1.211338829793801031e+00	7.047484428949479707e+01
1.000000000000000000e+00	1.082489198564735133e+00	6.931293431079640754e+01
2.000000000000000000e+00	6.034866013871820201e-01	6.499349705533691690e+01
3.000000000000000000e+00	6.510594134285545564e-01	6.542248800004009013e+01
4.000000000000000000e+00	9.108164977862798217e-01	6.776486450103513448e+01
5.000000000000000000e+00	7.259120784934480763e-01	6.609747680397738634e+01
6.000000000000000000e+00	6.336079211775789144e-01	6.526511802702449927e+01
7.000000000000000000e+00	1.031247877364380061e+00	6.885086234476541733e+01
8.000000000000000000e+00	7.731212078860354442e-01	6.652318821660374226e+01
9.000000000000000000e+00	1.058632895649824546e+00	6.909780853862862671e+01
1.000000000000000000e+01	8.114267314610721371e-01	6.686861078131389036e+01
1.100000000000000000e+01	7.427729910179505790e-01	6.624952118567493642e+01
1.200000000000000000e+01	1.200743383131914532e+00	7.037929915608788178e+01
1.300000000000000000e+01	1.034553618793502050e+00	6.888067208435765565e+01
1.400000000000000000e+01	1.001700515255839141e+00	6.858441707402114673e+01
1.500000000000000000e+01	7.710765304813802512e-01	6.650475020434846840e+01
1.600000000000000000e+01	8.889140817592207089e-01	6.756735803169800647e+01
1.700000000000000000e+01	7.984896304127073741e-01	6.675194962629048234e+01
1.800000000000000000e+01	9.600050376747577552e-01	6.820842537729734545e+01
1.900000000000000000e+01	7.858152399896909390e-01	6.663765748151715229e+01
2.000000000000000000e+01	8.012604718802995851e-01	6.677693587048750601e+01
2.100000000000000000e+01	1.062627885986715315e+00	6.913383362533598131e+01
2.200000000000000000e+01	9.979222438825416930e-01	6.855034626474532899e+01
2.300000000000000000e+01	8.551095094894334281e-01	6.726252308982634531e+01
2.400000000000000000e+01	7.584627765655038711e-01	6.639100485324500767e+01
2.500000000000000000e+01	9.994531347586639303e-01	6.856415117336864284e+01
2.600000000000000000e+01	9.136851141117019459e-01	6.779073243640888791e+01
2.700000000000000000e+01	9.823587350289904041e-01	6.841000130552419023e+01
2.800000000000000000e+01	8.110453172045810621e-01	6.686517135330461770e+01
2.900000000000000000e+01	1.086568325659575285e+00	6.934971810622262467e+01
3.000000000000000000e+01	7.508820227526114000e-01	6.632264490981918925e+01
3.100000000000000000e+01	1.059314451779574950e+00	6.910395451561471702e+01
3.200000000000000000e+01	7.861192683715090279e-01	6.664039907733913992e+01
3.300000000000000000e+01	8.802193877804354027e-01	6.748895305995446847e+01
3.400000000000000000e+01	7.565058228760268566e-01	6.637335789533007357e+01
3.500000000000000000e+01	1.027691254683820832e+00	6.881879026707619573e+01
3.600000000000000000e+01	9.322202278170075296e-01	6.795787403677728378e+01
3.700000000000000000e+01	8.125690072865694447e-01	6.687891132829575724e+01
3.800000000000000000e+01	9.975163940098525917e-01	6.854668648696845423e+01
3.900000000000000000e+01	9.827367788399679061e-01	6.841341034032056712e+01
4.000000000000000000e+01	9.863399517958637563e-01	6.844590218816287575e+01
4.100000000000000000e+01	1.458370273791931071e+00	7.270246649606073674e+01
4.200000000000000000e+01	5.996179247018074143e-01	6.495861101024530626e+01
4.300000000000000000e+01	7.634056820030852286e-01	6.643557782638357878e+01
4.400000000000000000e+01	9.837835507984640238e-01	6.842284967493407066e+01
4.500000000000000000e+01	9.758185511290116132e-01	6.835102476936012295e+01
4.600000000000000000e+01	8.240079371252297946e-01	6.698206262642824527e+01
4.700000000000000000e+01	1.082194223943914402e+00	6.931027435785649971e+01
4.800000000000000000e+01	1.077521293125093260e+00	6.926813589850380026e+01
4.900000000000000000e+01	7.870746368643388724e-01	6.664901417522156635e+01
5.000000000000000000e+01	8.282976344738897101e-01	6.702074525289337714e+01
5.100000000000000000e+01	1.875156314194330376e+00	7.646086188071511458e+01
5.200000000000000000e+01	1.412083492950817920e+00	7.228507242183553672e+01
5.300000000000000000e+01	1.173424172108253005e+00	7.013294638351278820e+01
5.400000000000000000e+01	7.409294186940231786e-01	6.623289665164102757e+01
5.500000000000000000e+01	7.516721307088090054e-01	6.632976976000152547e+01
5.600000000000000000e+01	8.296863908588805181e-01	6.703326845444475168e+01
5.700000000000000000e+01	7.782634795554077556e-01	6.656955898777964364e+01
5.800000000000000000e+01	8.847375966200665687e-01	6.752969630373821985e+01
5.900000000000000000e+01	6.373514130643969100e-01	6.529887521000578943e+01
6.000000000000000000e+01	1.127601606959043989e+00	6.971973840465740579e+01
6.100000000000000000e+01	1.216475717284875691e+00	7.052116650849067980e+01
6.200000000000000000e+01	9.407800680479112554e-01	6.803506295602741716e+01
6.300000000000000000e+01	7.663923473994469493e-01	6.646251027697707059e+01
6.400000000000000000e+01	6.674548262546626809e-01	6.557033470775529338e+01
6.500000000000000000e+01	9.547974398264933438e-01	6.816146552302977568e+01
6.600000000000000000e+01	8.110019148603533345e-01	6.686477996982624461e+01
6.700000000000000000e+01	6.256507195806619848e-01	6.519336344107978221e+01
6.800000000000000000e+01	8.886201064300804919e-01	6.756470708993619212e+01
6.900000000000000000e+01	6.262483173385331447e-01	6.519875231795505499e+01
7.000000000000000000e+01	8.302047718698055689e-01	6.703794298912224292e+01
7.100000000000000000e+01	8.534425744018119264e-01	6.724749139362609185e+01
7.200000000000000000e+01	9.354944117828973837e-01	6.798739920488038990e+01
7.300000000000000000e+01	7.773976863232805457e-01	6.656175164067043681e+01
7.400000000000000000e+01	1.075994320608975707e+00	6.925436632394816172e+01
7.500000000000000000e+01	1.286946818178177354e+00	7.115664427087729393e+01
7.600000000000000000e+01	7.791277866432531063e-01	6.657735293348555672e+01
7.700000000000000000e+01	1.279238524506540964e+00	7.108713422843186436e+01
7.800000000000000000e+01	9.181082089556746872e-01	6.783061798351459970e+01
7.900000000000000000e+01	7.558804855633713959e-01	6.636771887520485791e+01
8.000000000000000000e+01	6.695336007106078569e-01	6.558908019240112708e+01
8.100000000000000000e+01	8.332927710883089034e-01	6.706578922408594678e+01
8.200000000000000000e+01	9.742515088128866907e-01	6.833689386276162736e+01
8.300000000000000000e+01	8.135903121239904667e-01	6.688812101147897238e+01
8.400000000000000000e+01	5.898240014027131828e-01	6.487029366619645998e+01
8.500000000000000000e+01	9.933849196099633350e-01	6.850943064629448997e+01
8.600000000000000000e+01	7.682290228503094731e-01	6.647907261800692424e+01
8.700000000000000000e+01	1.231863811771174433e+00	7.065992965717984475e+01
8.800000000000000000e+01	7.286395949800503757e-01	6.612207236232410423e+01
8.900000000000000000e+01	9.318123166642282573e-01	6.795419567127234473e+01
9.000000000000000000e+01	8.225684150303798070e-01	6.696908164176723233e+01
9.100000000000000000e+01	7.155076787274494698e-01	6.600365444845205332e+01
9.200000000000000000e+01	7.018719696113124851e-01	6.588069354947592160e+01
9.300000000000000000e+01	6.840590478782495598e-01	6.572006436246161343e+01
9.400000000000000000e+01	6.692170013095020131e-01	6.558622523659033732e+01
9.500000000000000000e+01	9.788528225484360856e-01	6.837838651038087789e+01
9.600000000000000000e+01	7.490704169169877247e-01	6.630630863568475775e+01
9.700000000000000000e+01	1.174566161933660924e+00	7.014324435147014469e+01
9.800000000000000000e+01	8.050242855447109491e-01	6.681087630642764452e+01
9.900000000000000000e+01	7.759751663810245947e-01	6.654892397403267523e+01
1.000000000000000000e+02	9.206549212170209717e-01	6.785358312793221103e+01
1.010000000000000000e+02	7.590682478595196514e-01	6.639646473024754414e+01
1.020000000000000000e+02	6.624249190495681283e-01	6.552497719048668046e+01
1.030000000000000000e+02	7.995129860392933274e-01	6.676117780259913559e+01
1.040000000000000000e+02	7.201136092926851973e-01	6.604518872863501144e+01
1.050000000000000000e+02	8.025965655206932503e-01	6.678898418229438505e+01
1.060000000000000000e+02	1.089761990680518267e+00	6.937851718947229074e+01
1.070000000000000000e+02	6.893073296837983754e-01	6.576739108697546499e+01
1.080000000000000000e+02	6.699586536126864722e-01	6.559291313475175400e+01
1.090000000000000000e+02	6.856077105621121159e-01	6.573402952952382350e+01
1.100000000000000000e+02	7.464301132209298917e-01	6.628249952438206094e+01
1.110000000000000000e+02	1.024661474182903431e+00	6.879146902320687218e+01
1.120000000000000000e+02	8.122732929810028146e-01	6.687624470520026421e+01
1.130000000000000000e+02	6.344811850885359039e-01	6.527299274146878361e+01
1.140000000000000000e+02	7.998358957138196335e-01	6.676408966171329951e+01
1.150000000000000000e+02	8.301578668461018218e-01	6.703752002000256027e+01
1.160000000000000000e+02	8.324516269388229084e-01	6.705820415169196735e+01
1.170000000000000000e+02	1.187489962384863373e+00	7.025978556748854942e+01
1.180000000000000000e+02	7.107962998483161599e-01	6.596116928120029854e+01
1.190000000000000000e+02	7.766326672415482246e-01	6.655485303105486139e+01
1.200000000000000000e+02	8.496811906264889469e-01	6.721357286936977005e+01
1.210000000000000000e+02	7.889461051332871122e-01	6.666589026276459151e+01
1.220000000000000000e+02	7.633963429822840929e-01	6.643549361115256602e+01
1.230000000000000000e+02	1.081661595974628742e+00	6.930547135029998174e+01
1.240000000000000000e+02	6.949924196504038143e-01	6.581865675765676826e+01
1.250000000000000000e+02	8.344516085511641812e-01	6.707623911671612404e+01
1.260000000000000000e+02	7.223404205631285269e-01	6.606526914493986169e+01
1.270000000000000000e+02	7.990787645750931922e-01	6.675726218213979735e+01
1.280000000000000000e+02	9.234638916850177459e-01	6.787891320288471775e+01
1.290000000000000000e+02	6.567433361852874629e-01	6.547374314533001893e+01
1.300000000000000000e+02	9.745703404851204787e-01	6.833976894822333747e+01
1.310000000000000000e+02	1.530131840420618561e+00	7.334958111763594957e+01
1.320000000000000000e+02	8.709976049258656428e-01	6.740579502979242932e+01
1.330000000000000000e+02	6.014525456970774009e-01	6.497515482508745777e+01
1.340000000000000000e+02	6.784637515714586620e-01	6.566960841198181242e+01
1.350000000000000000e+02	1.004281830337578452e+00	6.860769425163530855e+01
1.360000000000000000e+02	8.053870372422604618e-01	6.681414744359079805e+01
1.370000000000000000e+02	7.543199841951471196e-01	6.635364695203196561e+01
1.380000000000000000e+02	8.307710404259927017e-01	6.704304935287183298e+01
1.390000000000000000e+02	9.327417314015522543e-01	6.796257672946666162e+01
1.400000000000000000e+02	8.084914397005167341e-01	6.684214159584205106e+01
1.410000000000000000e+02	8.209168458731708196e-01	6.695418850884968265e+01
1.420000000000000000e+02	1.096621386968263723e+00	6.944037224422528709e+01
1.430000000000000000e+02	1.141210977199419885e+00	6.984246179109831587e+01
1.440000000000000000e+02	1.078106307456483171e+00	6.927341130350760068e+01
1.450000000000000000e+02	1.089129599077470978e+00	6.937281455682199294e+01
1.460000000000000000e+02	7.173009462885400200e-01	6.601982535599623247e+01
1.470000000000000000e+02	7.763437492703821885e-01	6.655224769434943255e+01
1.480000000000000000e+02	6.423930857352277979e-01	6.534433882313135200e+01
1.490000000000000000e+02	7.469490936329565844e-01	6.628717946419818929e+01
1.500000000000000000e+02	9.400414166217916367e-01	6.802840211847126284e+01
1.510000000000000000e+02	9.199038840008717521e-01	6.784681060070420244e+01
1.520000000000000000e+02	7.106325507126740604e-01	6.595969266265750264e+01
1.530000000000000000e+02	1.204933536059078270e+00	7.041708413422017543e+01
1.540000000000000000e+02	7.850132473128272892e-01	6.663042546008874467e+01
1.550000000000000000e+02	1.142151997655964868e+00	6.985094750462492641e+01
1.560000000000000000e+02	7.288009689571897098e-01	6.612352756271972964e+01
1.570000000000000000e+02	7.981020230927982073e-01	6.674845435192668219e+01
1.580000000000000000e+02	7.578157505030111984e-01	6.638517025339929489e+01
1.590000000000000000e+02	9.479525907418171471e-01	6.809974164863209012e+01
1.600000000000000000e+02	8.108830597698126752e-01	6.686370818627202084e+01
1.610000000000000000e+02	6.832440809668407500e-01	6.571271534502444922e+01
1.620000000000000000e+02	6.953885774810180109e-01	6.582222913681019349e+01
1.630000000000000000e+02	8.418918499441012671e-01	6.714333198020294446e+01
1.640000000000000000e+02	7.487427658232632677e-01	6.630335402051279914e+01
1.650000000000000000e+02	6.344921416477771192e-01	6.527309154295849680e+01
1.660000000000000000e+02	6.405854128825954064e-01	6.532803801492832463e+01
1.670000000000000000e+02	8.021344393766318692e-01	6.678481692955892868e+01
1.680000000000000000e+02	9.481692549507341194e-01	6.810169543230975364e+01
1.690000000000000000e+02	7.106631397729084032e-01	6.595996850150923763e+01
1.700000000000000000e+02	7.996797165973894561e-01	6.676268130631395081e+01
1.710000000000000000e+02	7.620206325625757948e-01	6.642308805244657322e+01
1.720000000000000000e+02	1.036872479709811445e+00	6.890158256436581041e+01
1.730000000000000000e+02	1.005194820112329968e+00	6.861592719665512163e+01
1.740000000000000000e+02	7.043406711088910921e-01	6.590295522672795414e+01
1.750000000000000000e+02	7.219704182617081578e-01	6.606193262498197782e+01
1.760000000000000000e+02	9.999018275055164828e-01	6.856819728956598681e+01
1.770000000000000000e+02	7.876830764369693316e-01	6.665450081887068734e+01
1.780000000000000000e+02	7.931747172421652614e-01	6.670402204908391752e+01
1.790000000000000000e+02	7.082137737844471648e-01	6.593788118347556804e+01
1.800000000000000000e+02	1.006584370049889321e+00	6.862845755411871096e+01
1.810000000000000000e+02	7.509095584869807105e-01	6.632289321510521063e+01
1.820000000000000000e+02	9.117675930469115730e-01	6.777344106476667207e+01
1.830000000000000000e+02	8.774644958453634569e-01	6.746411064171033445e+01
1.840000000000000000e+02	9.245302664412842208e-01	6.788852930700949173e+01
1.850000000000000000e+02	7.212604365508505921e-01	6.605553031845872169e+01
1.860000000000000000e+02	1.188118456389163802e+00	7.026545305328717461e+01
1.870000000000000000e+02	2.089664256698832379e+00	7.839520128493856532e+01
1.880000000000000000e+02	1.086206939768100455e+00	6.934645928530510162e+01
1.890000000000000000e+02	1.106657484734472785e+00	6.953087341237392138e+01
1.900000000000000000e+02	1.631493625568466443e+00	7.426361764609595184e+01
1.910000000000000000e+02	7.766029070237343568e-01	6.655458466634387094e+01
1.920000000000000000e+02	6.716272055719600953e-01	6.560795941119789632e+01
1.930000000000000000e+02	1.225002138645456373e+00	7.059805407089147877e+01
1.940000000000000000e+02	6.239874911211096276e-01	6.517836516964061389e+01
1.950000000000000000e+02	7.721217703671705568e-01	6.651417572339613571e+01
1.960000000000000000e+02	7.789169851024160263e-01	6.657545201680083835e+01
1.970000000000000000e+02	6.271869854689027246e-01	6.520721681922648827e+01
1.980000000000000000e+02	8.890552586302713500e-01	6.756863110336821876e+01
1.990000000000000000e+02	7.155834295869409889e-01	6.600433753678299809e+01
2.000000000000000000e+02	6.824512833558595837e-01	6.570556624070415808e+01
2.010000000000000000e+02	9.300892779587104364e-01	6.793865805702752425e+01
2.020000000000000000e+02	6.914516490440882901e-01	6.578672762708404775e+01
2.030000000000000000e+02	6.099315659161008707e-01	6.505161494459338201e+01
2.040000000000000000e+02	6.812721951237861173e-01	6.569493373543780024e+01
2.050000000000000000e+02	7.961573167482087765e-01	6.673091783524547793e+01
2.060000000000000000e+02	1.057676072489930341e+00	6.908918032319078861e+01
2.070000000000000000e+02	1.090733467081978381e+00	6.938727754147453197e+01
2.080000000000000000e+02	8.956516203162310230e-01	6.762811422639241243e+01
2.090000000000000000e+02	6.811033461799431699e-01	6.569341112904092483e+01
2.100000000000000000e+02	8.127481126671833866e-01	6.688052642278216808e+01
2.110000000000000000e+02	1.090164316991149240e+00	6.938214519329780217e+01
2.120000000000000000e+02	7.993063183642039604e-01	6.675931416331921753e+01
2.130000000000000000e+02	1.039190103534863185e+00	6.892248188882261672e+01
2.140000000000000000e+02	9.087748159928659142e-01	6.774645350190020565e+01
2.150000000000000000e+02	1.308537152335791598e+00	7.135133652154092943e+01
2.160000000000000000e+02	6.803330260172864019e-01	6.568646471658132668e+01
2.170000000000000000e+02	6.185730504647208861e-01	6.512954009681953949e+01
2.180000000000000000e+02	8.482616097399775512e-01	6.720077170585945225e+01
2.190000000000000000e+02	7.473327256271267149e-01	6.629063889080207161e+01
2.200000000000000000e+02	7.826036290576416921e-01	6.660869656984010589e+01
2.210000000000000000e+02	1.004822688312217549e+00	6.861257147380348442e+01
2.220000000000000000e+02	7.275185794169585218e-01	6.611196353114928570e+01
2.230000000000000000e+02	8.864491717926250569e-01	6.754513054482465861e+01
2.240000000000000000e+02	7.485456427934740198e-01	6.630157645069627392e+01
2.250000000000000000e+02	6.445789802551635805e-01	6.536405026996180823e+01
2.260000000000000000e+02	8.887460295658984322e-01	6.756584261005107805e+01
2.270000000000000000e+02	7.923489617496717319e-01	6.669657574491104413e+01
2.280000000000000000e+02	9.920789782358476749e-01	6.849765423452129198e+01
2.290000000000000000e+02	6.762668047178033159e-01	6.564979730000901270e+01
2.300000000000000000e+02	6.693410684400453725e-01	6.558734402005624986e+01
2.310000000000000000e+02	7.738042095476438398e-01	6.652934722876793217e+01
2.320000000000000000e+02	7.085222806676523266e-01	6.594066316447678844e+01
2.330000000000000000e+02	6.687597691632067853e-01	6.558210211579989846e+01
2.340000000000000000e+02	7.537146887651593463e-01	6.634818866089480593e+01
2.350000000000000000e+02	7.603558507244501108e-01	6.640807577331450773e+01
2.360000000000000000e+02	7.539222170802624134e-01	6.635006006105234633e+01
2.370000000000000000e+02	8.034335425294449884e-01	6.679653167722419482e+01
2.380000000000000000e+02	8.305597241013822352e-01	6.704114379409077173e+01
2.390000000000000000e+02	1.697224280686888243e+00	7.485634812859692033e+01
2.400000000000000000e+02	7.426369676030213363e-01	6.624829458563242213e+01
2.410000000000000000e+02	8.537286723266896971e-01	6.725007130037964487e+01
2.420000000000000000e+02	7.158649287790281868e-01	6.600687597416276731e+01
2.430000000000000000e+02	7.156814569429417183e-01	6.600522150487849160e+01
2.440000000000000000e+02	7.586822077836901101e-01	6.639298358860976634e+01
2.450000000000000000e+02	8.820651642045873597e-01	6.750559746960634300e+01
2.460000000000000000e+02	1.227945350849945605e+00	7.062459467948464464e+01
2.470000000000000000e+02	1.034588811193836611e+00	6.888098943412988717e+01
2.480000000000000000e+02	7.076603416662832213e-01	6.593289057314558477e+01
2.490000000000000000e+02	8.009493198026016447e-01	6.677413003627191301e+01
2.500000000000000000e+02	8.252222350353035640e-01	6.699301263726933087e+01
2.510000000000000000e+02	7.452865445795471278e-01	6.627218731934837592e+01
2.520000000000000000e+02	7.701964225026283195e-01	6.649681377307514651e+01
2.530000000000000000e+02	1.015757549276057992e+00	6.871117729788207384e+01
2.540000000000000000e+02	1.043082546107779507e+00	6.895758224435985539e+01
2.550000000000000000e+02	6.802060706309580596e-01	6.568531988807994537e+01
2.560000000000000000e+02	7.498489594544526238e-01	6.631332919394706948e+01
2.570000000000000000e+02	9.648458647882585115e-01	6.825207785247074810e+01
2.580000000000000000e+02	6.688604819531571710e-01	6.558301029997170417e+01
2.590000000000000000e+02	7.100653860059378264e-01	6.595457821781170082e+01
2.600000000000000000e+02	7.466107207059669015e-01	6.628412816419337616e+01
2.610000000000000000e+02	8.581142383707192067e-01	6.728961842907682467e+01
2.620000000000000000e+02	7.781178467350584604e-01	6.656824573429511815e+01
2.630000000000000000e+02	9.213960037682593640e-01	6.786026588831818174e+01
2.640000000000000000e+02	9.450913379371310707e-01	6.807394011428829117e+01
2.650000000000000000e+02	8.331665458061376928e-01	6.706465097934656683e+01
2.660000000000000000e+02	6.510453259899198208e-01	6.542236096564063530e+01
2.670000000000000000e+02	1.549720131440239124e+00	7.352621981333297185e+01
2.680000000000000000e+02	9.458474708014443788e-01	6.808075859185696288e+01
2.690000000000000000e+02	7.991118189144230666e-01	6.675756025180704967e+01
2.700000000000000000e+02	7.175635716483397264e-01	6.602219359735866533e+01
2.710000000000000000e+02	1.005925650523038950e+00	6.862251750769318903e+01
2.720000000000000000e+02	6.978665962214884999e-01	6.584457483290951529e+01
2.730000000000000000e+02	8.087438570299598783e-01	6.684441778562295156e+01
2.740000000000000000e+02	6.014605069778522495e-01	6.497522661645766107e+01
2.750000000000000000e+02	9.624608326788208768e-01	6.823057066939978199e+01
2.760000000000000000e+02	8.033930883217712537e-01	6.679616687876006154e+01
2.770000000000000000e+02	1.005954616192769269e+00	6.862277870751485409e+01
2.780000000000000000e+02	1.096008993481546678e+00	6.943484994589724124e+01
2.790000000000000000e+02	7.447697048302444056e-01	6.626752668309839578e+01
2.800000000000000000e+02	1.548167268939486751e+00	7.351221677414721967e+01
2.810000000000000000e+02	7.505511508072573168e-01	6.631966125040696625e+01
2.820000000000000000e+02	8.563099024329825504e-01	6.727334771172215255e+01
2.830000000000000000e+02	1.189852374818604508e+00	7.028108877615420624e+01
2.840000000000000000e+02	1.531984252696487081e+00	7.336628536651477361e+01
2.850000000000000000e+02	1.117441098711131398e+00	6.962811535685132469e+01
2.860000000000000000e+02	1.610362428145141189e+00	7.407306569096959947e+01
2.870000000000000000e+02	1.219103625613759290e+00	7.054486384375898922e+01
2.880000000000000000e+02	1.099677962073656534e+00	6.946793511019332357e+01
2.890000000000000000e+02	1.009488626434711822e+00	6.865464687605960137e+01
2.900000000000000000e+02	9.265058415898046462e-01	6.790634418514953552e+01
2.910000000000000000e+02	6.695381548999030930e-01	6.558912126010102384e+01
2.920000000000000000e+02	7.482074384766412845e-01	6.629852667114457176e+01
2.930000000000000000e+02	1.105707916664549373e+00	6.952231062018449848e+01
2.940000000000000000e+02	8.500517410536281293e-01	6.721691433208718536e+01
2.950000000000000000e+02	9.001857782541833330e-01	6.766900129221362192e+01
2.960000000000000000e+02	9.290240284690289840e-01	6.792905210006779271e+01
2.970000000000000000e+02	8.499322522910981448e-01	6.721583683435434864e+01
2.980000000000000000e+02	8.285652987528291380e-01	6.702315893303878624e+01
2.990000000000000000e+02	9.201040725510694074e-01	6.784861581405155562e+01
3.000000000000000000e+02	8.534479753447470340e-01	6.724754009698233403e+01
3.010000000000000000e+02	7.955093630428671236e-01	6.672507487031968765e+01
3.020000000000000000e+02	8.682866416033441226e-01	6.738134874068569502e+01
3.030000000000000000e+02	7.475311433577502829e-01	6.629242813566807513e+01
3.040000000000000000e+02	8.510670348095135118e-01	6.722606980994940784e+01
3.050000000000000000e+02	8.304114680614707034e-01	6.703980688555223821e+01
3.060000000000000000e+02	1.193855437266275965e+00	7.031718665364857657e+01
3.070000000000000000e+02	1.057770924952261327e+00	6.909003566147492847e+01
3.080000000000000000e+02	1.386197675692093734e+00	7.205164537130556823e+01
3.090000000000000000e+02	9.534502260517516703e-01	6.814931693468395224e+01
3.100000000000000000e+02	8.664334789098542267e-01	6.736463772486688129e+01
3.110000000000000000e+02	1.002368650646545012e+00	6.859044202861494455e+01
3.120000000000000000e+02	9.449950593076881233e-01	6.807307191544893499e+01
3.130000000000000000e+02	8.683756187988305175e-01	6.738215109836670536e+01
3.140000000000000000e+02	8.616049044928255629e-01	6.732109573918545209e+01
3.150000000000000000e+02	7.025119179459038410e-01	6.588646432544727816e+01
3.160000000000000000e+02	1.175844252531246914e+00	7.015476961704405312e+01
3.170000000000000000e+02	7.049089254403717586e-01	6.590807949733617477e+01
3.180000000000000000e+02	6.158681442395321781e-01	6.510514842798423274e+01
3.190000000000000000e+02	7.853927736765877743e-01	6.663384786390182057e+01
3.200000000000000000e+02	7.514158125161354285e-01	6.632745839393125209e+01
3.210000000000000000e+02	7.981462688707441355e-01	6.674885334112379098e+01
3.220000000000000000e+02	7.555780841299668538e-01	6.636499195049663058e+01
3.230000000000000000e+02	7.073864464731378643e-01	6.593042070532371213e+01
3.240000000000000000e+02	8.620433985671949184e-01	6.732504988818649849e+01
3.250000000000000000e+02	1.659753250979227657e+00	7.451845066692678188e+01
3.260000000000000000e+02	9.692634075048633946e-01	6.829191333290472699e+01
3.270000000000000000e+02	8.287165041767101670e-01	6.702452243784020425e+01
3.280000000000000000e+02	7.976738033504700010e-01	6.674459285238694406e+01
3.290000000000000000e+02	8.245344116218127350e-01	6.698681014464212069e+01
3.300000000000000000e+02	9.606327046019009774e-01	6.821408540487360028e+01
3.310000000000000000e+02	1.167458190047155009e+00	7.007914774999397878e+01
3.320000000000000000e+02	1.761660324333333749e+00	7.543740436745841293e+01
3.330000000000000000e+02	1.745536803133799664e+00	7.529200946027245323e+01
3.340000000000000000e+02	1.086907579605047580e+00	6.935277735086924622e+01
3.350000000000000000e+02	1.117826140244933431e+00	6.963158749407105574e+01
3.360000000000000000e+02	7.397248176949458021e-01	6.622203408332921981e+01
3.370000000000000000e+02	1.137516473881130752e+00	6.980914636573848497e+01
3.380000000000000000e+02	7.238266736611456142e-01	6.607867152947899569e+01
3.390000000000000000e+02	2.053090494035357150e+00	7.806539498753681983e+01
3.400000000000000000e+02	7.535557561013876970e-01	6.634675547520217265e+01
3.410000000000000000e+02	1.296031072756060665e+00	7.123856213080749455e+01
3.420000000000000000e+02	8.748177169469557590e-01	6.744024313984685648e+01
3.430000000000000000e+02	1.236409616787638610e+00	7.070092175129346401e+01
3.440000000000000000e+02	1.211281201336350533e+00	7.047432462110980111e+01
3.450000000000000000e+02	7.869418302917916552e-01	6.664781658326567992e+01
3.460000000000000000e+02	1.178142257962859984e+00	7.017549203135463642e+01
3.470000000000000000e+02	6.841835466867591808e-01	6.572118703861181643e+01
3.480000000000000000e+02	6.973693949408352744e-01	6.584009128783529263e+01
3.490000000000000000e+02	9.300499392451120340e-01	6.793830331760419483e+01
3.500000000000000000e+02	7.894355440341374042e-01	6.667030381007114670e+01
3.510000000000000000e+02	6.491612303811380436e-01	6.540537101023460309e+01
3.520000000000000000e+02	8.721539405330394068e-01	6.741622236177533978e+01
3.530000000000000000e+02	5.884231161147734923e-01	6.485766109146928216e+01
3.540000000000000000e+02	6.692313100774043289e-01	6.558635426684095648e+01
3.550000000000000000e+02	9.287033974974003847e-01	6.792616078930608126e+01
3.560000000000000000e+02	7.963694777092760191e-01	6.673283101059105604e+01
3.570000000000000000e+02	1.935525985593929521e+00	7.700524934182655556e+01
3.580000000000000000e+02	8.027479727574127200e-01	6.679034950695626094e+01
3.590000000000000000e+02	6.991936852647522294e-01	6.585654194517270810e+01
3.600000000000000000e+02	8.419161598043114481e-01	6.714355119595768429e+01
3.610000000000000000e+02	5.878590947748481010e-01	6.485257499213933841e+01
3.620000000000000000e+02	8.691659811198002572e-01	6.738927824230000851e+01
3.630000000000000000e+02	1.077838726376237899e+00	6.927099837361186019e+01
3.640000000000000000e+02	8.177311826222171121e-01	6.692546158208435259e+01
3.650000000000000000e+02	8.887131574646411902e-01	6.756554618372756238e+01
3.660000000000000000e+02	6.938418530647871840e-01	6.580828144820316083e+01
3.670000000000000000e+02	7.985476251809862092e-01	6.675247259790734233e+01
3.680000000000000000e+02	6.457725473644462255e-01	6.537481333945058282e+01
3.690000000000000000e+02	1.033964297094609019e+00	6.887535783738562145e+01
3.700000000000000000e+02	6.465780068749269471e-01	6.538207662327792491e+01
3.710000000000000000e+02	1.022915457018622742e+00	6.877572419920694813e+01
3.720000000000000000e+02	1.017661733780675926e+00	6.872834840622049057e+01
3.730000000000000000e+02	1.210821854123266261e+00	7.047018242756621476e+01
3.740000000000000000e+02	1.137804978502127362e+00	6.981174797503173579e+01
3.750000000000000000e+02	9.621304688432992247e-01	6.822759159190120215e+01
3.760000000000000000e+02	8.159720741556957258e-01	6.690959870641006546e+01
3.770000000000000000e+02	9.496886325312408061e-01	6.811539651903667902e+01
3.780000000000000000e+02	8.334429132233114323e-01	6.706714314061034088e+01
3.790000000000000000e+02	9.588574943102790016e-01	6.819807732993811555e+01
3.800000000000000000e+02	8.159738820568718243e-01	6.690961500927720351e+01
3.810000000000000000e+02	6.430785375529541881e-01	6.535051992973860990e+01
3.820000000000000000e+02	6.473400141293843557e-01	6.538894807354401451e+01
3.830000000000000000e+02	7.276547846554122234e-01	6.611319177079731446e+01
3.840000000000000000e+02	7.605168608408467978e-01	6.640952769257208388e+01
3.850000000000000000e+02	9.075832932271707953e-01	6.773570886741346442e+01
3.860000000000000000e+02	9.401048033323626818e-01	6.802897371228047518e+01
3.870000000000000000e+02	6.222858159219097907e-01	6.516302020221158386e+01
3.880000000000000000e+02	7.389174063222565536e-01	6.621475319845671947e+01
3.890000000000000000e+02	1.375959203250935348e+00	7.195931927628663516e+01
3.900000000000000000e+02	7.545981413302325080e-01	6.635615525219408539e+01
3.910000000000000000e+02	7.196156120952990065e-01	6.604069800632959186e+01
3.920000000000000000e+02	7.407801360622776610e-01	6.623155048574348314e+01
3.930000000000000000e+02	7.232394130911294905e-01	6.607337586887145164e+01
3.940000000000000000e+02	6.921306827166158193e-01	6.579285085764711027e+01
3.950000000000000000e+02	7.254817428232815946e-01	6.609359622391994549e+01
3.960000000000000000e+02	8.308161018978303947e-01	6.704345569764197421e+01
3.970000000000000000e+02	6.678200920102099758e-01	6.557362851560090178e+01
3.980000000000000000e+02	1.065391232167331559e+00	6.915875228029237576e+01
3.990000000000000000e+02	8.687941051834484618e-01	6.738592482671656114e+01
4.000000000000000000e+02	1.063380546003787952e+00	6.914062078627748065e+01
4.010000000000000000e+02	9.948311344088802688e-01	6.852247198285226659e+01
4.020000000000000000e+02	1.027535856071970954e+00	6.881738894992795963e+01
4.030000000000000000e+02	7.784689458602593870e-01	6.657141179362484706e+01
4.040000000000000000e+02	1.022303599504081228e+00	6.877020673404305739e+01
4.050000000000000000e+02	8.729116089470687623e-01	6.742305468626402387e+01
4.060000000000000000e+02	7.496988626419405222e-01	6.631197568612120108e+01
4.070000000000000000e+02	8.294473644379878330e-01	6.703111301805772371e+01
4.080000000000000000e+02	6.181962071442050899e-01	6.512614188752444022e+01
4.090000000000000000e+02	1.087961424773415509e+00	6.936228046861549501e+01
4.100000000000000000e+02	9.530325242854622569e-01	6.814555028168120998e+01
4.110000000000000000e+02	9.721894736119394143e-01	6.831829932544279416e+01
4.120000000000000000e+02	8.803328253636639733e-01	6.748997599078209930e+01
4.130000000000000000e+02	8.854599147262047776e-01	6.753620985451294700e+01
4.140000000000000000e+02	9.291512382945568138e-01	6.793019922299130542e+01
4.150000000000000000e+02	1.128247349717945269e+00	6.972556143222902847e+01
4.160000000000000000e+02	1.031330360596762530e+00	6.885160614270932911e+01
4.170000000000000000e+02	1.021713398476962187e+00	6.876488455767120911e+01
4.180000000000000000e+02	1.649746937136079783e+00	7.442821807725276528e+01
4.190000000000000000e+02	8.396390317524102809e-01	6.712301704478441877e+01
4.200000000000000000e+02	9.146614012835676544e-01	6.779953616984798259e+01
4.210000000000000000e+02	1.056463319382148436e+00	6.907824424270543773e+01
4.220000000000000000e+02	6.809772948703749496e-01	6.569227445311086910e+01
4.230000000000000000e+02	8.219701086321131722e-01	6.696368637468081886e+01
4.240000000000000000e+02	1.092235052083945224e+00	6.940081818246051171e+01
4.250000000000000000e+02	8.517732821111794195e-01	6.723243844119349433e+01
4.260000000000000000e+02	6.336021256457871065e-01	6.526506576543744131e+01
4.270000000000000000e+02	7.084764077046030728e-01	6.594024950203157687e+01
4.280000000000000000e+02	6.284275573036866014e-01	6.521840375690243263e+01
4.290000000000000000e+02	7.518593710302463595e-01	6.633145821184898239e+01
4.300000000000000000e+02	1.135252540300819790e+00	6.978873119657593804e+01
4.310000000000000000e+02	7.271578731923815653e-01	6.610871083917245983e+01
4.320000000000000000e+02	1.640472484386493068e+00	7.434458509286685057e+01
4.330000000000000000e+02	9.244946677320480255e-01	6.788820829332016160e+01
4.340000000000000000e+02	6.537348000027263240e-01	6.544661347349122593e+01
4.350000000000000000e+02	6.596779451639407377e-01	6.550020617377138876e+01
4.360000000000000000e+02	9.311320938873675068e-01	6.794806171788316362e+01
4.370000000000000000e+02	9.662924134462766990e-01	6.826512219962481254e+01
4.380000000000000000e+02	9.689677219578898271e-01	6.828924696914171477e+01
4.390000000000000000e+02	1.064557270343178930e+00	6.915123197498692775e+01
4.400000000000000000e+02	9.072646790527543192e-01	6.773283574325255074e+01
4.410000000000000000e+02	9.289720331939939069e-01	6.792858322927372683e+01
4.420000000000000000e+02	7.955892536519844072e-01	6.672579528911369096e+01
4.430000000000000000e+02	6.835394235888971881e-01	6.571537861643957967e+01
4.440000000000000000e+02	1.095380076493579047e+00	6.942917864581572474e+01
4.450000000000000000e+02	6.483902173401068225e-01	6.539841834969894308e+01
4.460000000000000000e+02	1.134768389084841234e+00	6.978436533131362296e+01
4.470000000000000000e+02	1.068001090048174895e+00	6.918228684446467014e+01
4.480000000000000000e+02	8.486457313236162037e-01	6.720423554736839833e+01
4.490000000000000000e+02	7.253315284472920954e-01	6.609224165595772149e+01
4.500000000000000000e+02	1.018829524832277400e+00	6.873887903842290825e+01
4.510000000000000000e+02	1.078362425812584346e+00	6.927572086753851011e+01
4.520000000000000000e+02	1.126304418416804287e+00	6.970804092211822933e+01
4.530000000000000000e+02	1.071154008540573077e+00	6.921071849322761693e+01
4.540000000000000000e+02	7.055061677385729979e-01	6.591346516883061213e+01
4.550000000000000000e+02	6.716201764929574658e-01	6.560789602601816739e+01
4.560000000000000000e+02	1.071690742286093290e+00	6.921555852488991434e+01
4.570000000000000000e+02	8.652911948159536237e-01	6.735433710332414137e+01
4.580000000000000000e+02	8.623643965084373253e-01	6.732794450812070863e+01
4.590000000000000000e+02	7.608704320569281698e-01	6.641271604414302487e+01
4.600000000000000000e+02	1.306894361181098807e+00	7.133652254483530442e+01
4.610000000000000000e+02	7.792864623831805559e-01	6.657878380235061400e+01
4.620000000000000000e+02	1.507114585297255838e+00	7.314202151381731198e+01
4.630000000000000000e+02	9.187606491829740651e-01	6.783650140594563993e+01
4.640000000000000000e+02	8.024450070569237869e-01	6.678761749393268587e+01
4.650000000000000000e+02	1.014650210043139156e+00	6.870119179390927400e+01
4.660000000000000000e+02	1.156306758842567284e+00	6.997858898960184604e+01
4.670000000000000000e+02	9.310638231642214269e-01	6.794744608217105508e+01
4.680000000000000000e+02	8.809105495462368207e-01	6.749518565639203871e+01
4.690000000000000000e+02	7.491020880156147310e-01	6.630659423188848223e+01
4.700000000000000000e+02	7.985018300302890726e-01	6.675205963714009272e+01
4.710000000000000000e+02	9.576704598613203778e-01	6.818737316914116775e+01
4.720000000000000000e+02	6.776122993044231269e-01	6.566193038546347793e+01
4.730000000000000000e+02	1.190311984058997297e+00	7.028523333254618422e+01
4.740000000000000000e+02	8.797980353838013023e-01	6.748515348715378082e+01
4.750000000000000000e+02	9.545195312546621569e-01	6.815895946430305230e+01
4.760000000000000000e+02	7.512636330467259427e-01	6.632608610561057105e+01
4.770000000000000000e+02	7.852147859025211396e-01	6.663224284750556592e+01
4.780000000000000000e+02	1.154681485751658965e+00	6.996393298318240284e+01
4.790000000000000000e+02	1.171576527267244261e+00	7.011628512528969281e+01
4.800000000000000000e+02	6.873239788561265051e-01	6.574950609114000599e+01
4.810000000000000000e+02	7.489715229706088717e-01	6.630541685305384192e+01
4.820000000000000000e+02	8.216037155977744533e-01	6.696038240152496712e+01
4.830000000000000000e+02	8.037582683070687573e-01	6.679945991316684228e+01
4.840000000000000000e+02	7.233426888361271789e-01	6.607430716465805176e+01
4.850000000000000000e+02	7.630736548648628936e-01	6.643258374994410076e+01
4.860000000000000000e+02	8.231140064465545247e-01	6.697400154805410466e+01
4.870000000000000000e+02	1.028126743268509280e+00	6.882271731387743330e+01
4.880000000000000000e+02	8.494252262863390968e-01	6.721126469418778981e+01
4.890000000000000000e+02	7.714162897221201742e-01	6.650781400552823186e+01
4.900000000000000000e+02	7.809903705480196745e-01	6.659414890569337331e+01
4.910000000000000000e+02	9.525917167994721879e-01	6.814157527133953351e+01
4.920000000000000000e+02	7.773372034531953467e-01	6.656120623243276668e+01
4.930000000000000000e+02	7.345529837182200872e-01	6.617539673211284423e+01
4.940000000000000000e+02	7.441901836659541303e-01	6.626230081308827380e+01
4.950000000000000000e+02	6.639719443012563893e-01	6.553892759189713502e+01
4.960000000000000000e+02	1.045475422173743674e+00	6.897916016082194801e+01
4.970000000000000000e+02	8.326569382697452948e-01	6.706005556004961932e+01
4.980000000000000000e+02	7.671396425542311714e-01	6.646924905992192123e+01
4.990000000000000000e+02	1.236193816167322490e+00	7.069897575508251464e+01
5.000000000000000000e+02	9.648538510297079984e-01	6.825214986892547131e+01
5.010000000000000000e+02	6.867678512267416657e-01	6.574449117386124897e+01
5.020000000000000000e+02	9.103077923674129934e-01	6.776027721664199532e+01
5.030000000000000000e+02	6.885105883673097171e-01	6.576020642003277317e+01
5.040000000000000000e+02	8.813875915700903896e-01	6.749948741404929820e+01
5.050000000000000000e+02	1.001945847221827446e+00	6.858662937107358459e+01
5.060000000000000000e+02	1.097190734816755109e+00	6.944550637569467710e+01
5.070000000000000000e+02	1.618753468457795330e+00	7.414873244591437640e+01
5.080000000000000000e+02	7.047953537820834669e-01	6.590705535747791544e+01
5.090000000000000000e+02	6.338748632695154761e-01	6.526752519480137948e+01
5.100000000000000000e+02	1.314209181865979570e+00	7.140248441888243747e+01
5.110000000000000000e+02	7.211015616982126009e-01	6.605409765408177236e+01
5.120000000000000000e+02	9.611284539587177100e-01	6.821855585712964398e+01
5.130000000000000000e+02	6.410551382587219571e-01	6.533227379423605896e+01
5.140000000000000000e+02	9.536462310302247225e-01	6.815108442239959174e+01
5.150000000000000000e+02	7.524684876869693895e-01	6.633695096114819023e+01
5.160000000000000000e+02	1.034709901768428919e+00	6.888208137630778083e+01
5.170000000000000000e+02	1.018686393146321700e+00	6.873758833908141241e+01
5.180000000000000000e+02	7.012612007884952980e-01	6.587518590166087051e+01
5.190000000000000000e+02	1.109259371169627029e+00	6.955433609351322843e+01
5.200000000000000000e+02	7.754696849671667280e-01	6.654436576231560707e+01
5.210000000000000000e+02	2.059898177222708959e+00	7.812678371602405036e+01
5.220000000000000000e+02	7.297272266340530944e-01	6.613188015191479963e+01
5.230000000000000000e+02	1.094572976372916617e+00	6.942190056767874751e+01
5.240000000000000000e+02	6.941013838392489088e-01	6.581062178393986528e+01
5.250000000000000000e+02	9.735315690837367253e-01	6.833040175915697034e+01
5.260000000000000000e+02	1.009410948517806883e+00	6.865394641036236578e+01
5.270000000000000000e+02	9.272097168813493440e-01	6.791269142663718128e+01
5.280000000000000000e+02	6.345124591770394673e-01	6.527327475760775144e+01
5.290000000000000000e+02	9.854699061140561600e-01	6.843805649431048721e+01
5.300000000000000000e+02	1.223381149748802743e+00	7.058343669747399929e+01
5.310000000000000000e+02	1.437092215269138551e+00	7.251059021136258309e+01
5.320000000000000000e+02	1.201624487945083253e+00	7.038724457638079457e+01
5.330000000000000000e+02	1.006001164214229693e+00	6.862319845734346302e+01
5.340000000000000000e+02	6.613535131278984736e-01	6.551531571749875127e+01
5.350000000000000000e+02	8.072609444662819378e-01	6.683104552457075442e+01
5.360000000000000000e+02	8.262942132931971884e-01	6.700267927133660351e+01
5.370000000000000000e+02	9.446612644044511953e-01	6.807006189807277963e+01
5.380000000000000000e+02	7.217656671421988079e-01	6.606008626836739950e+01
5.390000000000000000e+02	9.246574567038583492e-01	6.788967625352279356e+01
5.400000000000000000e+02	1.100694797430977534e+00	6.947710448954734375e+01
5.410000000000000000e+02	1.125348927870652105e+00	6.969942472361198327e+01
5.420000000000000000e+02	1.229865378128608855e+00	7.064190865107440231e+01
5.430000000000000000e+02	6.549257061881998965e-01	6.545735254792549540e+01
5.440000000000000000e+02	1.275064798016703582e+00	7.104949737677274868e+01
5.450000000000000000e+02	6.732091892604652461e-01	6.562222505259926209e+01
5.460000000000000000e+02	9.826464696393200082e-01	6.841259597119586999e+01
5.470000000000000000e+02	9.982844184020667200e-01	6.855361219716789378e+01
5.480000000000000000e+02	1.062987087814217579e+00	6.913707275131376662e+01
5.490000000000000000e+02	1.341859776341491672e+00	7.165182546341306136e+01
5.500000000000000000e+02	9.452028770328697593e-01	6.807494592538078848e+01
5.510000000000000000e+02	1.007875464008797906e+00	6.864010007835399563e+01
5.520000000000000000e+02	1.053617162792599871e+00	6.905257883946919151e+01
5.530000000000000000e+02	8.670979007038563946e-01	6.737062919185946441e+01
5.540000000000000000e+02	6.846765848416265232e-01	6.572563304242692084e+01
5.550000000000000000e+02	9.648002942462960974e-01	6.825166691712746569e+01
5.560000000000000000e+02	8.832320646871776315e-01	6.751612007104444046e+01
5.570000000000000000e+02	7.274523264788514965e-01	6.611136609094576500e+01
5.580000000000000000e+02	8.918224087422761404e-01	6.759358406052476198e+01
5.590000000000000000e+02	9.097114080457846530e-01	6.775489928200741474e+01
5.600000000000000000e+02	7.279349324659585285e-01	6.611571802200563752e+01
5.610000000000000000e+02	8.521146940228954136e-01	6.723551714544188940e+01
5.620000000000000000e+02	7.559817729420474919e-01	6.636863224076809331e+01
5.630000000000000000e+02	9.790168333687743196e-01	6.837986548868254033e+01
5.640000000000000000e+02	1.164153496492396744e+00	7.004934745967737797e+01
5.650000000000000000e+02	7.372213743149949039e-01	6.619945911888014223e+01
5.660000000000000000e+02	7.280807762102108338e-01	6.611703317751025111e+01
5.670000000000000000e+02	7.205217356635149617e-01	6.604886903488279870e+01
5.680000000000000000e+02	1.028216265123929940e+00	6.882352458306503706e+01
5.690000000000000000e+02	6.700296551423827740e-01	6.559355339569056298e+01
5.700000000000000000e+02	6.618800127202000283e-01	6.552006346201490317e+01
5.710000000000000000e+02	9.244651971600295060e-01	6.788794254050907284e+01
5.720000000000000000e+02	9.765048802753772961e-01	6.835721378733578035e+01
5.730000000000000000e+02	9.314601411851788360e-01	6.795101990585138196e+01
5.740000000000000000e+02	9.378348737718658068e-01	6.800850447397435516e+01
5.750000000000000000e+02	8.493184937426550007e-01	6.721030222649288532e+01
5.760000000000000000e+02	8.285026306360980808e-01	6.702259381919654402e+01
5.770000000000000000e+02	9.670801196284479762e-01	6.827222539165273929e+01
5.780000000000000000e+02	7.924537358498358053e-01	6.669752055221339049e+01
5.790000000000000000e+02	1.034248999985494466e+00	6.887792516432888590e+01
5.800000000000000000e+02	9.487768786043595526e-01	6.810717471835586423e+01
5.810000000000000000e+02	1.025180728472047331e+00	6.879615143272782518e+01
5.820000000000000000e+02	8.668201141531393095e-01	6.736812423346611922e+01
5.830000000000000000e+02	9.634613767123070271e-01	6.823959314067536752e+01
5.840000000000000000e+02	8.489382630358623949e-01	6.720687347122043320e+01
5.850000000000000000e+02	8.056386197009179906e-01	6.681641610486977356e+01
5.860000000000000000e+02	7.001681725385777710e-01	6.586532944791348143e+01
5.870000000000000000e+02	6.253286987561987864e-01	6.519045959722920713e+01
5.880000000000000000e+02	6.057623037780124342e-01	6.501401835051821365e+01
5.890000000000000000e+02	1.207934054035847860e+00	7.044414150136370267e+01
5.900000000000000000e+02	9.146683506944044417e-01	6.779959883661481967e+01
5.910000000000000000e+02	1.374185881176195334e+00	7.194332822847042053e+01
5.920000000000000000e+02	6.776612869224418745e-01	6.566237213451363175e+01
5.930000000000000000e+02	1.271623582834480848e+00	7.101846599374950131e+01
5.940000000000000000e+02	1.061872230553596808e+00	6.912701945303433604e+01
5.950000000000000000e+02	6.967399708060655339e-01	6.583441541452431522e+01
5.960000000000000000e+02	8.825057705339631742e-01	6.750957066600508938e+01
5.970000000000000000e+02	9.856172312663717960e-01	6.843938500850921969e+01
5.980000000000000000e+02	8.509396192962579430e-01	6.722492083222334713e+01
5.990000000000000000e+02	7.932808861325357785e-01	6.670497943399819007e+01
6.000000000000000000e+02	1.244563783549476943e+00	7.077445248349795293e+01
6.010000000000000000e+02	7.565760592941557228e-01	6.637399125682527767e+01
6.020000000000000000e+02	8.709987599595421237e-01	6.740580544538417485e+01
6.030000000000000000e+02	1.139109625671091308e+00	6.982351271622532352e+01
6.040000000000000000e+02	1.035244812993261432e+00	6.888690497327056050e+01
6.050000000000000000e+02	6.504338082282268285e-01	6.541684656422026478e+01
6.060000000000000000e+02	9.914284246692965930e-01	6.849178782517697073e+01
6.070000000000000000e+02	7.773542420986812029e-01	6.656135987953307165e+01
6.080000000000000000e+02	7.333205165765690481e-01	6.616428287903742955e+01
6.090000000000000000e+02	9.614281471003602864e-01	6.822125835963973373e+01
6.100000000000000000e+02	6.858046800617958461e-01	6.573580571487258339e+01
6.110000000000000000e+02	7.864548460618037140e-01	6.664342517111420250e+01
6.120000000000000000e+02	1.466337404062135086e+00	7.277431061446635852e+01
6.130000000000000000e+02	7.661814484193345542e-01	6.646060848162730395e+01
6.140000000000000000e+02	7.426023154224343781e-01	6.624798210732710402e+01
6.150000000000000000e+02	6.676090011459656637e-01	6.557172498992343890e+01
6.160000000000000000e+02	8.589762170214318981e-01	6.729739137794857129e+01
6.170000000000000000e+02	7.519140243318662709e-01	6.633195105157165017e+01
6.180000000000000000e+02	7.221161232296939847e-01	6.606324652906252481e+01
6.190000000000000000e+02	9.022330986757307603e-01	6.768746313804660986e+01
6.200000000000000000e+02	9.108030074157578149e-01	6.776474285073643955e+01
6.210000000000000000e+02	6.780034617703158961e-01	6.566545771858875469e+01
6.220000000000000000e+02	9.405131389861196567e-01	6.803265590575074384e+01
6.230000000000000000e+02	6.900209051797678850e-01	6.577382580069107121e+01
6.240000000000000000e+02	7.745339774409167877e-01	6.653592795848550168e+01
6.250000000000000000e+02	1.081930726861525249e+00	6.930789825567859452e+01
6.260000000000000000e+02	1.041730660708529266e+00	6.894539152933442949e+01
6.270000000000000000e+02	7.096715856638831088e-01	6.595102709746558389e+01
6.280000000000000000e+02	1.317390126985747978e+00	7.143116879959114840e+01
6.290000000000000000e+02	6.784525248401573894e-01	6.566950717419787509e+01
6.300000000000000000e+02	7.396211868048365723e-01	6.622109958499832771e+01
6.310000000000000000e+02	6.696276568746051261e-01	6.558992835001293997e+01
6.320000000000000000e+02	8.639738509546919243e-01	6.734245786887716179e+01
6.330000000000000000e+02	1.107427328638067143e+00	6.953781553013627104e+01
6.340000000000000000e+02	7.658517368889026233e-01	6.645763528633254680e+01
6.350000000000000000e+02	9.914910326882537817e-01	6.849235239708360723e+01
6.360000000000000000e+02	7.553022395582922321e-01	6.636250450402633305e+01
6.370000000000000000e+02	7.382232397065948692e-01	6.620849350558896163e+01
6.380000000000000000e+02	8.604872661444569193e-01	6.731101736226531784e+01
6.390000000000000000e+02	1.048961186400572565e+00	6.901059326776923797e+01
6.400000000000000000e+02	7.670667098518206828e-01	6.646859138450682281e+01
6.410000000000000000e+02	9.497302659070017139e-01	6.811577195072617030e+01
6.420000000000000000e+02	7.905726302524704874e-01	6.668055755943090901e+01
6.430000000000000000e+02	8.518038122193483108e-01	6.723271374844112813e+01
6.440000000000000000e+02	1.038371266002756865e+00	6.891509796781011232e+01
6.450000000000000000e+02	7.640459516075923663e-01	6.644135149942741236e+01
6.460000000000000000e+02	8.807116591007606576e-01	6.749339214878892790e+01
6.470000000000000000e+02	1.077955332027867863e+00	6.927204987270354763e+01
6.480000000000000000e+02	6.774030282496117383e-01	6.566004327003660990e+01
6.490000000000000000e+02	6.588222447152625172e-01	6.549248983899718723e+01
6.500000000000000000e+02	7.723578953442908901e-01	6.651630499582414302e+01
6.510000000000000000e+02	1.135755413790368928e+00	6.979326589116493551e+01
6.520000000000000000e+02	6.169388105627968688e-01	6.511480323159517525e+01
6.530000000000000000e+02	9.268266442703270158e-01	6.790923704430743157e+01
6.540000000000000000e+02	9.665694654769412253e-01	6.826762053443552247e+01
6.550000000000000000e+02	7.321909704064772928e-01	6.615409712255592467e+01
6.560000000000000000e+02	1.116082777270914095e+00	6.961586660440543994e+01
6.570000000000000000e+02	1.013969028547506479e+00	6.869504919521084219e+01
6.580000000000000000e+02	8.467842645369116905e-01	6.718744964884578508e+01
6.590000000000000000e+02	1.024351062927127298e+00	6.878866986940141715e+01
6.600000000000000000e+02	9.936980125424315080e-01	6.851225398229495056e+01
6.610000000000000000e+02	6.913957687226714999e-01	6.578622372263008344e+01
6.620000000000000000e+02	9.286847666567301651e-01	6.792599278448153655e+01
6.630000000000000000e+02	1.005620597257936844e+00	6.861976666991914442e+01
6.640000000000000000e+02	9.693185979523564200e-01	6.829241101637543920e+01
6.650000000000000000e+02	7.251357089550169999e-01	6.609047584087601024e+01
6.660000000000000000e+02	6.972410115352716264e-01	6.583893358207703272e+01
6.670000000000000000e+02	7.613010064031429103e-01	6.641659877647734334e+01
6.680000000000000000e+02	6.774139443653006687e-01	6.566014170682394990e+01
6.690000000000000000e+02	6.709690374594863282e-01	6.560202433718760062e+01
6.700000000000000000e+02	1.396448121693491196e+00	7.214407943868725681e+01
6.710000000000000000e+02	1.010450999200760203e+00	6.866332513543397909e+01
6.720000000000000000e+02	6.456706357389077056e-01	6.537389434470043170e+01
6.730000000000000000e+02	8.408752279044426903e-01	6.713416452445490279e+01
6.740000000000000000e+02	1.131688590228195013e+00	6.975659304364941704e+01
6.750000000000000000e+02	1.201985081643045961e+00	7.039049625364150131e+01
6.760000000000000000e+02	1.231742651910036068e+00	7.065883709020599213e+01
6.770000000000000000e+02	6.664491905323042253e-01	6.556126632184219716e+01
6.780000000000000000e+02	7.845478448227725110e-01	6.662622866268895905e+01
6.790000000000000000e+02	7.442172062257683685e-01	6.626254449078915343e+01
6.800000000000000000e+02	7.535715942782934551e-01	6.634689829699853192e+01
6.810000000000000000e+02	1.037153094429889455e+00	6.890411302596137944e+01
6.820000000000000000e+02	1.173831644390378237e+00	7.013662079147289319e+01
6.830000000000000000e+02	1.140963105111379994e+00	6.984022658832911645e+01
6.840000000000000000e+02	7.941926261930682962e-01	6.671320110963829109e+01
6.850000000000000000e+02	1.029460414932508838e+00	6.883474378535373717e+01
6.860000000000000000e+02	2.077746886822449568e+00	7.828773562246729512e+01
6.870000000000000000e+02	7.620119798088231811e-01	6.642301002567356250e+01
6.880000000000000000e+02	6.637094665579907904e-01	6.553656068167646254e+01
6.890000000000000000e+02	7.829632747522159431e-01	6.661193969841824014e+01
6.900000000000000000e+02	9.050053464045597629e-01	6.771246206329634276e+01
6.910000000000000000e+02	6.859369973864894998e-01	6.573699889500394988e+01
6.920000000000000000e+02	1.094370796095583076e+00	6.942007739380164821e+01
6.930000000000000000e+02	7.940641803644881147e-01	6.671204284097639459e+01
6.940000000000000000e+02	8.399999863691611779e-01	6.712627197665391066e+01
6.950000000000000000e+02	1.072631343926814251e+00	6.922404046171743630e+01
6.960000000000000000e+02	7.027496880033583526e-01	6.588860843249482002e+01
6.970000000000000000e+02	7.633350269009167022e-01	6.643494068937765462e+01
6.980000000000000000e+02	6.867053282644468570e-01	6.574392736895862299e+01
6.990000000000000000e+02	6.907058607117746440e-01	6.578000243200939678e+01
7.000000000000000000e+02	5.722765912372711483e-01	6.471205874711240824e+01
7.010000000000000000e+02	1.019307457304626352e+00	6.874318882575772705e+01
7.020000000000000000e+02	8.926798918047464948e-01	6.760131647013544409e+01
7.030000000000000000e+02	6.715824398327061573e-01	6.560755573321569045e+01
7.040000000000000000e+02	7.911847367924667029e-01	6.668607727019814035e+01
7.050000000000000000e+02	6.623894772637886064e-01	6.552465759186488015e+01
7.060000000000000000e+02	1.379492783541593104e+00	7.199118356771754179e+01
7.070000000000000000e+02	1.194919560285867322e+00	7.032678245259057803e+01
7.080000000000000000e+02	7.459113150155052274e-01	6.627782122762587846e+01
7.090000000000000000e+02	6.243915670972346454e-01	6.518200895118918936e+01
7.100000000000000000e+02	8.364504994372659041e-01	6.709426424604507133e+01
7.110000000000000000e+02	7.703980061336361818e-01	6.649863156665496433e+01
7.120000000000000000e+02	9.206974088736719075e-01	6.785396626315552737e+01
7.130000000000000000e+02	7.018087346373502733e-01	6.588012332396151294e+01
7.140000000000000000e+02	9.233209558715904652e-01	6.787762426983655928e+01
7.150000000000000000e+02	7.259916036883149459e-01	6.609819392762447876e+01
7.160000000000000000e+02	7.636171871435224467e-01	6.643748508782371687e+01
7.170000000000000000e+02	5.735009862010526094e-01	6.472309980879582270e+01
7.180000000000000000e+02	7.469895640856143437e-01	6.628754440915253099e+01
7.190000000000000000e+02	8.732596768760751971e-01	6.742619341158376756e+01
7.200000000000000000e+02	1.345469819925493082e+00	7.168437926759376921e+01
7.210000000000000000e+02	6.450052664188319351e-01	6.536789433332948818e+01
7.220000000000000000e+02	7.682285354878986006e-01	6.647906822318449827e+01
7.230000000000000000e+02	9.553265738685416952e-01	6.816623702386885952e+01
7.240000000000000000e+02	8.532518939648428002e-01	6.724577192031179607e+01
7.250000000000000000e+02	1.112833343933187447e+00	6.958656462671093834e+01
7.260000000000000000e+02	5.977787508987126852e-01	6.494202614016074904e+01
7.270000000000000000e+02	6.619445195509314761e-01	6.552064515658092603e+01
7.280000000000000000e+02	1.730588105339305738e+00	7.515720859999611037e+01
7.290000000000000000e+02	1.159265433830489522e+00	7.000526903485615549e+01
7.300000000000000000e+02	1.142132551513226568e+00	6.985077214776066512e+01
7.310000000000000000e+02	1.305106650395855272e+00	7.132040174588082948e+01
7.320000000000000000e+02	8.516524583019746686e-01	6.723134890458993596e+01
7.330000000000000000e+02	1.051067579877843050e+00	6.902958780874665479e+01
7.340000000000000000e+02	1.536763148820637026e+00	7.340937937494031473e+01
7.350000000000000000e+02	8.437828507932072508e-01	6.716038420406532339e+01
7.360000000000000000e+02	8.475080666270133900e-01	6.719397658154298369e+01
7.370000000000000000e+02	6.088174701452113702e-01	6.504156851309741683e+01
7.380000000000000000e+02	8.509401800166591645e-01	6.722492588855624263e+01
7.390000000000000000e+02	7.357786614713059947e-01	6.618644936143273583e+01
7.400000000000000000e+02	7.171360701532638604e-01	6.601833857466050404e+01
7.410000000000000000e+02	2.608402848195027879e+00	8.307296046861726779e+01
7.420000000000000000e+02	1.001445026285325168e+00	6.858211318551595070e+01
7.430000000000000000e+02	1.084364493112586869e+00	6.932984490205976158e+01
7.440000000000000000e+02	1.448914872329501558e+00	7.261720179481946502e+01
7.450000000000000000e+02	7.388287180356016837e-01	6.621395344602998989e+01
7.460000000000000000e+02	1.714937232246044774e+00	7.501607582802819252e+01
7.470000000000000000e+02	8.505159260855497116e-01	6.722110015097861435e+01
7.480000000000000000e+02	1.080015437551674173e+00	6.929062700903253358e+01
7.490000000000000000e+02	1.061513209815339254e+00	6.912378196004067377e+01
7.500000000000000000e+02	1.008904790670379636e+00	6.864938209886133791e+01
7.510000000000000000e+02	2.223907461490199466e+00	7.960574816607200432e+01
7.520000000000000000e+02	1.114115679826726213e+00	6.959812817451881983e+01
7.530000000000000000e+02	8.912555765923091400e-01	6.758847261453138344e+01
7.540000000000000000e+02	8.585961773177210876e-01	6.729396434505891023e+01
7.550000000000000000e+02	9.622948403278963614e-01	6.822907382251641195e+01
7.560000000000000000e+02	8.834759935605263070e-01	6.751831971561720991e+01
7.570000000000000000e+02	9.268942851671262417e-01	6.790984700051924960e+01
7.580000000000000000e+02	7.420985018339198991e-01	6.624343893533416860e+01
7.590000000000000000e+02	7.301694835676324491e-01	6.613586823274494009e+01
7.600000000000000000e+02	8.546943364691224065e-01	6.725877923995588503e+01
7.610000000000000000e+02	2.062518514345587306e+00	7.815041277744691683e+01
7.620000000000000000e+02	6.890495347240426227e-01	6.576506640406141457e+01
7.630000000000000000e+02	6.609450445305058430e-01	6.551163232520055146e+01
7.640000000000000000e+02	7.211303912771145352e-01	6.605435762669549149e+01
7.650000000000000000e+02	8.686075810017057641e-01	6.738424283270563819e+01
7.660000000000000000e+02	1.271078693148149696e+00	7.101355241535739538e+01
7.670000000000000000e+02	9.633938447680632233e-01	6.823898416695033120e+01
7.680000000000000000e+02	1.168268188061464041e+00	7.008645196007650213e+01
7.690000000000000000e+02	9.845126272962096969e-01	6.842942416994725363e+01
7.700000000000000000e+02	1.361525688558103075e+00	7.182916411333178530e+01
7.710000000000000000e+02	9.003753470643571788e-01	6.767071074136057973e+01
7.720000000000000000e+02	1.408589995310936205e+00	7.225356957833014349e+01
7.730000000000000000e+02	1.786130039379588919e+00	7.565806162364880549e+01
7.740000000000000000e+02	1.902476584374325652e+00	7.670722420430173827e+01
7.750000000000000000e+02	2.299956339504669156e+00	8.029152389853601335e+01
7.760000000000000000e+02	6.641317427796380457e-01	6.554036858512964159e+01
7.770000000000000000e+02	1.590555371038397947e+00	7.389445425777070398e+01
7.780000000000000000e+02	8.119273644022388936e-01	6.687312527161128628e+01
7.790000000000000000e+02	1.313626147583862869e+00	7.139722686910249649e+01
7.800000000000000000e+02	1.562247218012624783e+00	7.363918363599691475e+01
7.810000000000000000e+02	1.855712562719324721e+00	7.628552657981714447e+01
7.820000000000000000e+02	1.321071299996569470e+00	7.146436401803136107e+01
7.830000000000000000e+02	7.229327731085910536e-01	6.607061072276911773e+01
7.840000000000000000e+02	7.839287344197305440e-01	6.662064579412853504e+01
7.850000000000000000e+02	8.119188252170259634e-01	6.687304826895001497e+01
7.860000000000000000e+02	8.052476184354866451e-01	6.681289022538021527e+01
7.870000000000000000e+02	8.249628995866538084e-01	6.699067406289591986e+01
7.880000000000000000e+02	1.092016852786674486e+00	6.939885055602320563e+01
7.890000000000000000e+02	7.014470428645958044e-01	6.587686174473954281e+01
7.900000000000000000e+02	1.148328015018336368e+00	6.990664014521306058e+01
7.910000000000000000e+02	8.353185326225089913e-01	6.708405666124194511e+01
7.920000000000000000e+02	8.402780869358903448e-01	6.712877976670718283e+01
7.930000000000000000e+02	9.882269087955639630e-01	6.846291794634869632e+01
7.940000000000000000e+02	7.437621378516199311e-01	6.625844088195559323e+01
7.950000000000000000e+02	1.554082802587391399e+00	7.356556048579982132e+01
7.960000000000000000e+02	1.247018480541142837e+00	7.079658787420176225e+01
7.970000000000000000e+02	1.091875625807154693e+00	6.939757703249659926e+01
7.980000000000000000e+02	6.326384584171000913e-01	6.525637583316154178e+01
7.990000000000000000e+02	6.989792477153735639e-01	6.585460824054310081e+01
8.000000000000000000e+02	9.003822562129766283e-01	6.767077304506024404e+01
8.010000000000000000e+02	9.657984905775658380e-01	6.826066821784473859e+01
8.020000000000000000e+02	9.867127124986909692e-01	6.844926358218589257e+01
8.030000000000000000e+02	9.371979783219068771e-01	6.800276122758988606e+01
8.040000000000000000e+02	1.206498618868266925e+00	7.043119737083668497e+01
8.050000000000000000e+02	9.103096299272386283e-01	6.776029378695793071e+01
8.060000000000000000e+02	1.176105934975395728e+00	7.015712935560291896e+01
8.070000000000000000e+02	7.979701238897851656e-01	6.674726494223493489e+01
8.080000000000000000e+02	1.251978088225225827e+00	7.084131146094080123e+01
8.090000000000000000e+02	9.730094341258455071e-01	6.832569337301714540e+01
8.100000000000000000e+02	1.115809774921862729e+00	6.961340478786358688e+01
8.110000000000000000e+02	7.498423036890782267e-01	6.631326917514739705e+01
8.120000000000000000e+02	2.150666638445529077e+00	7.894529425299562320e+01
8.130000000000000000e+02	8.783188834054975747e-01	6.747181513742620496e+01
8.140000000000000000e+02	9.594947126964139539e-01	6.820382348842066733e+01
8.150000000000000000e+02	8.848848455281086434e-01	6.753102413039921714e+01
8.160000000000000000e+02	1.145224174212285506e+00	6.987865105769732565e+01
8.170000000000000000e+02	6.885460564790795157e-01	6.576052625605090896e+01
8.180000000000000000e+02	7.668486880331615296e-01	6.646662535849449682e+01
8.190000000000000000e+02	1.141858599714879574e+00	6.984830176949768088e+01
8.200000000000000000e+02	1.224083438963187609e+00	7.058976963640709812e+01
8.210000000000000000e+02	1.833649730348837492e+00	7.608657354560902775e+01
8.220000000000000000e+02	7.618580128108694005e-01	6.642162161819729249e+01
8.230000000000000000e+02	1.127447118195456843e+00	6.971834529212540588e+01
8.240000000000000000e+02	6.863292186301497289e-01	6.574053577572699680e+01
8.250000000000000000e+02	1.126613004256079131e+00	6.971082361511096792e+01
8.260000000000000000e+02	1.178583096112346684e+00	7.017946731820640593e+01
8.270000000000000000e+02	7.197381274455481037e-01	6.604180279651517083e+01
8.280000000000000000e+02	8.576126979429923303e-01	6.728509575546000576e+01
8.290000000000000000e+02	8.456337004685510195e-01	6.717707436209168748e+01
8.300000000000000000e+02	8.522748509820887719e-01	6.723696137129856254e+01
8.310000000000000000e+02	1.083772772274067986e+00	6.932450902068919163e+01
8.320000000000000000e+02	8.510737939779544625e-01	6.722613076119299080e+01
8.330000000000000000e+02	9.881184225683896649e-01	6.846193966469819259e+01
8.340000000000000000e+02	8.925060977621717129e-01	6.759974927098726027e+01
8.350000000000000000e+02	8.445754918660299815e-01	6.716753189679252500e+01
8.360000000000000000e+02	6.338181829120643762e-01	6.526701407597013826e+01
8.370000000000000000e+02	5.990455614786522887e-01	6.495344968743762593e+01
8.380000000000000000e+02	1.463339501820520860e+00	7.274727683488571017e+01
8.390000000000000000e+02	1.105990716925473016e+00	6.952486079003762143e+01
8.400000000000000000e+02	6.582619131266269630e-01	6.548743701224087488e+01
8.410000000000000000e+02	8.355936580590839213e-01	6.708653762286442657e+01
8.420000000000000000e+02	8.840141372843965950e-01	6.752317246185151589e+01
8.430000000000000000e+02	9.621107566336928318e-01	6.822741383576153851e+01
8.440000000000000000e+02	6.950307205136747601e-01	6.581900213819687906e+01
8.450000000000000000e+02	8.728505704014408728e-01	6.742250426718580059e+01
8.460000000000000000e+02	8.668625852850815328e-01	6.736850721967678624e+01
8.470000000000000000e+02	1.011608709304383069e+00	6.867376486202851993e+01
8.480000000000000000e+02	9.765212488175005756e-01	6.835736139173518211e+01
8.490000000000000000e+02	6.390979414011077608e-01	6.531462464353654696e+01
8.500000000000000000e+02	8.216517829514284887e-01	6.696081585203100417e+01
8.510000000000000000e+02	6.757010045285594124e-01	6.564469515978896652e+01
8.520000000000000000e+02	9.948559819244755520e-01	6.852269604694961913e+01
8.530000000000000000e+02	7.746074736675239159e-01	6.653659071551690829e+01
8.540000000000000000e+02	9.507223327477904995e-01	6.812471797836205667e+01
8.550000000000000000e+02	1.222700569973288021e+00	7.057729952482608837e+01
8.560000000000000000e+02	8.517614258499044411e-01	6.723233152658183087e+01
8.570000000000000000e+02	7.603026026816201988e-01	6.640759560560491082e+01
8.580000000000000000e+02	1.308151749086797988e+00	7.134786112253080148e+01
8.590000000000000000e+02	8.192305926581284758e-01	6.693898261017164941e+01
8.600000000000000000e+02	1.076070272406478123e+00	6.925505122425076365e+01
8.610000000000000000e+02	7.465557803200695286e-01	6.628363273566944258e+01
8.620000000000000000e+02	6.348084951225181349e-01	6.527594428111218861e+01
8.630000000000000000e+02	8.955940219218527787e-01	6.762759482910313125e+01
8.640000000000000000e+02	9.744495282573959472e-01	6.833867951605654412e+01
8.650000000000000000e+02	5.926236888499676336e-01	6.489554003090213996e+01
8.660000000000000000e+02	1.040160450248638346e+00	6.893123205379227159e+01
8.670000000000000000e+02	8.586346972762881613e-01	6.729431170130519035e+01
8.680000000000000000e+02	8.177171379796230877e-01	6.692533493360099328e+01
8.690000000000000000e+02	1.229280515838139243e+00	7.063663461710955005e+01
8.700000000000000000e+02	1.067870767435880275e+00	6.918111165178285660e+01
8.710000000000000000e+02	6.486080563566618551e-01	6.540038272728132540e+01
8.720000000000000000e+02	7.506712377449822338e-01	6.632074414222375935e+01
8.730000000000000000e+02	8.716513159573211489e-01	6.741168991178308545e+01
8.740000000000000000e+02	6.584936342006548760e-01	6.548952657218465845e+01
8.750000000000000000e+02	9.806215162854894363e-01	6.839433582185922944e+01
8.760000000000000000e+02	6.870519006010220586e-01	6.574705260767576931e+01
8.770000000000000000e+02	6.868866832846580728e-01	6.574556274971726566e+01
8.780000000000000000e+02	7.008865126783760946e-01	6.587180712711651154e+01
8.790000000000000000e+02	8.933106065751013070e-01	6.760700398183725213e+01
8.800000000000000000e+02	8.961800267005279874e-01	6.763287916553012735e+01
8.810000000000000000e+02	1.064536076273794984e+00	6.915104085607978845e+01
8.820000000000000000e+02	1.114515831272157032e+00	6.960173656635511463e+01
8.830000000000000000e+02	1.066299920598245521e+00	6.916694643766275874e+01
8.840000000000000000e+02	7.662141444089147768e-01	6.646090331985224964e+01
8.850000000000000000e+02	1.026050077412679951e+00	6.880399084367108742e+01
8.860000000000000000e+02	9.887108930363963655e-01	6.846728230590170483e+01
8.870000000000000000e+02	8.880636852354875099e-01	6.755968952541397243e+01
8.880000000000000000e+02	7.005317578583825089e-01	6.586860810231985397e+01
8.890000000000000000e+02	6.702145401620653864e-01	6.559522060845036151e+01
8.900000000000000000e+02	1.031666104774529247e+00	6.885463373779606400e+01
8.910000000000000000e+02	1.250654994618235039e+00	7.082938037778556861e+01
8.920000000000000000e+02	1.074460042303553298e+00	6.924053086895953868e+01
8.930000000000000000e+02	9.015758452745632479e-01	6.768153631250535796e+01
8.940000000000000000e+02	9.524791733832955742e-01	6.814056040372179268e+01
8.950000000000000000e+02	8.615005874947316844e-01	6.732015505383091636e+01
8.960000000000000000e+02	6.013240463377834688e-01	6.497399607370884667e+01
8.970000000000000000e+02	1.204939899296043393e+00	7.041714151512577757e+01
8.980000000000000000e+02	8.228458219275980312e-01	6.697158317661030935e+01
8.990000000000000000e+02	6.081570505921860548e-01	6.503561313657466769e+01
9.000000000000000000e+02	1.239595559961711446e+00	7.072965120228383284e+01
9.010000000000000000e+02	8.689297342013064807e-01	6.738714787025767805e+01
9.020000000000000000e+02	8.112383527326156862e-01	6.686691206380666586e+01
9.030000000000000000e+02	7.207121984447495411e-01	6.605058654547228514e+01
9.040000000000000000e+02	9.225297432015200361e-01	6.787048945782461828e+01
9.050000000000000000e+02	9.941793084688153037e-01	6.851659409979654924e+01
9.060000000000000000e+02	8.563238224210680816e-01	6.727347323612534069e+01
9.070000000000000000e+02	1.109628582277160547e+00	6.955766547882848272e+01
9.080000000000000000e+02	9.854264439491808858e-01	6.843766457139551562e+01
9.090000000000000000e+02	1.004521198372792856e+00	6.860985276855183201e+01
9.100000000000000000e+02	7.588568393739731910e-01	6.639455834039920035e+01
9.110000000000000000e+02	7.320971792281887325e-01	6.615325135447007199e+01
9.120000000000000000e+02	1.202174709954277443e+00	7.039220623934313892e+01
9.130000000000000000e+02	7.183188816386576470e-01	6.602900465460726309e+01
9.140000000000000000e+02	2.298497463346568015e+00	8.027836838734350522e+01
9.150000000000000000e+02	9.286071185764357416e-01	6.792529258783790169e+01
9.160000000000000000e+02	9.695848747398889689e-01	6.829481218472632520e+01
9.170000000000000000e+02	9.890843169989607109e-01	6.847064968091278558e+01
9.180000000000000000e+02	1.222451104269594024e+00	7.057504995152348215e+01
9.190000000000000000e+02	8.141430949941106388e-01	6.689310576717224421e+01
9.200000000000000000e+02	7.442554038952411410e-01	6.626288894077244152e+01
9.210000000000000000e+02	9.315653715835854332e-01	6.795196882785299408e+01
9.220000000000000000e+02	9.027772218564589224e-01	6.769236980442430252e+01
9.230000000000000000e+02	1.073517450411101359e+00	6.923203098490684226e+01
9.240000000000000000e+02	9.356518704332512648e-01	6.798881909856059735e+01
9.250000000000000000e+02	7.578634817447895689e-01	6.638560067299452783e+01
9.260000000000000000e+02	6.937722171493840850e-01	6.580765350178056394e+01
9.270000000000000000e+02	8.394921821780751969e-01	6.712169281914124497e+01
9.280000000000000000e+02	5.942764497723997952e-01	6.491044391064055219e+01
9.290000000000000000e+02	7.238877927396838441e-01	6.607922267476800471e+01
9.300000000000000000e+02	1.021951764163137932e+00	6.876703403583971408e+01
9.310000000000000000e+02	7.356647687036841354e-01	6.618542232595005714e+01
9.320000000000000000e+02	7.658464341216764115e-01	6.645758746828219898e+01
9.330000000000000000e+02	6.508060060530287405e-01	6.542020288245387860e+01
9.340000000000000000e+02	7.038100394791417802e-01	6.589817022129381030e+01
9.350000000000000000e+02	8.873934909887613021e-01	6.755364600495131810e+01
9.360000000000000000e+02	1.307947329232411748e+00	7.134601775312111727e+01
9.370000000000000000e+02	1.003836172936987126e+00	6.860367550687143989e+01
9.380000000000000000e+02	8.612101971668759681e-01	6.731753644005272008e+01
9.390000000000000000e+02	7.695277231512336336e-01	6.649078373292894639e+01
9.400000000000000000e+02	7.141489161510949923e-01	6.599140171803219346e+01
9.410000000000000000e+02	7.395751247669100081e-01	6.622068421755803058e+01
9.420000000000000000e+02	7.726803329087297278e-01	6.651921259765471461e+01
9.430000000000000000e+02	6.899655766548549174e-01	6.577332687209818118e+01
9.440000000000000000e+02	7.309868690386340795e-01	6.614323905970144324e+01
9.450000000000000000e+02	7.528789413182810364e-01	6.634065225361962348e+01
9.460000000000000000e+02	9.276142700573082323e-01	6.791633951136647340e+01
9.470000000000000000e+02	7.005996026412528721e-01	6.586921989708766034e+01
9.480000000000000000e+02	1.026380143184925320e+00	6.880696723336455989e+01
9.490000000000000000e+02	7.248086015635997192e-01	6.608752612857517761e+01
9.500000000000000000e+02	8.518443185193667055e-01	6.723307901665138786e+01
9.510000000000000000e+02	7.451419658618547714e-01	6.627088357130352847e+01
9.520000000000000000e+02	9.659888183985778642e-01	6.826238451142158681e+01
9.530000000000000000e+02	6.780602704515434898e-01	6.566596999458803907e+01
9.540000000000000000e+02	7.715204930988486254e-01	6.650875366629466612e+01
9.550000000000000000e+02	9.896588826739862732e-01	6.847583086447428968e+01
9.560000000000000000e+02	6.131994167325185430e-01	6.508108300310682637e+01
9.570000000000000000e+02	1.141415197224618261e+00	6.984430335853522820e+01
9.580000000000000000e+02	9.384229620572741570e-01	6.801380759855959468e+01
9.590000000000000000e+02	8.588074886278056486e-01	6.729586985862117388e+01
9.600000000000000000e+02	6.966152778755900776e-01	6.583329098786659017e+01
9.610000000000000000e+02	9.019857896519036800e-01	6.768523301274578330e+01
9.620000000000000000e+02	7.307969349250487134e-01	6.614152631640708080e+01
9.630000000000000000e+02	9.368507383161246427e-01	6.799962996812199378e+01
9.640000000000000000e+02	6.574506404911051316e-01	6.548012130817818388e+01
9.650000000000000000e+02	8.397912018955575597e-01	6.712438924900492054e+01
9.660000000000000000e+02	9.457629766933519644e-01	6.807999666070979572e+01
9.670000000000000000e+02	1.140851478254466755e+00	6.983921998584449398e+01
9.680000000000000000e+02	7.003405670475677525e-01	6.586688402667600428e+01
9.690000000000000000e+02	7.509327561890752900e-01	6.632310240190139439e+01
9.700000000000000000e+02	7.214035539775860428e-01	6.605682088921676609e+01
9.710000000000000000e+02	1.156280410587197105e+00	6.997835139248539349e+01
9.720000000000000000e+02	7.633676858963875933e-01	6.643523519400579858e+01
9.730000000000000000e+02	7.595445024281894941e-01	6.640075938697616209e+01
9.740000000000000000e+02	1.013010359881987288e+00	6.868640433780529975e+01
9.750000000000000000e+02	7.623866170408037934e-01	6.642638834142097437e+01
9.760000000000000000e+02	5.816379719271875803e-01	6.479647560988689747e+01
9.770000000000000000e+02	7.441265771525198414e-01	6.626172723719236046e+01
9.780000000000000000e+02	9.098915812662402569e-01	6.775652400580945312e+01
9.790000000000000000e+02	1.004421201104003014e+00	6.860895103663889927e+01
9.800000000000000000e+02	1.049576470671493844e+00	6.901614163393296053e+01
9.810000000000000000e+02	6.883510303835607136e-01	6.575876759547634265e+01
9.820000000000000000e+02	1.685259373640243252e+00	7.474845379658303557e+01
9.830000000000000000e+02	5.996636299711282092e-01	6.495902316050134573e+01
9.840000000000000000e+02	9.823072141753401709e-01	6.840953671285600990e+01
9.850000000000000000e+02	8.490544052078596859e-01	6.720792079085420312e+01
9.860000000000000000e+02	1.208753846284907674e+00	7.045153403159879701e+01
9.870000000000000000e+02	6.524080540276355755e-01	6.543464945486772422e+01
9.880000000000000000e+02	9.735282634071806829e-01	6.833037195000238739e+01
9.890000000000000000e+02	9.050717439002191611e-01	6.771306080705704744e+01
9.900000000000000000e+02	6.936315424016863407e-01	6.580638495804053889e+01
9.910000000000000000e+02	8.224273714772889488e-01	6.696780977230044130e+01
9.920000000000000000e+02	1.045121149259834459e+00	6.897596548164493413e+01
9.930000000000000000e+02	6.943993598616955421e-01	6.581330880221527480e+01
9.940000000000000000e+02	8.755696249574687062e-01	6.744702351952000186e+01
9.950000000000000000e+02	9.598821936247388109e-01	6.820731762304006907e+01
9.960000000000000000e+02	1.372170068493325568e+00	7.192515050573211965e+01
9.970000000000000000e+02	8.411513177937979258e-01	6.713665418309341248e+01
9.980000000000000000e+02	7.749586577839195911e-01	6.653975754126028619e+01
9.990000000000000000e+02	1.121727063566243299e+00	6.966676432531171770e+01
