POISSON BOLTZMANN:
Frame #,BOND,ANGLE,DIHED,UB,IMP,CMAP,VDWAALS,EEL,1-4 VDW,1-4 EEL,EPB,ENPOLAR,EDISPER,G gas,G solv,TOTAL
0,541.9997,1463.9384,-1099.273,0.0,0.0,0.0,-1286.2924,-16028.9786,584.002,11760.8121,-2001.2711,41.0687,0.0,-4063.7918000000027,-1960.2024,-6023.994200000003
1,513.2562,1427.8931,-1070.9431,0.0,0.0,0.0,-1249.8013,-16118.1842,594.0405,11855.5045,-2056.7615,41.4994,0.0,-4048.2343,-2015.2621000000001,-6063.496400000001
2,517.2975,1474.4531,-1057.0394,0.0,0.0,0.0,-1266.3398,-16191.2587,613.6541,11818.1958,-1941.9926,40.9473,0.0,-4091.037400000003,-1901.0453,-5992.082700000003
3,513.8238,1382.6732,-1073.7003,0.0,0.0,0.0,-1262.0066,-16169.6381,613.4645,11919.8248,-2048.414,41.3627,0.0,-4075.5587000000014,-2007.0513000000003,-6082.610000000002
4,487.5635,1426.9648,-1077.6114,0.0,0.0,0.0,-1248.4123,-16237.8781,628.7897,11874.8741,-1954.654,40.2989,0.0,-4145.709700000001,-1914.3551,-6060.064800000002
5,527.7643,1470.0615,-1130.7861,0.0,0.0,0.0,-1241.0712,-16294.7244,606.5961,11830.0396,-1872.5794,41.0312,0.0,-4232.120199999999,-1831.5482000000002,-6063.6684
6,526.2731,1445.819,-1096.5518,0.0,0.0,0.0,-1262.853,-16237.2787,594.1573,11803.3842,-1918.6361,40.6676,0.0,-4227.0499,-1877.9685,-6105.0184
7,520.9315,1440.7552,-1101.4594,0.0,0.0,0.0,-1263.8576,-16154.6997,620.268,11809.1105,-2007.2539,41.1626,0.0,-4128.951499999997,-1966.0913,-6095.042799999997
8,519.7949,1425.8867,-1103.1051,0.0,0.0,0.0,-1262.2666,-16145.1072,599.621,11807.8459,-1973.8602,40.3473,0.0,-4157.330400000003,-1933.5129000000002,-6090.843300000002
9,525.5326,1417.5127,-1065.4254,0.0,0.0,0.0,-1277.3739,-16122.4666,603.4379,11837.7617,-2026.9018,41.1792,0.0,-4081.0210000000006,-1985.7226,-6066.743600000001
10,494.7361,1415.034,-1073.3991,0.0,0.0,0.0,-1268.5656,-16086.377,608.8491,11879.1709,-2082.1523,41.3022,0.0,-4030.5516000000007,-2040.8501,-6071.4017
11,492.3733,1433.2424,-1081.9468,0.0,0.0,0.0,-1267.0086,-16118.9279,610.4465,11881.1159,-2049.5179,41.0455,0.0,-4050.7051999999985,-2008.4723999999999,-6059.177599999998
12,518.912,1426.9955,-1106.6902,0.0,0.0,0.0,-1231.2678,-16170.9494,612.1462,11806.4239,-1982.849,41.0932,0.0,-4144.4298,-1941.7558,-6086.1856
13,531.2035,1385.518,-1102.5719,0.0,0.0,0.0,-1270.1614,-16213.3995,604.4078,11829.4882,-1968.0931,40.658,0.0,-4235.515299999999,-1927.4351000000001,-6162.950399999999
14,537.4033,1453.9429,-1108.2714,0.0,0.0,0.0,-1240.4534,-16224.4054,629.8981,11868.7184,-1992.3795,41.3103,0.0,-4083.1674999999996,-1951.0692,-6034.2366999999995
15,534.5496,1427.0602,-1068.3956,0.0,0.0,0.0,-1281.7975,-16102.8188,590.6581,11771.3058,-1989.9844,41.2276,0.0,-4129.438199999999,-1948.7568,-6078.194999999999
16,522.857,1440.4643,-1032.3806,0.0,0.0,0.0,-1277.5235,-16414.9505,604.6859,11870.224,-1826.1619,39.7324,0.0,-4286.623399999999,-1786.4295,-6073.052899999999
17,518.5807,1399.0609,-1060.9444,0.0,0.0,0.0,-1276.2042,-16225.9813,606.4234,11856.3448,-1994.2958,40.2161,0.0,-4182.7201000000005,-1954.0797,-6136.799800000001
18,490.6047,1392.1524,-1088.9758,0.0,0.0,0.0,-1265.3993,-16122.9172,622.1696,11840.9785,-2063.1624,41.7838,0.0,-4131.3871,-2021.3786000000002,-6152.7657
19,480.2418,1403.1849,-1048.0809,0.0,0.0,0.0,-1284.8308,-16174.7166,619.9637,11857.4822,-1952.5311,39.8468,0.0,-4146.7557,-1912.6843,-6059.44
20,495.0085,1418.2297,-1065.2903,0.0,0.0,0.0,-1279.9701,-16169.3726,609.0218,11800.1029,-1970.7099,40.742,0.0,-4192.270100000002,-1929.9679,-6122.238000000001
21,497.6202,1445.6756,-1095.1398,0.0,0.0,0.0,-1272.7197,-16342.4136,610.6942,11872.9795,-1906.0703,40.2344,0.0,-4283.303599999999,-1865.8359,-6149.139499999999
22,487.2398,1438.7954,-1085.3004,0.0,0.0,0.0,-1247.6684,-16329.7238,624.2128,11880.1551,-1921.4661,40.6911,0.0,-4232.289500000001,-1880.775,-6113.0645
23,550.5962,1405.9198,-1072.9516,0.0,0.0,0.0,-1272.2189,-16217.3959,601.8639,11850.0804,-1994.4084,40.7837,0.0,-4154.106099999999,-1953.6247,-6107.730799999999
24,499.3054,1390.8807,-1074.9416,0.0,0.0,0.0,-1269.0243,-16208.842,614.7094,11821.0747,-1950.187,40.7521,0.0,-4226.837700000002,-1909.4349,-6136.272600000002
25,497.8251,1403.9399,-1086.3106,0.0,0.0,0.0,-1271.2541,-15984.9349,629.5947,11877.4791,-2181.7779,41.4189,0.0,-3933.6607999999997,-2140.359,-6074.0198
26,511.1436,1479.6709,-1087.9246,0.0,0.0,0.0,-1272.4541,-16289.5005,606.4278,11844.4647,-1898.9748,39.987,0.0,-4208.172199999999,-1858.9877999999999,-6067.159999999999
27,542.456,1435.5713,-1062.7501,0.0,0.0,0.0,-1264.2949,-16147.3759,599.4183,11862.7825,-2036.2379,41.2661,0.0,-4034.1928000000007,-1994.9718,-6029.164600000001
28,494.4515,1395.8435,-1108.9424,0.0,0.0,0.0,-1289.564,-16071.3444,613.735,11877.2059,-2103.3401,40.5695,0.0,-4088.614899999997,-2062.7706,-6151.385499999997
29,501.4956,1402.7901,-1087.2314,0.0,0.0,0.0,-1261.8502,-16018.6095,605.4465,11868.4431,-2147.682,40.6855,0.0,-3989.515799999999,-2106.9964999999997,-6096.512299999999
30,482.4267,1446.1745,-1080.2614,0.0,0.0,0.0,-1286.7514,-16130.7415,612.8001,11855.1079,-2075.6179,40.3832,0.0,-4101.245099999998,-2035.2347000000002,-6136.479799999998
31,513.2761,1421.4204,-1082.1304,0.0,0.0,0.0,-1279.2494,-16107.8038,594.7967,11802.5911,-2030.416,40.4563,0.0,-4137.099299999998,-1989.9596999999999,-6127.058999999998
32,528.5273,1377.1938,-1086.9842,0.0,0.0,0.0,-1257.0377,-16241.4791,619.7334,11925.6706,-2035.0587,40.2627,0.0,-4134.375900000003,-1994.796,-6129.171900000002
33,538.4634,1371.5428,-1085.6605,0.0,0.0,0.0,-1285.0229,-16285.341,611.3077,11918.3201,-1973.3546,40.4129,0.0,-4216.390399999998,-1932.9416999999999,-6149.332099999998
34,506.5874,1398.8863,-1111.8929,0.0,0.0,0.0,-1280.6126,-16024.4936,617.1156,11793.3036,-2085.9946,40.4614,0.0,-4101.1062,-2045.5332,-6146.6394
35,519.3553,1407.2828,-1084.3993,0.0,0.0,0.0,-1284.0404,-16031.4348,621.4125,11839.1526,-2112.0374,41.9574,0.0,-4012.671300000002,-2070.0800000000004,-6082.751300000002
36,522.3895,1418.7106,-1084.787,0.0,0.0,0.0,-1276.687,-16248.1237,624.4869,11845.9953,-1900.3052,41.34,0.0,-4198.015399999998,-1858.9652,-6056.980599999998
37,505.6012,1427.785,-1092.9991,0.0,0.0,0.0,-1264.7407,-16213.9643,612.7534,11842.1612,-1964.3718,40.7098,0.0,-4183.403299999998,-1923.6619999999998,-6107.065299999998
38,472.5463,1464.324,-1059.4654,0.0,0.0,0.0,-1270.6556,-16369.9386,631.2263,11858.5431,-1817.7665,40.5595,0.0,-4273.419899999997,-1777.2069999999999,-6050.626899999997
39,530.4816,1383.2645,-1094.8536,0.0,0.0,0.0,-1245.2666,-16338.2329,599.4651,11862.9468,-1879.6674,40.7107,0.0,-4302.195100000001,-1838.9567,-6141.1518000000015
40,493.22,1459.6395,-1115.4776,0.0,0.0,0.0,-1277.555,-16317.1746,601.8548,11865.4498,-1887.1149,40.6777,0.0,-4290.043099999999,-1846.4372,-6136.480299999999
41,487.3305,1437.3181,-1092.1326,0.0,0.0,0.0,-1259.296,-16208.0828,595.5889,11843.3928,-1947.1762,40.2207,0.0,-4195.881099999999,-1906.9555,-6102.836599999999
42,503.8679,1485.7102,-1112.1906,0.0,0.0,0.0,-1279.1683,-16264.0962,599.504,11873.4581,-1923.5871,40.5273,0.0,-4192.9149,-1883.0598,-6075.9747
43,510.835,1394.9596,-1072.7779,0.0,0.0,0.0,-1276.2445,-16156.0822,620.1628,11835.9818,-1989.7979,40.2094,0.0,-4143.165400000002,-1949.5885,-6092.7539000000015
44,527.0431,1426.5086,-1090.1262,0.0,0.0,0.0,-1256.2765,-16263.4664,606.831,11783.2615,-1901.6766,41.0246,0.0,-4266.224899999999,-1860.652,-6126.876899999999
45,492.2173,1357.5693,-1100.2297,0.0,0.0,0.0,-1264.0245,-16176.7591,615.0105,11891.9791,-1983.7238,42.0298,0.0,-4184.2370999999985,-1941.694,-6125.931099999998
46,503.5045,1375.9623,-1074.4053,0.0,0.0,0.0,-1250.3867,-16144.7006,608.9702,11875.2492,-2037.0423,41.0321,0.0,-4105.8063999999995,-1996.0102000000002,-6101.816599999999
47,525.23,1421.4433,-1086.6771,0.0,0.0,0.0,-1261.9022,-16103.4912,598.6939,11753.6157,-1989.9841,40.1759,0.0,-4153.087599999999,-1949.8082,-6102.895799999998
48,541.1671,1401.8344,-1099.5385,0.0,0.0,0.0,-1236.1602,-16167.3141,605.9769,11806.5449,-2002.271,40.5193,0.0,-4147.489499999998,-1961.7517,-6109.241199999998
49,505.0546,1384.6134,-1076.8193,0.0,0.0,0.0,-1257.3702,-16092.8763,622.0161,11876.3147,-2104.2546,41.1809,0.0,-4039.0669999999973,-2063.0737000000004,-6102.140699999997
50,500.1301,1454.5981,-1090.7925,0.0,0.0,0.0,-1286.7066,-16289.3785,631.5242,11934.8677,-1976.1397,39.7375,0.0,-4145.7575000000015,-1936.4022,-6082.159700000001
51,505.7076,1382.9024,-1112.4111,0.0,0.0,0.0,-1244.7703,-16275.0411,599.4902,11795.008,-1895.2656,40.2576,0.0,-4349.114299999999,-1855.008,-6204.122299999999
52,521.931,1431.8399,-1103.1763,0.0,0.0,0.0,-1277.8671,-16001.572,592.3877,11762.5299,-2079.0088,41.3428,0.0,-4073.9269000000004,-2037.6660000000002,-6111.5929
53,502.2792,1460.8203,-1112.125,0.0,0.0,0.0,-1280.3492,-16110.5156,589.6439,11809.7061,-2017.441,41.549,0.0,-4140.540300000001,-1975.892,-6116.4323
54,500.8738,1418.7695,-1064.7769,0.0,0.0,0.0,-1295.7233,-16122.7143,595.3272,11845.7952,-2054.1431,41.3522,0.0,-4122.448799999998,-2012.7908999999997,-6135.239699999997
55,530.5132,1425.399,-1103.3412,0.0,0.0,0.0,-1272.3987,-16084.6761,616.2197,11804.0299,-2030.3772,40.3813,0.0,-4084.254200000003,-1989.9959,-6074.250100000003
56,510.6093,1423.8092,-1087.3241,0.0,0.0,0.0,-1283.3854,-16101.3945,595.1184,11832.4665,-2016.7423,40.1272,0.0,-4110.1006,-1976.6151,-6086.7157
57,494.902,1402.6369,-1119.5352,0.0,0.0,0.0,-1272.767,-16040.8035,606.123,11800.4143,-2075.5904,40.3131,0.0,-4129.029500000001,-2035.2773,-6164.3068
58,467.1236,1437.9405,-1090.0878,0.0,0.0,0.0,-1252.2972,-16108.3525,609.181,11846.6105,-2034.5163,40.0527,0.0,-4089.8818999999985,-1994.4636,-6084.3454999999985
59,527.0976,1448.7838,-1082.3264,0.0,0.0,0.0,-1273.7586,-15941.0149,613.2681,11749.69,-2126.4258,40.8159,0.0,-3958.260399999999,-2085.6099,-6043.8703
60,524.0371,1479.2626,-1088.1332,0.0,0.0,0.0,-1280.815,-16206.5121,606.9696,11815.0348,-1942.5401,39.7349,0.0,-4150.156199999999,-1902.8052,-6052.961399999999
61,538.7914,1422.5464,-1087.5014,0.0,0.0,0.0,-1257.4581,-16155.9815,582.1986,11791.4044,-1982.1918,40.8261,0.0,-4166.000200000002,-1941.3657,-6107.3659000000025
62,524.5025,1452.2337,-1105.119,0.0,0.0,0.0,-1293.6584,-16228.9918,607.5831,11837.2232,-1922.9387,39.6569,0.0,-4206.226699999999,-1883.2818,-6089.508499999999
63,510.7219,1439.4201,-1077.2132,0.0,0.0,0.0,-1279.5748,-16291.3411,615.3127,11861.5785,-1867.7965,40.8082,0.0,-4221.095899999998,-1826.9883,-6048.084199999998
64,544.2797,1422.8546,-1081.7341,0.0,0.0,0.0,-1260.4833,-16242.8252,600.3173,11851.7469,-1935.2647,40.9603,0.0,-4165.844099999998,-1894.3044,-6060.148499999998
65,534.4698,1428.8588,-1070.693,0.0,0.0,0.0,-1253.4926,-15989.3974,605.3752,11820.7939,-2133.5642,41.9438,0.0,-3924.085299999999,-2091.6204,-6015.705699999999
66,499.5193,1461.2071,-1111.5139,0.0,0.0,0.0,-1268.7748,-16099.9964,632.9846,11857.1012,-2013.7874,40.9242,0.0,-4029.4729000000025,-1972.8632,-6002.336100000002
67,534.7177,1429.9663,-1092.869,0.0,0.0,0.0,-1288.9683,-16142.1,605.7532,11824.3632,-1983.6291,40.5645,0.0,-4129.136900000001,-1943.0646000000002,-6072.201500000001
68,518.1748,1415.0041,-1085.0117,0.0,0.0,0.0,-1268.4462,-16117.3547,615.4287,11842.9043,-1991.9442,41.1198,0.0,-4079.300699999998,-1950.8244,-6030.1250999999975
69,494.1701,1387.5276,-1085.885,0.0,0.0,0.0,-1252.956,-16195.4816,605.0233,11882.7186,-2009.7412,40.4727,0.0,-4164.882999999998,-1969.2685,-6134.151499999998
70,523.6465,1419.0502,-1106.8289,0.0,0.0,0.0,-1266.7853,-16186.4697,625.0913,11837.3976,-1961.5717,40.3252,0.0,-4154.898300000001,-1921.2465,-6076.144800000001
71,520.5006,1411.3117,-1089.9289,0.0,0.0,0.0,-1260.1322,-15951.2232,596.2395,11781.8289,-2109.6798,41.3772,0.0,-3991.4035999999996,-2068.3026,-6059.7062
72,511.7588,1432.0057,-1087.0699,0.0,0.0,0.0,-1257.9201,-16068.7149,598.7854,11839.6458,-2074.9346,40.8627,0.0,-4031.5091999999986,-2034.0719000000001,-6065.581099999999
73,518.6885,1422.4425,-1128.3431,0.0,0.0,0.0,-1278.4529,-16156.1895,613.6507,11857.5413,-2005.9337,41.0343,0.0,-4150.6625,-1964.8994,-6115.5619
74,480.2464,1426.318,-1114.4694,0.0,0.0,0.0,-1264.0556,-16100.9893,603.3894,11841.865,-2057.8654,41.3415,0.0,-4127.6955,-2016.5239000000001,-6144.2194
75,492.9522,1442.197,-1121.3064,0.0,0.0,0.0,-1246.254,-15997.0624,604.8851,11821.721,-2097.9878,41.3066,0.0,-4002.867500000002,-2056.6812,-6059.548700000002
76,498.4208,1401.9464,-1092.2738,0.0,0.0,0.0,-1256.8654,-15953.0091,594.9405,11829.165,-2197.4235,41.936,0.0,-3977.6755999999987,-2155.4874999999997,-6133.163099999999
77,510.6461,1371.2509,-1120.0767,0.0,0.0,0.0,-1237.5404,-15875.2069,593.902,11829.3761,-2205.7079,41.277,0.0,-3927.6489,-2164.4309,-6092.0797999999995
78,505.7639,1444.2133,-1098.4951,0.0,0.0,0.0,-1246.3285,-15978.3293,602.2695,11837.1448,-2141.1837,42.142,0.0,-3933.7613999999994,-2099.0417,-6032.803099999999
79,518.5356,1439.5932,-1108.6021,0.0,0.0,0.0,-1239.4747,-15942.9405,592.9909,11770.7382,-2155.4336,40.9832,0.0,-3969.1594000000005,-2114.4503999999997,-6083.609800000001
80,517.8673,1378.5896,-1087.5555,0.0,0.0,0.0,-1269.5898,-16037.9459,617.5235,11853.2711,-2094.2575,42.2338,0.0,-4027.8397000000023,-2052.0237,-6079.863400000002
81,517.1553,1425.8887,-1108.1988,0.0,0.0,0.0,-1261.3712,-16120.3981,606.2745,11790.5606,-2037.0108,41.6066,0.0,-4150.089,-1995.4042,-6145.4932
82,534.0192,1450.2524,-1107.0606,0.0,0.0,0.0,-1246.7899,-16129.1735,606.4671,11820.5886,-2050.0699,41.9868,0.0,-4071.6967000000022,-2008.0831,-6079.779800000003
83,512.5816,1422.4213,-1095.3819,0.0,0.0,0.0,-1248.9831,-16181.7773,608.7606,11798.5526,-1969.1304,41.2158,0.0,-4183.8261999999995,-1927.9146,-6111.7408
84,497.37,1449.2706,-1111.4293,0.0,0.0,0.0,-1270.369,-15966.0577,596.8008,11753.058,-2113.8023,42.452,0.0,-4051.356599999999,-2071.3503,-6122.706899999998
85,511.8723,1413.8678,-1082.5269,0.0,0.0,0.0,-1230.7479,-16054.5331,589.7677,11753.7173,-2032.1618,42.8034,0.0,-4098.5828,-1989.3584,-6087.9412
86,562.7814,1441.577,-1100.795,0.0,0.0,0.0,-1253.561,-16017.5716,592.0824,11737.505,-2029.236,41.1142,0.0,-4037.9818000000014,-1988.1218000000001,-6026.103600000001
87,510.5282,1430.6633,-1100.3259,0.0,0.0,0.0,-1261.1675,-16010.5624,600.2037,11799.5743,-2064.7301,40.9308,0.0,-4031.086300000001,-2023.7993000000001,-6054.885600000001
88,513.2234,1409.1487,-1126.4445,0.0,0.0,0.0,-1271.721,-15946.1538,598.2732,11809.9056,-2149.0284,42.3215,0.0,-4013.768399999999,-2106.7069,-6120.475299999999
89,513.0189,1395.003,-1121.7352,0.0,0.0,0.0,-1255.1007,-16067.1512,610.5086,11800.5587,-2055.6981,41.4448,0.0,-4124.8979,-2014.2533,-6139.151199999999
90,512.9736,1484.7018,-1073.2244,0.0,0.0,0.0,-1248.8791,-16002.6449,586.7371,11845.2139,-2155.5587,42.0275,0.0,-3895.1219999999994,-2113.5312,-6008.653199999999
91,494.609,1450.9227,-1085.6658,0.0,0.0,0.0,-1253.0342,-16029.2892,592.512,11808.9736,-2081.9846,41.7137,0.0,-4020.9719000000005,-2040.2708999999998,-6061.2428
92,503.3629,1395.9058,-1080.9164,0.0,0.0,0.0,-1241.6184,-15999.2039,600.3846,11832.1922,-2144.5253,42.504,0.0,-3989.8932000000023,-2102.0213,-6091.914500000002
93,507.7876,1453.6778,-1071.1698,0.0,0.0,0.0,-1246.4232,-16041.2946,597.2208,11851.2797,-2105.8375,42.4198,0.0,-3948.9217000000026,-2063.4177,-6012.339400000003
94,554.3882,1393.418,-1101.4935,0.0,0.0,0.0,-1248.8401,-16106.0372,584.2632,11845.3863,-2057.6786,42.6914,0.0,-4078.915100000002,-2014.9872000000003,-6093.9023000000025
95,500.9847,1465.8152,-1117.3306,0.0,0.0,0.0,-1216.346,-15980.7881,598.7233,11802.9877,-2111.0222,42.3684,0.0,-3945.953800000001,-2068.6538,-6014.6076
96,520.069,1420.8926,-1127.5101,0.0,0.0,0.0,-1233.2329,-16095.4391,594.3708,11812.9665,-2038.4448,41.1769,0.0,-4107.883199999998,-1997.2679,-6105.151099999998
97,488.059,1425.3274,-1103.4366,0.0,0.0,0.0,-1236.7855,-16106.067,602.5851,11782.6489,-2045.7401,40.9992,0.0,-4147.668699999998,-2004.7409,-6152.409599999998
98,533.4658,1414.2042,-1112.5668,0.0,0.0,0.0,-1261.9666,-16038.1285,606.4117,11742.1122,-2008.6136,41.1283,0.0,-4116.468000000001,-1967.4852999999998,-6083.9533
99,549.9059,1420.4711,-1099.1164,0.0,0.0,0.0,-1240.5749,-16234.3529,610.6429,11868.0538,-1979.9824,41.7687,0.0,-4124.970499999999,-1938.2137,-6063.1842
100,516.6472,1467.0696,-1062.9685,0.0,0.0,0.0,-1239.132,-16024.689,612.0662,11842.7112,-2092.081,41.9109,0.0,-3888.2953000000016,-2050.1701000000003,-5938.465400000002
101,497.8621,1441.9717,-1083.9758,0.0,0.0,0.0,-1246.7029,-16121.6631,607.4316,11818.7956,-2032.5934,41.0553,0.0,-4086.2807999999986,-1991.5381,-6077.818899999998
102,494.2606,1435.4994,-1102.7112,0.0,0.0,0.0,-1263.9614,-16151.3258,623.8874,11826.2021,-2002.7306,41.1934,0.0,-4138.148900000002,-1961.5372000000002,-6099.686100000002
103,516.3846,1416.0762,-1099.3944,0.0,0.0,0.0,-1267.458,-16062.8342,587.6109,11730.6367,-2010.9741,40.7712,0.0,-4178.978200000001,-1970.2029,-6149.181100000001
104,545.3932,1400.9449,-1114.0716,0.0,0.0,0.0,-1254.9103,-16162.7794,612.216,11850.6177,-2014.6835,41.3507,0.0,-4122.5895,-1973.3328000000001,-6095.9223
105,519.9543,1472.6052,-1136.7653,0.0,0.0,0.0,-1255.9816,-16103.9958,598.5178,11791.8641,-1998.0024,41.0362,0.0,-4113.801299999999,-1956.9662,-6070.7675
106,488.4553,1406.6734,-1105.6501,0.0,0.0,0.0,-1226.6934,-16101.7598,608.3124,11781.1053,-2046.0114,41.8269,0.0,-4149.556900000001,-2004.1845,-6153.741400000002
107,511.1873,1387.7849,-1078.4441,0.0,0.0,0.0,-1273.9381,-16003.5707,607.8877,11934.7572,-2169.595,41.642,0.0,-3914.3358000000007,-2127.953,-6042.2888
108,494.0425,1389.9974,-1107.3797,0.0,0.0,0.0,-1262.8733,-15965.9122,599.97,11769.0781,-2102.4324,42.1126,0.0,-4083.0771999999997,-2060.3198,-6143.396999999999
109,517.2234,1400.0158,-1108.6977,0.0,0.0,0.0,-1256.6086,-16087.2729,613.5447,11774.7737,-2043.3384,40.6598,0.0,-4147.0216,-2002.6786000000002,-6149.7002
110,503.402,1453.6762,-1086.932,0.0,0.0,0.0,-1250.7904,-16079.3496,606.8627,11785.3846,-2025.8376,40.5537,0.0,-4067.746500000001,-1985.2839000000001,-6053.030400000001
111,523.3784,1412.75,-1122.1427,0.0,0.0,0.0,-1270.4354,-16057.2844,589.7386,11829.9557,-2049.5138,42.4143,0.0,-4094.0398000000005,-2007.0995000000003,-6101.139300000001
112,460.8996,1447.9793,-1099.9574,0.0,0.0,0.0,-1295.8836,-16094.9428,607.1127,11859.5559,-2048.3609,42.5256,0.0,-4115.236300000002,-2005.8353000000002,-6121.071600000002
113,513.0855,1399.2966,-1091.2682,0.0,0.0,0.0,-1251.4441,-16148.7896,604.4721,11870.5145,-2042.7194,41.5017,0.0,-4104.133200000002,-2001.2177,-6105.350900000002
114,520.8829,1407.689,-1065.2528,0.0,0.0,0.0,-1217.8415,-16159.717,605.6984,11832.0511,-2018.4262,42.3369,0.0,-4076.4899000000023,-1976.0893,-6052.579200000002
115,522.4706,1431.917,-1152.1727,0.0,0.0,0.0,-1262.0879,-16150.8847,588.1621,11814.0094,-1959.0206,40.696,0.0,-4208.586200000002,-1918.3246000000001,-6126.9108000000015
116,496.8813,1397.617,-1083.2256,0.0,0.0,0.0,-1237.8842,-16033.1056,602.1713,11831.175,-2104.4644,42.8666,0.0,-4026.3708000000024,-2061.5978,-6087.968600000002
117,493.6335,1389.957,-1095.413,0.0,0.0,0.0,-1260.101,-16202.9621,610.6038,11773.3309,-1879.8967,40.7143,0.0,-4290.9509,-1839.1824,-6130.1333
118,502.9002,1393.936,-1111.023,0.0,0.0,0.0,-1287.427,-16140.1331,594.542,11759.7364,-1907.5925,40.1858,0.0,-4287.468499999999,-1867.4067,-6154.875199999999
119,471.3302,1388.6362,-1093.9363,0.0,0.0,0.0,-1299.4949,-16053.189,593.6612,11810.7692,-2006.1219,41.6236,0.0,-4182.223399999999,-1964.4983000000002,-6146.721699999999
120,513.1426,1408.6427,-1101.4763,0.0,0.0,0.0,-1267.0538,-15984.816,616.6617,11776.9563,-2067.7493,42.0245,0.0,-4037.942799999999,-2025.7248,-6063.667599999998
121,542.4268,1427.9479,-1081.764,0.0,0.0,0.0,-1252.3252,-16083.8843,606.5312,11790.5599,-2007.8996,42.5715,0.0,-4050.5077,-1965.3281,-6015.8358
122,519.6583,1401.2898,-1089.6367,0.0,0.0,0.0,-1256.56,-16015.1552,609.31,11761.6883,-2012.047,42.5161,0.0,-4069.4055000000008,-1969.5309,-6038.936400000001
123,509.3795,1415.8662,-1114.7433,0.0,0.0,0.0,-1201.2669,-16216.9306,628.8787,11854.7003,-1960.4053,43.6982,0.0,-4124.116100000001,-1916.7070999999999,-6040.823200000002
124,495.5442,1416.5048,-1095.4368,0.0,0.0,0.0,-1220.6405,-16129.6011,591.404,11800.6868,-1963.4712,43.1148,0.0,-4141.538599999998,-1920.3564,-6061.894999999998
125,507.3642,1381.054,-1082.4417,0.0,0.0,0.0,-1249.2501,-16124.5432,613.6598,11744.2257,-1926.3173,42.3521,0.0,-4209.9313,-1883.9651999999999,-6093.8965
126,533.6393,1419.5553,-1065.4507,0.0,0.0,0.0,-1261.1808,-16068.0269,594.6794,11747.2699,-1950.3163,42.2236,0.0,-4099.514500000001,-1908.0927,-6007.607200000001
127,492.1521,1479.4748,-1109.9789,0.0,0.0,0.0,-1266.9013,-16129.1976,592.2729,11767.7662,-1951.1595,41.6998,0.0,-4174.4118,-1909.4596999999999,-6083.871499999999
128,513.2422,1399.6322,-1066.7434,0.0,0.0,0.0,-1270.9498,-16180.7873,596.2232,11825.6434,-1913.9409,41.1919,0.0,-4183.7395,-1872.749,-6056.4884999999995
129,508.4503,1429.4391,-1101.5769,0.0,0.0,0.0,-1281.4472,-16114.9007,604.1824,11798.2084,-1960.1895,41.2896,0.0,-4157.644600000001,-1918.8999,-6076.544500000002
130,503.2302,1384.8006,-1072.3592,0.0,0.0,0.0,-1252.9655,-16129.6079,607.5039,11804.5622,-1971.487,41.0201,0.0,-4154.8357,-1930.4669000000001,-6085.3026
131,477.5948,1398.9775,-1066.385,0.0,0.0,0.0,-1290.5016,-15995.0949,602.3818,11827.4384,-2090.1956,42.6331,0.0,-4045.5890000000036,-2047.5625,-6093.151500000004
132,506.1286,1427.8823,-1074.6441,0.0,0.0,0.0,-1289.8575,-16050.7849,591.279,11781.9087,-2002.9756,41.807,0.0,-4108.0879,-1961.1686,-6069.2565
133,499.9965,1452.5875,-1079.0553,0.0,0.0,0.0,-1272.0277,-16083.3427,619.8958,11815.6468,-2001.2449,41.513,0.0,-4046.2991,-1959.7319,-6006.031
134,505.9555,1407.0941,-1069.6376,0.0,0.0,0.0,-1252.8966,-16123.8856,617.8977,11808.5519,-2002.4048,41.7857,0.0,-4106.920600000001,-1960.6191000000001,-6067.539700000001
135,500.4762,1444.3047,-1088.6741,0.0,0.0,0.0,-1265.4155,-15880.7143,599.6532,11793.7779,-2207.9776,42.1413,0.0,-3896.5918999999994,-2165.8363,-6062.428199999999
136,508.3168,1396.7025,-1085.0519,0.0,0.0,0.0,-1258.3948,-16000.709,617.4928,11800.9927,-2107.2373,42.7943,0.0,-4020.6508999999987,-2064.4429999999998,-6085.093899999999
137,543.8007,1388.1657,-1085.4204,0.0,0.0,0.0,-1256.2713,-15976.7233,606.6939,11751.1524,-2089.1601,41.7206,0.0,-4028.6022999999986,-2047.4395,-6076.041799999999
138,496.1755,1409.5417,-1078.4815,0.0,0.0,0.0,-1270.6393,-16001.4482,617.8906,11831.8314,-2129.0087,43.2424,0.0,-3995.1298000000006,-2085.7663,-6080.896100000001
139,513.4821,1448.3549,-1083.0981,0.0,0.0,0.0,-1255.308,-16002.3786,605.7904,11753.705,-2060.8371,42.9784,0.0,-4019.452300000001,-2017.8587000000002,-6037.3110000000015
140,502.9861,1476.9156,-1079.875,0.0,0.0,0.0,-1271.7656,-16054.0777,579.9424,11730.3531,-1955.0161,42.003,0.0,-4115.521099999998,-1913.0131000000001,-6028.534199999998
141,527.8594,1420.0603,-1105.2518,0.0,0.0,0.0,-1268.3639,-16006.3294,600.9081,11754.7966,-2044.2456,41.2945,0.0,-4076.3206999999984,-2002.9511,-6079.271799999999
142,523.9207,1406.5356,-1090.4243,0.0,0.0,0.0,-1257.6183,-16159.4729,607.0872,11769.0006,-1971.0763,40.9392,0.0,-4200.9714,-1930.1371,-6131.1085
143,535.5468,1416.7175,-1118.6622,0.0,0.0,0.0,-1299.4849,-16012.9397,590.888,11735.8187,-2012.0767,40.5946,0.0,-4152.115800000001,-1971.4821000000002,-6123.597900000001
144,516.0228,1416.4532,-1092.6971,0.0,0.0,0.0,-1261.1401,-16028.9234,588.1433,11750.4025,-1994.4792,40.7976,0.0,-4111.738799999999,-1953.6816,-6065.420399999999
145,523.6183,1407.5355,-1085.3669,0.0,0.0,0.0,-1268.7162,-16056.5915,598.5269,11782.2249,-2060.2347,40.6509,0.0,-4098.769000000002,-2019.5837999999999,-6118.352800000002
146,525.7473,1417.2444,-1081.7808,0.0,0.0,0.0,-1285.6253,-16116.464,603.7389,11769.8254,-1960.7589,40.1784,0.0,-4167.314100000001,-1920.5805,-6087.894600000001
147,489.576,1430.0598,-1077.3657,0.0,0.0,0.0,-1244.5647,-16078.8608,606.0887,11813.0313,-2056.6312,40.0534,0.0,-4062.035399999999,-2016.5777999999998,-6078.613199999999
148,497.5555,1373.6633,-1097.1967,0.0,0.0,0.0,-1264.8315,-16140.2439,607.1687,11829.801,-1966.3297,40.8531,0.0,-4194.0836,-1925.4766,-6119.5602
149,516.2453,1385.6261,-1088.785,0.0,0.0,0.0,-1293.2364,-16041.278,611.6875,11817.2357,-2042.6172,40.6843,0.0,-4092.5048000000006,-2001.9329,-6094.4377
150,518.7648,1433.8802,-1098.5374,0.0,0.0,0.0,-1252.427,-16201.1466,612.4524,11835.7119,-1970.7901,40.0608,0.0,-4151.3017,-1930.7293,-6082.031
151,511.6516,1419.0184,-1066.3684,0.0,0.0,0.0,-1261.1417,-16115.8488,605.4754,11781.2461,-1991.5546,40.7472,0.0,-4125.967400000001,-1950.8074,-6076.774800000001
152,490.2354,1407.4583,-1090.2879,0.0,0.0,0.0,-1274.9315,-16239.0699,619.1124,11871.2828,-1952.0683,41.3489,0.0,-4216.2004,-1910.7194,-6126.9198
153,500.0887,1423.6154,-1077.6684,0.0,0.0,0.0,-1292.5498,-15909.2403,585.2688,11763.2473,-2149.9941,41.1679,0.0,-4007.238299999999,-2108.8262,-6116.064499999999
154,501.8836,1427.5959,-1110.5404,0.0,0.0,0.0,-1263.2542,-16217.2302,613.0615,11803.1365,-1877.0453,39.5397,0.0,-4245.347300000001,-1837.5056,-6082.852900000001
155,552.9713,1432.7646,-1102.2954,0.0,0.0,0.0,-1234.9305,-16140.8422,575.5834,11772.6132,-1965.5765,40.2128,0.0,-4144.135599999998,-1925.3636999999999,-6069.499299999998
156,539.3254,1439.8008,-1097.8239,0.0,0.0,0.0,-1280.8669,-16021.5988,598.3515,11881.9818,-2147.3316,41.1991,0.0,-3940.830100000001,-2106.1325,-6046.962600000001
157,501.6643,1392.3757,-1088.4503,0.0,0.0,0.0,-1265.8886,-16012.3723,614.5839,11796.8548,-2056.3637,41.4834,0.0,-4061.232500000002,-2014.8802999999998,-6076.112800000002
158,508.41,1427.0537,-1092.4183,0.0,0.0,0.0,-1282.2868,-15993.4624,619.501,11809.8767,-2137.1297,41.5408,0.0,-4003.3260999999984,-2095.5888999999997,-6098.914999999998
159,512.7529,1409.3922,-1120.603,0.0,0.0,0.0,-1282.4594,-16044.7164,616.7611,11797.1148,-2029.7649,40.3742,0.0,-4111.757799999999,-1989.3907,-6101.148499999999
160,537.6922,1481.0831,-1092.0648,0.0,0.0,0.0,-1256.6614,-16026.5244,602.4477,11795.3423,-2089.3713,41.3406,0.0,-3958.685299999999,-2048.0307,-6006.7159999999985
161,523.2088,1453.212,-1085.4528,0.0,0.0,0.0,-1275.5406,-15989.0996,600.4914,11848.6449,-2119.8012,41.5922,0.0,-3924.535899999999,-2078.209,-6002.744899999999
162,504.4179,1430.1968,-1102.263,0.0,0.0,0.0,-1274.8196,-16149.7833,614.9704,11845.3301,-1978.4433,40.3013,0.0,-4131.950699999999,-1938.1419999999998,-6070.092699999999
163,532.5642,1381.9854,-1106.9417,0.0,0.0,0.0,-1296.0683,-16116.903,609.8056,11807.256,-1971.1221,40.0778,0.0,-4188.301800000003,-1931.0443,-6119.346100000003
164,511.2403,1477.0029,-1106.7181,0.0,0.0,0.0,-1262.0001,-16114.0785,619.6762,11739.1399,-1923.6823,40.2147,0.0,-4135.737399999998,-1883.4676,-6019.204999999998
165,523.532,1435.9486,-1083.8103,0.0,0.0,0.0,-1256.3349,-16160.43,610.2785,11821.9749,-1987.791,40.2011,0.0,-4108.841200000001,-1947.5899,-6056.431100000001
166,501.2246,1433.7866,-1105.478,0.0,0.0,0.0,-1273.9911,-16086.7958,613.9576,11879.1982,-2075.7283,41.5576,0.0,-4038.0979000000007,-2034.1707000000001,-6072.268600000001
167,463.5149,1421.7622,-1088.2011,0.0,0.0,0.0,-1273.5849,-15978.095,618.5589,11833.8938,-2102.6442,41.1184,0.0,-4002.1511999999984,-2061.5258000000003,-6063.676999999999
168,505.1545,1429.4486,-1094.6535,0.0,0.0,0.0,-1288.3901,-16051.8277,594.338,11796.35,-2004.6583,41.3296,0.0,-4109.5801999999985,-1963.3287,-6072.9088999999985
169,524.1063,1420.5202,-1114.223,0.0,0.0,0.0,-1269.5335,-16107.0926,600.1173,11826.6001,-1991.8405,41.4687,0.0,-4119.505200000001,-1950.3718000000001,-6069.877000000001
170,508.694,1455.911,-1120.1954,0.0,0.0,0.0,-1258.8409,-16033.7632,605.987,11863.6711,-2096.4157,41.4005,0.0,-3978.536399999999,-2055.0152,-6033.551599999999
171,539.9428,1412.489,-1101.5454,0.0,0.0,0.0,-1267.3122,-16198.2595,617.104,11800.1173,-1923.6672,40.4659,0.0,-4197.464000000002,-1883.2013000000002,-6080.6653000000015
172,509.4658,1422.9182,-1084.6954,0.0,0.0,0.0,-1273.4149,-16069.1394,625.6683,11862.3363,-2069.4102,41.5026,0.0,-4006.8610999999983,-2027.9075999999998,-6034.768699999999
173,548.0356,1397.5989,-1075.8537,0.0,0.0,0.0,-1250.4145,-16174.717,611.1374,11884.3865,-1997.458,41.795,0.0,-4059.826799999999,-1955.663,-6015.489799999999
174,487.878,1398.493,-1084.3439,0.0,0.0,0.0,-1263.9147,-16146.0188,599.3574,11867.9974,-1998.1964,41.2879,0.0,-4140.551599999999,-1956.9085,-6097.460099999998
175,530.9136,1393.8058,-1069.8147,0.0,0.0,0.0,-1244.8295,-16138.8209,601.8761,11830.872,-2003.9106,41.9457,0.0,-4095.9976000000006,-1961.9649,-6057.962500000001
176,489.5107,1423.4906,-1061.6137,0.0,0.0,0.0,-1257.4107,-16163.5044,592.0114,11821.3623,-1984.9966,42.1206,0.0,-4156.1538,-1942.876,-6099.0298
177,530.9043,1383.8958,-1051.4248,0.0,0.0,0.0,-1240.2723,-16202.2769,608.2055,11877.1745,-1980.9664,42.2237,0.0,-4093.7939000000024,-1938.7427,-6032.536600000003
178,475.6217,1412.7904,-1079.5932,0.0,0.0,0.0,-1225.1643,-16184.614,603.6556,11808.6268,-1952.8578,41.799,0.0,-4188.677,-1911.0588,-6099.7357999999995
179,510.025,1391.3936,-1119.9115,0.0,0.0,0.0,-1241.4372,-16180.2426,612.0063,11942.5874,-2046.0304,42.0942,0.0,-4085.578999999998,-2003.9362,-6089.515199999998
180,503.4571,1423.1263,-1103.2972,0.0,0.0,0.0,-1260.9784,-16125.2535,586.773,11836.5469,-2033.633,41.5373,0.0,-4139.625800000002,-1992.0957,-6131.7215000000015
181,526.7098,1433.1624,-1064.6752,0.0,0.0,0.0,-1263.3022,-16132.4494,605.5462,11827.876,-1959.7044,41.4549,0.0,-4067.1323999999986,-1918.2495000000001,-5985.381899999999
182,513.7192,1507.0832,-1066.0643,0.0,0.0,0.0,-1267.5517,-15960.8831,583.8243,11762.4238,-2109.8606,41.882,0.0,-3927.448599999998,-2067.9786,-5995.427199999998
183,511.3619,1430.2258,-1098.6133,0.0,0.0,0.0,-1258.7709,-15858.6068,607.877,11807.6011,-2232.0678,42.8931,0.0,-3858.9251999999997,-2189.1747,-6048.099899999999
184,540.1382,1435.9922,-1111.9514,0.0,0.0,0.0,-1220.2952,-16157.782,603.4857,11797.0502,-2001.9464,42.6811,0.0,-4113.362300000001,-1959.2653,-6072.627600000001
185,509.2798,1421.3564,-1119.7927,0.0,0.0,0.0,-1259.2937,-16023.5613,612.3964,11803.1739,-2045.4671,41.6879,0.0,-4056.441200000001,-2003.7792000000002,-6060.220400000001
186,519.1164,1455.2545,-1110.5319,0.0,0.0,0.0,-1238.9818,-16054.5706,604.3587,11816.9107,-2094.8528,42.4502,0.0,-4008.4439999999995,-2052.4026,-6060.8466
187,509.4021,1411.2923,-1093.1408,0.0,0.0,0.0,-1262.2409,-15973.4272,625.9963,11845.8907,-2153.9676,43.0578,0.0,-3936.227499999999,-2110.9098,-6047.137299999999
188,537.5981,1435.8506,-1073.0306,0.0,0.0,0.0,-1260.944,-16002.025,594.9235,11830.4014,-2120.5112,42.8657,0.0,-3937.2259999999987,-2077.6455,-6014.871499999998
189,508.7627,1462.8122,-1088.9489,0.0,0.0,0.0,-1230.4847,-16112.838,623.1049,11841.2016,-2042.2823,42.5615,0.0,-3996.3902,-1999.7208,-5996.111
190,526.4354,1388.1735,-1137.8237,0.0,0.0,0.0,-1252.5551,-16133.7592,584.3146,11839.554,-2002.0956,42.2568,0.0,-4185.6605,-1959.8388,-6145.4993
191,512.9574,1397.6667,-1111.7342,0.0,0.0,0.0,-1270.38,-16183.0173,611.0035,11829.1242,-1945.6394,42.0358,0.0,-4214.379699999998,-1903.6036,-6117.983299999998
192,495.4872,1348.9712,-1126.549,0.0,0.0,0.0,-1259.1315,-16085.5008,628.9236,11827.3216,-2046.191,41.6778,0.0,-4170.477700000001,-2004.5132,-6174.990900000001
193,515.9508,1458.1384,-1105.5334,0.0,0.0,0.0,-1227.4499,-16006.77,609.7642,11793.8659,-2091.2476,42.7031,0.0,-3962.0339999999997,-2048.5445,-6010.5785000000005
194,502.5107,1383.33,-1110.9514,0.0,0.0,0.0,-1243.1906,-16179.4767,612.912,11819.2594,-1945.3958,42.0926,0.0,-4215.606599999997,-1903.3032,-6118.909799999998
195,499.6114,1424.3187,-1102.1424,0.0,0.0,0.0,-1235.7512,-16067.7797,620.7638,11828.918,-2067.4854,42.6055,0.0,-4032.061399999997,-2024.8799000000001,-6056.941299999997
196,522.4605,1414.1612,-1103.3798,0.0,0.0,0.0,-1258.9406,-16079.4941,606.7317,11814.6901,-2034.8868,43.0858,0.0,-4083.7710000000006,-1991.801,-6075.572000000001
197,500.9625,1442.2704,-1108.8657,0.0,0.0,0.0,-1245.463,-16150.6573,620.932,11864.8453,-2018.9236,43.0312,0.0,-4075.9758,-1975.8924000000002,-6051.8682
198,512.4864,1429.9501,-1115.5651,0.0,0.0,0.0,-1217.0744,-16183.3979,596.6498,11855.9918,-1989.8266,42.7008,0.0,-4120.959300000002,-1947.1258,-6068.085100000003
199,531.1379,1373.4398,-1084.6744,0.0,0.0,0.0,-1243.0958,-16079.8652,605.5414,11819.0633,-2066.8455,42.5938,0.0,-4078.4530000000013,-2024.2516999999998,-6102.704700000001
200,537.0376,1434.8913,-1102.8677,0.0,0.0,0.0,-1226.8578,-16146.5527,615.629,11862.6285,-2038.9696,43.0343,0.0,-4026.0918,-1995.9352999999999,-6022.0271
201,528.9723,1404.1769,-1087.9656,0.0,0.0,0.0,-1228.8831,-15995.2099,611.3705,11765.9577,-2099.6069,43.35,0.0,-4001.5811999999987,-2056.2569000000003,-6057.838099999999
202,498.8414,1413.8885,-1090.1346,0.0,0.0,0.0,-1241.0868,-16043.5183,602.6661,11839.0547,-2097.2052,43.3395,0.0,-4020.288999999999,-2053.8657,-6074.154699999999
203,488.9018,1406.8576,-1122.7652,0.0,0.0,0.0,-1223.2548,-16095.2609,617.5447,11875.0063,-2076.8663,43.4391,0.0,-4052.9704999999994,-2033.4272,-6086.3976999999995
204,512.8423,1426.0896,-1090.1839,0.0,0.0,0.0,-1257.5858,-16012.4511,621.7891,11819.449,-2094.2066,42.5251,0.0,-3980.050799999999,-2051.6815,-6031.732299999999
205,462.1361,1421.3502,-1084.6134,0.0,0.0,0.0,-1229.7511,-16322.0391,613.9211,11869.461,-1881.4674,42.4678,0.0,-4269.535200000002,-1838.9996,-6108.534800000001
206,517.8693,1418.275,-1105.7825,0.0,0.0,0.0,-1219.6879,-16013.5546,607.2346,11798.5626,-2091.7384,42.4577,0.0,-3997.083499999999,-2049.2807000000003,-6046.364199999999
207,507.3209,1459.8914,-1079.0714,0.0,0.0,0.0,-1228.5422,-16055.6233,594.944,11812.0065,-2069.327,42.5134,0.0,-3989.0741000000016,-2026.8136000000002,-6015.887700000002
208,507.8146,1426.4643,-1099.2672,0.0,0.0,0.0,-1255.1656,-15952.287,583.8169,11798.6929,-2148.2988,42.6375,0.0,-3989.9311,-2105.6613,-6095.5924
209,549.5271,1425.0333,-1104.1691,0.0,0.0,0.0,-1231.5504,-16040.0935,616.2547,11866.2248,-2130.2677,43.2355,0.0,-3918.7731000000003,-2087.0321999999996,-6005.805300000001
210,502.7069,1466.5121,-1085.2198,0.0,0.0,0.0,-1221.139,-16020.8664,602.6818,11779.3205,-2098.4149,42.8719,0.0,-3976.0038999999997,-2055.543,-6031.546899999999
211,522.3956,1459.6514,-1118.9183,0.0,0.0,0.0,-1233.5168,-16059.0849,612.1897,11769.1597,-2056.9157,42.0157,0.0,-4048.123599999997,-2014.9,-6063.023599999997
212,509.8721,1426.2905,-1090.372,0.0,0.0,0.0,-1246.7186,-16057.4862,611.95,11801.857,-2059.9741,42.5866,0.0,-4044.6071999999986,-2017.3874999999998,-6061.994699999998
213,500.219,1404.9984,-1085.2627,0.0,0.0,0.0,-1259.9847,-16126.9007,606.0855,11802.5594,-1982.6198,41.8606,0.0,-4158.2858000000015,-1940.7592,-6099.045000000002
214,512.555,1431.3739,-1130.7516,0.0,0.0,0.0,-1258.0056,-15965.2807,606.7596,11776.8008,-2072.4684,42.208,0.0,-4026.5486,-2030.2604000000001,-6056.809
215,488.1091,1432.8153,-1088.3786,0.0,0.0,0.0,-1231.8446,-16019.0785,623.9039,11773.5423,-2027.2406,42.4807,0.0,-4020.9311000000016,-1984.7599,-6005.691000000002
216,522.7761,1466.6358,-1077.5119,0.0,0.0,0.0,-1216.9175,-16093.7142,601.0545,11773.8741,-1996.3592,42.5141,0.0,-4023.803099999999,-1953.8451,-5977.648199999999
217,508.4931,1472.4753,-1116.1804,0.0,0.0,0.0,-1242.0308,-16110.3103,604.8537,11820.1638,-2030.9614,43.0907,0.0,-4062.5355999999974,-1987.8707,-6050.406299999998
218,531.031,1422.3676,-1074.774,0.0,0.0,0.0,-1246.0612,-16081.765,618.9571,11813.6784,-2057.7043,42.5821,0.0,-4016.5661,-2015.1221999999998,-6031.6883
219,473.8879,1428.7457,-1088.7602,0.0,0.0,0.0,-1249.7822,-16029.7379,614.0122,11885.0081,-2156.3562,44.0349,0.0,-3966.626400000003,-2112.3213,-6078.947700000003
220,482.0743,1438.0411,-1110.3472,0.0,0.0,0.0,-1232.6613,-15901.0076,607.6589,11765.3844,-2134.9594,43.6031,0.0,-3950.857399999999,-2091.3563000000004,-6042.213699999998
221,473.9688,1460.5158,-1096.5667,0.0,0.0,0.0,-1245.1082,-16111.7606,616.5145,11866.2775,-2015.4636,42.612,0.0,-4036.1589000000004,-1972.8516,-6009.0105
222,499.5951,1431.4748,-1083.5218,0.0,0.0,0.0,-1238.2228,-16067.0377,599.2491,11748.0929,-2006.3337,42.8561,0.0,-4110.3704,-1963.4776,-6073.848
223,530.2654,1415.0052,-1084.831,0.0,0.0,0.0,-1225.8347,-15922.8943,602.2448,11804.0452,-2201.1304,44.6176,0.0,-3881.999399999999,-2156.5128,-6038.512199999999
224,527.4905,1454.4726,-1078.2732,0.0,0.0,0.0,-1268.1558,-15949.4383,604.3224,11771.2281,-2090.6473,42.7195,0.0,-3938.3536999999997,-2047.9278000000002,-5986.2815
225,510.4119,1418.4423,-1106.4756,0.0,0.0,0.0,-1212.8823,-15890.5807,611.815,11786.4753,-2236.3102,44.8085,0.0,-3882.794099999999,-2191.5017,-6074.295799999999
226,544.5527,1415.3579,-1075.1583,0.0,0.0,0.0,-1249.8101,-15931.6138,608.4691,11784.8334,-2129.1274,44.0699,0.0,-3903.3691,-2085.0575,-5988.426599999999
227,497.3177,1388.8155,-1071.083,0.0,0.0,0.0,-1245.6505,-15958.2141,611.565,11804.039,-2154.7514,42.6,0.0,-3973.210399999998,-2112.1514,-6085.361799999998
228,495.9532,1391.3079,-1070.0038,0.0,0.0,0.0,-1254.2094,-16017.5544,621.9884,11794.2896,-2080.2774,41.8157,0.0,-4038.2284999999993,-2038.4616999999998,-6076.690199999999
229,537.6814,1472.1413,-1091.9604,0.0,0.0,0.0,-1248.3756,-15927.0282,591.0728,11726.005,-2137.4858,42.886,0.0,-3940.463700000002,-2094.5998,-6035.063500000002
230,510.2992,1418.2529,-1093.0265,0.0,0.0,0.0,-1221.1072,-16119.314,596.9697,11822.5814,-2004.4142,41.9025,0.0,-4085.344500000001,-1962.5117,-6047.856200000001
231,500.3879,1470.6577,-1125.4553,0.0,0.0,0.0,-1255.7764,-15950.9495,608.2562,11853.9195,-2156.3383,42.4216,0.0,-3898.9599000000017,-2113.9166999999998,-6012.876600000001
232,508.151,1392.6891,-1093.3865,0.0,0.0,0.0,-1240.1302,-16089.1233,596.1149,11792.1207,-2004.9477,42.0805,0.0,-4133.564299999998,-1962.8672,-6096.431499999998
233,543.9939,1384.9358,-1120.7542,0.0,0.0,0.0,-1250.8312,-16020.2608,624.4973,11804.4827,-2089.1734,43.4193,0.0,-4033.9365,-2045.7541,-6079.6906
234,472.1171,1362.8064,-1091.316,0.0,0.0,0.0,-1265.7231,-15976.6909,619.5554,11841.1674,-2099.5841,42.3947,0.0,-4038.083699999999,-2057.1894,-6095.273099999999
235,498.8139,1451.7497,-1103.3359,0.0,0.0,0.0,-1229.9225,-16093.1393,613.0454,11848.1427,-2055.8305,43.0771,0.0,-4014.6460000000006,-2012.7534,-6027.3994
236,473.5097,1427.3076,-1116.6357,0.0,0.0,0.0,-1247.3548,-15996.0201,617.051,11816.8103,-2128.8202,44.7488,0.0,-4025.3320000000003,-2084.0714000000003,-6109.4034
237,500.4577,1449.6018,-1080.3416,0.0,0.0,0.0,-1233.5374,-15930.7883,598.0613,11804.2234,-2206.7379,43.6519,0.0,-3892.3230999999996,-2163.0860000000002,-6055.4091
238,500.2055,1422.1165,-1141.0204,0.0,0.0,0.0,-1216.4189,-16073.1805,601.5028,11832.6998,-2080.8035,43.2012,0.0,-4074.0951999999997,-2037.6023,-6111.697499999999
239,489.7175,1455.7896,-1106.2906,0.0,0.0,0.0,-1246.7083,-16035.3827,597.1133,11808.0113,-2090.8416,42.5984,0.0,-4037.7499000000007,-2048.2432000000003,-6085.993100000001
240,502.8046,1413.9268,-1086.9888,0.0,0.0,0.0,-1220.0113,-16096.1638,620.5402,11877.455,-2086.1057,43.196,0.0,-3988.4372999999996,-2042.9097000000002,-6031.347
241,508.5848,1414.5861,-1132.0421,0.0,0.0,0.0,-1234.0922,-16026.5484,615.4233,11790.5906,-2056.4317,43.5787,0.0,-4063.4979000000003,-2012.853,-6076.3509
242,516.5265,1459.1026,-1070.8848,0.0,0.0,0.0,-1228.7511,-15975.9259,601.8191,11792.0586,-2101.8661,43.1172,0.0,-3906.0549999999985,-2058.7489,-5964.803899999999
243,498.8154,1446.7829,-1113.2178,0.0,0.0,0.0,-1208.9264,-16008.564,618.845,11798.895,-2117.8424,42.7336,0.0,-3967.3698999999997,-2075.1088,-6042.4787
244,507.854,1415.1499,-1109.0839,0.0,0.0,0.0,-1252.0642,-15944.9304,600.2166,11785.8627,-2158.4556,43.0803,0.0,-3996.9953000000005,-2115.3752999999997,-6112.3706
245,507.0847,1391.4242,-1088.5489,0.0,0.0,0.0,-1227.7623,-15983.1804,603.2583,11840.7614,-2163.0469,43.4044,0.0,-3956.9630000000016,-2119.6425,-6076.605500000001
246,504.5708,1426.8846,-1111.9921,0.0,0.0,0.0,-1220.6962,-15887.2014,604.7287,11865.3322,-2281.1486,42.9997,0.0,-3818.3734000000004,-2238.1489,-6056.5223000000005
247,513.1665,1433.6348,-1097.0139,0.0,0.0,0.0,-1229.4798,-15834.0496,596.5891,11787.8551,-2245.8835,43.3483,0.0,-3829.2978000000003,-2202.5352,-6031.8330000000005
248,526.4294,1436.0892,-1119.6915,0.0,0.0,0.0,-1251.7892,-16071.3275,613.2666,11861.0681,-2114.834,42.9518,0.0,-4005.954899999999,-2071.8822,-6077.837099999999
249,520.5651,1428.6317,-1109.5447,0.0,0.0,0.0,-1222.9829,-15967.1946,624.8509,11866.4232,-2243.7603,44.2547,0.0,-3859.2513000000017,-2199.5056,-6058.756900000001
250,530.5567,1452.2236,-1130.7446,0.0,0.0,0.0,-1188.7638,-15999.0327,597.6106,11740.7615,-2099.5672,42.5889,0.0,-3997.3886999999995,-2056.9782999999998,-6054.366999999999
251,486.5604,1433.9099,-1120.5707,0.0,0.0,0.0,-1240.1645,-15999.577,608.5889,11830.8236,-2131.7072,42.7706,0.0,-4000.429399999999,-2088.9366,-6089.365999999999
252,508.2965,1411.4104,-1118.9326,0.0,0.0,0.0,-1224.19,-15798.7464,596.389,11820.2019,-2332.2176,44.1749,0.0,-3805.5712000000003,-2288.0427,-6093.6139
253,500.5365,1393.4056,-1138.8339,0.0,0.0,0.0,-1232.3544,-16077.0458,613.8578,11867.866,-2109.0511,42.9052,0.0,-4072.5682000000015,-2066.1459,-6138.714100000002
254,478.4934,1400.8831,-1098.5434,0.0,0.0,0.0,-1254.9659,-15975.8259,611.62,11816.7182,-2135.649,42.4576,0.0,-4021.620499999999,-2093.1913999999997,-6114.811899999999
255,500.8089,1409.0906,-1122.3424,0.0,0.0,0.0,-1211.9083,-16035.8678,621.8597,11846.9277,-2128.3665,42.4061,0.0,-3991.4316,-2085.9604,-6077.392
256,507.6553,1427.9565,-1121.2214,0.0,0.0,0.0,-1211.1745,-16012.1424,614.7873,11809.146,-2101.5749,42.1792,0.0,-3984.993200000001,-2059.3957,-6044.388900000001
257,520.8096,1418.8059,-1103.2544,0.0,0.0,0.0,-1237.3347,-16003.4377,608.7125,11862.7292,-2175.1788,42.9155,0.0,-3932.9696000000004,-2132.2633,-6065.2329
258,512.5661,1405.282,-1093.5563,0.0,0.0,0.0,-1220.8448,-15957.2851,617.2585,11804.518,-2195.639,43.2974,0.0,-3932.061599999999,-2152.3416,-6084.403199999999
259,547.2869,1431.5085,-1071.8196,0.0,0.0,0.0,-1250.7385,-15959.6619,607.8937,11826.4077,-2200.8139,42.6579,0.0,-3869.123199999998,-2158.156,-6027.279199999998
260,510.0671,1457.9864,-1118.6041,0.0,0.0,0.0,-1222.4968,-15941.414,600.479,11821.5044,-2197.5191,43.2613,0.0,-3892.478000000001,-2154.2578,-6046.7358
261,496.2055,1440.8391,-1110.3271,0.0,0.0,0.0,-1244.1661,-15979.234,622.4062,11832.7023,-2133.1618,43.1701,0.0,-3941.5741,-2089.9917,-6031.565799999999
262,522.1452,1500.1831,-1091.0823,0.0,0.0,0.0,-1244.894,-16043.3598,618.6254,11839.4346,-2146.2632,43.9896,0.0,-3898.947799999998,-2102.2736,-6001.221399999998
263,496.1174,1464.013,-1103.1587,0.0,0.0,0.0,-1240.3558,-16062.0799,606.8838,11843.9368,-2068.9799,41.345,0.0,-3994.643400000001,-2027.6348999999998,-6022.278300000001
264,529.915,1410.0423,-1112.141,0.0,0.0,0.0,-1229.4381,-16138.0157,616.1419,11836.1084,-2013.5714,42.1113,0.0,-4087.387200000001,-1971.4601,-6058.847300000001
265,492.2399,1419.5532,-1120.7135,0.0,0.0,0.0,-1282.3704,-16150.4002,599.5061,11803.3531,-1941.2849,41.2852,0.0,-4238.831799999998,-1899.9997,-6138.831499999998
266,533.1061,1417.1322,-1121.0801,0.0,0.0,0.0,-1259.7088,-16127.0408,613.5028,11823.096,-2028.713,41.8412,0.0,-4120.992600000001,-1986.8718,-6107.864400000001
267,527.4171,1414.9263,-1105.4482,0.0,0.0,0.0,-1260.0908,-16050.4022,642.154,11865.3662,-2087.3866,42.7956,0.0,-3966.0775999999987,-2044.591,-6010.668599999998
268,496.2161,1359.1938,-1103.2554,0.0,0.0,0.0,-1248.8298,-16044.7371,625.3011,11834.0507,-2100.2511,43.86,0.0,-4082.0606000000007,-2056.3911,-6138.4517000000005
269,501.5271,1476.3499,-1107.7988,0.0,0.0,0.0,-1256.7374,-16039.5336,605.5612,11786.5209,-2053.0252,42.862,0.0,-4034.110700000001,-2010.1632,-6044.273900000001
270,520.9988,1383.2548,-1085.4434,0.0,0.0,0.0,-1247.6136,-16037.5403,607.0785,11808.2919,-2054.2854,41.8852,0.0,-4050.9733000000015,-2012.4002000000003,-6063.373500000002
271,529.9517,1408.1545,-1118.3431,0.0,0.0,0.0,-1281.8869,-16100.1833,602.3984,11871.0792,-2049.1611,41.9721,0.0,-4088.8295000000016,-2007.1889999999999,-6096.018500000001
272,509.0094,1411.0203,-1108.2718,0.0,0.0,0.0,-1245.6396,-16205.5923,620.0655,11835.1186,-1955.3132,41.8569,0.0,-4184.289900000002,-1913.4563,-6097.746200000002
273,550.7011,1437.7757,-1147.9037,0.0,0.0,0.0,-1252.9956,-16203.1036,600.8649,11819.7292,-1944.6306,42.2288,0.0,-4194.931999999999,-1902.4017999999999,-6097.333799999999
274,514.4608,1452.3984,-1140.613,0.0,0.0,0.0,-1261.2113,-16021.7668,610.4167,11789.1237,-2077.7819,42.5276,0.0,-4057.191499999999,-2035.2543,-6092.445799999999
275,536.8522,1416.4275,-1119.2478,0.0,0.0,0.0,-1268.8119,-16083.2019,596.3294,11858.4917,-2069.8423,43.1087,0.0,-4063.160799999998,-2026.7335999999998,-6089.894399999998
276,520.0907,1435.5934,-1092.2121,0.0,0.0,0.0,-1261.9857,-16085.9279,598.6228,11828.5803,-2045.4288,41.5919,0.0,-4057.238500000003,-2003.8369,-6061.075400000002
277,490.8935,1460.8347,-1076.4337,0.0,0.0,0.0,-1289.0172,-16057.9262,597.6972,11813.6004,-2063.905,41.8112,0.0,-4060.3513000000003,-2022.0938,-6082.445100000001
278,484.2067,1378.9416,-1099.9646,0.0,0.0,0.0,-1253.5456,-16078.7929,612.8359,11876.9419,-2093.2021,42.8798,0.0,-4079.3770000000004,-2050.3223,-6129.699300000001
279,505.3034,1434.8398,-1116.9626,0.0,0.0,0.0,-1243.7773,-16141.3328,629.064,11847.966,-2043.3373,43.4122,0.0,-4084.8994999999977,-1999.9251,-6084.824599999998
280,515.0932,1436.3065,-1059.8791,0.0,0.0,0.0,-1235.0072,-16093.0689,601.0737,11775.4953,-2016.7225,43.4687,0.0,-4059.986500000001,-1973.2538000000002,-6033.2403
281,478.9635,1432.3355,-1079.4663,0.0,0.0,0.0,-1285.5545,-16097.6933,601.188,11856.323,-2028.712,41.9861,0.0,-4093.9041000000016,-1986.7259,-6080.630000000001
282,498.4575,1419.5025,-1131.3084,0.0,0.0,0.0,-1264.2162,-16208.6552,605.6023,11838.4649,-1925.751,42.6134,0.0,-4242.152599999998,-1883.1376,-6125.290199999998
283,481.203,1458.0637,-1097.1232,0.0,0.0,0.0,-1272.3524,-16032.6935,605.4633,11809.1089,-2091.8534,41.999,0.0,-4048.3302000000003,-2049.8544,-6098.1846000000005
284,518.0168,1402.4817,-1112.2955,0.0,0.0,0.0,-1271.8337,-16065.351,601.1897,11727.2148,-1976.1325,42.7861,0.0,-4200.5772,-1933.3464,-6133.923599999999
285,492.7604,1442.6645,-1110.9107,0.0,0.0,0.0,-1255.7177,-16125.1865,598.084,11846.4419,-2029.8462,42.2873,0.0,-4111.864099999999,-1987.5589,-6099.422999999999
286,521.1833,1466.5909,-1071.566,0.0,0.0,0.0,-1241.3133,-16095.9756,597.8638,11796.8172,-2032.3308,42.1112,0.0,-4026.3997,-1990.2196,-6016.619299999999
287,512.3835,1454.8355,-1107.0255,0.0,0.0,0.0,-1252.3553,-16233.9483,602.1295,11819.9789,-1892.5777,41.0505,0.0,-4204.001699999999,-1851.5272,-6055.528899999998
288,499.8484,1473.4081,-1101.2282,0.0,0.0,0.0,-1268.9091,-16079.887,595.6501,11789.551,-2023.7296,41.0582,0.0,-4091.566700000001,-1982.6714,-6074.2381000000005
289,511.8368,1470.0247,-1115.1744,0.0,0.0,0.0,-1286.5673,-15955.2468,614.1652,11811.2614,-2166.7589,42.0233,0.0,-3949.7004000000015,-2124.7356,-6074.4360000000015
290,515.8074,1450.878,-1108.4461,0.0,0.0,0.0,-1249.2281,-16246.4654,622.9429,11857.2781,-1948.6801,41.3121,0.0,-4157.233200000001,-1907.368,-6064.6012
291,481.6054,1449.2949,-1102.4382,0.0,0.0,0.0,-1218.7284,-16272.4187,605.5356,11795.7787,-1899.9123,40.7205,0.0,-4261.370700000001,-1859.1918,-6120.562500000001
292,506.2735,1402.0743,-1080.975,0.0,0.0,0.0,-1292.1043,-16086.0745,587.3845,11826.7282,-2027.1555,41.7857,0.0,-4136.693300000001,-1985.3698000000002,-6122.0631
293,538.2952,1398.1403,-1069.809,0.0,0.0,0.0,-1264.9606,-16246.5951,596.5665,11826.5473,-1922.8033,41.5482,0.0,-4221.815399999998,-1881.2551,-6103.070499999997
294,515.3009,1388.3151,-1105.0282,0.0,0.0,0.0,-1265.2265,-16071.7742,619.1818,11833.4325,-2069.0487,41.8536,0.0,-4085.7985999999983,-2027.1951,-6112.993699999997
295,525.1347,1488.6005,-1078.3521,0.0,0.0,0.0,-1235.4713,-16040.3993,599.7296,11788.1176,-2086.7956,41.4746,0.0,-3952.640299999999,-2045.321,-5997.961299999999
296,494.62,1384.923,-1114.9333,0.0,0.0,0.0,-1268.082,-16101.8095,590.4752,11843.3727,-2037.3555,41.0059,0.0,-4171.4339,-1996.3496,-6167.7835
297,534.2616,1414.663,-1113.6336,0.0,0.0,0.0,-1245.8825,-16051.6066,602.8926,11832.952,-2112.5419,42.4277,0.0,-4026.3534999999993,-2070.1142,-6096.467699999999
298,512.9227,1415.8572,-1102.0832,0.0,0.0,0.0,-1247.8519,-16173.4792,602.457,11843.9416,-1971.2023,42.4963,0.0,-4148.235799999999,-1928.706,-6076.941799999999
299,490.6978,1422.0786,-1078.0065,0.0,0.0,0.0,-1263.9862,-16197.8989,617.9815,11818.6411,-1933.4766,41.4859,0.0,-4190.4926,-1891.9907,-6082.4833
300,529.5613,1453.1382,-1082.1987,0.0,0.0,0.0,-1245.3253,-16207.1355,614.2676,11861.2616,-1962.7723,41.5843,0.0,-4076.4308,-1921.188,-5997.6188
301,523.4332,1463.63,-1080.1871,0.0,0.0,0.0,-1252.8222,-16018.6615,594.3499,11794.3698,-2086.624,42.1715,0.0,-3975.8878999999997,-2044.4524999999999,-6020.340399999999
302,521.1312,1435.4588,-1096.3531,0.0,0.0,0.0,-1241.3447,-15920.1822,611.2735,11852.2457,-2190.685,42.2273,0.0,-3837.7708000000002,-2148.4577,-5986.2285
303,542.4807,1443.835,-1088.0785,0.0,0.0,0.0,-1262.4531,-16089.3165,621.3738,11814.0393,-2026.7338,41.919,0.0,-4018.1193000000003,-1984.8147999999999,-6002.9341
304,553.6769,1465.1147,-1090.6172,0.0,0.0,0.0,-1261.5768,-16164.5733,592.3759,11811.9558,-1946.3884,41.599,0.0,-4093.6440000000002,-1904.7894000000001,-5998.4334
305,492.1846,1393.5391,-1095.288,0.0,0.0,0.0,-1239.6569,-16222.7208,619.0943,11896.0341,-1954.3001,41.2918,0.0,-4156.813599999998,-1913.0083,-6069.821899999998
306,549.3896,1376.5553,-1084.9645,0.0,0.0,0.0,-1258.0866,-16278.6638,605.4423,11903.3961,-1918.7511,41.6355,0.0,-4186.9316,-1877.1155999999999,-6064.047199999999
307,496.3477,1384.4501,-1092.1017,0.0,0.0,0.0,-1262.1682,-16276.8621,612.3659,11916.5363,-1935.1658,40.9997,0.0,-4221.432000000001,-1894.1661,-6115.5981
308,504.9203,1441.935,-1076.1246,0.0,0.0,0.0,-1275.4339,-16173.5385,603.4575,11860.264,-2009.8534,41.3319,0.0,-4114.520200000003,-1968.5215,-6083.0417000000025
309,549.4455,1503.5571,-1052.9161,0.0,0.0,0.0,-1251.9183,-16117.8879,598.7509,11815.4706,-2065.5519,41.3597,0.0,-3955.498199999998,-2024.1922,-5979.690399999999
310,507.8303,1428.2836,-1088.2556,0.0,0.0,0.0,-1271.3611,-16117.6749,597.647,11880.626,-2041.2176,40.8294,0.0,-4062.904699999999,-2000.3881999999999,-6063.2928999999995
311,512.1391,1444.3181,-1114.6294,0.0,0.0,0.0,-1257.6095,-15957.3274,602.0329,11830.2804,-2137.1936,42.134,0.0,-3940.7958,-2095.0596,-6035.8554
312,519.4179,1469.6651,-1128.1411,0.0,0.0,0.0,-1251.3636,-15892.9671,604.8106,11785.0188,-2168.4296,42.4556,0.0,-3893.5594,-2125.974,-6019.533399999999
313,500.0985,1426.7861,-1121.4987,0.0,0.0,0.0,-1261.2696,-16117.9151,605.6718,11827.6885,-2014.7361,41.8271,0.0,-4140.4385,-1972.909,-6113.3475
314,541.5662,1359.4624,-1111.7834,0.0,0.0,0.0,-1256.3426,-16181.0972,594.065,11855.7447,-1978.8593,41.8612,0.0,-4198.384899999999,-1936.9981,-6135.382999999999
315,524.0292,1430.0008,-1112.9608,0.0,0.0,0.0,-1243.6796,-16036.9636,608.2111,11789.8336,-2056.2205,41.2681,0.0,-4041.5293,-2014.9524,-6056.481699999999
316,521.9424,1402.0205,-1117.853,0.0,0.0,0.0,-1251.5882,-16043.1059,624.5758,11801.978,-2051.1688,40.8558,0.0,-4062.0304000000015,-2010.3129999999999,-6072.343400000001
317,501.4599,1397.288,-1105.368,0.0,0.0,0.0,-1226.5931,-16131.8634,599.3654,11853.8459,-2036.4526,41.7096,0.0,-4111.8652999999995,-1994.7430000000002,-6106.6083
318,515.2364,1446.4401,-1099.1399,0.0,0.0,0.0,-1259.647,-16100.1073,607.9204,11808.0587,-2041.3908,41.573,0.0,-4081.2386000000024,-1999.8177999999998,-6081.056400000002
319,506.2191,1420.3156,-1136.3902,0.0,0.0,0.0,-1244.2077,-16060.2379,616.0153,11787.5687,-2001.6904,41.4692,0.0,-4110.717100000002,-1960.2212,-6070.938300000002
320,502.667,1453.6332,-1118.8681,0.0,0.0,0.0,-1243.8158,-16088.6408,598.2907,11797.9712,-2013.7372,40.7211,0.0,-4098.7626,-1973.0161,-6071.7787
321,480.0546,1423.9239,-1102.8761,0.0,0.0,0.0,-1273.4791,-15901.7514,621.8982,11825.061,-2194.7185,42.0559,0.0,-3927.1689000000006,-2152.6626,-6079.8315
322,489.1431,1438.4995,-1096.0155,0.0,0.0,0.0,-1261.0776,-16097.8135,619.5925,11789.5201,-2034.5217,40.2363,0.0,-4118.151399999999,-1994.2854,-6112.4367999999995
323,490.8844,1448.7326,-1117.169,0.0,0.0,0.0,-1284.8461,-16082.5436,603.9883,11853.3767,-2061.9046,40.3403,0.0,-4087.576699999998,-2021.5642999999998,-6109.140999999998
324,503.3786,1440.6161,-1110.9682,0.0,0.0,0.0,-1295.4839,-15931.5316,601.7869,11801.826,-2135.0883,41.2938,0.0,-3990.376100000003,-2093.7945,-6084.170600000002
325,491.7569,1404.9975,-1131.8957,0.0,0.0,0.0,-1296.9582,-16019.976,602.9857,11801.7877,-2041.9221,40.8382,0.0,-4147.302099999999,-2001.0839,-6148.385999999999
326,482.5563,1446.095,-1088.0409,0.0,0.0,0.0,-1258.3066,-16064.2606,600.0615,11780.5035,-1996.5695,41.3143,0.0,-4101.391799999999,-1955.2552,-6056.646999999999
327,501.0611,1437.2178,-1109.0003,0.0,0.0,0.0,-1243.0313,-16174.3631,608.4455,11827.1664,-1940.1732,40.4796,0.0,-4152.5039,-1899.6936,-6052.1975
328,515.1036,1438.8721,-1115.0465,0.0,0.0,0.0,-1255.4478,-16157.2443,608.7127,11796.4366,-1961.1852,40.9244,0.0,-4168.613600000001,-1920.2607999999998,-6088.874400000001
329,508.8903,1406.1198,-1105.703,0.0,0.0,0.0,-1262.323,-16236.2407,610.3519,11856.6443,-1921.2075,40.6857,0.0,-4222.260400000001,-1880.5218,-6102.7822000000015
330,530.7902,1465.6479,-1088.2215,0.0,0.0,0.0,-1269.3225,-16117.6332,593.3432,11849.668,-2009.9358,41.2493,0.0,-4035.7279,-1968.6865,-6004.4144
331,482.0956,1479.9276,-1103.3273,0.0,0.0,0.0,-1242.7564,-16145.975,615.3297,11809.6728,-1996.9022,41.0138,0.0,-4105.033000000001,-1955.8884,-6060.921400000002
332,514.6014,1441.4287,-1100.0484,0.0,0.0,0.0,-1236.5979,-16094.3127,614.7948,11777.4868,-1992.6007,40.9906,0.0,-4082.6472999999987,-1951.6100999999999,-6034.257399999999
333,515.8679,1478.7343,-1070.9621,0.0,0.0,0.0,-1278.794,-16132.8387,608.4084,11828.6103,-2023.7549,40.9633,0.0,-4050.973900000001,-1982.7916,-6033.7655
334,510.8744,1433.8894,-1123.8277,0.0,0.0,0.0,-1252.3499,-16060.5356,603.6718,11857.6908,-2045.619,41.3559,0.0,-4030.5867999999973,-2004.2631,-6034.849899999997
335,501.3724,1454.1244,-1127.9888,0.0,0.0,0.0,-1273.8033,-15996.6356,613.7241,11821.9419,-2092.5664,40.78,0.0,-4007.2649,-2051.7864,-6059.0513
336,479.1424,1429.7395,-1143.4452,0.0,0.0,0.0,-1269.8131,-16040.3008,610.8726,11775.103,-2012.663,41.9427,0.0,-4158.701600000002,-1970.7203,-6129.421900000003
337,565.8628,1463.147,-1083.5147,0.0,0.0,0.0,-1246.8857,-16156.5795,603.8083,11822.8935,-1976.0052,41.2706,0.0,-4031.268299999998,-1934.7346,-5966.002899999998
338,522.3478,1463.0869,-1145.1002,0.0,0.0,0.0,-1260.6536,-16069.9587,609.8077,11786.3321,-2016.579,41.0096,0.0,-4094.138000000001,-1975.5693999999999,-6069.7074
339,498.1439,1406.79,-1118.0932,0.0,0.0,0.0,-1269.2785,-16047.7167,613.6527,11856.3672,-2037.3252,41.2339,0.0,-4060.1345999999994,-1996.0913,-6056.2258999999995
340,488.4793,1434.1167,-1116.4702,0.0,0.0,0.0,-1243.0431,-16130.9021,616.9289,11837.4896,-2020.6826,41.0796,0.0,-4113.400899999999,-1979.603,-6093.003899999999
341,497.0227,1418.786,-1127.0129,0.0,0.0,0.0,-1253.842,-16077.7041,594.3522,11833.4894,-2059.9443,41.0175,0.0,-4114.9087,-2018.9268000000002,-6133.8355
342,485.6772,1394.4191,-1107.8596,0.0,0.0,0.0,-1279.9104,-16195.0669,603.3064,11848.6886,-1956.5006,40.6314,0.0,-4250.745600000002,-1915.8692,-6166.614800000002
343,506.016,1433.53,-1100.6297,0.0,0.0,0.0,-1278.8306,-16042.8448,612.1877,11805.2028,-2047.7687,42.0551,0.0,-4065.3686,-2005.7136,-6071.082200000001
344,504.1898,1525.0533,-1103.4448,0.0,0.0,0.0,-1222.3913,-16094.6028,603.3013,11727.2434,-2032.8842,42.3988,0.0,-4060.6511000000028,-1990.4854,-6051.136500000003
345,533.2509,1404.8692,-1090.2877,0.0,0.0,0.0,-1257.7557,-15981.3865,596.7285,11744.6323,-2047.9078,40.7686,0.0,-4049.9490000000005,-2007.1391999999998,-6057.0882
346,512.7064,1461.4282,-1104.8454,0.0,0.0,0.0,-1236.5514,-16242.4743,592.579,11801.5192,-1919.3946,40.8434,0.0,-4215.638299999999,-1878.5512,-6094.189499999999
347,504.895,1407.2524,-1110.6744,0.0,0.0,0.0,-1253.9466,-16139.7329,614.5242,11864.2692,-2016.82,40.8979,0.0,-4113.4131,-1975.9221,-6089.3351999999995
348,512.925,1450.7287,-1106.7271,0.0,0.0,0.0,-1243.2619,-16211.3398,614.3076,11819.7547,-1923.1174,40.5987,0.0,-4163.612800000001,-1882.5187,-6046.131500000001
349,486.7452,1410.8018,-1074.0463,0.0,0.0,0.0,-1269.9054,-16029.1871,615.564,11813.9876,-2055.0937,41.1509,0.0,-4046.0401999999976,-2013.9427999999998,-6059.982999999997
350,509.6564,1367.3212,-1136.652,0.0,0.0,0.0,-1234.2422,-16231.2054,608.2071,11795.5045,-1899.349,41.431,0.0,-4321.410400000001,-1857.918,-6179.328400000001
351,514.1352,1399.8518,-1116.1842,0.0,0.0,0.0,-1245.428,-16378.3983,611.4838,11859.5292,-1850.7667,41.7822,0.0,-4355.0104999999985,-1808.9844999999998,-6163.994999999999
352,500.8598,1457.8153,-1121.6905,0.0,0.0,0.0,-1236.2416,-16245.1805,621.0619,11843.6776,-1931.3056,41.2538,0.0,-4179.6979999999985,-1890.0518,-6069.749799999998
353,474.9118,1416.6795,-1102.1505,0.0,0.0,0.0,-1254.3412,-16191.5042,614.0936,11823.2859,-1983.6466,42.0428,0.0,-4219.025099999997,-1941.6038,-6160.628899999997
354,508.8281,1460.1811,-1117.2982,0.0,0.0,0.0,-1264.5177,-16139.1781,605.8279,11807.6924,-2025.4214,41.2402,0.0,-4138.464499999998,-1984.1812,-6122.645699999998
355,525.7693,1449.3607,-1107.4494,0.0,0.0,0.0,-1260.1481,-16011.4672,596.3342,11832.354,-2144.226,41.4928,0.0,-3975.2464999999993,-2102.7332,-6077.9797
356,498.0907,1433.9896,-1086.421,0.0,0.0,0.0,-1268.5141,-16002.5872,608.5259,11865.8846,-2145.5419,41.0924,0.0,-3951.031499999999,-2104.4495,-6055.481
357,541.2211,1416.1295,-1111.9522,0.0,0.0,0.0,-1253.6488,-16075.7152,618.1887,11852.0812,-2099.4477,42.0177,0.0,-4013.6956999999984,-2057.4300000000003,-6071.125699999999
358,513.6223,1414.8863,-1108.6732,0.0,0.0,0.0,-1241.8767,-16260.241,614.4197,11759.0582,-1868.7071,40.7115,0.0,-4308.804399999999,-1827.9956000000002,-6136.799999999998
359,497.4435,1467.0048,-1092.3244,0.0,0.0,0.0,-1267.4746,-16269.7377,606.251,11856.1224,-1904.107,41.2093,0.0,-4202.715,-1862.8977,-6065.6127
360,497.4456,1462.9232,-1094.2496,0.0,0.0,0.0,-1264.4894,-16171.6955,626.9771,11816.0669,-2009.9138,40.5022,0.0,-4127.021699999999,-1969.4116000000001,-6096.4333
361,472.1061,1500.6806,-1065.9848,0.0,0.0,0.0,-1283.6172,-16152.5536,611.2785,11808.7814,-1985.7307,40.4342,0.0,-4109.3089999999975,-1945.2965000000002,-6054.605499999998
362,481.9696,1410.9231,-1073.7077,0.0,0.0,0.0,-1268.0648,-16145.2564,604.3963,11805.0383,-2002.4552,40.6267,0.0,-4184.7016,-1961.8285,-6146.530100000001
363,507.1396,1486.9496,-1119.9961,0.0,0.0,0.0,-1286.3073,-16114.2664,609.6428,11818.001,-2018.5988,41.1331,0.0,-4098.836799999999,-1977.4657,-6076.302499999999
364,488.7555,1425.327,-1056.6436,0.0,0.0,0.0,-1254.0669,-16087.3218,604.0806,11848.3872,-2093.228,41.2915,0.0,-4031.482,-2051.9365000000003,-6083.4185
365,515.0923,1469.9717,-1118.3439,0.0,0.0,0.0,-1263.8188,-15987.2549,599.9155,11786.6351,-2103.0335,41.2746,0.0,-3997.803,-2061.7589,-6059.5619
366,495.4011,1436.6059,-1105.8443,0.0,0.0,0.0,-1266.6317,-16142.1824,585.2967,11871.3095,-2028.0235,40.9016,0.0,-4126.045199999999,-1987.1219,-6113.167099999999
367,496.7033,1431.5006,-1060.2612,0.0,0.0,0.0,-1235.1773,-16096.348,614.9746,11847.1243,-2066.1632,42.6259,0.0,-4001.4837000000025,-2023.5373,-6025.0210000000025
368,525.9834,1443.9738,-1078.9615,0.0,0.0,0.0,-1240.5604,-16161.5658,595.3155,11823.0825,-2036.3128,42.9379,0.0,-4092.7324999999983,-1993.3749,-6086.107399999998
369,497.3483,1428.6157,-1069.8332,0.0,0.0,0.0,-1255.3424,-16173.7706,594.4154,11803.5827,-1966.8537,42.2615,0.0,-4174.984099999998,-1924.5921999999998,-6099.576299999998
370,528.8611,1448.8218,-1104.9223,0.0,0.0,0.0,-1248.5623,-16285.7043,588.7545,11802.4478,-1881.2631,41.8247,0.0,-4270.303700000002,-1839.4384,-6109.742100000002
371,519.5857,1373.1825,-1099.5443,0.0,0.0,0.0,-1262.0766,-15949.6238,595.2449,11757.9907,-2124.683,42.4415,0.0,-4065.2409000000007,-2082.2415,-6147.482400000001
372,540.6384,1384.7755,-1105.7262,0.0,0.0,0.0,-1282.6497,-16122.6601,610.5801,11806.7199,-2015.3438,41.1641,0.0,-4168.322100000001,-1974.1797000000001,-6142.501800000002
373,508.63,1453.6171,-1089.7473,0.0,0.0,0.0,-1236.2336,-16002.6856,602.7696,11814.8263,-2162.0413,42.5528,0.0,-3948.8235000000004,-2119.4885,-6068.312
374,519.0609,1437.5066,-1115.1119,0.0,0.0,0.0,-1267.7254,-15925.4101,612.6459,11838.8446,-2204.9289,42.6984,0.0,-3900.1893999999993,-2162.2304999999997,-6062.419899999999
375,492.2791,1419.6227,-1101.5767,0.0,0.0,0.0,-1260.0311,-16118.2825,616.3672,11879.3455,-2046.9379,42.1247,0.0,-4072.2757999999994,-2004.8131999999998,-6077.088999999999
376,522.8204,1406.3258,-1121.6523,0.0,0.0,0.0,-1246.9646,-16116.215,618.7678,11868.3429,-2087.7305,43.2647,0.0,-4068.5750000000025,-2044.4658000000002,-6113.0408000000025
377,538.9363,1451.5983,-1072.446,0.0,0.0,0.0,-1231.546,-16128.2782,598.6189,11732.2724,-1977.255,41.8656,0.0,-4110.844300000001,-1935.3894,-6046.233700000001
378,506.5865,1424.0428,-1125.9367,0.0,0.0,0.0,-1251.8048,-16130.9216,611.0549,11806.3677,-1981.3987,42.0725,0.0,-4160.611200000001,-1939.3262,-6099.937400000001
379,566.3912,1446.1931,-1113.7584,0.0,0.0,0.0,-1281.5277,-16220.1647,586.0422,11824.4782,-1929.0358,41.8756,0.0,-4192.346100000001,-1887.1602,-6079.5063
380,504.0127,1425.4422,-1076.712,0.0,0.0,0.0,-1237.4925,-16350.4783,607.3862,11865.6351,-1910.4702,41.5489,0.0,-4262.206600000001,-1868.9213,-6131.127900000001
381,512.0347,1421.3819,-1087.7343,0.0,0.0,0.0,-1276.6549,-16193.8909,601.3644,11822.7806,-1953.81,40.8342,0.0,-4200.718499999999,-1912.9758,-6113.694299999998
382,551.0952,1453.1998,-1056.0644,0.0,0.0,0.0,-1266.6222,-16125.1164,601.1613,11729.6729,-1954.4483,42.0666,0.0,-4112.673800000002,-1912.3817,-6025.055500000002
383,492.196,1391.6945,-1120.8115,0.0,0.0,0.0,-1249.2734,-16098.8009,607.5806,11821.741,-2042.8387,41.5775,0.0,-4155.673699999999,-2001.2612,-6156.934899999999
384,468.9994,1396.2307,-1085.4032,0.0,0.0,0.0,-1252.4474,-16209.9007,622.3095,11854.0644,-1967.9071,42.417,0.0,-4206.1473000000005,-1925.4901,-6131.6374000000005
385,517.025,1415.5401,-1086.1756,0.0,0.0,0.0,-1256.4151,-16232.2589,598.4854,11871.9254,-1991.1908,42.3582,0.0,-4171.873700000002,-1948.8326000000002,-6120.706300000003
386,529.8527,1413.2658,-1081.0896,0.0,0.0,0.0,-1256.8627,-16137.3667,610.5057,11811.6512,-1990.3867,42.097,0.0,-4110.043599999999,-1948.2897,-6058.333299999999
387,515.483,1450.404,-1094.0929,0.0,0.0,0.0,-1251.7405,-16122.9649,607.675,11838.8221,-2021.1741,42.0512,0.0,-4056.414200000001,-1979.1228999999998,-6035.537100000001
388,489.4381,1443.1552,-1095.2019,0.0,0.0,0.0,-1241.874,-16103.9626,607.4128,11840.916,-2032.9223,42.4243,0.0,-4060.1164000000026,-1990.498,-6050.614400000003
389,479.0521,1434.7748,-1100.0114,0.0,0.0,0.0,-1246.0298,-16069.6764,600.9676,11772.1108,-2069.03,42.1782,0.0,-4128.8123,-2026.8518000000001,-6155.6641
390,487.8581,1407.5297,-1115.1626,0.0,0.0,0.0,-1261.988,-16117.284,610.2505,11827.0412,-2044.7894,41.7845,0.0,-4161.7551,-2003.0049,-6164.76
391,480.0787,1402.7803,-1078.3371,0.0,0.0,0.0,-1270.4538,-16110.1502,610.5365,11822.6636,-2010.3489,42.3827,0.0,-4142.882,-1967.9661999999998,-6110.848199999999
392,524.8051,1459.3452,-1086.0023,0.0,0.0,0.0,-1253.0249,-16093.8481,613.9709,11790.5866,-2049.3773,41.5812,0.0,-4044.1674999999977,-2007.7961,-6051.963599999998
393,501.926,1433.6641,-1098.9775,0.0,0.0,0.0,-1246.8893,-16148.4904,606.9792,11807.9675,-1996.581,41.6965,0.0,-4143.8204000000005,-1954.8845,-6098.704900000001
394,530.7988,1442.7149,-1111.822,0.0,0.0,0.0,-1264.9277,-16115.5011,619.4468,11833.7126,-2062.2204,42.0038,0.0,-4065.577699999998,-2020.2166000000002,-6085.794299999998
395,482.8061,1453.6859,-1082.045,0.0,0.0,0.0,-1251.3805,-16170.9055,597.0948,11821.2785,-1974.2836,40.8719,0.0,-4149.465699999999,-1933.4116999999999,-6082.8773999999985
396,556.007,1405.1918,-1080.6331,0.0,0.0,0.0,-1242.0964,-16198.0376,620.734,11827.4161,-1971.1953,42.1004,0.0,-4111.418199999998,-1929.0949,-6040.513099999998
397,467.9032,1463.2818,-1086.9276,0.0,0.0,0.0,-1230.2757,-16127.2318,617.1626,11833.6943,-2050.7673,42.5693,0.0,-4062.3932000000023,-2008.1979999999999,-6070.591200000002
398,512.0806,1441.3333,-1084.2744,0.0,0.0,0.0,-1241.2754,-16185.0521,615.7055,11773.2455,-1901.1229,41.1242,0.0,-4168.237000000001,-1859.9987,-6028.235700000001
399,533.6954,1405.4093,-1107.6527,0.0,0.0,0.0,-1259.9588,-16140.176,598.055,11798.6627,-1969.3633,40.7165,0.0,-4171.965099999998,-1928.6468,-6100.611899999997
400,501.114,1449.9361,-1118.0754,0.0,0.0,0.0,-1259.2764,-16068.6787,608.6045,11774.5116,-2026.6314,41.3314,0.0,-4111.864300000001,-1985.3,-6097.164300000001

