0.000000000000000000e+00	7.311626571727767310e-01	1.186225829754754528e+02
1.000000000000000000e+00	1.136805289969219812e+00	1.222718404182567298e+02
2.000000000000000000e+00	1.738933246723561865e+00	1.276887264899806240e+02
3.000000000000000000e+00	1.104223101458705614e+00	1.219787233139119280e+02
4.000000000000000000e+00	6.530865445448341688e-01	1.179201917274285023e+02
5.000000000000000000e+00	6.427307476777635031e-01	1.178270285198717318e+02
6.000000000000000000e+00	1.146329804351874149e+00	1.223575252111991460e+02
7.000000000000000000e+00	8.110459091101290818e-01	1.193412316778475315e+02
8.000000000000000000e+00	6.556824031607363379e-01	1.179435446879129188e+02
9.000000000000000000e+00	6.061301688828026890e-01	1.174977610223780999e+02
1.000000000000000000e+01	8.258681998376082856e-01	1.194745765247227922e+02
1.100000000000000000e+01	1.026579170048999901e+00	1.212802200707238427e+02
1.200000000000000000e+01	1.271893242227190246e+00	1.234871237128379988e+02
1.300000000000000000e+01	8.043178954902052702e-01	1.192807048697840315e+02
1.400000000000000000e+01	1.335648080415938521e+00	1.240606773755033174e+02
1.500000000000000000e+01	1.158375695644114689e+00	1.224658929095105862e+02
1.600000000000000000e+01	6.900903986325412909e-01	1.182530871852117116e+02
1.700000000000000000e+01	1.339435895073003202e+00	1.240947534555590011e+02
1.800000000000000000e+01	8.714377220171268812e-01	1.198845307665419568e+02
1.900000000000000000e+01	1.223626902681510753e+00	1.230529082616448591e+02
2.000000000000000000e+01	8.796763470384278971e-01	1.199586473934605948e+02
2.100000000000000000e+01	9.670392113303778459e-01	1.207445844645772581e+02
2.200000000000000000e+01	1.489801575668676215e+00	1.254474788218988692e+02
2.300000000000000000e+01	7.881697328065446762e-01	1.191354321639682183e+02
2.400000000000000000e+01	7.058513952210699882e-01	1.183948768529047442e+02
2.500000000000000000e+01	5.055791310445585385e-01	1.165931800105623921e+02
2.600000000000000000e+01	8.846172696843117578e-01	1.200030971067843524e+02
2.700000000000000000e+01	7.547282440568301443e-01	1.188345845906343214e+02
2.800000000000000000e+01	1.382752891907547577e+00	1.244844434445220713e+02
2.900000000000000000e+01	6.833890032610944187e-01	1.181927998412319027e+02
3.000000000000000000e+01	9.519910731333719456e-01	1.206092078402395913e+02
3.100000000000000000e+01	4.961351965630175220e-01	1.165082201335437588e+02
3.200000000000000000e+01	7.961754320437970378e-01	1.192074533352263046e+02
3.300000000000000000e+01	1.035178505091770784e+00	1.213575817306447107e+02
3.400000000000000000e+01	7.346517032431415517e-01	1.186539712623838341e+02
3.500000000000000000e+01	1.113859666605034882e+00	1.220654161421303456e+02
3.600000000000000000e+01	8.183208614316008767e-01	1.194066788763384608e+02
3.700000000000000000e+01	1.412393823414362481e+00	1.247511003024724374e+02
3.800000000000000000e+01	8.890452545617657520e-01	1.200429323101484016e+02
3.900000000000000000e+01	9.432757480778910519e-01	1.205308027066230494e+02
4.000000000000000000e+01	5.029120359193366419e-01	1.165691861895253254e+02
4.100000000000000000e+01	6.941888531687808728e-01	1.182899578553805782e+02
4.200000000000000000e+01	1.465502540566327117e+00	1.252288789324140055e+02
4.300000000000000000e+01	8.698031962496659553e-01	1.198698261846265751e+02
4.400000000000000000e+01	8.752112134376803798e-01	1.199184779913609873e+02
4.500000000000000000e+01	7.729517633100524421e-01	1.189985276969346444e+02
4.600000000000000000e+01	7.156400523068578989e-01	1.184829379363241344e+02
4.700000000000000000e+01	7.697225105831231318e-01	1.189694765726306542e+02
4.800000000000000000e+01	9.774320445300119786e-01	1.208380808597758858e+02
4.900000000000000000e+01	1.068018624841559294e+00	1.216530192456627191e+02
5.000000000000000000e+01	8.187903085191843289e-01	1.194109021338066015e+02
5.100000000000000000e+01	1.084486394994402136e+00	1.218011672161607493e+02
5.200000000000000000e+01	1.545994032314144562e+00	1.259529995045450050e+02
5.300000000000000000e+01	6.441994900898935228e-01	1.178402416753579871e+02
5.400000000000000000e+01	9.635039218287950735e-01	1.207127801607813353e+02
5.500000000000000000e+01	1.114259735813213137e+00	1.220690152597218798e+02
5.600000000000000000e+01	1.217115213817791197e+00	1.229943275624535914e+02
5.700000000000000000e+01	7.774784428407441883e-01	1.190392507808338394e+02
5.800000000000000000e+01	1.224501056806135857e+00	1.230607723597142211e+02
5.900000000000000000e+01	1.283065520824699046e+00	1.235876321839119498e+02
6.000000000000000000e+01	8.337105931662687208e-01	1.195451285572508766e+02
6.100000000000000000e+01	1.326252291645821257e+00	1.239761506287366473e+02
6.200000000000000000e+01	9.550604538405020882e-01	1.206368207178925331e+02
6.300000000000000000e+01	1.597269215810321441e+00	1.264142832303542150e+02
6.400000000000000000e+01	4.738287922228812121e-01	1.163075464235375875e+02
6.500000000000000000e+01	1.211425550722896372e+00	1.229431420022652333e+02
6.600000000000000000e+01	1.140132406177277069e+00	1.223017719456742327e+02
6.700000000000000000e+01	1.654880397349595800e+00	1.269325670990153299e+02
6.800000000000000000e+01	9.175241734853980535e-01	1.202991354269854298e+02
6.900000000000000000e+01	1.653443434967938330e+00	1.269196398442292377e+02
7.000000000000000000e+01	1.256847733055958205e+00	1.233517707398404468e+02
7.100000000000000000e+01	1.676799177239300720e+00	1.271297536474256162e+02
7.200000000000000000e+01	1.443056159242083636e+00	1.250269459562218515e+02
7.300000000000000000e+01	1.166306842291822132e+00	1.225372433879709178e+02
7.400000000000000000e+01	9.694366783420094169e-01	1.207661526470823929e+02
7.500000000000000000e+01	1.012477831240372828e+00	1.211533610784975821e+02
7.600000000000000000e+01	1.034750275621567406e+00	1.213537292766494602e+02
7.700000000000000000e+01	1.166684111688953474e+00	1.225406373930485557e+02
7.800000000000000000e+01	1.767183622109872676e+00	1.279428735748892194e+02
7.900000000000000000e+01	1.331714759136266357e+00	1.240252922833207236e+02
8.000000000000000000e+01	6.036055267375491917e-01	1.174750487421736977e+02
8.100000000000000000e+01	5.899829002833403280e-01	1.173524963599560209e+02
8.200000000000000000e+01	6.729328757942650840e-01	1.180987340357766300e+02
8.300000000000000000e+01	6.587642034350124076e-01	1.179712692949408677e+02
8.400000000000000000e+01	6.593385350659973776e-01	1.179764361186658448e+02
8.500000000000000000e+01	4.990002605373199396e-01	1.165339949293540229e+02
8.600000000000000000e+01	5.606951507290185432e-01	1.170890168107118541e+02
8.700000000000000000e+01	6.921747486548597283e-01	1.182718384929326589e+02
8.800000000000000000e+01	5.477395694317053199e-01	1.169724653251127080e+02
8.900000000000000000e+01	6.570349747257447914e-01	1.179557127428741836e+02
9.000000000000000000e+01	4.486531520380388494e-01	1.160810603865844115e+02
9.100000000000000000e+01	7.560681339974750781e-01	1.188466385586916232e+02
9.200000000000000000e+01	4.844214966797551480e-01	1.164028409080249418e+02
9.300000000000000000e+01	8.136307398209627895e-01	1.193644854286794157e+02
9.400000000000000000e+01	9.418835239804286275e-01	1.205182779280644922e+02
9.500000000000000000e+01	7.869403495246696245e-01	1.191243723400525596e+02
9.600000000000000000e+01	7.677458095883253897e-01	1.189516937011220818e+02
9.700000000000000000e+01	9.809638923139762934e-01	1.208698542010628927e+02
9.800000000000000000e+01	7.337947151186132722e-01	1.186462615937273455e+02
9.900000000000000000e+01	1.172215711821127382e+00	1.225904009812928734e+02
1.000000000000000000e+02	5.992969338050933015e-01	1.174362876170959709e+02
1.010000000000000000e+02	9.252666045316864096e-01	1.203687881750856690e+02
1.020000000000000000e+02	6.481871713547220359e-01	1.178761158028746081e+02
1.030000000000000000e+02	4.576836024608852416e-01	1.161623004628309701e+02
1.040000000000000000e+02	1.022918504702046816e+00	1.212472878560529921e+02
1.050000000000000000e+02	1.569754778067654177e+00	1.261667568152331569e+02
1.060000000000000000e+02	8.312432592436413969e-01	1.195229318354248136e+02
1.070000000000000000e+02	1.512581232122272024e+00	1.256524100202894374e+02
1.080000000000000000e+02	6.483497363464020280e-01	1.178775782761401274e+02
1.090000000000000000e+02	6.885526650394430126e-01	1.182392533686797975e+02
1.100000000000000000e+02	5.439703929608639132e-01	1.169385569186058405e+02
1.110000000000000000e+02	7.513820000080801975e-01	1.188044809846201275e+02
1.120000000000000000e+02	7.139966548949781000e-01	1.184681535429890289e+02
1.130000000000000000e+02	1.260310290198171312e+00	1.233829207260614851e+02
1.140000000000000000e+02	9.011085599111753330e-01	1.201514566694530259e+02
1.150000000000000000e+02	6.319593047768934380e-01	1.177301260619015011e+02
1.160000000000000000e+02	6.692334796417005460e-01	1.180654533895820322e+02
1.170000000000000000e+02	5.831313243780469335e-01	1.172908579562339924e+02
1.180000000000000000e+02	8.487044037151908471e-01	1.196800164371665147e+02
1.190000000000000000e+02	8.858824133705701653e-01	1.200144786397890044e+02
1.200000000000000000e+02	5.994010670772268456e-01	1.174372244247380905e+02
1.210000000000000000e+02	8.765852633396065130e-01	1.199308392705411137e+02
1.220000000000000000e+02	7.323880803652703664e-01	1.186336071734867375e+02
1.230000000000000000e+02	6.325373640175879775e-01	1.177353264200885263e+02
1.240000000000000000e+02	9.084368009150322054e-01	1.202173832655838623e+02
1.250000000000000000e+02	1.164741797264568612e+00	1.225231638712923541e+02
1.260000000000000000e+02	7.274235151042931502e-01	1.185889447655837614e+02
1.270000000000000000e+02	8.363757079927813809e-01	1.195691045630505442e+02
1.280000000000000000e+02	8.870343018713785499e-01	1.200248413022533782e+02
1.290000000000000000e+02	7.148888595351436948e-01	1.184761800277822061e+02
1.300000000000000000e+02	9.126667310189777726e-01	1.202554367211781425e+02
1.310000000000000000e+02	6.674447147824010829e-01	1.180493612361730413e+02
1.320000000000000000e+02	6.352106354404067901e-01	1.177593758045653090e+02
1.330000000000000000e+02	8.369276471442373966e-01	1.195740699387126824e+02
1.340000000000000000e+02	8.160719613685836205e-01	1.193864472373796559e+02
1.350000000000000000e+02	8.656031339759032717e-01	1.198320414271246079e+02
1.360000000000000000e+02	9.940304573957697842e-01	1.209874041231398678e+02
1.370000000000000000e+02	9.905655999748659291e-01	1.209562334430655284e+02
1.380000000000000000e+02	1.389231477970248596e+00	1.245427263430552500e+02
1.390000000000000000e+02	7.931608217336807432e-01	1.191803331850698981e+02
1.400000000000000000e+02	6.269218022518623368e-01	1.176848074930524319e+02
1.410000000000000000e+02	6.557445356694324712e-01	1.179441036467142396e+02
1.420000000000000000e+02	8.094521423392609938e-01	1.193268937735435600e+02
1.430000000000000000e+02	4.857413867738431534e-01	1.164147149527137373e+02
1.440000000000000000e+02	9.753931663638921723e-01	1.208197386276703895e+02
1.450000000000000000e+02	9.512173061779851668e-01	1.206022468489812098e+02
1.460000000000000000e+02	9.236433548826137319e-01	1.203541850358087828e+02
1.470000000000000000e+02	1.416116353820382257e+00	1.247845890699042428e+02
1.480000000000000000e+02	9.416432951818494157e-01	1.205161167727511611e+02
1.490000000000000000e+02	1.264213586720879690e+00	1.234180357084011916e+02
1.500000000000000000e+02	1.549837104816400135e+00	1.259875726972967698e+02
1.510000000000000000e+02	1.150952633149450399e+00	1.223991132767334875e+02
1.520000000000000000e+02	1.712139935390913692e+00	1.274476874992725470e+02
1.530000000000000000e+02	1.466125231988211652e+00	1.252344808123007454e+02
1.540000000000000000e+02	1.092032053788352775e+00	1.218690497543562117e+02
1.550000000000000000e+02	5.766343091011989497e-01	1.172324092641144091e+02
1.560000000000000000e+02	7.828232444665603751e-01	1.190873338853604508e+02
1.570000000000000000e+02	9.659061655687343206e-01	1.207343913158685353e+02
1.580000000000000000e+02	8.065076337549461627e-01	1.193004042751578311e+02
1.590000000000000000e+02	7.802449667627356922e-01	1.190641390869355973e+02
1.600000000000000000e+02	7.199420035137522600e-01	1.185216393108616444e+02
1.610000000000000000e+02	1.108658672961596814e+00	1.220186267683598089e+02
1.620000000000000000e+02	6.363982016402034425e-01	1.177700594320812968e+02
1.630000000000000000e+02	5.495039112178856655e-01	1.169883377627567569e+02
1.640000000000000000e+02	7.578247399297464160e-01	1.188624414027570566e+02
1.650000000000000000e+02	1.728483015802316558e+00	1.275947137312495414e+02
1.660000000000000000e+02	8.424045790865879457e-01	1.196233417189406225e+02
1.670000000000000000e+02	1.093974168820590620e+00	1.218865214823333076e+02
1.680000000000000000e+02	1.617545133250043232e+00	1.265966901980736452e+02
1.690000000000000000e+02	1.018502480518654218e+00	1.212075602539327548e+02
1.700000000000000000e+02	1.331818840598093523e+00	1.240262286248650270e+02
1.710000000000000000e+02	6.773031180978791310e-01	1.181380497732356645e+02
1.720000000000000000e+02	7.216791423845575482e-01	1.185372670246197657e+02
1.730000000000000000e+02	5.338708615322399487e-01	1.168476991357825057e+02
1.740000000000000000e+02	9.825796012189740303e-01	1.208843895020155657e+02
1.750000000000000000e+02	1.142387230118261598e+00	1.223220568772458279e+02
1.760000000000000000e+02	6.847774903224388421e-01	1.182052910005261879e+02
1.770000000000000000e+02	6.664896879569037758e-01	1.180407695880837480e+02
1.780000000000000000e+02	8.392463978864613816e-01	1.195949299709673852e+02
1.790000000000000000e+02	6.095153920243054912e-01	1.175282152935661202e+02
1.800000000000000000e+02	1.122720376172280154e+00	1.221451291893356625e+02
1.810000000000000000e+02	9.688522095477578588e-01	1.207608946270296428e+02
1.820000000000000000e+02	1.340808418524229051e+00	1.241071010024261767e+02
1.830000000000000000e+02	1.033737288306108226e+00	1.213446162022300001e+02
1.840000000000000000e+02	9.108270651686525277e-01	1.202388866503676610e+02
1.850000000000000000e+02	8.191537692720133323e-01	1.194141719130412866e+02
1.860000000000000000e+02	1.029813021888950075e+00	1.213093125697406123e+02
1.870000000000000000e+02	6.183103260900275622e-01	1.176073366087416190e+02
1.880000000000000000e+02	1.421980037810185449e+00	1.248373401633837290e+02
1.890000000000000000e+02	7.795550880233590441e-01	1.190579327739873463e+02
1.900000000000000000e+02	1.100309330018953258e+00	1.219435140967312776e+02
1.910000000000000000e+02	4.535248578357420346e-01	1.161248874087066838e+02
1.920000000000000000e+02	6.897492153699583683e-01	1.182500178195689671e+02
1.930000000000000000e+02	8.775109146323634146e-01	1.199391666493627753e+02
1.940000000000000000e+02	9.328203372124057591e-01	1.204367433478836205e+02
1.950000000000000000e+02	1.140399071824830912e+00	1.223041709331582609e+02
1.960000000000000000e+02	4.970174458970464393e-01	1.165161570580390844e+02
1.970000000000000000e+02	6.375638906281841933e-01	1.177805462470051481e+02
1.980000000000000000e+02	9.969754373845778339e-01	1.210138978623923549e+02
1.990000000000000000e+02	4.339892177335300527e-01	1.159491401516912532e+02
2.000000000000000000e+02	1.008583718115506844e+00	1.211183287121854448e+02
2.010000000000000000e+02	9.542073537550290752e-01	1.206291460269585798e+02
2.020000000000000000e+02	6.217260672446660585e-01	1.176380654272221733e+02
2.030000000000000000e+02	7.248970455476489994e-01	1.185662160455525651e+02
2.040000000000000000e+02	6.141849363339020318e-01	1.175702236229389825e+02
2.050000000000000000e+02	8.394323866831153724e-01	1.195966031703443377e+02
2.060000000000000000e+02	6.464848271086380826e-01	1.178608011098223187e+02
2.070000000000000000e+02	6.719073261135646291e-01	1.180895079473365712e+02
2.080000000000000000e+02	7.463106459568822348e-01	1.187588578794037772e+02
2.090000000000000000e+02	8.812247302245901359e-01	1.199725770162604164e+02
2.100000000000000000e+02	8.029182717913851963e-01	1.192681135226546587e+02
2.110000000000000000e+02	9.125067965990861785e-01	1.202539979131610437e+02
2.120000000000000000e+02	8.113192370700198497e-01	1.193436906010752807e+02
2.130000000000000000e+02	6.596582300067510563e-01	1.179793121702630998e+02
2.140000000000000000e+02	8.092943631428622941e-01	1.193254743544287493e+02
2.150000000000000000e+02	9.459869480295637345e-01	1.205551933051513771e+02
2.160000000000000000e+02	8.269776546931627559e-01	1.194845574440387708e+02
2.170000000000000000e+02	1.273597046535161592e+00	1.235024515409537003e+02
2.180000000000000000e+02	5.220696939549547277e-01	1.167415330301194274e+02
2.190000000000000000e+02	7.286890892881824344e-01	1.186003301714473110e+02
2.200000000000000000e+02	9.407332219791693095e-01	1.205079295381267741e+02
2.210000000000000000e+02	7.628112277577456801e-01	1.189073010312783936e+02
2.220000000000000000e+02	1.173470438607120192e+00	1.226016888013892867e+02
2.230000000000000000e+02	6.216635945337671831e-01	1.176375034078810415e+02
2.240000000000000000e+02	8.351269737276006966e-01	1.195578706530942554e+02
2.250000000000000000e+02	7.546799130533313749e-01	1.188341497934508482e+02
2.260000000000000000e+02	7.133590454334131081e-01	1.184624174568750874e+02
2.270000000000000000e+02	3.990080320872255726e-01	1.156344410994810517e+02
2.280000000000000000e+02	6.572155710385498839e-01	1.179573374301860156e+02
2.290000000000000000e+02	9.735749231002670534e-01	1.208033812795365662e+02
2.300000000000000000e+02	9.369610807107794370e-01	1.204739944595971934e+02
2.310000000000000000e+02	1.269838000482724771e+00	1.234686342700962456e+02
2.320000000000000000e+02	8.653127463711057787e-01	1.198294290312805401e+02
2.330000000000000000e+02	7.803514839941649850e-01	1.190650973412416107e+02
2.340000000000000000e+02	7.879921807497778374e-01	1.191338348635065501e+02
2.350000000000000000e+02	1.380061302189686590e+00	1.244602292643134831e+02
2.360000000000000000e+02	1.053456900243396444e+00	1.215220185135571143e+02
2.370000000000000000e+02	6.488594479289255812e-01	1.178821637625653977e+02
2.380000000000000000e+02	6.535704584769600478e-01	1.179245451320652336e+02
2.390000000000000000e+02	7.622585998217051850e-01	1.189023294591465856e+02
2.400000000000000000e+02	1.726708616763726001e+00	1.275787508161747610e+02
2.410000000000000000e+02	1.128803774585748876e+00	1.221998568859407044e+02
2.420000000000000000e+02	5.969048101069069912e-01	1.174147675043073349e+02
2.430000000000000000e+02	1.026709492188237594e+00	1.212813924796328706e+02
2.440000000000000000e+02	6.598576025070667095e-01	1.179811057726161039e+02
2.450000000000000000e+02	6.488057310650543474e-01	1.178816805129031593e+02
2.460000000000000000e+02	5.179023036410441705e-01	1.167040421973261033e+02
2.470000000000000000e+02	6.207439088850871256e-01	1.176292296974100111e+02
2.480000000000000000e+02	8.805727442326352072e-01	1.199667115954654406e+02
2.490000000000000000e+02	8.859135533436397481e-01	1.200147587823807953e+02
2.500000000000000000e+02	6.305222140169625122e-01	1.177171976521939740e+02
2.510000000000000000e+02	1.143955171441857877e+00	1.223361624496940010e+02
2.520000000000000000e+02	6.508621674175274485e-01	1.179001807026222082e+02
2.530000000000000000e+02	4.603420814888304347e-01	1.161862167714110825e+02
2.540000000000000000e+02	1.123205650207734774e+00	1.221494948297848993e+02
2.550000000000000000e+02	7.285688207690383944e-01	1.185992482072918364e+02
2.560000000000000000e+02	1.112298234007293107e+00	1.220513691237254221e+02
2.570000000000000000e+02	6.550603682291168406e-01	1.179379487139684670e+02
2.580000000000000000e+02	6.686732438918485677e-01	1.180604133757507270e+02
2.590000000000000000e+02	9.467741496696532311e-01	1.205622751580233540e+02
2.600000000000000000e+02	6.081956835426511887e-01	1.175163428827058993e+02
2.610000000000000000e+02	7.055487414853331973e-01	1.183921541080341910e+02
2.620000000000000000e+02	6.744624638585784426e-01	1.181124945731974663e+02
2.630000000000000000e+02	6.595269145197629745e-01	1.179781308249618377e+02
2.640000000000000000e+02	9.278553763618015982e-01	1.203920773811624230e+02
2.650000000000000000e+02	9.397607092529662864e-01	1.204991805827227722e+02
2.660000000000000000e+02	8.549013485895976538e-01	1.197357656246952899e+02
2.670000000000000000e+02	1.002051507624941440e+00	1.210595633955662862e+02
2.680000000000000000e+02	8.325219253556095378e-01	1.195344350193819878e+02
2.690000000000000000e+02	1.655169547432433053e+00	1.269351683618180147e+02
2.700000000000000000e+02	1.251694100059721926e+00	1.233054074336977379e+02
2.710000000000000000e+02	9.279639811695350460e-01	1.203930544158005489e+02
2.720000000000000000e+02	4.872457924535082419e-01	1.164282489434228296e+02
2.730000000000000000e+02	5.102707076070791548e-01	1.166353865473140274e+02
2.740000000000000000e+02	6.271421283490921095e-01	1.176867895989386170e+02
2.750000000000000000e+02	5.836999457165299443e-01	1.172959734088117472e+02
2.760000000000000000e+02	1.115713062238895104e+00	1.220820897293335889e+02
2.770000000000000000e+02	6.848647726221734899e-01	1.182060762128194256e+02
2.780000000000000000e+02	1.000335851783047847e+00	1.210441289482373151e+02
2.790000000000000000e+02	8.609189661835451313e-01	1.197899015414285344e+02
2.800000000000000000e+02	8.655259406627513474e-01	1.198313469777502718e+02
2.810000000000000000e+02	1.152300846221653963e+00	1.224112421216585744e+02
2.820000000000000000e+02	7.801148841295895142e-01	1.190629688326802409e+02
2.830000000000000000e+02	4.558871479320067421e-01	1.161461391313285816e+02
2.840000000000000000e+02	1.312553349911477651e+00	1.238529116961381504e+02
2.850000000000000000e+02	1.090903410242733962e+00	1.218588962090281456e+02
2.860000000000000000e+02	6.800041847070414924e-01	1.181623492098086530e+02
2.870000000000000000e+02	1.023776708029175975e+00	1.212550084569606383e+02
2.880000000000000000e+02	6.356140975531997528e-01	1.177630054455323858e+02
2.890000000000000000e+02	1.200521278620880983e+00	1.228450445812617602e+02
2.900000000000000000e+02	6.570769679379067085e-01	1.179560905237819100e+02
2.910000000000000000e+02	7.318818281567266437e-01	1.186290528084112168e+02
2.920000000000000000e+02	1.136257217087988103e+00	1.222669098244795549e+02
2.930000000000000000e+02	7.848437886450162493e-01	1.191055111805596027e+02
2.940000000000000000e+02	1.259769091445511080e+00	1.233780519735771861e+02
2.950000000000000000e+02	1.141430281607405117e+00	1.223134479412187403e+02
2.960000000000000000e+02	1.039748240738508134e+00	1.213986921575873481e+02
2.970000000000000000e+02	6.731772863760371317e-01	1.181009328114045189e+02
2.980000000000000000e+02	1.268860939692178613e+00	1.234598443992254886e+02
2.990000000000000000e+02	7.952972512760609902e-01	1.191995530125194023e+02
3.000000000000000000e+02	1.017862716741211759e+00	1.212018047870816417e+02
3.010000000000000000e+02	8.055938082314273441e-01	1.192921832837642029e+02
3.020000000000000000e+02	6.208068550690811760e-01	1.176297959762275269e+02
3.030000000000000000e+02	8.927940653511888813e-01	1.200766575021494731e+02
3.040000000000000000e+02	1.017620427895411295e+00	1.211996250990943622e+02
3.050000000000000000e+02	6.375471180033784879e-01	1.177803953564898052e+02
3.060000000000000000e+02	9.626260298826275763e-01	1.207048824363818369e+02
3.070000000000000000e+02	7.764325327844714408e-01	1.190298415256206539e+02
3.080000000000000000e+02	1.674263939459885719e+00	1.271069460463804006e+02
3.090000000000000000e+02	5.420623012241038152e-01	1.169213912722735671e+02
3.100000000000000000e+02	7.825292100467580170e-01	1.190846886819026622e+02
3.110000000000000000e+02	8.263281837768415850e-01	1.194787146494613950e+02
3.120000000000000000e+02	1.407772074763424142e+00	1.247095219541937325e+02
3.130000000000000000e+02	5.725508365099475361e-01	1.171956733750800339e+02
3.140000000000000000e+02	1.421297182480333543e+00	1.248311970346952364e+02
3.150000000000000000e+02	1.726927020367146959e+00	1.275807156268501501e+02
3.160000000000000000e+02	1.025484384913871727e+00	1.212703711236960800e+02
3.170000000000000000e+02	8.017647188533005842e-01	1.192577358865173380e+02
3.180000000000000000e+02	1.203335800290818325e+00	1.228703646865009063e+02
3.190000000000000000e+02	1.045719534785400473e+00	1.214524113366919664e+02
3.200000000000000000e+02	1.118914800173781199e+00	1.221108933240350893e+02
3.210000000000000000e+02	1.650667261458459656e+00	1.268946647281471911e+02
3.220000000000000000e+02	1.377722038241690150e+00	1.244391846903888847e+02
3.230000000000000000e+02	1.402561862407589510e+00	1.246626496466975311e+02
3.240000000000000000e+02	1.498069491813067255e+00	1.255218589587158675e+02
3.250000000000000000e+02	8.771423625911393129e-01	1.199358510676887875e+02
3.260000000000000000e+02	1.095702785825230841e+00	1.219020725313599200e+02
3.270000000000000000e+02	1.433975538133028582e+00	1.249452545325693364e+02
3.280000000000000000e+02	1.060839432486987866e+00	1.215884335265718335e+02
3.290000000000000000e+02	1.497009190233081988e+00	1.255123202339381550e+02
3.300000000000000000e+02	7.813296579124968666e-01	1.190738972260742230e+02
3.310000000000000000e+02	1.581410731520159096e+00	1.262716165401492390e+02
3.320000000000000000e+02	9.909394475272236269e-01	1.209595966644150735e+02
3.330000000000000000e+02	1.201879502857266191e+00	1.228572634889969351e+02
3.340000000000000000e+02	1.383451687621690240e+00	1.244907299766926201e+02
3.350000000000000000e+02	1.557115804671007853e+00	1.260530536094856302e+02
3.360000000000000000e+02	7.136064233340082552e-01	1.184646429272076915e+02
3.370000000000000000e+02	1.288721579632844616e+00	1.236385154319575150e+02
3.380000000000000000e+02	1.197724221492102004e+00	1.228198815911817690e+02
3.390000000000000000e+02	1.268796374147791228e+00	1.234592635522573687e+02
3.400000000000000000e+02	7.816707392148320999e-01	1.190769656744583642e+02
3.410000000000000000e+02	1.522082707308020755e+00	1.257378875471459310e+02
3.420000000000000000e+02	6.851896013652879480e-01	1.182089984493217116e+02
3.430000000000000000e+02	1.385437402447763366e+00	1.245085939387676319e+02
3.440000000000000000e+02	1.607422667763338975e+00	1.265056260950182150e+02
3.450000000000000000e+02	1.394311494362637349e+00	1.245884273767498058e+02
3.460000000000000000e+02	1.476409012822217370e+00	1.253269961465241522e+02
3.470000000000000000e+02	9.825172957980643496e-01	1.208838289876549084e+02
3.480000000000000000e+02	1.008178293979449913e+00	1.211146814203912072e+02
3.490000000000000000e+02	1.075606398211684578e+00	1.217212806565853782e+02
3.500000000000000000e+02	1.379904327928543450e+00	1.244588170865873593e+02
3.510000000000000000e+02	1.838113455066354041e+00	1.285809751941575314e+02
3.520000000000000000e+02	1.167069153697555706e+00	1.225441013223845488e+02
3.530000000000000000e+02	6.815008342583563916e-01	1.181758134245454528e+02
3.540000000000000000e+02	1.448915070679716477e+00	1.250796541146887932e+02
3.550000000000000000e+02	1.330289243382250630e+00	1.240124680051148545e+02
3.560000000000000000e+02	8.845546277773956856e-01	1.200025335653156873e+02
3.570000000000000000e+02	7.095218890439256576e-01	1.184278974868785497e+02
3.580000000000000000e+02	6.333568700368980009e-01	1.177426988908265173e+02
3.590000000000000000e+02	8.024335676899750913e-01	1.192637530094674219e+02
3.600000000000000000e+02	1.195451033429586918e+00	1.227994314516123922e+02
3.610000000000000000e+02	8.568323137558391256e-01	1.197531370458303854e+02
3.620000000000000000e+02	4.913607403658703521e-01	1.164652679919195890e+02
3.630000000000000000e+02	4.584680792183598030e-01	1.161693578020119304e+02
3.640000000000000000e+02	1.022173114843408115e+00	1.212405821518949836e+02
3.650000000000000000e+02	1.235518068205035513e+00	1.231598840102019494e+02
3.660000000000000000e+02	9.707092839643087778e-01	1.207776013094354823e+02
3.670000000000000000e+02	8.899031244802759755e-01	1.200506499116329309e+02
3.680000000000000000e+02	1.299222620546397922e+00	1.237329852894440307e+02
3.690000000000000000e+02	6.342033287048296497e-01	1.177503138339912994e+02
3.700000000000000000e+02	1.282816503793380969e+00	1.235853919675701604e+02
3.710000000000000000e+02	8.379192497434195808e-01	1.195829906311468136e+02
3.720000000000000000e+02	1.520731760888219375e+00	1.257257341123768271e+02
3.730000000000000000e+02	1.141404990418505738e+00	1.223132204156781171e+02
3.740000000000000000e+02	1.070183508652761573e+00	1.216724950544708861e+02
3.750000000000000000e+02	9.092953519077869862e-01	1.202251069941740127e+02
3.760000000000000000e+02	8.190856379371276308e-01	1.194135589873751542e+02
3.770000000000000000e+02	8.064976980889041469e-01	1.193003148915469325e+02
3.780000000000000000e+02	8.659383689378543636e-01	1.198350572804424701e+02
3.790000000000000000e+02	9.758009179011141176e-01	1.208234068573181332e+02
3.800000000000000000e+02	5.727740504782319331e-01	1.171976814609399469e+02
3.810000000000000000e+02	9.569875268613108332e-01	1.206541571243631381e+02
3.820000000000000000e+02	8.535754042373877581e-01	1.197238371144628672e+02
3.830000000000000000e+02	5.078386457599979309e-01	1.166135071414547895e+02
3.840000000000000000e+02	9.436097141144175193e-01	1.205338071443864720e+02
3.850000000000000000e+02	4.914650454411430558e-01	1.164662063451435472e+02
3.860000000000000000e+02	8.303215097315551629e-01	1.195146395579485272e+02
3.870000000000000000e+02	9.756854402544737903e-01	1.208223679929892711e+02
3.880000000000000000e+02	1.637178426965349320e+00	1.267733159701799082e+02
3.890000000000000000e+02	9.713865680181230644e-01	1.207836943176018565e+02
3.900000000000000000e+02	1.242240826526719077e+00	1.232203635403546258e+02
3.910000000000000000e+02	1.015294785787271170e+00	1.211787030704755495e+02
3.920000000000000000e+02	1.025852338896498850e+00	1.212736813250929373e+02
3.930000000000000000e+02	8.028369703687739944e-01	1.192673821157521701e+02
3.940000000000000000e+02	1.467672530697041955e+00	1.252484006788849769e+02
3.950000000000000000e+02	1.155116739690461358e+00	1.224365745679260726e+02
3.960000000000000000e+02	6.638195632803095547e-01	1.180167485124831899e+02
3.970000000000000000e+02	1.057024655834525761e+00	1.215541148900035466e+02
3.980000000000000000e+02	7.805019709291463048e-01	1.190664511574411932e+02
3.990000000000000000e+02	8.639374121686504981e-01	1.198170561982279025e+02
4.000000000000000000e+02	1.020626283487606090e+00	1.212266664897295669e+02
4.010000000000000000e+02	8.748400186109842602e-01	1.199151386345613730e+02
4.020000000000000000e+02	7.983651034021694848e-01	1.192271521386945068e+02
4.030000000000000000e+02	1.145382966939225922e+00	1.223490072370123869e+02
4.040000000000000000e+02	5.841985652774863702e-01	1.173004591087772326e+02
4.050000000000000000e+02	9.785308025065184712e-01	1.208479655474280179e+02
4.060000000000000000e+02	1.244833138749984247e+00	1.232436845966488050e+02
4.070000000000000000e+02	8.958464597922910500e-01	1.201041175673199035e+02
4.080000000000000000e+02	1.080993397134833112e+00	1.217697433780183616e+02
4.090000000000000000e+02	1.460779825098214690e+00	1.251863922626738486e+02
4.100000000000000000e+02	1.124935059046112018e+00	1.221650530023358385e+02
4.110000000000000000e+02	9.994042973614516434e-01	1.210357484634669447e+02
4.120000000000000000e+02	1.175111465103153785e+00	1.226164518654024675e+02
4.130000000000000000e+02	1.472482712786707504e+00	1.252916742191212052e+02
4.140000000000000000e+02	9.552296905732413634e-01	1.206383432117248020e+02
4.150000000000000000e+02	1.047315627844252361e+00	1.214667701688350121e+02
4.160000000000000000e+02	1.679340947184216226e+00	1.271526200133827018e+02
4.170000000000000000e+02	1.356036288640178222e+00	1.242440945377832406e+02
4.180000000000000000e+02	4.600810006765129190e-01	1.161838680264309289e+02
4.190000000000000000e+02	1.273200927536488170e+00	1.234988879603848488e+02
4.200000000000000000e+02	5.458087290562663174e-01	1.169550950266253011e+02
4.210000000000000000e+02	8.719562515016725524e-01	1.198891955809075824e+02
4.220000000000000000e+02	7.295584224545952345e-01	1.186081508990318838e+02
4.230000000000000000e+02	1.591645172171995082e+00	1.263636879983782251e+02
4.240000000000000000e+02	1.378835652253525001e+00	1.244492030264623281e+02
4.250000000000000000e+02	5.677915102477545384e-01	1.171528573459432607e+02
4.260000000000000000e+02	6.270023505891269000e-01	1.176855321250203303e+02
4.270000000000000000e+02	1.315437301566404482e+00	1.238788564100081118e+02
4.280000000000000000e+02	1.074129973398536109e+00	1.217079983883954100e+02
4.290000000000000000e+02	9.508164487376133955e-01	1.205986406402656996e+02
4.300000000000000000e+02	1.058013757570825941e+00	1.215630130840813621e+02
4.310000000000000000e+02	1.108660748608098601e+00	1.220186454413685908e+02
4.320000000000000000e+02	9.485978296131301057e-01	1.205786814158200286e+02
4.330000000000000000e+02	6.317716277669267466e-01	1.177284376749567087e+02
4.340000000000000000e+02	4.892817334245792016e-01	1.164465647518242406e+02
4.350000000000000000e+02	1.075028856196114546e+00	1.217160849514783791e+02
4.360000000000000000e+02	8.200541054917194206e-01	1.194222715514548270e+02
4.370000000000000000e+02	5.976879586882335449e-01	1.174218128949002988e+02
4.380000000000000000e+02	8.433544392407688051e-01	1.196318868864279494e+02
4.390000000000000000e+02	9.247755777545840772e-01	1.203643707816066097e+02
4.400000000000000000e+02	8.107199276309280389e-01	1.193382990710577047e+02
4.410000000000000000e+02	5.196589331469823048e-01	1.167198452534658486e+02
4.420000000000000000e+02	1.025539978225771698e+00	1.212708712543303449e+02
4.430000000000000000e+02	1.111155402432939754e+00	1.220410879395219723e+02
4.440000000000000000e+02	1.161643935834340446e+00	1.224952947742918070e+02
4.450000000000000000e+02	5.767995048676859415e-01	1.172338954044547705e+02
4.460000000000000000e+02	1.178365747849238421e+00	1.226457281657020673e+02
4.470000000000000000e+02	1.586043191829558108e+00	1.263132912530508918e+02
4.480000000000000000e+02	8.975316225232559120e-01	1.201192776913824929e+02
4.490000000000000000e+02	9.400963893704172847e-01	1.205022004407652076e+02
4.500000000000000000e+02	6.679899807574642967e-01	1.180542665783558363e+02
4.510000000000000000e+02	5.947971860133441924e-01	1.173958068175151226e+02
4.520000000000000000e+02	6.270192578832308739e-01	1.176856842270526613e+02
4.530000000000000000e+02	1.328470644266181555e+00	1.239961074556479588e+02
4.540000000000000000e+02	7.532863268541090118e-01	1.188216127611014485e+02
4.550000000000000000e+02	6.224210125158906592e-01	1.176443173198939576e+02
4.560000000000000000e+02	9.129508498530529703e-01	1.202579927216723092e+02
4.570000000000000000e+02	9.145911983055967642e-01	1.202727496858452696e+02
4.580000000000000000e+02	1.380117155836771081e+00	1.244607317369848687e+02
4.590000000000000000e+02	9.295004214132119857e-01	1.204068765970539658e+02
4.600000000000000000e+02	5.778517963580320771e-01	1.172433620685641245e+02
4.610000000000000000e+02	1.049720706484560395e+00	1.214884068273590714e+02
4.620000000000000000e+02	4.642640052734118838e-01	1.162214993290215546e+02
4.630000000000000000e+02	7.156570400415823707e-01	1.184830907620193727e+02
4.640000000000000000e+02	4.659400472189929032e-01	1.162365774003331467e+02
4.650000000000000000e+02	1.338415886476293837e+00	1.240855772160262376e+02
4.660000000000000000e+02	9.262894372268009047e-01	1.203779898208782697e+02
4.670000000000000000e+02	8.812980776085730383e-01	1.199732368667427522e+02
4.680000000000000000e+02	6.929753200049988404e-01	1.182790406228908324e+02
4.690000000000000000e+02	9.254493929376854666e-01	1.203704325829883857e+02
4.700000000000000000e+02	6.908997629591844269e-01	1.182603684188743500e+02
4.710000000000000000e+02	9.096007589415409100e-01	1.202278545083672867e+02
4.720000000000000000e+02	1.058365444273649203e+00	1.215661769411665034e+02
4.730000000000000000e+02	1.250164433101608630e+00	1.232916461865295332e+02
4.740000000000000000e+02	9.371530871490649783e-01	1.204757217951071340e+02
4.750000000000000000e+02	9.759909490732965320e-01	1.208251164228651930e+02
4.760000000000000000e+02	7.277133781987374928e-01	1.185915524428081511e+02
4.770000000000000000e+02	7.772047974192062281e-01	1.190367890016457295e+02
4.780000000000000000e+02	9.658337017481883890e-01	1.207337394141326712e+02
4.790000000000000000e+02	8.500318657397146760e-01	1.196919586007394258e+02
4.800000000000000000e+02	7.302698026077467652e-01	1.186145506438038666e+02
4.810000000000000000e+02	7.657810277671414090e-01	1.189340180573294958e+02
4.820000000000000000e+02	9.181836484252468011e-01	1.203050682201338759e+02
4.830000000000000000e+02	9.001962385212456397e-01	1.201432492096023168e+02
4.840000000000000000e+02	6.583805575312977609e-01	1.179678179252959467e+02
4.850000000000000000e+02	8.467073319499247575e-01	1.196620503053698457e+02
4.860000000000000000e+02	1.374901033080692114e+00	1.244138062581246800e+02
4.870000000000000000e+02	8.801149505757005498e-01	1.199625931750264698e+02
4.880000000000000000e+02	6.853119742894158151e-01	1.182100993452040996e+02
4.890000000000000000e+02	5.770500121208876898e-01	1.172361490271864710e+02
4.900000000000000000e+02	1.065781603166395142e+00	1.216328944675015151e+02
4.910000000000000000e+02	1.302571541821363921e+00	1.237631129804209564e+02
4.920000000000000000e+02	9.110696895821728258e-01	1.202410693572018516e+02
4.930000000000000000e+02	6.251330333780139581e-01	1.176687153035276197e+02
4.940000000000000000e+02	8.730859961180641449e-01	1.198993590317297731e+02
4.950000000000000000e+02	6.251566716243484034e-01	1.176689279588044457e+02
4.960000000000000000e+02	7.244796139088685027e-01	1.185624607314126990e+02
4.970000000000000000e+02	7.396043219837822313e-01	1.186985261965532175e+02
4.980000000000000000e+02	1.466678284542155097e+00	1.252394562043960349e+02
4.990000000000000000e+02	8.721641132638410232e-01	1.198910655546759614e+02
5.000000000000000000e+02	8.822443242733019053e-01	1.199817495264209555e+02
5.010000000000000000e+02	9.682704465533185090e-01	1.207556609489944748e+02
5.020000000000000000e+02	6.755588947762820595e-01	1.181223583260760535e+02
5.030000000000000000e+02	8.506773016365667406e-01	1.196977650953235610e+02
5.040000000000000000e+02	8.209687592013666935e-01	1.194304999934075084e+02
5.050000000000000000e+02	7.908714679836430506e-01	1.191597376151371037e+02
5.060000000000000000e+02	1.466298789950017500e+00	1.252360421809357547e+02
5.070000000000000000e+02	7.278179561941882092e-01	1.185924932512868395e+02
5.080000000000000000e+02	8.179759066141494284e-01	1.194035755808925785e+02
5.090000000000000000e+02	9.954203773814003231e-01	1.209999081733612911e+02
5.100000000000000000e+02	6.291746626653864638e-01	1.177050747602647647e+02
5.110000000000000000e+02	1.180982769354610884e+00	1.226692715125651887e+02
5.120000000000000000e+02	4.318258824116683603e-01	1.159296782734608797e+02
5.130000000000000000e+02	1.112448249193262795e+00	1.220527186959588875e+02
5.140000000000000000e+02	7.239034641257859892e-01	1.185572775511597428e+02
5.150000000000000000e+02	1.125758144508945069e+00	1.221724576745976663e+02
5.160000000000000000e+02	1.594111624213433220e+00	1.263858767865917088e+02
5.170000000000000000e+02	5.913410385942364789e-01	1.173647144946851029e+02
5.180000000000000000e+02	7.473946741951562611e-01	1.187686100548332462e+02
5.190000000000000000e+02	9.994973049490212258e-01	1.210365851818089737e+02
5.200000000000000000e+02	6.883487997919677248e-01	1.182374193485065490e+02
5.210000000000000000e+02	1.140105118853758093e+00	1.223015264624325908e+02
5.220000000000000000e+02	6.435239458246998501e-01	1.178341643187431487e+02
5.230000000000000000e+02	7.468357388337070191e-01	1.187635817396047884e+02
5.240000000000000000e+02	5.240936314284758701e-01	1.167597408522066900e+02
5.250000000000000000e+02	1.054270099060570454e+00	1.215293342432070745e+02
5.260000000000000000e+02	1.196122986788207054e+00	1.228054765035790581e+02
5.270000000000000000e+02	7.643948661789555787e-01	1.189215478185438997e+02
5.280000000000000000e+02	6.372080259910277711e-01	1.177773448042307223e+02
5.290000000000000000e+02	1.130623745783942979e+00	1.222162297789842000e+02
5.300000000000000000e+02	9.649732215318360673e-01	1.207259983297889505e+02
5.310000000000000000e+02	5.857461992328361067e-01	1.173143819913187684e+02
5.320000000000000000e+02	4.712732725935064870e-01	1.162845563621542908e+02
5.330000000000000000e+02	1.328332347777187561e+00	1.239948633075950397e+02
5.340000000000000000e+02	8.100284611832597736e-01	1.193320784747086662e+02
5.350000000000000000e+02	6.824010440967906987e-01	1.181839119260030628e+02
5.360000000000000000e+02	1.149066683075317119e+00	1.223821468220556312e+02
5.370000000000000000e+02	1.005357037530937525e+00	1.210893007274848685e+02
5.380000000000000000e+02	9.204778663117505477e-01	1.203257075489932930e+02
5.390000000000000000e+02	6.322901778761995661e-01	1.177331026748672826e+02
5.400000000000000000e+02	1.297535483657726196e+00	1.237178074053899479e+02
5.410000000000000000e+02	1.016741860260407471e+00	1.211917212960376560e+02
5.420000000000000000e+02	9.725047755033925378e-01	1.207937539776530258e+02
5.430000000000000000e+02	7.009589768281520028e-01	1.183508634953577996e+02
5.440000000000000000e+02	8.610815828485549606e-01	1.197913644795596042e+02
5.450000000000000000e+02	6.603353902383859442e-01	1.179854040644957394e+02
5.460000000000000000e+02	1.095245117487005926e+00	1.218979552383178202e+02
5.470000000000000000e+02	8.921877551676773432e-01	1.200712029917727932e+02
5.480000000000000000e+02	8.611839615742251652e-01	1.197922855028851359e+02
5.490000000000000000e+02	1.183471137291089548e+00	1.226916574613743052e+02
5.500000000000000000e+02	8.413633695497887421e-01	1.196139747507167357e+02
5.510000000000000000e+02	6.126647011984254210e-01	1.175565472266867744e+02
5.520000000000000000e+02	1.163374675546676507e+00	1.225108649197008788e+02
5.530000000000000000e+02	5.271422073289107058e-01	1.167871665648785893e+02
5.540000000000000000e+02	1.156297424523129003e+00	1.224471962890294208e+02
5.550000000000000000e+02	9.438201396764265283e-01	1.205357001827069752e+02
5.560000000000000000e+02	9.014585817035293269e-01	1.201546055486082452e+02
5.570000000000000000e+02	1.021463486848212421e+00	1.212341981699520090e+02
5.580000000000000000e+02	8.799073455575672220e-01	1.199607255109883965e+02
5.590000000000000000e+02	1.072499969945734488e+00	1.216933344902965075e+02
5.600000000000000000e+02	9.296097280109301142e-01	1.204078599451614338e+02
5.610000000000000000e+02	9.046889209724311431e-01	1.201836664477018246e+02
5.620000000000000000e+02	1.287581389137722798e+00	1.236282580075299364e+02
5.630000000000000000e+02	4.517425971831550702e-01	1.161088537686856910e+02
5.640000000000000000e+02	6.970045007410985427e-01	1.183152880895048753e+02
5.650000000000000000e+02	5.871177284172458544e-01	1.173267205935255788e+02
5.660000000000000000e+02	1.032688273925890909e+00	1.213351790197814921e+02
5.670000000000000000e+02	8.715263742864944874e-01	1.198853283034073058e+02
5.680000000000000000e+02	8.349468473801802126e-01	1.195562501937026099e+02
5.690000000000000000e+02	1.075041237325241372e+00	1.217161963350558551e+02
5.700000000000000000e+02	1.292004761825481740e+00	1.236680517185403403e+02
5.710000000000000000e+02	1.204220894867686908e+00	1.228783272074764170e+02
5.720000000000000000e+02	5.765510770905147853e-01	1.172316604891831986e+02
5.730000000000000000e+02	1.530513113711537976e+00	1.258137294849166778e+02
5.740000000000000000e+02	1.621682465465252410e+00	1.266339106210738663e+02
5.750000000000000000e+02	7.734931584423212492e-01	1.190033982160965422e+02
5.760000000000000000e+02	1.200379280305870155e+00	1.228437671307030143e+02
5.770000000000000000e+02	6.067792332564440061e-01	1.175036001596009925e+02
5.780000000000000000e+02	1.150948054663898379e+00	1.223990720875903122e+02
5.790000000000000000e+02	1.210536296868856221e+00	1.229351420634446868e+02
5.800000000000000000e+02	1.115561854554615762e+00	1.220807294291021776e+02
5.810000000000000000e+02	9.387028067740015302e-01	1.204896634408274991e+02
5.820000000000000000e+02	5.850880391379920109e-01	1.173084610268281835e+02
5.830000000000000000e+02	6.435811757968974423e-01	1.178346791731620584e+02
5.840000000000000000e+02	6.620912264237097666e-01	1.180011999837348640e+02
5.850000000000000000e+02	1.619706648007835703e+00	1.266161356980773718e+02
5.860000000000000000e+02	1.088349408226086723e+00	1.218359198004493038e+02
5.870000000000000000e+02	5.845808169565525070e-01	1.173038979356461766e+02
5.880000000000000000e+02	1.074665490033468007e+00	1.217128160231994372e+02
5.890000000000000000e+02	9.406815579786393933e-01	1.205074647565106005e+02
5.900000000000000000e+02	1.001265529821308009e+00	1.210524925526176645e+02
5.910000000000000000e+02	8.998816871763073433e-01	1.201404194310143652e+02
5.920000000000000000e+02	1.019309654350980754e+00	1.212148217813884088e+02
5.930000000000000000e+02	9.683388376246442331e-01	1.207562762113113024e+02
5.940000000000000000e+02	1.605574005329036602e+00	1.264889950888020707e+02
5.950000000000000000e+02	1.804669768928654827e+00	1.282801078525995706e+02
5.960000000000000000e+02	8.916949603690348392e-01	1.200667696927521320e+02
5.970000000000000000e+02	8.911189327694659656e-01	1.200615876116910812e+02
5.980000000000000000e+02	1.118020174316783466e+00	1.221028450574003728e+02
5.990000000000000000e+02	1.078150699327075746e+00	1.217441697935530840e+02
6.000000000000000000e+02	7.311283277502276245e-01	1.186222741398388223e+02
6.010000000000000000e+02	1.392046495742032430e+00	1.245680509113444145e+02
6.020000000000000000e+02	9.469599914043129729e-01	1.205639470343956816e+02
6.030000000000000000e+02	1.151919274588470099e+00	1.224078094126438714e+02
6.040000000000000000e+02	7.672891768276600688e-01	1.189475857243815966e+02
6.050000000000000000e+02	1.204097245712892894e+00	1.228772148303199145e+02
6.060000000000000000e+02	5.846156042060784985e-01	1.173042108900030058e+02
6.070000000000000000e+02	8.397842194009722538e-01	1.195997683410153911e+02
6.080000000000000000e+02	1.024937175721007954e+00	1.212654482998645449e+02
6.090000000000000000e+02	1.102777826934464800e+00	1.219657212811174816e+02
6.100000000000000000e+02	8.809560077233773434e-01	1.199701595248324679e+02
6.110000000000000000e+02	7.047293037006786554e-01	1.183847822511513783e+02
6.120000000000000000e+02	1.070252534670920852e+00	1.216731160289201910e+02
6.130000000000000000e+02	1.505101707121987875e+00	1.255851224374049906e+02
6.140000000000000000e+02	7.868771628762438741e-01	1.191238038979599168e+02
6.150000000000000000e+02	1.450224730630886416e+00	1.250914361265827779e+02
6.160000000000000000e+02	1.458042781431246659e+00	1.251617691679462467e+02
6.170000000000000000e+02	1.342521164444778758e+00	1.241225092714117864e+02
6.180000000000000000e+02	6.714023620265249237e-01	1.180849651705079424e+02
6.190000000000000000e+02	1.478586366173747280e+00	1.253465841342779470e+02
6.200000000000000000e+02	7.849510606709215743e-01	1.191064762251759248e+02
6.210000000000000000e+02	1.357592815985965817e+00	1.242580974273768533e+02
6.220000000000000000e+02	1.389238256797101334e+00	1.245427873269912311e+02
6.230000000000000000e+02	1.062169664602530927e+00	1.216004006105412998e+02
6.240000000000000000e+02	9.317036717034893334e-01	1.204266975598178533e+02
6.250000000000000000e+02	6.333224904726686422e-01	1.177423896041034226e+02
6.260000000000000000e+02	1.008944226689243662e+00	1.211215719329160265e+02
6.270000000000000000e+02	6.391680705958979747e-01	1.177949778309005211e+02
6.280000000000000000e+02	1.102711995755493390e+00	1.219651290482001116e+02
6.290000000000000000e+02	8.495353288238263190e-01	1.196874916367434878e+02
6.300000000000000000e+02	1.441411261544779610e+00	1.250121480659628332e+02
6.310000000000000000e+02	1.295325986167486176e+00	1.236979302413318180e+02
6.320000000000000000e+02	6.321540706032898749e-01	1.177318782215220807e+02
6.330000000000000000e+02	9.201161192021429791e-01	1.203224531860999207e+02
6.340000000000000000e+02	1.549748158998665915e+00	1.259867725196006205e+02
6.350000000000000000e+02	1.364604650268400388e+00	1.243211775535123138e+02
6.360000000000000000e+02	7.771701115444068497e-01	1.190364769592800229e+02
6.370000000000000000e+02	8.292787458121430033e-01	1.195052586061295727e+02
6.380000000000000000e+02	6.392310018387732384e-01	1.177955439753041844e+02
6.390000000000000000e+02	1.331449262051144222e+00	1.240229038085017947e+02
6.400000000000000000e+02	7.554219010186665750e-01	1.188408248933689464e+02
6.410000000000000000e+02	1.727525623294553503e+00	1.275861008009208604e+02
6.420000000000000000e+02	1.270187985510189410e+00	1.234717828185057868e+02
6.430000000000000000e+02	1.323708871884306415e+00	1.239532694206376959e+02
6.440000000000000000e+02	1.118714353872718448e+00	1.221090900615155874e+02
6.450000000000000000e+02	9.984932337107450540e-01	1.210275523185369337e+02
6.460000000000000000e+02	6.099179850386525770e-01	1.175318371159172131e+02
6.470000000000000000e+02	8.417217564546817243e-01	1.196171988844106124e+02
6.480000000000000000e+02	1.002257367456514503e+00	1.210614153594916758e+02
6.490000000000000000e+02	1.225425671586594767e+00	1.230690904138251369e+02
6.500000000000000000e+02	1.337471453454124326e+00	1.240770808723071355e+02
6.510000000000000000e+02	9.806553708928782420e-01	1.208670786691015735e+02
6.520000000000000000e+02	9.469777428097194694e-01	1.205641067302537266e+02
6.530000000000000000e+02	1.173263396958601712e+00	1.225998262055580454e+02
6.540000000000000000e+02	1.011275506198086704e+00	1.211425446769301288e+02
6.550000000000000000e+02	8.129118336652469967e-01	1.193580179782013460e+02
6.560000000000000000e+02	6.806168056566617164e-01	1.181678604933357093e+02
6.570000000000000000e+02	6.365235725667758304e-01	1.177711872987055415e+02
6.580000000000000000e+02	1.092880584984903258e+00	1.218766833424805611e+02
6.590000000000000000e+02	1.248095644512952296e+00	1.232730348731607961e+02
6.600000000000000000e+02	1.014839768941784071e+00	1.211746096308916947e+02
6.610000000000000000e+02	1.136506093301863141e+00	1.222691487739942033e+02
6.620000000000000000e+02	8.672443256477977425e-01	1.198468059770990664e+02
6.630000000000000000e+02	1.490400265965719617e+00	1.254528647819675626e+02
6.640000000000000000e+02	6.822422849339447870e-01	1.181824836908774046e+02
6.650000000000000000e+02	6.736631364249849874e-01	1.181053036338079067e+02
6.660000000000000000e+02	4.722279098225452554e-01	1.162931445053413455e+02
6.670000000000000000e+02	7.275514540796750307e-01	1.185900957349848568e+02
6.680000000000000000e+02	7.195590394530525513e-01	1.185181940752383838e+02
6.690000000000000000e+02	9.039364892182082389e-01	1.201768973929790718e+02
6.700000000000000000e+02	1.014490928397099090e+00	1.211714713785209909e+02
6.710000000000000000e+02	7.466865265070069535e-01	1.187622393900839626e+02
6.720000000000000000e+02	8.329862353892601989e-01	1.195386120626931898e+02
6.730000000000000000e+02	1.064779135589652981e+00	1.216238760311494076e+02
6.740000000000000000e+02	9.264973925237036667e-01	1.203798606361073098e+02
6.750000000000000000e+02	5.910615293304111173e-01	1.173621999629794175e+02
6.760000000000000000e+02	8.240036712567214705e-01	1.194578027828846416e+02
6.770000000000000000e+02	7.550798673267723471e-01	1.188377478770621991e+02
6.780000000000000000e+02	1.155551028370121136e+00	1.224404815320083202e+02
6.790000000000000000e+02	5.899135181670505101e-01	1.173518721819633868e+02
6.800000000000000000e+02	4.992552516205630564e-01	1.165362888896854372e+02
6.810000000000000000e+02	7.008435753308486227e-01	1.183498253160864522e+02
6.820000000000000000e+02	7.087772946615339409e-01	1.184211989390137347e+02
6.830000000000000000e+02	6.486813154928081637e-01	1.178805612408732770e+02
6.840000000000000000e+02	8.257447310535714902e-01	1.194734657702244505e+02
6.850000000000000000e+02	1.108079334144575379e+00	1.220134148988003062e+02
6.860000000000000000e+02	7.546880922062867425e-01	1.188342233750529431e+02
6.870000000000000000e+02	1.006177750855622444e+00	1.210966840594286680e+02
6.880000000000000000e+02	7.963071814549106398e-01	1.192086385842120251e+02
6.890000000000000000e+02	1.035514775124979803e+00	1.213606068957093669e+02
6.900000000000000000e+02	9.296171587099041345e-01	1.204079267934937860e+02
6.910000000000000000e+02	7.397093189988974693e-01	1.186994707746323030e+02
6.920000000000000000e+02	9.238534997408431870e-01	1.203560755488514360e+02
6.930000000000000000e+02	1.495827034916638043e+00	1.255016852840135897e+02
6.940000000000000000e+02	1.067295184227069704e+00	1.216465110021168243e+02
6.950000000000000000e+02	7.373559708840333737e-01	1.186782994961983349e+02
6.960000000000000000e+02	8.485055942960195718e-01	1.196782279004251848e+02
6.970000000000000000e+02	1.334339143453350918e+00	1.240489018677862845e+02
6.980000000000000000e+02	1.490839446038031646e+00	1.254568157501795582e+02
6.990000000000000000e+02	1.028337348993725531e+00	1.212960370659828300e+02
7.000000000000000000e+02	7.615274775102258698e-01	1.188957521092305853e+02
7.010000000000000000e+02	1.332107697919403755e+00	1.240288272539154946e+02
7.020000000000000000e+02	1.136617426423582433e+00	1.222701503531927614e+02
7.030000000000000000e+02	1.406157625103000353e+00	1.246949979817042475e+02
7.040000000000000000e+02	1.139244991790024031e+00	1.222937885551336592e+02
7.050000000000000000e+02	8.360125326556910874e-01	1.195658373514836086e+02
7.060000000000000000e+02	1.177500811226077637e+00	1.226379469904645276e+02
7.070000000000000000e+02	8.772095091105104325e-01	1.199364551337207132e+02
7.080000000000000000e+02	6.209837843954300052e-01	1.176313876744584945e+02
7.090000000000000000e+02	7.957976030414612989e-01	1.192040542958073672e+02
7.100000000000000000e+02	8.727306854858998264e-01	1.198961625729157987e+02
7.110000000000000000e+02	8.867160509830767090e-01	1.200219782416948817e+02
7.120000000000000000e+02	1.116311960096282085e+00	1.220874775566644246e+02
7.130000000000000000e+02	9.781483693071788554e-01	1.208445250875596031e+02
7.140000000000000000e+02	4.456183573280677601e-01	1.160537586527742206e+02
7.150000000000000000e+02	8.093497469959702872e-01	1.193259726007219683e+02
7.160000000000000000e+02	8.734791204917422558e-01	1.199028956719411099e+02
7.170000000000000000e+02	5.437104596460446970e-01	1.169362184967856564e+02
7.180000000000000000e+02	6.843545191171969133e-01	1.182014858511310962e+02
7.190000000000000000e+02	6.746840343468830659e-01	1.181144878739212345e+02
7.200000000000000000e+02	9.248837878926829958e-01	1.203653442657029871e+02
7.210000000000000000e+02	2.004815165290342094e+00	1.300806633619555441e+02
7.220000000000000000e+02	1.251907423171929157e+00	1.233073265390678301e+02
7.230000000000000000e+02	1.273012869280035764e+00	1.234971961436561543e+02
7.240000000000000000e+02	1.177877481166619056e+00	1.226413356026883434e+02
7.250000000000000000e+02	8.411817394471166054e-01	1.196123407631857845e+02
7.260000000000000000e+02	1.395563534886072876e+00	1.245996910305904066e+02
7.270000000000000000e+02	8.651371552352643546e-01	1.198278493717291298e+02
7.280000000000000000e+02	1.193087393903607518e+00	1.227781675892003790e+02
7.290000000000000000e+02	8.254415885055141899e-01	1.194707386278821986e+02
7.300000000000000000e+02	1.301551298375580590e+00	1.237539346281301533e+02
7.310000000000000000e+02	1.075113727033464528e+00	1.217168484696833985e+02
7.320000000000000000e+02	1.145701090848762815e+00	1.223518691552397684e+02
7.330000000000000000e+02	8.365696269005332697e-01	1.195708491035899073e+02
7.340000000000000000e+02	1.667642284638827022e+00	1.270473760673259420e+02
7.350000000000000000e+02	5.602977168475486991e-01	1.170854414011451468e+02
7.360000000000000000e+02	1.029738808642485237e+00	1.213086449297537968e+02
7.370000000000000000e+02	1.057696093443692087e+00	1.215601553021656542e+02
7.380000000000000000e+02	8.522015488042216091e-01	1.197114775847698809e+02
7.390000000000000000e+02	1.074440200264706879e+00	1.217107892629455534e+02
7.400000000000000000e+02	1.389695285810088388e+00	1.245468988685116898e+02
7.410000000000000000e+02	1.014049636364152018e+00	1.211675014106096455e+02
7.420000000000000000e+02	1.088874791584701018e+00	1.218406462738934692e+02
7.430000000000000000e+02	5.071308513148702346e-01	1.166071396545635963e+02
7.440000000000000000e+02	6.802968022626447731e-01	1.181649816668196706e+02
7.450000000000000000e+02	9.774308166633370876e-01	1.208380698135957232e+02
7.460000000000000000e+02	8.546017531795653266e-01	1.197330703932489513e+02
7.470000000000000000e+02	9.036205589723786957e-01	1.201740552094712626e+02
7.480000000000000000e+02	7.312351760068253048e-01	1.186232353721258477e+02
7.490000000000000000e+02	1.021436010064307398e+00	1.212339509822797510e+02
7.500000000000000000e+02	1.661416065370654671e+00	1.269913635203997728e+02
7.510000000000000000e+02	1.294802180947657089e+00	1.236932179651988832e+02
7.520000000000000000e+02	6.638305769197980766e-01	1.180168475937991701e+02
7.530000000000000000e+02	4.892253387402583087e-01	1.164460574118534026e+02
7.540000000000000000e+02	1.168077995995972618e+00	1.225531771072464835e+02
7.550000000000000000e+02	6.960112630062562644e-01	1.183063526870020894e+02
7.560000000000000000e+02	8.562461466411942501e-01	1.197478637472841143e+02
7.570000000000000000e+02	7.815886972681271860e-01	1.190762276056252915e+02
7.580000000000000000e+02	1.318410533875916002e+00	1.239056043138460410e+02
7.590000000000000000e+02	1.042527238476667506e+00	1.214236926811012012e+02
7.600000000000000000e+02	1.038731817285121428e+00	1.213895481708551927e+02
7.610000000000000000e+02	8.540012330868975710e-01	1.197276679719043386e+02
7.620000000000000000e+02	8.614207924419333695e-01	1.197944160896055337e+02
7.630000000000000000e+02	8.650069382570630960e-01	1.198266779088737479e+02
7.640000000000000000e+02	9.885729133974784366e-01	1.209383067614602680e+02
7.650000000000000000e+02	1.460609592480850427e+00	1.251848608096270254e+02
7.660000000000000000e+02	1.452311625209912194e+00	1.251102103257400699e+02
7.670000000000000000e+02	8.393999500646086576e-01	1.195963113628223198e+02
7.680000000000000000e+02	1.421175290468726926e+00	1.248301004652160771e+02
7.690000000000000000e+02	7.323326631747469895e-01	1.186331086272822120e+02
7.700000000000000000e+02	1.384835890779824163e+00	1.245031825969764299e+02
7.710000000000000000e+02	1.651630110760605952e+00	1.269033267490938357e+02
7.720000000000000000e+02	9.924748402883932785e-01	1.209734094222671388e+02
7.730000000000000000e+02	6.111228318745958177e-01	1.175426762041391839e+02
7.740000000000000000e+02	8.888022650928717461e-01	1.200407463191893953e+02
7.750000000000000000e+02	1.274158078479019185e+00	1.235074987175353272e+02
7.760000000000000000e+02	1.119591855762869237e+00	1.221169842768785401e+02
7.770000000000000000e+02	4.528916871224377139e-01	1.161191912546260738e+02
7.780000000000000000e+02	9.332519034955064630e-01	1.204406258206399940e+02
7.790000000000000000e+02	1.406771706237374797e+00	1.247005224014000788e+02
7.800000000000000000e+02	9.385980888829480451e-01	1.204887213738147551e+02
7.810000000000000000e+02	6.088464866913860796e-01	1.175221976623624016e+02
7.820000000000000000e+02	1.279846424622054002e+00	1.235586724301120398e+02
7.830000000000000000e+02	1.073951905041007571e+00	1.217063964431694956e+02
7.840000000000000000e+02	1.000228690670544207e+00	1.210431649014242765e+02
7.850000000000000000e+02	8.022530840988816303e-01	1.192621293362268773e+02
7.860000000000000000e+02	7.303371112830865375e-01	1.186151561686293974e+02
7.870000000000000000e+02	6.501657904491056073e-01	1.178939159300624908e+02
7.880000000000000000e+02	6.474790978869260361e-01	1.178697458058292256e+02
7.890000000000000000e+02	6.883236058461953411e-01	1.182371926977881884e+02
7.900000000000000000e+02	1.262111324592189332e+00	1.233991232591181557e+02
7.910000000000000000e+02	1.184425854406563339e+00	1.227002463232386873e+02
7.920000000000000000e+02	6.748372365149014618e-01	1.181158661170019428e+02
7.930000000000000000e+02	1.394637926863044441e+00	1.245913640410335006e+02
7.940000000000000000e+02	1.213315444732959492e+00	1.229601439375271923e+02
7.950000000000000000e+02	1.035489769280055761e+00	1.213603819371908941e+02
7.960000000000000000e+02	1.353269169844387054e+00	1.242192008800555385e+02
7.970000000000000000e+02	8.739711153403357802e-01	1.199073217744211775e+02
7.980000000000000000e+02	6.636543379026235145e-01	1.180152621057534503e+02
7.990000000000000000e+02	9.063983227948055887e-01	1.201990446323862045e+02
