0.000000000000000000e+00	1.214522498599075462e+00	1.206379634518936257e+02
1.000000000000000000e+00	1.367466855999439623e+00	1.220171492000714437e+02
2.000000000000000000e+00	8.841415175032323326e-01	1.176587313419857139e+02
3.000000000000000000e+00	9.431835783882995816e-01	1.181911469884326920e+02
4.000000000000000000e+00	1.466596601981788872e+00	1.229110581693409472e+02
5.000000000000000000e+00	9.511763500699883522e-01	1.182632223299437868e+02
6.000000000000000000e+00	1.294649542004887133e+00	1.213605143075596260e+02
7.000000000000000000e+00	8.238029878284396368e-01	1.171146247034149468e+02
8.000000000000000000e+00	9.042174268147398219e-01	1.178397671675288763e+02
9.000000000000000000e+00	1.240429671105947484e+00	1.208715830747707827e+02
1.000000000000000000e+01	8.492562793886480055e-01	1.173441514251635596e+02
1.100000000000000000e+01	1.255072215688722626e+00	1.210036231784325196e+02
1.200000000000000000e+01	1.204272625293546728e+00	1.205455345488343966e+02
1.300000000000000000e+01	1.022105386130392146e+00	1.189028295526569678e+02
1.400000000000000000e+01	8.219059667408785685e-01	1.170975181916584660e+02
1.500000000000000000e+01	1.191127301766125468e+00	1.204269957339845831e+02
1.600000000000000000e+01	9.724725294919513985e-01	1.184552620210356508e+02
1.700000000000000000e+01	1.607690108790479577e+00	1.241833780970489300e+02
1.800000000000000000e+01	1.022458084247556354e+00	1.189060100310013155e+02
1.900000000000000000e+01	1.151510514099779670e+00	1.200697487595507198e+02
2.000000000000000000e+01	9.320935543166612991e-01	1.180911419708790646e+02
2.100000000000000000e+01	9.039487186159775867e-01	1.178373440737681648e+02
2.200000000000000000e+01	7.969236128772215766e-01	1.168722381813963267e+02
2.300000000000000000e+01	9.462334653561184084e-01	1.182186495436826306e+02
2.400000000000000000e+01	9.518724660696893380e-01	1.182694996015096223e+02
2.500000000000000000e+01	1.398293566891152695e+00	1.222951310821604665e+02
2.600000000000000000e+01	9.541553969059346496e-01	1.182900860796703313e+02
2.700000000000000000e+01	7.075290420399331648e-01	1.160661167908534850e+02
2.800000000000000000e+01	9.747870848922068898e-01	1.184761336757711234e+02
2.900000000000000000e+01	1.152854364659404718e+00	1.200818670198842000e+02
3.000000000000000000e+01	9.988721740555108752e-01	1.186933225429005319e+02
3.100000000000000000e+01	9.925267810459055262e-01	1.186361025463332481e+02
3.200000000000000000e+01	9.299415260167307462e-01	1.180717359149029733e+02
3.300000000000000000e+01	7.510590498408589166e-01	1.164586514838461113e+02
3.400000000000000000e+01	1.640082935093442940e+00	1.244754825273111010e+02
3.500000000000000000e+01	1.023538618063423167e+00	1.189157538153722982e+02
3.600000000000000000e+01	1.217454080895853163e+00	1.206643991870331831e+02
3.700000000000000000e+01	9.302591048959004683e-01	1.180745997032212671e+02
3.800000000000000000e+01	1.206302009761746064e+00	1.205638346560347429e+02
3.900000000000000000e+01	8.813968977362676149e-01	1.176339815536894662e+02
4.000000000000000000e+01	7.731611433555698465e-01	1.166579585579906535e+02
4.100000000000000000e+01	1.007564304697850632e+00	1.187717043995899786e+02
4.200000000000000000e+01	9.309663328420343387e-01	1.180809771774909933e+02
4.300000000000000000e+01	7.251475954116861633e-01	1.162249932484544956e+02
4.400000000000000000e+01	8.548806505346251416e-01	1.173948695599077467e+02
4.500000000000000000e+01	1.031957192958416147e+00	1.189916688652145638e+02
4.600000000000000000e+01	7.692870300713938736e-01	1.166230234880137004e+02
4.700000000000000000e+01	8.645453015116608686e-01	1.174820211823356857e+02
4.800000000000000000e+01	8.740582173609914296e-01	1.175678045233233320e+02
4.900000000000000000e+01	8.743645010218732416e-01	1.175705664562718198e+02
5.000000000000000000e+01	1.433687378394632228e+00	1.226142970927868561e+02
5.100000000000000000e+01	1.061736992398609081e+00	1.192602101548026070e+02
5.200000000000000000e+01	8.983140436397980544e-01	1.177865330235610770e+02
5.300000000000000000e+01	1.047802435618907291e+00	1.191345543774702520e+02
5.400000000000000000e+01	9.713615573724438956e-01	1.184452437572703616e+02
5.500000000000000000e+01	1.152464895240729925e+00	1.200783549539229824e+02
5.600000000000000000e+01	1.986700411599773064e+00	1.276011282967427718e+02
5.700000000000000000e+01	1.582498527005672395e+00	1.239562113603205376e+02
5.800000000000000000e+01	9.577829346429080903e-01	1.183227976385199014e+02
5.900000000000000000e+01	1.636555497834357498e+00	1.244436736310692737e+02
6.000000000000000000e+01	1.158443240196454838e+00	1.201322650706528350e+02
6.100000000000000000e+01	1.252924703870706757e+00	1.209842578501275483e+02
6.200000000000000000e+01	1.003303741991208087e+00	1.187332844966651777e+02
6.300000000000000000e+01	8.433878607825511242e-01	1.172912325764826420e+02
6.400000000000000000e+01	1.377752057143157849e+00	1.221098966742226253e+02
6.500000000000000000e+01	9.968072273695867125e-01	1.186747017510754461e+02
6.600000000000000000e+01	1.006255181366064289e+00	1.187598992943053133e+02
6.700000000000000000e+01	9.588068968000955650e-01	1.183320312842579369e+02
6.800000000000000000e+01	9.373530356888142290e-01	1.181385696882174159e+02
6.900000000000000000e+01	8.777878493433115548e-01	1.176014367237091136e+02
7.000000000000000000e+01	1.050985544112279735e+00	1.191632582665419591e+02
7.100000000000000000e+01	1.343672832846324772e+00	1.218025850397298768e+02
7.200000000000000000e+01	1.112743241072708056e+00	1.197201623389500895e+02
7.300000000000000000e+01	9.746356689994133404e-01	1.184747682730525327e+02
7.400000000000000000e+01	8.364381119576185242e-01	1.172285627618148709e+02
7.500000000000000000e+01	1.360111911215764247e+00	1.219508255043385816e+02
7.600000000000000000e+01	1.131506210665355283e+00	1.198893586446884854e+02
7.700000000000000000e+01	8.293940209107606432e-01	1.171650422099891955e+02
7.800000000000000000e+01	8.742667074201759814e-01	1.175696845960710419e+02
7.900000000000000000e+01	7.031994029085738562e-01	1.160270739867499543e+02
8.000000000000000000e+01	8.170660042525379474e-01	1.170538735132989956e+02
8.100000000000000000e+01	9.776093295886105761e-01	1.185015834519466580e+02
8.200000000000000000e+01	1.302619202852799418e+00	1.214323812456152751e+02
8.300000000000000000e+01	1.602341390334509175e+00	1.241351456784695415e+02
8.400000000000000000e+01	8.969546956252584247e-01	1.177742750139140924e+02
8.500000000000000000e+01	1.318151089662796371e+00	1.215724410509900082e+02
8.600000000000000000e+01	8.672517520486877629e-01	1.175064267771040249e+02
8.700000000000000000e+01	1.442732370724711943e+00	1.226958609028290255e+02
8.800000000000000000e+01	7.017326953769355002e-01	1.160138478556342676e+02
8.900000000000000000e+01	1.193478479789824354e+00	1.204481976356227335e+02
9.000000000000000000e+01	1.130407339793862764e+00	1.198794495047188207e+02
9.100000000000000000e+01	1.339623136713390839e+00	1.217660666399279705e+02
9.200000000000000000e+01	2.245036224011288439e+00	1.299306883849860412e+02
9.300000000000000000e+01	1.343172273936482641e+00	1.217980712170147939e+02
9.400000000000000000e+01	8.747357973810203635e-01	1.175739146454799027e+02
9.500000000000000000e+01	1.090595596830797209e+00	1.195204445081431857e+02
9.600000000000000000e+01	1.049986628322178372e+00	1.191542504780576053e+02
9.700000000000000000e+01	1.031871033319671227e+00	1.189908919150357889e+02
9.800000000000000000e+01	1.115709640775748301e+00	1.197469120423283186e+02
9.900000000000000000e+01	9.372789366364686625e-01	1.181379014951654653e+02
1.000000000000000000e+02	1.073458001737314538e+00	1.193659051232798305e+02
1.010000000000000000e+02	1.068189630520662181e+00	1.193183972411871565e+02
1.020000000000000000e+02	9.075571246537363912e-01	1.178698831112685070e+02
1.030000000000000000e+02	8.357943320441933999e-01	1.172227574343307452e+02
1.040000000000000000e+02	8.790915334141959914e-01	1.176131927801027786e+02
1.050000000000000000e+02	1.145337792522244102e+00	1.200140858389179499e+02
1.060000000000000000e+02	1.320780286770719680e+00	1.215961500079076245e+02
1.070000000000000000e+02	1.622166240041992502e+00	1.243139175576095852e+02
1.080000000000000000e+02	1.216917484186506027e+00	1.206595603911035397e+02
1.090000000000000000e+02	8.643528130241644458e-01	1.174802854048074749e+02
1.100000000000000000e+02	9.702835104647125064e-01	1.184355223987561772e+02
1.110000000000000000e+02	1.390724443497124874e+00	1.222268760167976041e+02
1.120000000000000000e+02	1.190701920457206020e+00	1.204231598302037867e+02
1.130000000000000000e+02	1.426382613139693500e+00	1.225484258942370275e+02
1.140000000000000000e+02	9.341595386767511666e-01	1.181097721199988229e+02
1.150000000000000000e+02	7.573042935669551667e-01	1.165149683776977980e+02
1.160000000000000000e+02	1.117936294294477495e+00	1.197669910360967549e+02
1.170000000000000000e+02	6.381643994496366545e-01	1.154406165885965549e+02
1.180000000000000000e+02	7.337273484783302102e-01	1.163023617330035933e+02
1.190000000000000000e+02	1.269427694215882862e+00	1.211330746451584446e+02
1.200000000000000000e+02	1.622862814418347233e+00	1.243201989626168853e+02
1.210000000000000000e+02	1.687925928205935344e+00	1.249069098474978290e+02
1.220000000000000000e+02	9.381592782789645035e-01	1.181458400335169046e+02
1.230000000000000000e+02	1.031518150121913502e+00	1.189877097677150743e+02
1.240000000000000000e+02	6.863040991245377143e-01	1.158747194796197562e+02
1.250000000000000000e+02	8.604224600237843079e-01	1.174448431895105500e+02
1.260000000000000000e+02	1.421903658394011227e+00	1.225080366268133929e+02
1.270000000000000000e+02	8.907076736939965045e-01	1.177179420849810043e+02
1.280000000000000000e+02	1.324333812693203161e+00	1.216281941603783139e+02
1.290000000000000000e+02	1.154637755535951049e+00	1.200979488637793935e+02
1.300000000000000000e+02	8.289183118306717724e-01	1.171607524722395510e+02
1.310000000000000000e+02	1.253095474651380714e+00	1.209857977868137624e+02
1.320000000000000000e+02	1.137536365600027244e+00	1.199437359612928020e+02
1.330000000000000000e+02	8.000753132524268674e-01	1.169006588457077953e+02
1.340000000000000000e+02	1.246756930032611344e+00	1.209286395460588466e+02
1.350000000000000000e+02	1.307573427496191432e+00	1.214770562904327278e+02
1.360000000000000000e+02	9.119465897550163014e-01	1.179094653999695055e+02
1.370000000000000000e+02	1.958969441255766109e+00	1.273510624575599621e+02
1.380000000000000000e+02	1.374462715807152957e+00	1.220802348235429378e+02
1.390000000000000000e+02	1.317162303468885520e+00	1.215635246068019626e+02
1.400000000000000000e+02	1.331744235473375948e+00	1.216950181325738640e+02
1.410000000000000000e+02	6.884999982589059542e-01	1.158945211437153375e+02
1.420000000000000000e+02	1.105736298786897942e+00	1.196569767785073708e+02
1.430000000000000000e+02	8.296008421732248284e-01	1.171669072342533156e+02
1.440000000000000000e+02	8.272278797038800091e-01	1.171455088899514436e+02
1.450000000000000000e+02	9.110799363812329688e-01	1.179016502964766460e+02
1.460000000000000000e+02	9.275614146476336419e-01	1.180502731049299143e+02
1.470000000000000000e+02	1.186000998364652670e+00	1.203807689577090798e+02
1.480000000000000000e+02	8.909583301916406128e-01	1.177202023963459681e+02
1.490000000000000000e+02	8.136930260997212727e-01	1.170234574621523507e+02
1.500000000000000000e+02	7.793114040060276082e-01	1.167134189357441585e+02
1.510000000000000000e+02	8.449762302215275689e-01	1.173055558018066336e+02
1.520000000000000000e+02	1.216164798574034922e+00	1.206527729993538571e+02
1.530000000000000000e+02	1.268492080864797478e+00	1.211246376905590409e+02
1.540000000000000000e+02	9.217834245735685439e-01	1.179981697014522410e+02
1.550000000000000000e+02	1.034752912142787196e+00	1.190168794458500940e+02
1.560000000000000000e+02	1.131444984704071288e+00	1.198888065355773165e+02
1.570000000000000000e+02	1.025577546086556380e+00	1.189341399822035754e+02
1.580000000000000000e+02	9.641129869183484580e-01	1.183798792990132824e+02
1.590000000000000000e+02	1.697815992398175045e+00	1.249960941483399637e+02
1.600000000000000000e+02	1.065351154616110296e+00	1.192928010990303278e+02
1.610000000000000000e+02	1.161514283384553980e+00	1.201599584035031398e+02
1.620000000000000000e+02	1.178402402056350828e+00	1.203122481184136916e+02
1.630000000000000000e+02	1.008014626305481665e+00	1.187757652041459551e+02
1.640000000000000000e+02	7.598855287715569062e-01	1.165382448350146376e+02
1.650000000000000000e+02	1.191744296871442232e+00	1.204325595277093868e+02
1.660000000000000000e+02	8.403643945083754119e-01	1.172639682715660285e+02
1.670000000000000000e+02	1.353882541894357194e+00	1.218946517589696725e+02
1.680000000000000000e+02	1.152239034576277410e+00	1.200763182406059144e+02
1.690000000000000000e+02	9.459042478942558674e-01	1.182156808036835258e+02
1.700000000000000000e+02	1.470701307365141597e+00	1.229480726186571076e+02
1.710000000000000000e+02	1.255874972377533982e+00	1.210108620893886382e+02
1.720000000000000000e+02	9.994996950807255587e-01	1.186989812547966068e+02
1.730000000000000000e+02	9.618978335734511553e-01	1.183599040088146950e+02
1.740000000000000000e+02	1.341930290507283186e+00	1.217868715501938652e+02
1.750000000000000000e+02	1.620274664606619730e+00	1.242968601523779455e+02
1.760000000000000000e+02	1.665216101648417268e+00	1.247021225008830640e+02
1.770000000000000000e+02	1.340380364757957965e+00	1.217728949933562319e+02
1.780000000000000000e+02	1.484069146987571530e+00	1.230686179869502297e+02
1.790000000000000000e+02	1.340157730333342068e+00	1.217708873728679464e+02
1.800000000000000000e+02	9.502613030438946673e-01	1.182549708335253911e+02
1.810000000000000000e+02	1.652703759584188470e+00	1.245892916377860047e+02
1.820000000000000000e+02	1.026893232133605283e+00	1.189460042672024400e+02
1.830000000000000000e+02	1.552289034037630966e+00	1.236837952812354189e+02
1.840000000000000000e+02	1.429605820723137910e+00	1.225774913794766547e+02
1.850000000000000000e+02	1.080797763533139166e+00	1.194320919054265175e+02
1.860000000000000000e+02	1.110170566261662994e+00	1.196969630755421576e+02
1.870000000000000000e+02	1.144039020884068059e+00	1.200023740807075967e+02
1.880000000000000000e+02	1.328467057733755174e+00	1.216654659679202837e+02
1.890000000000000000e+02	1.087520881757627622e+00	1.194927180638290594e+02
1.900000000000000000e+02	8.634597698933497156e-01	1.174722323299542239e+02
1.910000000000000000e+02	1.149306978338683338e+00	1.200498782316740431e+02
1.920000000000000000e+02	1.044307243130417895e+00	1.191030362505566558e+02
1.930000000000000000e+02	9.020919165143954643e-01	1.178206002393487921e+02
1.940000000000000000e+02	8.095414077103051387e-01	1.169860199717350611e+02
1.950000000000000000e+02	1.107596454826102805e+00	1.196737508572786624e+02
1.960000000000000000e+02	1.030034137692237062e+00	1.189743275885492864e+02
1.970000000000000000e+02	1.655286702441284952e+00	1.246125834939709307e+02
1.980000000000000000e+02	1.166290159333697618e+00	1.202030251773029903e+02
1.990000000000000000e+02	8.547878656405900610e-01	1.173940328660559800e+02
2.000000000000000000e+02	9.813945968517130414e-01	1.185357173471164458e+02
2.010000000000000000e+02	1.386021837459562756e+00	1.221844699592186174e+02
2.020000000000000000e+02	1.986642565992829290e+00	1.276006066701980046e+02
2.030000000000000000e+02	1.353521207683328287e+00	1.218913934040839422e+02
2.040000000000000000e+02	9.035139219526195919e-01	1.178334232664127939e+02
2.050000000000000000e+02	8.931840473984306028e-01	1.177402729468602445e+02
2.060000000000000000e+02	1.395522510370136748e+00	1.222701428987051173e+02
2.070000000000000000e+02	1.061077887484560778e+00	1.192542666331228247e+02
2.080000000000000000e+02	9.061032826949053653e-01	1.178567729962972521e+02
2.090000000000000000e+02	8.566750860489789066e-01	1.174110509995468874e+02
2.100000000000000000e+02	1.075863075508810773e+00	1.193875930333495177e+02
2.110000000000000000e+02	1.276071632179710758e+00	1.211929867903806581e+02
2.120000000000000000e+02	1.520771641701506693e+00	1.233995851340383894e+02
2.130000000000000000e+02	1.054366715221836781e+00	1.191937481982119778e+02
2.140000000000000000e+02	1.584366890736039091e+00	1.239730594524838097e+02
2.150000000000000000e+02	1.407538248757002508e+00	1.223784956056547344e+02
2.160000000000000000e+02	9.404251491284818520e-01	1.181662726721312566e+02
2.170000000000000000e+02	1.588145223851708421e+00	1.240071308185255106e+02
2.180000000000000000e+02	1.121318529459011337e+00	1.197974905629521345e+02
2.190000000000000000e+02	1.472626120975606856e+00	1.229654297513069992e+02
2.200000000000000000e+02	1.129536531807015631e+00	1.198715969367308674e+02
2.210000000000000000e+02	1.216680712058376246e+00	1.206574252829489637e+02
2.220000000000000000e+02	1.738134513690678062e+00	1.253596690516537251e+02
2.230000000000000000e+02	1.038258974123392964e+00	1.190484955891199093e+02
2.240000000000000000e+02	9.561466932740805280e-01	1.183080427249367972e+02
2.250000000000000000e+02	7.563757444825787157e-01	1.165065951255855623e+02
2.260000000000000000e+02	1.134465086486977192e+00	1.199160405009738071e+02
2.270000000000000000e+02	1.004901195081943754e+00	1.187476896344131347e+02
2.280000000000000000e+02	1.631353790909244594e+00	1.243967668985865913e+02
2.290000000000000000e+02	9.337405284842523745e-01	1.181059936681771347e+02
2.300000000000000000e+02	1.201670241899053693e+00	1.205220673863317415e+02
2.310000000000000000e+02	7.469554497679824490e-01	1.164216470017394869e+02
2.320000000000000000e+02	1.046244633740022412e+00	1.191205067971190630e+02
2.330000000000000000e+02	1.284649441630929756e+00	1.212703377482505118e+02
2.340000000000000000e+02	9.848749092490387547e-01	1.185671012918345468e+02
2.350000000000000000e+02	1.363133650875545166e+00	1.219780742393969462e+02
2.360000000000000000e+02	1.068334629368661304e+00	1.193197047777845228e+02
2.370000000000000000e+02	1.660920526146039355e+00	1.246633868677822505e+02
2.380000000000000000e+02	1.138881987368587811e+00	1.199558701936187362e+02
2.390000000000000000e+02	1.192976732777764504e+00	1.204436730991181861e+02
2.400000000000000000e+02	7.537153255480169012e-01	1.164826046238037662e+02
2.410000000000000000e+02	9.445133445391145077e-01	1.182031382416883645e+02
2.420000000000000000e+02	1.713896303187220971e+00	1.251410994028225900e+02
2.430000000000000000e+02	1.119688095186285315e+00	1.197827880152380118e+02
2.440000000000000000e+02	1.125082575191655554e+00	1.198314330915827526e+02
2.450000000000000000e+02	1.023079097781080415e+00	1.189116100611653621e+02
2.460000000000000000e+02	9.659108476938809140e-01	1.183960916261691807e+02
2.470000000000000000e+02	1.019857928420466298e+00	1.188825629557334338e+02
2.480000000000000000e+02	1.227047530236917927e+00	1.207509087440508750e+02
2.490000000000000000e+02	1.317407357000876633e+00	1.215657343930576104e+02
2.500000000000000000e+02	1.068802901350703216e+00	1.193239274510160328e+02
2.510000000000000000e+02	1.333833905536895292e+00	1.217138618690737673e+02
2.520000000000000000e+02	1.794186311103308062e+00	1.258651198016208355e+02
2.530000000000000000e+02	8.946491132996325923e-01	1.177534842744660750e+02
2.540000000000000000e+02	1.213154271984970167e+00	1.206256253788942274e+02
2.550000000000000000e+02	1.363532718642759933e+00	1.219816728590940329e+02
2.560000000000000000e+02	1.466130731971596379e+00	1.229068571560477210e+02
2.570000000000000000e+02	1.027594446266502093e+00	1.189523275115178933e+02
2.580000000000000000e+02	1.473498086944456276e+00	1.229732927614734024e+02
2.590000000000000000e+02	1.531915954194125407e+00	1.235000797009796543e+02
2.600000000000000000e+02	1.083685837999186496e+00	1.194581353058562598e+02
2.610000000000000000e+02	1.574994621215999313e+00	1.238885443989713622e+02
2.620000000000000000e+02	1.204731939426601839e+00	1.205496764440766526e+02
2.630000000000000000e+02	1.845333144133874725e+00	1.263263397143995235e+02
2.640000000000000000e+02	7.247048821345711822e-01	1.162210010525166837e+02
2.650000000000000000e+02	1.460455311066736206e+00	1.228556786767632332e+02
2.660000000000000000e+02	1.389340625332442292e+00	1.222143973459709088e+02
2.670000000000000000e+02	1.902800115131699554e+00	1.268445518847489950e+02
2.680000000000000000e+02	1.167289618736434331e+00	1.202120378678498440e+02
2.690000000000000000e+02	1.901366749710172943e+00	1.268316264182924158e+02
2.700000000000000000e+02	1.505763793987061394e+00	1.232642508854894032e+02
2.710000000000000000e+02	1.924664028604307298e+00	1.270417111547825897e+02
2.720000000000000000e+02	1.691506108955792786e+00	1.249391943616180640e+02
2.730000000000000000e+02	1.415449542401840732e+00	1.224498362136383776e+02
2.740000000000000000e+02	1.219072177804166435e+00	1.206789904817566281e+02
2.750000000000000000e+02	1.262005591409596672e+00	1.210661453475633493e+02
2.760000000000000000e+02	1.284222284091593336e+00	1.212664858271957371e+02
2.770000000000000000e+02	1.415825867429796547e+00	1.224532297491964243e+02
2.780000000000000000e+02	2.014822225906522490e+00	1.278547185969278530e+02
2.790000000000000000e+02	1.580443415225474268e+00	1.239376792554012212e+02
2.800000000000000000e+02	8.541567635104579947e-01	1.173883418613120568e+02
2.810000000000000000e+02	8.405682367966891277e-01	1.172658064327358574e+02
2.820000000000000000e+02	9.233105744747827082e-01	1.180119408755896018e+02
2.830000000000000000e+02	9.091773687013202654e-01	1.178844937679607909e+02
2.840000000000000000e+02	9.097502626829938599e-01	1.178896598769181310e+02
2.850000000000000000e+02	7.498133420020778317e-01	1.164474182319181494e+02
2.860000000000000000e+02	8.113537994381636587e-01	1.170023633327041352e+02
2.870000000000000000e+02	9.425042816697964954e-01	1.181850213858353413e+02
2.880000000000000000e+02	7.984306481543261835e-01	1.168858279705949030e+02
2.890000000000000000e+02	9.074524685442849625e-01	1.178689393679551358e+02
2.900000000000000000e+02	6.995922608395586106e-01	1.159945463471704414e+02
2.910000000000000000e+02	1.006237731051212725e+00	1.187597419349495738e+02
2.920000000000000000e+02	7.352710712587556818e-01	1.163162823541633912e+02
2.930000000000000000e+02	1.063656247926491716e+00	1.192775171670792247e+02
2.940000000000000000e+02	1.191587993652933219e+00	1.204311500532114252e+02
2.950000000000000000e+02	1.037032668196017360e+00	1.190374372951972788e+02
2.960000000000000000e+02	1.017886175442930474e+00	1.188647825442702981e+02
2.970000000000000000e+02	1.230570537207907433e+00	1.207826776898799892e+02
2.980000000000000000e+02	9.840200663108815693e-01	1.185593926897175692e+02
2.990000000000000000e+02	1.421343621030293214e+00	1.225029864532495196e+02
3.000000000000000000e+02	8.498589557155928897e-01	1.173495860983676948e+02
3.010000000000000000e+02	1.175012669166955126e+00	1.202816809803338884e+02
3.020000000000000000e+02	8.986268127231072933e-01	1.177893534392305668e+02
3.030000000000000000e+02	7.086001065160656420e-01	1.160757751848339581e+02
3.040000000000000000e+02	1.272420130097902335e+00	1.211600591314838482e+02
3.050000000000000000e+02	1.817887579687302857e+00	1.260788475415675265e+02
3.060000000000000000e+02	1.081224680231107849e+00	1.194359416546785013e+02
3.070000000000000000e+02	1.760857148807383421e+00	1.255645719002888683e+02
3.080000000000000000e+02	8.987889707870895251e-01	1.177908157101805813e+02
3.090000000000000000e+02	9.388912647429183966e-01	1.181524407693407284e+02
3.100000000000000000e+02	7.946709065703445596e-01	1.168519242549064359e+02
3.110000000000000000e+02	1.001563327248595092e+00	1.187175901928691388e+02
3.120000000000000000e+02	9.642715639839638531e-01	1.183813092780762730e+02
3.130000000000000000e+02	1.509217683762507756e+00	1.232953965624861894e+02
3.140000000000000000e+02	1.150915096222288936e+00	1.200643795398893729e+02
3.150000000000000000e+02	8.824395672428371196e-01	1.176433838941743630e+02
3.160000000000000000e+02	9.196204385371267165e-01	1.179786648333703312e+02
3.170000000000000000e+02	8.337338115459159704e-01	1.172041765559423112e+02
3.180000000000000000e+02	1.098642116501726607e+00	1.195930045256633463e+02
3.190000000000000000e+02	1.135727063304389439e+00	1.199274204594808708e+02
3.200000000000000000e+02	8.499628283245157512e-01	1.173505227764137970e+02
3.210000000000000000e+02	1.126453185614038954e+00	1.198437926607292354e+02
3.220000000000000000e+02	9.826169526024812750e-01	1.185467400200631261e+02
3.230000000000000000e+02	8.830161795033817373e-01	1.176485835329546603e+02
3.240000000000000000e+02	1.158224993398180525e+00	1.201302970158721166e+02
3.250000000000000000e+02	1.413888414947265915e+00	1.224357586446908499e+02
3.260000000000000000e+02	9.776648144888948622e-01	1.185020837906646847e+02
3.270000000000000000e+02	1.086344281592062089e+00	1.194821079948651885e+02
3.280000000000000000e+02	1.136876068433255949e+00	1.199377816883960861e+02
3.290000000000000000e+02	9.651615352848574858e-01	1.183893346525022707e+02
3.300000000000000000e+02	1.162444335270913065e+00	1.201683452072305585e+02
3.310000000000000000e+02	9.178361512591231008e-01	1.179625749061163589e+02
3.320000000000000000e+02	8.856827592752221090e-01	1.176726295904896489e+02
3.330000000000000000e+02	1.086894839146374192e+00	1.194870726836275878e+02
3.340000000000000000e+02	1.066091358683259438e+00	1.192994759376285430e+02
3.350000000000000000e+02	1.115498546379499745e+00	1.197450084848007634e+02
3.360000000000000000e+02	1.243604394465021912e+00	1.209002113503454154e+02
3.370000000000000000e+02	1.240148210168871890e+00	1.208690449823580764e+02
3.380000000000000000e+02	1.637816159974151642e+00	1.244550417343849062e+02
3.390000000000000000e+02	1.043237569509911200e+00	1.190933903987077969e+02
3.400000000000000000e+02	8.774146744395174835e-01	1.175980715946017909e+02
3.410000000000000000e+02	9.061652596754128375e-01	1.178573318777733903e+02
3.420000000000000000e+02	1.059488110181758147e+00	1.192399307122946936e+02
3.430000000000000000e+02	7.365876574444696345e-01	1.163281547562215508e+02
3.440000000000000000e+02	1.225013755728047160e+00	1.207325690493715911e+02
3.450000000000000000e+02	1.200898411813361433e+00	1.205151073580423997e+02
3.460000000000000000e+02	1.173393482786583952e+00	1.202670798612248859e+02
3.470000000000000000e+02	1.664633738428197285e+00	1.246968710024476792e+02
3.480000000000000000e+02	1.191348366187709562e+00	1.204289891968678177e+02
3.490000000000000000e+02	1.513111209673158486e+00	1.233305066870923099e+02
3.500000000000000000e+02	1.798019763744425958e+00	1.258996882115890656e+02
3.510000000000000000e+02	1.400133767444548871e+00	1.223117252110330355e+02
3.520000000000000000e+02	1.959916322854779347e+00	1.273596010243222167e+02
3.530000000000000000e+02	1.714517435907049636e+00	1.251467005077569326e+02
3.540000000000000000e+02	1.341360676269341301e+00	1.217817350165401820e+02
3.550000000000000000e+02	8.272530593983051794e-01	1.171457359494931296e+02
3.560000000000000000e+02	1.032925868948929127e+00	1.190004039643279015e+02
3.570000000000000000e+02	1.215550502502108277e+00	1.206472335443392154e+02
3.580000000000000000e+02	1.056550972200959837e+00	1.192134448784110248e+02
3.590000000000000000e+02	1.030354045110721151e+00	1.189772123746231784e+02
3.600000000000000000e+02	9.702020303885479091e-01	1.184347876468390979e+02
3.610000000000000000e+02	1.357945676199768581e+00	1.219312913383709969e+02
3.620000000000000000e+02	8.868673527957557923e-01	1.176833117400548474e+02
3.630000000000000000e+02	8.001905734942980075e-01	1.169016982124789621e+02
3.640000000000000000e+02	1.007989939901427379e+00	1.187755425928824593e+02
3.650000000000000000e+02	1.976218493768891804e+00	1.275066069169962759e+02
3.660000000000000000e+02	1.092358061400782177e+00	1.195363376477000088e+02
3.670000000000000000e+02	1.343297929858836781e+00	1.217992043275147864e+02
3.680000000000000000e+02	1.865558307519362247e+00	1.265087214483186955e+02
3.690000000000000000e+02	1.268015159970710792e+00	1.211203370251973865e+02
3.700000000000000000e+02	1.580547236153780677e+00	1.239386154674139817e+02
3.710000000000000000e+02	9.276698773219920202e-01	1.180512511741913499e+02
3.720000000000000000e+02	9.719348209066474009e-01	1.184504131986918196e+02
3.730000000000000000e+02	7.845966559788219996e-01	1.167610790411596469e+02
3.740000000000000000e+02	1.232182201719962844e+00	1.207972109800493854e+02
3.750000000000000000e+02	1.391589805067341867e+00	1.222346794713673006e+02
3.760000000000000000e+02	9.351255399273996627e-01	1.181184830994704527e+02
3.770000000000000000e+02	9.168835150274639023e-01	1.179539844465777776e+02
3.780000000000000000e+02	1.089207785662906325e+00	1.195079298301488535e+02
3.790000000000000000e+02	8.600518354038118041e-01	1.174415010577544223e+02
3.800000000000000000e+02	1.371972180586551016e+00	1.220577762592652249e+02
3.810000000000000000e+02	1.218489172034262324e+00	1.206737331890874145e+02
3.820000000000000000e+02	1.589514311644355971e+00	1.240194766572587497e+02
3.830000000000000000e+02	1.283211832454891788e+00	1.212573740134600087e+02
3.840000000000000000e+02	1.160609274415682179e+00	1.201517974259224388e+02
3.850000000000000000e+02	1.069165452299730923e+00	1.193271967779162566e+02
3.860000000000000000e+02	1.279297389140987118e+00	1.212220752648016742e+02
3.870000000000000000e+02	8.688247542605109786e-01	1.175206114274518541e+02
3.880000000000000000e+02	1.670482744624202986e+00	1.247496147984506791e+02
3.890000000000000000e+02	1.029665893254631204e+00	1.189710069202433544e+02
3.900000000000000000e+02	1.349617233076123801e+00	1.218561890576731059e+02
3.910000000000000000e+02	7.044517719328294847e-01	1.160383673063537060e+02
3.920000000000000000e+02	9.400848199053704057e-01	1.181632037310981787e+02
3.930000000000000000e+02	1.127376519844889513e+00	1.198521188875586461e+02
3.940000000000000000e+02	1.182547493575864417e+00	1.203496267523546663e+02
3.950000000000000000e+02	1.389606623470731828e+00	1.222167960015840151e+02
3.960000000000000000e+02	7.478354906825561699e-01	1.164295828282571961e+02
3.970000000000000000e+02	8.880301238668385500e-01	1.176937971042545428e+02
3.980000000000000000e+02	1.246542002670308236e+00	1.209267014245091474e+02
3.990000000000000000e+02	6.849650328453412707e-01	1.158626443618480124e+02
4.000000000000000000e+02	1.258121225909188512e+00	1.210311178275558319e+02
4.010000000000000000e+02	1.203880974795079828e+00	1.205420028148434568e+02
4.020000000000000000e+02	8.722319452367259807e-01	1.175513359949716232e+02
4.030000000000000000e+02	9.751446691133036637e-01	1.184793582148773226e+02
4.040000000000000000e+02	8.647096910534082248e-01	1.174835035757824357e+02
4.050000000000000000e+02	1.089393308898112922e+00	1.195096027980588929e+02
4.060000000000000000e+02	8.969287297328925046e-01	1.177740408647810426e+02
4.070000000000000000e+02	9.222875919185671290e-01	1.180027160634674175e+02
4.080000000000000000e+02	9.965046676552100635e-01	1.186719733990582029e+02
4.090000000000000000e+02	1.131081039127908472e+00	1.198855246325356632e+02
4.100000000000000000e+02	1.052970595018102973e+00	1.191811585929433619e+02
4.110000000000000000e+02	1.162284801193952832e+00	1.201669065982551672e+02
4.120000000000000000e+02	1.061350531258291152e+00	1.192567252161882578e+02
4.130000000000000000e+02	9.100691573731838346e-01	1.178925355306483880e+02
4.140000000000000000e+02	1.059330725933401496e+00	1.192385114895393627e+02
4.150000000000000000e+02	1.195681146136928996e+00	1.204680603235018737e+02
4.160000000000000000e+02	1.076969753211021841e+00	1.193975725719258918e+02
4.170000000000000000e+02	1.522471181098826731e+00	1.234149108417342688e+02
4.180000000000000000e+02	7.728250287220195247e-01	1.166549276222946503e+02
4.190000000000000000e+02	9.789272207263295389e-01	1.185134676214948968e+02
4.200000000000000000e+02	1.190440571052338692e+00	1.204208030948484236e+02
4.210000000000000000e+02	1.012963945706139013e+00	1.188203960156161543e+02
4.220000000000000000e+02	1.422595207022704811e+00	1.225142727118123958e+02
4.230000000000000000e+02	8.721696289055995699e-01	1.175507740533790866e+02
4.240000000000000000e+02	1.085098673120168389e+00	1.194708756389846229e+02
4.250000000000000000e+02	1.004852985059129677e+00	1.187472548973785962e+02
4.260000000000000000e+02	9.636355505668339205e-01	1.183755739854805569e+02
4.270000000000000000e+02	6.500714110293179804e-01	1.155479888444496765e+02
4.280000000000000000e+02	9.076326127939426947e-01	1.178705638305111023e+02
4.290000000000000000e+02	1.223200063835154561e+00	1.207162139640792731e+02
4.300000000000000000e+02	1.186677872092198882e+00	1.203868727108269781e+02
4.310000000000000000e+02	1.518721544575097226e+00	1.233810982490876569e+02
4.320000000000000000e+02	1.115208885664041860e+00	1.197423964503500855e+02
4.330000000000000000e+02	1.030460295711485896e+00	1.189781704963662889e+02
4.340000000000000000e+02	1.038081866509485307e+00	1.190468985096254642e+02
4.350000000000000000e+02	1.628668938696156143e+00	1.243725560681173050e+02
4.360000000000000000e+02	1.302882082864805335e+00	1.214347517833206354e+02
4.370000000000000000e+02	8.992974064752234931e-01	1.177954005622592035e+02
4.380000000000000000e+02	9.039966245662426347e-01	1.178377760688085942e+02
4.390000000000000000e+02	1.012412701091386813e+00	1.188154251312412839e+02
4.400000000000000000e+02	1.974448536351515404e+00	1.274906462101979514e+02
4.410000000000000000e+02	1.378040351223820181e+00	1.221124963849546248e+02
4.420000000000000000e+02	8.474728199080299174e-01	1.173280689626266735e+02
4.430000000000000000e+02	1.276201628100569252e+00	1.211941590371010875e+02
4.440000000000000000e+02	9.102680308103756612e-01	1.178943288848781634e+02
4.450000000000000000e+02	8.992438240737572475e-01	1.177949173794487194e+02
4.460000000000000000e+02	7.686680700916388442e-01	1.166174419759051091e+02
4.470000000000000000e+02	8.712522453858086990e-01	1.175425014874759313e+02
4.480000000000000000e+02	1.130430685167278293e+00	1.198796600231508052e+02
4.490000000000000000e+02	1.135758125328834245e+00	1.199277005633183251e+02
4.500000000000000000e+02	8.810060737643897744e-01	1.176304572729561215e+02
4.510000000000000000e+02	1.393153821568339668e+00	1.222487830924799397e+02
4.520000000000000000e+02	9.012951128178683380e-01	1.178134150098900363e+02
4.530000000000000000e+02	7.112519309209009988e-01	1.160996881848817139e+02
4.540000000000000000e+02	1.372456239898934172e+00	1.220621412957808474e+02
4.550000000000000000e+02	9.788072532596514552e-01	1.185123858070160878e+02
4.560000000000000000e+02	1.361576126807958920e+00	1.219640291642273127e+02
4.570000000000000000e+02	9.054828048220355807e-01	1.178511777964882015e+02
4.580000000000000000e+02	9.190616051522093599e-01	1.179736255167640451e+02
4.590000000000000000e+02	1.196466377278033733e+00	1.204751411966850583e+02
4.600000000000000000e+02	8.587354303759247021e-01	1.174296302892988138e+02
4.610000000000000000e+02	9.558447971318859704e-01	1.183053203567251046e+02
4.620000000000000000e+02	9.248363337211988888e-01	1.180256995094063370e+02
4.630000000000000000e+02	9.099381705910924989e-01	1.178913543487719693e+02
4.640000000000000000e+02	1.177594960862878626e+00	1.203049669646303386e+02
4.650000000000000000e+02	1.189470492690144043e+00	1.204120553497567130e+02
4.660000000000000000e+02	1.104823549373918024e+00	1.196487460009655450e+02
4.670000000000000000e+02	1.251605366647438933e+00	1.209723606404082688e+02
4.680000000000000000e+02	1.082500145625308718e+00	1.194474432473091525e+02
4.690000000000000000e+02	1.903088541422923941e+00	1.268471527876983913e+02
4.700000000000000000e+02	1.500623061406767933e+00	1.232178939931499571e+02
4.710000000000000000e+02	1.177703293814390761e+00	1.203059438641075189e+02
4.720000000000000000e+02	7.380882973420099802e-01	1.163416868746665500e+02
4.730000000000000000e+02	7.610555772346401238e-01	1.165487958235727604e+02
4.740000000000000000e+02	8.776344490232228512e-01	1.176000534262875732e+02
4.750000000000000000e+02	8.343010095289163930e-01	1.172092913008589932e+02
4.760000000000000000e+02	1.364982407146338117e+00	1.219947455200108379e+02
4.770000000000000000e+02	9.352126037447605622e-01	1.181192682031390433e+02
4.780000000000000000e+02	1.249894005382592432e+00	1.209569283282486225e+02
4.790000000000000000e+02	1.110826103852194713e+00	1.197028744286487552e+02
4.800000000000000000e+02	1.115421546294280031e+00	1.197443141314950878e+02
4.810000000000000000e+02	1.401478605711169223e+00	1.223238523780789535e+02
4.820000000000000000e+02	1.030224288096429630e+00	1.189760422822583621e+02
4.830000000000000000e+02	7.068081488170276927e-01	1.160596160890565187e+02
4.840000000000000000e+02	1.561329970252162580e+00	1.237653225149902738e+02
4.850000000000000000e+02	1.340234857909605726e+00	1.217715828758324363e+02
4.860000000000000000e+02	9.303641827041184698e-01	1.180755472492308513e+02
4.870000000000000000e+02	1.273276185196802635e+00	1.211677786643396217e+02
4.880000000000000000e+02	8.860852114540371804e-01	1.176762587293397502e+02
4.890000000000000000e+02	1.449578334203976748e+00	1.227575948263528005e+02
4.900000000000000000e+02	9.074943566403270712e-01	1.178693170966014350e+02
4.910000000000000000e+02	9.821119676289282729e-01	1.185421862850289756e+02
4.920000000000000000e+02	1.385475136497545945e+00	1.221795400475295281e+02
4.930000000000000000e+02	1.034941355363211191e+00	1.190185787449178605e+02
4.940000000000000000e+02	1.508677839721954683e+00	1.232905284835349562e+02
4.950000000000000000e+02	1.390635251960627761e+00	1.222260717262824983e+02
4.960000000000000000e+02	1.289207738455648844e+00	1.213114424880622551e+02
4.970000000000000000e+02	9.235543732554878371e-01	1.180141393470434394e+02
4.980000000000000000e+02	1.517746929533134503e+00	1.233723095941893604e+02
4.990000000000000000e+02	1.045368651207431387e+00	1.191126075673263642e+02
5.000000000000000000e+02	1.267376997630320856e+00	1.211145823545455897e+02
5.010000000000000000e+02	1.055639434137444876e+00	1.192052250242922469e+02
5.020000000000000000e+02	8.713150340048467779e-01	1.175430676879556273e+02
5.030000000000000000e+02	1.142621414249899825e+00	1.199895907201469356e+02
5.040000000000000000e+02	1.267135315274522611e+00	1.211124029680917999e+02
5.050000000000000000e+02	8.880133932267524344e-01	1.176936462346130838e+02
5.060000000000000000e+02	1.212278577550978564e+00	1.206177287470494832e+02
5.070000000000000000e+02	1.026551154300181512e+00	1.189429195579614884e+02
5.080000000000000000e+02	1.922135136954290946e+00	1.270189067088934394e+02
5.090000000000000000e+02	7.927675911102576300e-01	1.168347609832339344e+02
5.100000000000000000e+02	1.032632570547061812e+00	1.189977591268020518e+02
5.110000000000000000e+02	1.076321908030364982e+00	1.193917305856285509e+02
5.120000000000000000e+02	1.656310346514475285e+00	1.246218142713657073e+02
5.130000000000000000e+02	8.231798084303159069e-01	1.171090051424251897e+02
5.140000000000000000e+02	1.669801598596854841e+00	1.247434725195898295e+02
5.150000000000000000e+02	1.974666393253739383e+00	1.274926107490655198e+02
5.160000000000000000e+02	1.274979587477131915e+00	1.211831392058357295e+02
5.170000000000000000e+02	1.051819929618328597e+00	1.191707823924266165e+02
5.180000000000000000e+02	1.452385810649652331e+00	1.227829114288612828e+02
5.190000000000000000e+02	1.295164085342551674e+00	1.213651542357674344e+02
5.200000000000000000e+02	1.368176130589092265e+00	1.220235451300829936e+02
5.210000000000000000e+02	1.898597525433018074e+00	1.268066547572159521e+02
5.220000000000000000e+02	1.626335530321878498e+00	1.243515144054552479e+02
5.230000000000000000e+02	1.651113176202299915e+00	1.245749484480869711e+02
5.240000000000000000e+02	1.746381733841132267e+00	1.254340388988774180e+02
5.250000000000000000e+02	1.127008890351823389e+00	1.198488037645553277e+02
5.260000000000000000e+02	1.345022219842445077e+00	1.218147532252416454e+02
5.270000000000000000e+02	1.682448218178798971e+00	1.248575142389870791e+02
5.280000000000000000e+02	1.310246135380266352e+00	1.215011576086206730e+02
5.290000000000000000e+02	1.745324086375519501e+00	1.254245014936670373e+02
5.300000000000000000e+02	1.031436021094886968e+00	1.189869691638411524e+02
5.310000000000000000e+02	1.829514356314865475e+00	1.261836927604075100e+02
5.320000000000000000e+02	1.240521121917510738e+00	1.208724077384465829e+02
5.330000000000000000e+02	1.450933158575139714e+00	1.227698120437497096e+02
5.340000000000000000e+02	1.632050837419402711e+00	1.244030525610913571e+02
5.350000000000000000e+02	1.805280243780952532e+00	1.259651600652848202e+02
5.360000000000000000e+02	9.638823092386605840e-01	1.183777991479462202e+02
5.370000000000000000e+02	1.537557854929455958e+00	1.235509559099425871e+02
5.380000000000000000e+02	1.446788278582756604e+00	1.227324353172684823e+02
5.390000000000000000e+02	1.517682525607236155e+00	1.233717288275743869e+02
5.400000000000000000e+02	1.031776248612974678e+00	1.189900371877425158e+02
5.410000000000000000e+02	1.770334840192062442e+00	1.256500376023622039e+02
5.420000000000000000e+02	9.355366193865346514e-01	1.181221900353852163e+02
5.430000000000000000e+02	1.634031581665068122e+00	1.244209140519030541e+02
5.440000000000000000e+02	1.855461180277589550e+00	1.264176699428817301e+02
5.450000000000000000e+02	1.642883460225420755e+00	1.245007364458935797e+02
5.460000000000000000e+02	1.724775474696497390e+00	1.252392030436015631e+02
5.470000000000000000e+02	1.232120052260070597e+00	1.207966505432291058e+02
5.480000000000000000e+02	1.257716816618385414e+00	1.210274710403203642e+02
5.490000000000000000e+02	1.324976136889582934e+00	1.216339863608387617e+02
5.500000000000000000e+02	1.628512357368165686e+00	1.243711440857489094e+02
5.510000000000000000e+02	2.085574509482098104e+00	1.284927319425462997e+02
5.520000000000000000e+02	1.416209945613060128e+00	1.224566931993396395e+02
5.530000000000000000e+02	9.318570858882110342e-01	1.180890096013562101e+02
5.540000000000000000e+02	1.697350354546134366e+00	1.249918952285480600e+02
5.550000000000000000e+02	1.579021467778742638e+00	1.239248567512793073e+02
5.560000000000000000e+02	1.134402601383359910e+00	1.199154770374642851e+02
5.570000000000000000e+02	9.598079992294519247e-01	1.183410587909048104e+02
5.580000000000000000e+02	8.838336341603763024e-01	1.176559549838003988e+02
5.590000000000000000e+02	1.052487104213123192e+00	1.191767986829804329e+02
5.600000000000000000e+02	1.444520780694831474e+00	1.227119880067288449e+02
5.610000000000000000e+02	1.106749681007419772e+00	1.196661150189744092e+02
5.620000000000000000e+02	7.421929448430523157e-01	1.163787008020251932e+02
5.630000000000000000e+02	7.093826195953976121e-01	1.160828315477173049e+02
5.640000000000000000e+02	1.271676606076280525e+00	1.211533543549789869e+02
5.650000000000000000e+02	1.484487520898551960e+00	1.230723907010616927e+02
5.660000000000000000e+02	1.220341597879130546e+00	1.206904375603255772e+02
5.670000000000000000e+02	1.139737709893447359e+00	1.199635867274663497e+02
5.680000000000000000e+02	1.548032609959688166e+00	1.236454126986656519e+02
5.690000000000000000e+02	8.846779739989494296e-01	1.176635688735297833e+02
5.700000000000000000e+02	1.531667560494597291e+00	1.234978397945447313e+02
5.710000000000000000e+02	1.087883959596363859e+00	1.194959921419916924e+02
5.720000000000000000e+02	1.768987275419876770e+00	1.256378858488739638e+02
5.730000000000000000e+02	1.390610024079856233e+00	1.222258442322172982e+02
5.740000000000000000e+02	1.319566821741366525e+00	1.215852075076229255e+02
5.750000000000000000e+02	1.159081395292440364e+00	1.201380196759777448e+02
5.760000000000000000e+02	1.069097491509111597e+00	1.193265839370409935e+02
5.770000000000000000e+02	1.056541061405572135e+00	1.192133555071652751e+02
5.780000000000000000e+02	1.115832942191582910e+00	1.197480239209117343e+02
5.790000000000000000e+02	1.225420486594135383e+00	1.207362367715640801e+02
5.800000000000000000e+02	8.234024636562455868e-01	1.171110129504906894e+02
5.810000000000000000e+02	1.206654188657369842e+00	1.205670104522648813e+02
5.820000000000000000e+02	1.103500924084915180e+00	1.196368191408984103e+02
5.830000000000000000e+02	7.586296032501305131e-01	1.165269194444649941e+02
5.840000000000000000e+02	1.193309862840758129e+00	1.204466771212539413e+02
5.850000000000000000e+02	7.422969888250618986e-01	1.163796390254393174e+02
5.860000000000000000e+02	1.080305238014110270e+00	1.194276505243386168e+02
5.870000000000000000e+02	1.225305298007596244e+00	1.207351980509495490e+02
5.880000000000000000e+02	1.885142455776417147e+00	1.266853227863832672e+02
5.890000000000000000e+02	1.221017186576288216e+00	1.206965297255978840e+02
5.900000000000000000e+02	1.491193451017936766e+00	1.231328618646020487e+02
5.910000000000000000e+02	1.264815494642330007e+00	1.210914838337828741e+02
5.920000000000000000e+02	1.275346620408642995e+00	1.211864489493062109e+02
5.930000000000000000e+02	1.052889497106717531e+00	1.191804272872221730e+02
5.940000000000000000e+02	1.716060861465241061e+00	1.251606184486958000e+02
5.950000000000000000e+02	1.404287450521869873e+00	1.223491813199085811e+02
5.960000000000000000e+02	9.142200741250099405e-01	1.179299666940028146e+02
5.970000000000000000e+02	1.306440907759639058e+00	1.214668437196211386e+02
5.980000000000000000e+02	1.030610405952190112e+00	1.189795241252817561e+02
5.990000000000000000e+02	1.113836994155951166e+00	1.197300253289294147e+02
6.000000000000000000e+02	1.270133646701253838e+00	1.211394406178773124e+02
6.010000000000000000e+02	1.124712309528456800e+00	1.198280941967427964e+02
6.020000000000000000e+02	1.048428823980255054e+00	1.191402028754958025e+02
6.030000000000000000e+02	1.394578043051840188e+00	1.222616261028771731e+02
6.040000000000000000e+02	8.347983809606911443e-01	1.172137763802820984e+02
6.050000000000000000e+02	1.228143537836180244e+00	1.207607920642759041e+02
6.060000000000000000e+02	1.493779274244806832e+00	1.231561796947098344e+02
6.070000000000000000e+02	1.145666168030920140e+00	1.200170469865491185e+02
6.080000000000000000e+02	1.330349651242362485e+00	1.216824423780397240e+02
6.090000000000000000e+02	1.709185409475520556e+00	1.250986186105998996e+02
6.100000000000000000e+02	1.374181319734185225e+00	1.220776973160465673e+02
6.110000000000000000e+02	1.248964782799433459e+00	1.209485490028170602e+02
6.120000000000000000e+02	1.424232125751579314e+00	1.225290337335340354e+02
6.130000000000000000e+02	1.720859002854731701e+00	1.252038860025605373e+02
6.140000000000000000e+02	1.204900752531145924e+00	1.205511987272902985e+02
6.150000000000000000e+02	1.296756183110245431e+00	1.213795110815395333e+02
6.160000000000000000e+02	1.927199436068707694e+00	1.270645743574542053e+02
6.170000000000000000e+02	1.604704063823198856e+00	1.241564512412152794e+02
6.180000000000000000e+02	7.109915036380598519e-01	1.160973397648220526e+02
6.190000000000000000e+02	1.522076053653073524e+00	1.234113477541437192e+02
6.200000000000000000e+02	7.965046409992544429e-01	1.168684600750784313e+02
6.210000000000000000e+02	1.121835760976465757e+00	1.198021547319970637e+02
6.220000000000000000e+02	9.797943778046414032e-01	1.185212872671762909e+02
6.230000000000000000e+02	1.839723178428973371e+00	1.262757514816626099e+02
6.240000000000000000e+02	1.627446356769297608e+00	1.243615313556129394e+02
6.250000000000000000e+02	8.184323955675509854e-01	1.170661950363687680e+02
6.260000000000000000e+02	8.774950211506564735e-01	1.175987961263256096e+02
6.270000000000000000e+02	1.564206702887819933e+00	1.237912636397225299e+02
6.280000000000000000e+02	1.323503407817712807e+00	1.216207059300901250e+02
6.290000000000000000e+02	1.200498557787031517e+00	1.205115016482022980e+02
6.300000000000000000e+02	1.307427533606829950e+00	1.214757406827413178e+02
6.310000000000000000e+02	1.357947746650575382e+00	1.219313100087965864e+02
6.320000000000000000e+02	1.198285492241847550e+00	1.204915451848741839e+02
6.330000000000000000e+02	8.822523600202016869e-01	1.176416957407975161e+02
6.340000000000000000e+02	7.401191420081285610e-01	1.163600001492971501e+02
6.350000000000000000e+02	1.324400040559460701e+00	1.216287913744947957e+02
6.360000000000000000e+02	1.070063534825444806e+00	1.193352952958426840e+02
6.370000000000000000e+02	8.482540081358636019e-01	1.173351133785749596e+02
6.380000000000000000e+02	1.093305543894178111e+00	1.195448816330666517e+02
6.390000000000000000e+02	1.174522871513010713e+00	1.202772641979478436e+02
6.400000000000000000e+02	1.060752721992193504e+00	1.192513344320237110e+02
6.410000000000000000e+02	7.704203024565114966e-01	1.166332428458829611e+02
6.420000000000000000e+02	1.275035041629559940e+00	1.211836392672829561e+02
6.430000000000000000e+02	1.360436155934527269e+00	1.219537494023014830e+02
6.440000000000000000e+02	1.410798307988691436e+00	1.224078934030431753e+02
6.450000000000000000e+02	8.274178416518196411e-01	1.171472218842439332e+02
6.460000000000000000e+02	1.427478262476973070e+00	1.225583059838111808e+02
6.470000000000000000e+02	1.834135220791795584e+00	1.262253617081161252e+02
6.480000000000000000e+02	1.147347112514257139e+00	1.200322050133917031e+02
6.490000000000000000e+02	1.189805332543427463e+00	1.204150747900382612e+02
6.500000000000000000e+02	9.183800523411327354e-01	1.179674795697043237e+02
6.510000000000000000e+02	8.453704715544116954e-01	1.173091108988164137e+02
6.520000000000000000e+02	8.775118861229407319e-01	1.175989482073164538e+02
6.530000000000000000e+02	1.577207420924165326e+00	1.239084984650967556e+02
6.540000000000000000e+02	1.003462887242109636e+00	1.187347195993761488e+02
6.550000000000000000e+02	8.729251509422765176e-01	1.175575870227695816e+02
6.560000000000000000e+02	1.162727742907442963e+00	1.201709008541329382e+02
6.570000000000000000e+02	1.164363985290085335e+00	1.201856557768581837e+02
6.580000000000000000e+02	1.628724652532105521e+00	1.243730584712776590e+02
6.590000000000000000e+02	1.179235888088005391e+00	1.203197641332291568e+02
6.600000000000000000e+02	8.284674990784037796e-01	1.171566872387546852e+02
6.610000000000000000e+02	1.299155241431516394e+00	1.214011447468932801e+02
6.620000000000000000e+02	7.151640374662350252e-01	1.161349658615766032e+02
6.630000000000000000e+02	9.659277929054290723e-01	1.183962444307228452e+02
6.640000000000000000e+02	7.168358839950582651e-01	1.161500418470191818e+02
6.650000000000000000e+02	1.587127768509212666e+00	1.239979558484146196e+02
6.660000000000000000e+02	1.176032941538659449e+00	1.202908813531899455e+02
6.670000000000000000e+02	1.131154202910971129e+00	1.198861843917356680e+02
6.680000000000000000e+02	9.433028490543028388e-01	1.181922225194658296e+02
6.690000000000000000e+02	1.175195000022626335e+00	1.202833251607526250e+02
6.700000000000000000e+02	9.412324874791833107e-01	1.181735528985231980e+02
6.710000000000000000e+02	1.159386037840681061e+00	1.201407668100856228e+02
6.720000000000000000e+02	1.307778339978292514e+00	1.214789041021450373e+02
6.730000000000000000e+02	1.499097223464036288e+00	1.232041346496840504e+02
6.740000000000000000e+02	1.186869397905861101e+00	1.203885998073809276e+02
6.750000000000000000e+02	1.225610042086120011e+00	1.207379461006133994e+02
6.760000000000000000e+02	9.779539520069375769e-01	1.185046911071484459e+02
6.770000000000000000e+02	1.027321485825784642e+00	1.189498660728871897e+02
6.780000000000000000e+02	1.215478220070773885e+00	1.206465817327860890e+02
6.790000000000000000e+02	1.099966255664052595e+00	1.196049450371822047e+02
6.800000000000000000e+02	9.805039772528270081e-01	1.185276861266209067e+02
6.810000000000000000e+02	1.015926311803299065e+00	1.188471093456894749e+02
6.820000000000000000e+02	1.167947442898853883e+00	1.202179698402680259e+02
6.830000000000000000e+02	1.150005058527261870e+00	1.200561732154415893e+02
6.840000000000000000e+02	9.087946831282571747e-01	1.178810428757711577e+02
6.850000000000000000e+02	1.096650043745210024e+00	1.195750408792639519e+02
6.860000000000000000e+02	1.623521586614418144e+00	1.243261394839905449e+02
6.870000000000000000e+02	1.129974037445375279e+00	1.198755421724455346e+02
6.880000000000000000e+02	9.356586859905147158e-01	1.181232907789719633e+02
6.890000000000000000e+02	8.276677218429535632e-01	1.171494751952141513e+02
6.900000000000000000e+02	1.315175934969712079e+00	1.215456123989163331e+02
6.910000000000000000e+02	1.551373148317702455e+00	1.236755362218405168e+02
6.920000000000000000e+02	1.160851291499217064e+00	1.201539798308054969e+02
6.930000000000000000e+02	8.756303831570140250e-01	1.175819816312369710e+02
6.940000000000000000e+02	1.122962677650807262e+00	1.198123167768286095e+02
6.950000000000000000e+02	8.756539622328156636e-01	1.175821942570955088e+02
6.960000000000000000e+02	9.747282823765897053e-01	1.184756034202397927e+02
6.970000000000000000e+02	9.898151307464517767e-01	1.186116500623670760e+02
6.980000000000000000e+02	1.715069104076814011e+00	1.251516752115668254e+02
6.990000000000000000e+02	1.122043102425450689e+00	1.198040244470771540e+02
7.000000000000000000e+02	1.132098080960090680e+00	1.198946958737902548e+02
7.010000000000000000e+02	1.217908865291095433e+00	1.206685002350683789e+02
7.020000000000000000e+02	9.259300200866804609e-01	1.180355618977538796e+02
7.030000000000000000e+02	1.100610075925577247e+00	1.196107507285079663e+02
7.040000000000000000e+02	1.070975899001998188e+00	1.193435225994898303e+02
7.050000000000000000e+02	1.040953946399916674e+00	1.190727976779232620e+02
7.060000000000000000e+02	1.714690559423892147e+00	1.251482616603954625e+02
7.070000000000000000e+02	9.780582682259597593e-01	1.185056317854776466e+02
7.080000000000000000e+02	1.067990538031521774e+00	1.193166019116420955e+02
7.090000000000000000e+02	1.244990835245603389e+00	1.209127136707825372e+02
7.100000000000000000e+02	8.796618955619983637e-01	1.176183360580825621e+02
7.110000000000000000e+02	1.430088733134434076e+00	1.225818460737366991e+02
7.120000000000000000e+02	6.828071127180610489e-01	1.158431851759333568e+02
7.130000000000000000e+02	1.361725766480519573e+00	1.219653785497637557e+02
7.140000000000000000e+02	9.741535747939611412e-01	1.184704209570171969e+02
7.150000000000000000e+02	1.375002344874749483e+00	1.220851009639614659e+02
7.160000000000000000e+02	1.842183456523360352e+00	1.262979372003253218e+02
7.170000000000000000e+02	8.419229754574488744e-01	1.172780228772336102e+02
7.180000000000000000e+02	9.975859823872685883e-01	1.186817242253920313e+02
7.190000000000000000e+02	1.249057557573264310e+00	1.209493856054092191e+02
7.200000000000000000e+02	9.386879098046736480e-01	1.181506070028820261e+02
7.210000000000000000e+02	1.389313406313714028e+00	1.222141518966889180e+02
7.220000000000000000e+02	8.939752600361099422e-01	1.177474077585801098e+02
7.230000000000000000e+02	9.970284461356615502e-01	1.186766966057702319e+02
7.240000000000000000e+02	7.748438999373749025e-01	1.166731329255497229e+02
7.250000000000000000e+02	1.303693246107658466e+00	1.214420665009277656e+02
7.260000000000000000e+02	1.445191052040427859e+00	1.227180322224355962e+02
7.270000000000000000e+02	1.014543620012257286e+00	1.188346408320107628e+02
7.280000000000000000e+02	8.876751500191197852e-01	1.176905961043610489e+02
7.290000000000000000e+02	1.379855766725968769e+00	1.221288670130061718e+02
7.300000000000000000e+02	1.214619893782089788e+00	1.206388417193278570e+02
7.310000000000000000e+02	8.363421409262233874e-01	1.172276973367610253e+02
7.320000000000000000e+02	7.221557594034995198e-01	1.161980141715306303e+02
7.330000000000000000e+02	1.577069470614697710e+00	1.239072544891566992e+02
7.340000000000000000e+02	1.060062986402114937e+00	1.192451146962190336e+02
7.350000000000000000e+02	9.327550423490065246e-01	1.180971069824839930e+02
7.360000000000000000e+02	1.398252538222758412e+00	1.222947611034592086e+02
7.370000000000000000e+02	1.254902622252426214e+00	1.210020938585262371e+02
7.380000000000000000e+02	1.170235917969557393e+00	1.202386063139256578e+02
7.390000000000000000e+02	8.827696121107559968e-01	1.176463600953617004e+02
7.400000000000000000e+02	1.546349696260295170e+00	1.236302369142884601e+02
7.410000000000000000e+02	1.266258946843058286e+00	1.211045002584307611e+02
7.420000000000000000e+02	1.222132594998900146e+00	1.207065879940166298e+02
7.430000000000000000e+02	9.512665214327276075e-01	1.182640354561061145e+02
7.440000000000000000e+02	1.110988313460159471e+00	1.197043371644000160e+02
7.450000000000000000e+02	9.107446225581099508e-01	1.178986265821410626e+02
7.460000000000000000e+02	1.344565697125557957e+00	1.218106365017772958e+02
7.470000000000000000e+02	1.142016621763431106e+00	1.199841369643358746e+02
7.480000000000000000e+02	1.111090435914545926e+00	1.197052580603130991e+02
7.490000000000000000e+02	1.432570872264665951e+00	1.226042289257202498e+02
7.500000000000000000e+02	1.091319458187739455e+00	1.195269719752830042e+02
7.510000000000000000e+02	8.631932613238642027e-01	1.174698290714944164e+02
7.520000000000000000e+02	1.412524715366498818e+00	1.224234613945107384e+02
7.530000000000000000e+02	7.778848447361812468e-01	1.167005548442055982e+02
7.540000000000000000e+02	1.405465179900501349e+00	1.223598015716251268e+02
7.550000000000000000e+02	1.193519761671958612e+00	1.204485698976954637e+02
7.560000000000000000e+02	1.151264241850835202e+00	1.200675279834352125e+02
7.570000000000000000e+02	1.270968754400102929e+00	1.211469712561827805e+02
7.580000000000000000e+02	1.129766952097751576e+00	1.198736747667762330e+02
7.590000000000000000e+02	1.321877484539526693e+00	1.216060440605643720e+02
7.600000000000000000e+02	1.179344921072802865e+00	1.203207473453022942e+02
7.610000000000000000e+02	1.154486495033623328e+00	1.200965848623044963e+02
7.620000000000000000e+02	1.536420518524187262e+00	1.235406999045057574e+02
7.630000000000000000e+02	7.026739725804076464e-01	1.160223358843930868e+02
7.640000000000000000e+02	9.473219440688458448e-01	1.182284649716807934e+02
7.650000000000000000e+02	8.377102369408730986e-01	1.172400342320712952e+02
7.660000000000000000e+02	1.282165443935275428e+00	1.212479381365316868e+02
7.670000000000000000e+02	1.121406959816739102e+00	1.197982879894878891e+02
7.680000000000000000e+02	1.084918997659492401e+00	1.194692554037639667e+02
7.690000000000000000e+02	1.324412390696524833e+00	1.216289027426636977e+02
7.700000000000000000e+02	1.540832818761194378e+00	1.235804881105370043e+02
7.710000000000000000e+02	1.453268689684940940e+00	1.227908728483182159e+02
7.720000000000000000e+02	8.271700357314355490e-01	1.171449872781458907e+02
7.730000000000000000e+02	1.778744143861013649e+00	1.257258690483171222e+02
7.740000000000000000e+02	1.869685283291551370e+00	1.265459367223230771e+02
7.750000000000000000e+02	1.023619137709670612e+00	1.189164799065497675e+02
7.760000000000000000e+02	1.449436691334789806e+00	1.227563175525139059e+02
7.770000000000000000e+02	8.573225257046008796e-01	1.174168893289956941e+02
7.780000000000000000e+02	1.400129200419721665e+00	1.223116840275878872e+02
7.790000000000000000e+02	1.459568283165650460e+00	1.228476798446375682e+02
7.800000000000000000e+02	1.364831577960493147e+00	1.219933854079605169e+02
7.810000000000000000e+02	1.188415238320195799e+00	1.204025395244430285e+02
7.820000000000000000e+02	8.356856283175286837e-01	1.172217771913643531e+02
7.830000000000000000e+02	8.940323467519976086e-01	1.177479225417751252e+02
7.840000000000000000e+02	9.124960635881840254e-01	1.179144203162055931e+02
7.850000000000000000e+02	1.867714411639753269e+00	1.265281642582724260e+02
7.860000000000000000e+02	1.337687248992420308e+00	1.217486096457621301e+02
7.870000000000000000e+02	8.351796757990863629e-01	1.172172147314308859e+02
7.880000000000000000e+02	1.324037583963839859e+00	1.216255228984325782e+02
7.890000000000000000e+02	1.190389036375549381e+00	1.204203383775291911e+02
7.900000000000000000e+02	1.250821356279320673e+00	1.209652907756253484e+02
7.910000000000000000e+02	1.149691294557596111e+00	1.200533438283192993e+02
7.920000000000000000e+02	1.268820313310273562e+00	1.211275975481084402e+02
7.930000000000000000e+02	1.217977085167990525e+00	1.206691154122710969e+02
7.940000000000000000e+02	1.853617145358354312e+00	1.264010412373643817e+02
7.950000000000000000e+02	2.052214538553098322e+00	1.281919062223501271e+02
7.960000000000000000e+02	1.141525060513603806e+00	1.199797042786085797e+02
7.970000000000000000e+02	1.140950474808642978e+00	1.199745229144258190e+02
7.980000000000000000e+02	1.367283744132082202e+00	1.220154979768287262e+02
7.990000000000000000e+02	1.327514069188510559e+00	1.216568723313708915e+02
8.000000000000000000e+02	9.813603533615207208e-01	1.185354085542034994e+02
8.010000000000000000e+02	1.640624131279846631e+00	1.244803627993259880e+02
8.020000000000000000e+02	1.196651753819366837e+00	1.204768128417735085e+02
8.030000000000000000e+02	1.401097989216386397e+00	1.223204201439380654e+02
8.040000000000000000e+02	1.017430685711377070e+00	1.188606751358187665e+02
8.050000000000000000e+02	1.453145350044916295e+00	1.227897606250456590e+02
8.060000000000000000e+02	8.352143759702369552e-01	1.172175276424942467e+02
8.070000000000000000e+02	1.089744260919108587e+00	1.195127675308668103e+02
8.080000000000000000e+02	1.274433748041524872e+00	1.211782170630173994e+02
8.090000000000000000e+02	1.352079550925918916e+00	1.218783931699636440e+02
8.100000000000000000e+02	1.130812989284613268e+00	1.198831074755384520e+02
8.110000000000000000e+02	9.550274105387441814e-01	1.182979495196496060e+02
8.120000000000000000e+02	1.319635674975715878e+00	1.215858283961679120e+02
8.130000000000000000e+02	1.753396346324521460e+00	1.254972936258285898e+02
8.140000000000000000e+02	1.036969639714470537e+00	1.190368689317417221e+02
8.150000000000000000e+02	1.698656736196709982e+00	1.250036756105430555e+02
8.160000000000000000e+02	1.706455217092255339e+00	1.250739989221799817e+02
8.170000000000000000e+02	1.591222770271884412e+00	1.240348827946965002e+02
8.180000000000000000e+02	9.217838918421319416e-01	1.179981739150770892e+02
8.190000000000000000e+02	1.726947377763943692e+00	1.252587883215938973e+02
8.200000000000000000e+02	1.035048358869073537e+00	1.190195436560319280e+02
8.210000000000000000e+02	1.606256694917506778e+00	1.241704521936782726e+02
8.220000000000000000e+02	1.637822921832452927e+00	1.244551027098844855e+02
8.230000000000000000e+02	1.311573037699604649e+00	1.215131230370886612e+02
8.240000000000000000e+02	1.181433623269777522e+00	1.203395823540023173e+02
8.250000000000000000e+02	8.837993406540169961e-01	1.176556457398633881e+02
8.260000000000000000e+02	1.258480832068927802e+00	1.210343605996260123e+02
8.270000000000000000e+02	8.896302883004920670e-01	1.177082266917146427e+02
8.280000000000000000e+02	1.352013884533534327e+00	1.218778010189745373e+02
8.290000000000000000e+02	1.099470961664132496e+00	1.196004786911367574e+02
8.300000000000000000e+02	1.689865328715919990e+00	1.249243985184683936e+02
8.310000000000000000e+02	1.544145729516360088e+00	1.236103624999958299e+02
8.320000000000000000e+02	8.826338455373945457e-01	1.176451358114048276e+02
8.330000000000000000e+02	1.169875076374211842e+00	1.202353524012340813e+02
8.340000000000000000e+02	1.797931040573133021e+00	1.258988881445878292e+02
8.350000000000000000e+02	1.613250977391569974e+00	1.242335235934403954e+02
8.360000000000000000e+02	1.027286886775602426e+00	1.189495540736887733e+02
8.370000000000000000e+02	1.079265084309337208e+00	1.194182708702610114e+02
8.380000000000000000e+02	8.896930620158116643e-01	1.177087927577990598e+02
8.390000000000000000e+02	1.580178582724506953e+00	1.239352911109989179e+02
8.400000000000000000e+02	1.005593115702962725e+00	1.187539290738772593e+02
8.410000000000000000e+02	1.975263497776670318e+00	1.274979951781624550e+02
8.420000000000000000e+02	1.519070653530782744e+00	1.233842463619335774e+02
8.430000000000000000e+02	1.572457568064769884e+00	1.238656663562110936e+02
8.440000000000000000e+02	1.367976186039058240e+00	1.220217421170230807e+02
8.450000000000000000e+02	1.248055999695295348e+00	1.209403539917246917e+02
8.460000000000000000e+02	8.604534206596815560e-01	1.174451223790701420e+02
8.470000000000000000e+02	1.091676947989531410e+00	1.195301956629569560e+02
8.480000000000000000e+02	1.251810711176999824e+00	1.209742123481368168e+02
8.490000000000000000e+02	1.474420387257574294e+00	1.229816096648820292e+02
8.500000000000000000e+02	1.586185699562798090e+00	1.239894606800620238e+02
8.510000000000000000e+02	1.230262788068161584e+00	1.207799025418799914e+02
8.520000000000000000e+02	1.196669460790000139e+00	1.204769725155395435e+02
8.530000000000000000e+02	1.422388683634486561e+00	1.225124103736487768e+02
8.540000000000000000e+02	1.260806275990455250e+00	1.210553304423143715e+02
8.550000000000000000e+02	1.062939141314600544e+00	1.192710506112947826e+02
8.560000000000000000e+02	9.309752701597797664e-01	1.180810577703384325e+02
8.570000000000000000e+02	8.869924098976724736e-01	1.176844394506523770e+02
8.580000000000000000e+02	1.342207083448643035e+00	1.217893675486498353e+02
8.590000000000000000e+02	1.497033613403480734e+00	1.231855259109656657e+02
8.600000000000000000e+02	1.264361616781045417e+00	1.210873909604769381e+02
8.610000000000000000e+02	1.385723389732120836e+00	1.221817786873125442e+02
8.620000000000000000e+02	1.117135629870771751e+00	1.197597709922780922e+02
8.630000000000000000e+02	1.738731705364544577e+00	1.253650542666399303e+02
8.640000000000000000e+02	9.325966805872245580e-01	1.180956789449374043e+02
8.650000000000000000e+02	9.240390071395045979e-01	1.180185095647963607e+02
8.660000000000000000e+02	7.231080070139259686e-01	1.162066011266518188e+02
8.670000000000000000e+02	9.777924332113601125e-01	1.185032346008430864e+02
8.680000000000000000e+02	9.698200249517312521e-01	1.184313428878225523e+02
8.690000000000000000e+02	1.153735946743474239e+00	1.200898167439986679e+02
8.700000000000000000e+02	1.264013649443305187e+00	1.210842531422455295e+02
8.710000000000000000e+02	9.968796073126782176e-01	1.186753544419472348e+02
8.720000000000000000e+02	1.082963293412333661e+00	1.194516197127768748e+02
8.730000000000000000e+02	1.314175976739040630e+00	1.215365952101559515e+02
8.740000000000000000e+02	1.176240376288245626e+00	1.202927519096143101e+02
8.750000000000000000e+02	8.416441658526341296e-01	1.172755086933830171e+02
8.760000000000000000e+02	1.074003214158642194e+00	1.193708216119558898e+02
8.770000000000000000e+02	1.005251938179308580e+00	1.187508524832385461e+02
8.780000000000000000e+02	1.404720652103435663e+00	1.223530877435095476e+02
8.790000000000000000e+02	8.404990283555833219e-01	1.172651823410907070e+02
8.800000000000000000e+02	7.500676947994674437e-01	1.164497118749078624e+02
8.810000000000000000e+02	9.511514088049102256e-01	1.182629974204543259e+02
8.820000000000000000e+02	9.590652686928655690e-01	1.183343611697031719e+02
8.830000000000000000e+02	8.991197199347530367e-01	1.177937982622566011e+02
8.840000000000000000e+02	1.075739915788044732e+00	1.193864824325106326e+02
8.850000000000000000e+02	1.357367787565892714e+00	1.219260801898106763e+02
8.860000000000000000e+02	1.004861143738280393e+00	1.187473284688015696e+02
8.870000000000000000e+02	1.255721281192705874e+00	1.210094761690752705e+02
8.880000000000000000e+02	1.046376053360053682e+00	1.191216918821399133e+02
8.890000000000000000e+02	1.284984869923312401e+00	1.212733624948201339e+02
8.900000000000000000e+02	1.179352333171479472e+00	1.203208141843869896e+02
8.910000000000000000e+02	9.899198649362612734e-01	1.186125945097751924e+02
8.920000000000000000e+02	1.173603101616653932e+00	1.202689701127378896e+02
8.930000000000000000e+02	1.744144890193981556e+00	1.254138680149593199e+02
8.940000000000000000e+02	1.316685727280729745e+00	1.215592270498485874e+02
8.950000000000000000e+02	9.875724076501704030e-01	1.185914261601318174e+02
8.960000000000000000e+02	1.098443804736191742e+00	1.195912162363444651e+02
8.970000000000000000e+02	1.583061230264283026e+00	1.239612855737660055e+02
8.980000000000000000e+02	1.739169786094778791e+00	1.253690046882831979e+02
8.990000000000000000e+02	1.277825410104863169e+00	1.212088015975494386e+02
9.000000000000000000e+02	1.011683408902838366e+00	1.188088486912221811e+02
9.010000000000000000e+02	1.580835370416309615e+00	1.239412137369755129e+02
9.020000000000000000e+02	1.385834444168186685e+00	1.221827801279547430e+02
9.030000000000000000e+02	1.654699938094891021e+00	1.246072923080923402e+02
9.040000000000000000e+02	1.388455432293647540e+00	1.222064150598359760e+02
9.050000000000000000e+02	1.085982015344329144e+00	1.194788412352775140e+02
9.060000000000000000e+02	1.426615490936621100e+00	1.225505258850052286e+02
9.070000000000000000e+02	1.127075868792088098e+00	1.198494077470220134e+02
9.080000000000000000e+02	8.714915204471360699e-01	1.175446591659943607e+02
9.090000000000000000e+02	1.045867750507649019e+00	1.191171082279161766e+02
9.100000000000000000e+02	1.122608256421312456e+00	1.198091207602060990e+02
9.110000000000000000e+02	1.136558614180809945e+00	1.199349190239074261e+02
9.120000000000000000e+02	1.365579805860989593e+00	1.220001326020008605e+02
9.130000000000000000e+02	1.227762061931887638e+00	1.207573520803535274e+02
9.140000000000000000e+02	6.965650627345628676e-01	1.159672483902252793e+02
9.150000000000000000e+02	1.059385971151348249e+00	1.192390096669062274e+02
9.160000000000000000e+02	1.123354817967618713e+00	1.198158529277885123e+02
9.170000000000000000e+02	7.944116239126213230e-01	1.168495861565786527e+02
9.180000000000000000e+02	9.347036274906970199e-01	1.181146784764717950e+02
9.190000000000000000e+02	9.250573495810574531e-01	1.180276925343810319e+02
9.200000000000000000e+02	1.174630810782813173e+00	1.202782375473744594e+02
9.210000000000000000e+02	2.251858937101395952e+00	1.299922126466045995e+02
9.220000000000000000e+02	1.500835850535108040e+00	1.232198128330350073e+02
9.230000000000000000e+02	1.521888466138276552e+00	1.234096561714574278e+02
9.240000000000000000e+02	1.426991218008527795e+00	1.225539140284554804e+02
9.250000000000000000e+02	1.091138282735965692e+00	1.195253382137944982e+02
9.260000000000000000e+02	1.644132366679445401e+00	1.245119985415437611e+02
9.270000000000000000e+02	1.115033734062542692e+00	1.197408170093254824e+02
9.280000000000000000e+02	1.442163057758769851e+00	1.226907270859152987e+02
9.290000000000000000e+02	1.075437532057109902e+00	1.193837556674355795e+02
9.300000000000000000e+02	1.550355458713999823e+00	1.236663591392638608e+02
9.310000000000000000e+02	1.324484698950735062e+00	1.216295547870763016e+02
9.320000000000000000e+02	1.394895370643370436e+00	1.222644876251927428e+02
9.330000000000000000e+02	1.086537715087955824e+00	1.194838522940684555e+02
9.340000000000000000e+02	1.915530057256351393e+00	1.269593449706258923e+02
9.350000000000000000e+02	8.109573604009880921e-01	1.169987884177521380e+02
9.360000000000000000e+02	1.279223361662843228e+00	1.212214077171747704e+02
9.370000000000000000e+02	1.307110664646789600e+00	1.214728832961652074e+02
9.380000000000000000e+02	1.102130507644503599e+00	1.196244613209970424e+02
9.390000000000000000e+02	1.323812858133513348e+00	1.216234964185564991e+02
9.400000000000000000e+02	1.638278806824441824e+00	1.244592136826228455e+02
9.410000000000000000e+02	1.263573462039031092e+00	1.210802837235312950e+02
9.420000000000000000e+02	1.338211317227536057e+00	1.217533354653558035e+02
9.430000000000000000e+02	7.579235805343346177e-01	1.165205528384386753e+02
9.440000000000000000e+02	9.306560677884372357e-01	1.180781793420732555e+02
9.450000000000000000e+02	1.227046305443801222e+00	1.207508976993988199e+02
9.460000000000000000e+02	1.104524703901921034e+00	1.196460511423719311e+02
9.470000000000000000e+02	1.153420807324539554e+00	1.200869749536726232e+02
9.480000000000000000e+02	9.814669341588417861e-01	1.185363696535156492e+02
9.490000000000000000e+02	1.270941346395240146e+00	1.211467241027059600e+02
9.500000000000000000e+02	1.909319423269158378e+00	1.269033401723588952e+02
9.510000000000000000e+02	1.543623235469680610e+00	1.236056508757493759e+02
9.520000000000000000e+02	9.142310601954939386e-01	1.179300657616120844e+02
9.530000000000000000e+02	7.400628884892506143e-01	1.163594928795106682e+02
9.540000000000000000e+02	1.417216262608398614e+00	1.224657677286763828e+02
9.550000000000000000e+02	9.463311925762174504e-01	1.182195308052830001e+02
9.560000000000000000e+02	1.106164981168305861e+00	1.196608424499252834e+02
9.570000000000000000e+02	1.031694412031152641e+00	1.189892992210123452e+02
9.580000000000000000e+02	1.567172492693467589e+00	1.238180078433111078e+02
9.590000000000000000e+02	1.291979779891961888e+00	1.213364395530557260e+02
9.600000000000000000e+02	1.288193859282255049e+00	1.213022997662901901e+02
9.610000000000000000e+02	1.103925687012718315e+00	1.196406494683870392e+02
9.620000000000000000e+02	1.111326673954494693e+00	1.197073883522925541e+02
9.630000000000000000e+02	1.114903843039484643e+00	1.197396457085278456e+02
9.640000000000000000e+02	1.238160511623366267e+00	1.208511207806926393e+02
9.650000000000000000e+02	1.709015602979219395e+00	1.250970873694110992e+02
9.660000000000000000e+02	1.700738406925275781e+00	1.250224472125167239e+02
9.670000000000000000e+02	1.089360953473954119e+00	1.195093110309049109e+02
9.680000000000000000e+02	1.669680011701590638e+00	1.247423761018078068e+02
9.690000000000000000e+02	9.825616741305684965e-01	1.185462415428264364e+02
9.700000000000000000e+02	1.633431575682674719e+00	1.244155034587056008e+02
9.710000000000000000e+02	1.899557964560342871e+00	1.268153155798766534e+02
9.720000000000000000e+02	1.242052671330644342e+00	1.208862185854704734e+02
9.730000000000000000e+02	8.616552515600036655e-01	1.174559599678352129e+02
9.740000000000000000e+02	1.138639606143474703e+00	1.199536845050651692e+02
9.750000000000000000e+02	1.523030808684741721e+00	1.234199573200999822e+02
9.760000000000000000e+02	1.368851491393409781e+00	1.220296352403167077e+02
9.770000000000000000e+02	7.038201861530217762e-01	1.160326719402671927e+02
9.780000000000000000e+02	1.182977979575490446e+00	1.203535086880178397e+02
9.790000000000000000e+02	1.655312482080217418e+00	1.246128159635514550e+02
9.800000000000000000e+02	1.188310782555753287e+00	1.204015975877538835e+02
9.810000000000000000e+02	8.593846044541919582e-01	1.174354842590172723e+02
9.820000000000000000e+02	1.528704915934295583e+00	1.234711239534118192e+02
9.830000000000000000e+02	1.323325785195431648e+00	1.216191042064739776e+02
9.840000000000000000e+02	1.249787112512496856e+00	1.209559644147998085e+02
9.850000000000000000e+02	1.052307072403015464e+00	1.191751752343554642e+02
9.860000000000000000e+02	9.805711174431563926e-01	1.185282915676793891e+02
9.870000000000000000e+02	9.006004789989008330e-01	1.178071511039859018e+02
9.880000000000000000e+02	8.979205116830839550e-01	1.177829843233973151e+02
9.890000000000000000e+02	9.386627789236130504e-01	1.181503803835180406e+02
9.900000000000000000e+02	1.511014209862507229e+00	1.233115968541181502e+02
9.910000000000000000e+02	1.433523199561558048e+00	1.226128165994193466e+02
9.920000000000000000e+02	9.252101682581108655e-01	1.180290705867984684e+02
9.930000000000000000e+02	1.643209075610011727e+00	1.245036727039252469e+02
9.940000000000000000e+02	1.462340474352116892e+00	1.228726782600128473e+02
9.950000000000000000e+02	1.284959926672251784e+00	1.212731375674219549e+02
9.960000000000000000e+02	1.601943871594250002e+00	1.241315610272243646e+02
9.970000000000000000e+02	1.123845581269807381e+00	1.198202784179707692e+02
9.980000000000000000e+02	9.140552623344182503e-01	1.179284804928994816e+02
9.990000000000000000e+02	1.156191617933820304e+00	1.201119609196028080e+02
