GENERALIZED BORN:
Frame #,BOND,ANGLE,DIHED,UB,IMP,CMAP,VDWAALS,EEL,1-4 VDW,1-4 EEL,EGB,ESURF,G gas,G solv,TOTAL
0,499.1749,1424.9252,-1106.8736,0.0,0.0,0.0,-1302.648,-16255.2776,613.249,11775.8236,-1958.7419,57.45590136,-4351.6264999999985,-1901.28599864,-6252.912498639998
1,496.1854,1440.6297,-1114.6921,0.0,0.0,0.0,-1301.6301,-16149.8529,608.9829,11751.2475,-2026.7226,57.29372712,-4269.129600000002,-1969.42887288,-6238.558472880002
2,529.7118,1466.2432,-1079.4766,0.0,0.0,0.0,-1324.2489,-16112.8014,624.4636,11818.0,-2082.4737,55.02926016,-4078.1083,-2027.44443984,-6105.55273984
3,503.2392,1410.2656,-1098.157,0.0,0.0,0.0,-1307.1257,-16179.0367,603.0739,11815.7392,-2029.0598,56.37967776,-4252.001500000002,-1972.68012224,-6224.681622240002
4,471.6949,1436.1219,-1100.4894,0.0,0.0,0.0,-1244.3437,-16238.5994,623.8918,11803.7995,-2005.6847,57.90313584,-4247.9244,-1947.78156416,-6195.70596416
5,508.469,1388.6305,-1088.0655,0.0,0.0,0.0,-1288.7813,-16245.5508,609.1993,11816.2199,-2003.551,55.64214504,-4299.8789,-1947.9088549599999,-6247.787754959999
6,514.9887,1378.9819,-1087.9286,0.0,0.0,0.0,-1280.4749,-16129.6091,605.5688,11783.2583,-2069.5965,57.21210215999999,-4215.214900000001,-2012.38439784,-6227.599297840001
7,505.5747,1471.4713,-1110.0335,0.0,0.0,0.0,-1322.7106,-16092.8406,586.3552,11676.3272,-1993.2261,54.32376096,-4285.856300000001,-1938.90233904,-6224.758639040001
8,466.7136,1415.9092,-1079.9153,0.0,0.0,0.0,-1302.421,-16273.0492,614.4818,11755.6259,-1919.231,54.66496247999999,-4402.655000000001,-1864.56603752,-6267.22103752
9,493.8616,1420.7366,-1121.0571,0.0,0.0,0.0,-1279.0179,-16333.9089,620.7194,11831.0343,-1932.8708,56.304357839999994,-4367.632,-1876.56644216,-6244.198442159999
10,519.3952,1432.7152,-1084.1631,0.0,0.0,0.0,-1267.4924,-16249.2682,610.1977,11751.8191,-1946.9543,56.079501119999996,-4286.7965,-1890.87479888,-6177.671298880001
11,525.2403,1450.4426,-1096.6624,0.0,0.0,0.0,-1264.3599,-16258.3088,593.5942,11715.9057,-1930.218,55.7020116,-4334.148300000001,-1874.5159884,-6208.6642884
12,531.9391,1382.8315,-1087.2858,0.0,0.0,0.0,-1299.5008,-16263.4878,617.081,11841.3493,-1970.6133,55.68103728,-4277.073500000002,-1914.93226272,-6192.005762720002
13,511.1594,1463.1699,-1100.6257,0.0,0.0,0.0,-1293.0835,-16125.9284,624.7035,11782.4258,-2093.9612,56.8918836,-4138.179,-2037.0693164000002,-6175.2483164
14,493.8835,1402.1462,-1105.6289,0.0,0.0,0.0,-1249.1995,-16292.1961,610.3255,11816.1807,-1960.957,55.96267752,-4324.488599999999,-1904.9943224800002,-6229.482922479999
15,485.6324,1383.6504,-1057.2494,0.0,0.0,0.0,-1298.0012,-16305.3376,614.1878,11827.1162,-1943.4508,54.24122232,-4350.001400000001,-1889.2095776800002,-6239.210977680002
16,533.8131,1419.4456,-1105.0773,0.0,0.0,0.0,-1295.7594,-16271.8521,617.6372,11808.7452,-1960.2488,55.47378312,-4293.047700000003,-1904.77501688,-6197.822716880003
17,527.2548,1442.0927,-1106.2161,0.0,0.0,0.0,-1278.202,-16245.7865,604.3744,11858.9514,-2052.1806,56.86690176,-4197.531300000001,-1995.3136982400001,-6192.844998240001
18,536.466,1395.7172,-1108.1874,0.0,0.0,0.0,-1294.1718,-16169.0905,594.558,11767.0818,-2027.6338,56.462502959999995,-4277.626700000001,-1971.1712970400001,-6248.79799704
19,497.1087,1464.6594,-1111.9847,0.0,0.0,0.0,-1284.7051,-16101.3907,608.0061,11766.4131,-2071.1302,57.315620880000004,-4161.893199999999,-2013.81457912,-6175.707779119998
20,483.816,1442.032,-1117.0161,0.0,0.0,0.0,-1308.8563,-16131.7685,590.4577,11680.172,-1964.3637,57.040279919999996,-4361.163199999999,-1907.32342008,-6268.486620079999
21,491.7458,1411.2083,-1098.3844,0.0,0.0,0.0,-1297.4397,-16168.4972,604.3244,11740.6085,-2010.6284,56.2456296,-4316.434300000001,-1954.3827704,-6270.8170704
22,504.7519,1429.7591,-1081.1195,0.0,0.0,0.0,-1313.8379,-16181.4871,610.681,11816.9553,-2039.7727,56.76183647999999,-4214.297199999999,-1983.01086352,-6197.3080635199985
23,522.0753,1464.0946,-1100.6443,0.0,0.0,0.0,-1299.9487,-16097.6184,591.1246,11736.1494,-2063.9036,54.8276544,-4184.7675,-2009.0759456,-6193.8434455999995
24,521.4445,1419.837,-1104.0933,0.0,0.0,0.0,-1280.299,-16159.4966,593.6117,11681.3996,-1977.7803,56.93122008,-4327.596100000001,-1920.84907992,-6248.4451799200015
25,503.1673,1409.1112,-1125.1701,0.0,0.0,0.0,-1277.7615,-16144.56,607.9479,11755.3607,-2035.5847,57.15556128,-4271.904500000002,-1978.42913872,-6250.333638720002
26,543.9064,1405.0877,-1134.7207,0.0,0.0,0.0,-1302.7708,-16265.3367,607.5394,11776.9717,-1970.8533,56.22262848,-4369.323,-1914.63067152,-6283.95367152
27,551.6628,1444.7642,-1103.6397,0.0,0.0,0.0,-1318.3939,-16107.421,600.0867,11728.2144,-2037.7666,55.54371672,-4204.726500000001,-1982.22288328,-6186.949383280001
28,519.3573,1452.1612,-1092.594,0.0,0.0,0.0,-1305.7699,-16167.3768,596.2756,11787.9874,-2044.2336,54.6713064,-4209.959199999999,-1989.5622936,-6199.521493599999
29,514.9902,1434.1419,-1105.6312,0.0,0.0,0.0,-1301.1149,-16235.56,622.715,11838.4164,-1997.1906,55.900252079999994,-4232.042599999999,-1941.29034792,-6173.332947919998
30,507.8959,1431.7417,-1080.7473,0.0,0.0,0.0,-1304.6823,-15904.5794,592.3523,11764.0474,-2247.0705,56.0154312,-3993.9717,-2191.0550688,-6185.026768799999
31,499.2389,1394.4553,-1089.7578,0.0,0.0,0.0,-1280.1258,-16247.413,602.795,11811.8203,-1993.7814,55.38728808,-4308.9871,-1938.3941119200001,-6247.38121192
32,492.4013,1386.2391,-1084.6784,0.0,0.0,0.0,-1264.758,-16136.5313,618.2015,11787.564,-2064.5061,58.9027212,-4201.561800000001,-2005.6033788,-6207.165178800002
33,472.1472,1439.8492,-1115.2382,0.0,0.0,0.0,-1282.6933,-16148.5332,619.9366,11738.7603,-1999.6799,56.0779308,-4275.7714,-1943.6019692,-6219.3733692
34,496.478,1419.3625,-1068.3037,0.0,0.0,0.0,-1277.4152,-16145.3537,644.855,11864.7554,-2102.6942,56.40119784,-4065.6217000000015,-2046.29300216,-6111.914702160001
35,501.7684,1469.7902,-1109.8915,0.0,0.0,0.0,-1257.357,-16112.3702,616.4477,11835.1446,-2135.6959,58.62725352,-4056.4677999999985,-2077.06864648,-6133.5364464799995
36,501.6124,1423.4992,-1132.5303,0.0,0.0,0.0,-1283.944,-16191.5779,603.9074,11768.874,-2018.4799,55.4324796,-4310.159200000002,-1963.0474204,-6273.206620400002
37,480.9459,1441.8838,-1106.7144,0.0,0.0,0.0,-1289.9788,-16206.9423,607.7132,11800.2973,-2014.6631,56.34918792,-4272.795300000002,-1958.31391208,-6231.109212080001
38,523.0555,1486.8633,-1125.7148,0.0,0.0,0.0,-1294.5288,-16264.6262,611.5441,11826.8973,-1999.4659,55.953320399999996,-4236.509600000001,-1943.5125796,-6180.022179600001
39,542.124,1451.1289,-1112.2259,0.0,0.0,0.0,-1292.1035,-16114.4345,601.7356,11768.6264,-2085.1206,57.180977999999996,-4155.148999999999,-2027.939622,-6183.088621999999
40,530.385,1466.0923,-1089.8527,0.0,0.0,0.0,-1303.5479,-16228.9412,612.7888,11840.7989,-2021.8306,55.070652239999994,-4172.2768,-1966.75994776,-6139.03674776
41,506.6144,1356.8434,-1094.2218,0.0,0.0,0.0,-1276.8211,-16353.6799,614.8571,11872.9712,-1969.3021,54.78781752,-4373.4367,-1914.51428248,-6287.95098248
42,518.9363,1415.3604,-1089.2657,0.0,0.0,0.0,-1286.2723,-16192.4323,607.5043,11785.2043,-2043.6001,55.239651359999996,-4240.965000000002,-1988.3604486400002,-6229.325448640002
43,532.9256,1402.7807,-1120.5633,0.0,0.0,0.0,-1272.01,-16316.7547,601.2689,11819.9076,-1925.2395,55.611390959999994,-4352.4452,-1869.6281090399998,-6222.07330904
44,513.6271,1400.2964,-1084.0744,0.0,0.0,0.0,-1309.8234,-16263.6073,609.9739,11825.1467,-1962.3025,54.74075328,-4308.461000000001,-1907.56174672,-6216.022746720001
45,484.7419,1527.7917,-1090.2815,0.0,0.0,0.0,-1256.8322,-16294.7397,612.3984,11835.0402,-1998.9933,56.207574720000004,-4181.881200000002,-1942.7857252800002,-6124.666925280002
46,487.1502,1403.8391,-1112.7671,0.0,0.0,0.0,-1279.8206,-16343.9138,627.8147,11815.6853,-1895.1419,53.6916492,-4402.012200000001,-1841.4502508,-6243.4624508000015
47,497.7104,1388.8622,-1046.3898,0.0,0.0,0.0,-1279.0413,-16212.178,613.8931,11838.9271,-2063.8472,54.6647076,-4198.216299999998,-2009.1824924000002,-6207.3987923999985
48,457.9812,1469.4313,-1095.2095,0.0,0.0,0.0,-1304.1684,-16129.2951,601.4959,11793.2634,-2094.1222,56.87919792,-4206.501200000001,-2037.2430020799998,-6243.744202080001
49,501.1621,1446.3894,-1098.059,0.0,0.0,0.0,-1304.829,-16195.275,605.4044,11793.0714,-2025.8974,56.42412624,-4252.135699999999,-1969.47327376,-6221.608973759999
50,500.4554,1401.0255,-1079.9237,0.0,0.0,0.0,-1270.8157,-16373.9711,625.8883,11864.1723,-1936.626,55.48609512,-4333.169000000002,-1881.13990488,-6214.308904880002
51,522.6257,1392.3104,-1080.763,0.0,0.0,0.0,-1291.368,-16226.5019,616.1272,11756.8109,-1974.944,54.89037936,-4310.758699999997,-1920.05362064,-6230.812320639996
52,527.7136,1475.683,-1079.8307,0.0,0.0,0.0,-1296.8473,-16163.8529,602.3857,11776.3667,-2040.1496,55.458038159999994,-4158.381899999997,-1984.69156184,-6143.0734618399965
53,537.5029,1406.5254,-1089.1257,0.0,0.0,0.0,-1306.4144,-16258.3512,611.2916,11790.6076,-1959.0156,55.45393272,-4307.963799999998,-1903.56166728,-6211.525467279997
54,518.974,1441.928,-1083.2942,0.0,0.0,0.0,-1285.9034,-16138.3105,601.9741,11779.7452,-2090.6636,55.54805904,-4164.886800000002,-2035.1155409599999,-6200.002340960002
55,503.153,1399.2067,-1083.1464,0.0,0.0,0.0,-1280.9212,-16197.0627,601.1949,11798.8967,-2014.4208,56.50939872,-4258.679,-1957.91140128,-6216.59040128
56,505.3756,1421.2772,-1095.2771,0.0,0.0,0.0,-1264.5481,-16065.5249,596.8165,11783.8692,-2149.8485,57.641043599999996,-4118.0116,-2092.2074564,-6210.2190564
57,487.6272,1431.9691,-1095.5891,0.0,0.0,0.0,-1286.3061,-16150.187,628.8197,11835.5883,-2101.7134,55.422395279999996,-4148.0779,-2046.29100472,-6194.3689047200005
58,513.8659,1492.9685,-1126.132,0.0,0.0,0.0,-1274.7388,-16224.4038,605.5103,11859.3493,-2046.0408,56.32446384,-4153.580600000001,-1989.71633616,-6143.296936160001
59,508.5226,1399.878,-1098.9005,0.0,0.0,0.0,-1289.5338,-16128.6242,635.871,11816.9299,-2079.9635,55.65543552,-4155.857,-2024.3080644799998,-6180.16506448
60,518.5829,1478.0322,-1064.8234,0.0,0.0,0.0,-1302.3768,-16214.7485,612.2259,11796.9188,-2005.9083,55.21678344,-4176.188899999999,-1950.69151656,-6126.8804165599995
61,527.8027,1417.2362,-1081.9697,0.0,0.0,0.0,-1299.9911,-16100.0024,603.3146,11835.2903,-2166.8269,57.909731040000004,-4098.3193999999985,-2108.91716896,-6207.236568959998
62,506.2788,1433.4193,-1103.8453,0.0,0.0,0.0,-1295.9998,-16213.2351,616.0368,11862.1668,-2056.5687,56.34741168,-4195.178499999998,-2000.2212883199998,-6195.399788319998
63,524.5601,1430.2139,-1065.8268,0.0,0.0,0.0,-1318.3653,-16136.704,609.5321,11830.2071,-2114.5407,54.20416607999999,-4126.3829000000005,-2060.33653392,-6186.7194339200005
64,481.237,1414.3075,-1063.1283,0.0,0.0,0.0,-1282.5976,-16130.2453,614.7034,11777.4233,-2095.181,54.4784904,-4188.299999999999,-2040.7025096,-6229.0025096
65,493.0102,1376.5922,-1102.0866,0.0,0.0,0.0,-1270.2528,-16147.2568,629.1986,11829.76,-2109.4497,56.56876776,-4191.0352,-2052.88093224,-6243.9161322400005
66,507.4327,1450.4373,-1074.889,0.0,0.0,0.0,-1276.296,-16052.6563,608.5542,11780.9136,-2175.7743,59.22286344,-4056.5035000000007,-2116.55143656,-6173.054936560001
67,504.9652,1432.2796,-1096.8416,0.0,0.0,0.0,-1295.1095,-16134.1195,605.2339,11855.3884,-2151.118,56.53777896,-4128.203500000003,-2094.5802210399997,-6222.783721040004
68,509.1587,1320.5765,-1057.0068,0.0,0.0,0.0,-1263.3515,-16154.6176,602.9836,11896.5081,-2174.3345,59.6759688,-4145.749,-2114.6585311999997,-6260.4075311999995
69,503.0684,1433.0024,-1088.9476,0.0,0.0,0.0,-1242.8129,-16085.4868,600.3301,11789.2853,-2143.5792,58.74938784,-4091.5611000000026,-2084.82981216,-6176.390912160003
70,503.7451,1426.4025,-1099.0007,0.0,0.0,0.0,-1266.0385,-16162.0195,601.1964,11784.4841,-2023.5532,56.07309312,-4211.230600000001,-1967.48010688,-6178.710706880001
71,513.3978,1411.9356,-1102.8639,0.0,0.0,0.0,-1278.0142,-16293.9161,612.155,11848.9467,-1953.603,56.53080432,-4288.3591,-1897.07219568,-6185.4312956799995
72,512.1756,1386.2141,-1096.2153,0.0,0.0,0.0,-1287.1502,-16229.8535,611.7202,11835.5204,-2016.5116,56.78411688,-4267.588699999998,-1959.72748312,-6227.316183119999
73,497.0407,1417.7091,-1072.0335,0.0,0.0,0.0,-1259.1955,-16093.6786,607.6617,11804.8188,-2130.2299,57.12720408,-4097.677300000001,-2073.10269592,-6170.779995920001
74,549.9612,1493.3592,-1093.2779,0.0,0.0,0.0,-1276.2636,-16061.6473,599.8127,11769.5636,-2136.6326,57.67181136,-4018.4920999999995,-2078.96078864,-6097.452888639999
75,527.3012,1399.3037,-1091.1647,0.0,0.0,0.0,-1282.237,-16194.9392,623.1815,11837.2698,-2058.3875,55.52364168,-4181.2847,-2002.8638583199997,-6184.14855832
76,490.2366,1445.396,-1097.0402,0.0,0.0,0.0,-1272.8883,-16184.1535,610.4714,11855.253,-2100.8523,56.66691456,-4152.725,-2044.1853854400001,-6196.910385440001
77,510.3411,1414.009,-1095.5496,0.0,0.0,0.0,-1267.7141,-16200.0017,608.7656,11796.0538,-2024.761,57.83288544,-4234.0959,-1966.92811456,-6201.024014560001
78,486.9974,1445.0312,-1074.8258,0.0,0.0,0.0,-1286.0353,-16142.9757,596.2226,11786.5895,-2092.8474,58.393944000000005,-4188.9960999999985,-2034.4534560000002,-6223.449555999999
79,528.2765,1468.795,-1120.1512,0.0,0.0,0.0,-1293.8861,-16138.8635,600.9011,11764.0881,-2048.3243,55.603129679999995,-4190.840099999998,-1992.7211703200003,-6183.561270319998
80,511.0021,1441.1127,-1110.3729,0.0,0.0,0.0,-1292.4362,-16172.4681,606.8269,11745.8246,-2014.2651,59.283167760000005,-4270.510900000001,-1954.98193224,-6225.492832240002
81,501.1083,1438.614,-1087.4407,0.0,0.0,0.0,-1282.5451,-16309.404,608.2088,11816.6016,-1909.5524,55.89321047999999,-4314.857099999999,-1853.65918952,-6168.51628952
82,534.5222,1421.812,-1092.6573,0.0,0.0,0.0,-1261.9285,-16249.3512,616.3838,11824.5187,-2018.7482,57.519720719999995,-4206.7003,-1961.22847928,-6167.9287792800005
83,497.8862,1422.3405,-1104.5223,0.0,0.0,0.0,-1298.9698,-15998.4145,591.9563,11783.6316,-2204.8923,58.24891368,-4106.092000000002,-2146.64338632,-6252.735386320001
84,486.3655,1392.5531,-1114.3981,0.0,0.0,0.0,-1299.7607,-16182.1124,602.4852,11889.4223,-2105.4563,56.463148079999996,-4225.445099999999,-2048.99315192,-6274.438251919999
85,525.0586,1419.2718,-1084.0743,0.0,0.0,0.0,-1279.6895,-16126.1584,597.7002,11793.7044,-2101.297,58.930041599999996,-4154.187200000002,-2042.3669584,-6196.554158400003
86,514.3679,1398.5557,-1086.1749,0.0,0.0,0.0,-1287.6862,-16236.9393,611.8231,11892.2298,-2112.5884,57.315348,-4193.823900000003,-2055.273052,-6249.0969520000035
87,497.1278,1469.0275,-1062.8572,0.0,0.0,0.0,-1290.8897,-16133.8148,602.7321,11916.8113,-2179.6438,57.74148288,-4001.863000000001,-2121.9023171199997,-6123.765317120001
88,508.7256,1425.8368,-1082.6389,0.0,0.0,0.0,-1260.4016,-16123.4057,601.7819,11804.1677,-2140.7385,58.18953024,-4125.9342,-2082.54896976,-6208.483169759999
89,496.527,1430.5847,-1117.1308,0.0,0.0,0.0,-1273.387,-16161.4367,613.8531,11826.4493,-2079.5699,57.92788584,-4184.540399999998,-2021.64201416,-6206.182414159998
90,532.3224,1446.676,-1071.4152,0.0,0.0,0.0,-1289.1641,-16077.8191,592.2318,11768.7465,-2117.146,57.448643759999996,-4098.421700000003,-2059.6973562400003,-6158.119056240003
91,514.0631,1409.9025,-1084.7184,0.0,0.0,0.0,-1287.8138,-16136.4332,620.9937,11857.5008,-2089.0803,55.79451792,-4106.505299999999,-2033.28578208,-6139.791082079999
92,491.623,1399.3372,-1089.0016,0.0,0.0,0.0,-1274.6966,-16107.6984,592.0803,11848.2033,-2126.3501,58.18126464,-4140.1528,-2068.1688353600002,-6208.321635359999
93,503.2232,1401.7839,-1103.7536,0.0,0.0,0.0,-1270.224,-16208.8122,615.9321,11811.5049,-2016.883,55.9961136,-4250.3457,-1960.8868864,-6211.2325863999995
94,537.762,1446.2737,-1126.8457,0.0,0.0,0.0,-1295.5042,-16188.8453,608.7695,11805.9326,-2056.4676,56.33224128,-4212.457400000001,-2000.1353587199999,-6212.592758720001
95,499.9904,1437.4319,-1072.1096,0.0,0.0,0.0,-1292.5756,-16122.4109,594.0236,11859.8349,-2130.7718,56.766549600000005,-4095.8153,-2074.0052504,-6169.820550400001
96,505.2312,1444.5334,-1108.7768,0.0,0.0,0.0,-1255.1758,-16188.2787,608.6798,11835.3453,-2080.7438,58.42528848,-4158.4416,-2022.3185115200001,-6180.7601115200005
97,511.923,1466.7626,-1083.2179,0.0,0.0,0.0,-1237.0439,-16177.3196,603.2798,11845.2804,-2120.3982,60.609763439999995,-4070.335600000002,-2059.7884365600003,-6130.1240365600015
98,535.6163,1428.7991,-1099.0625,0.0,0.0,0.0,-1268.077,-16038.5385,592.3297,11787.4514,-2173.2397,57.44650896,-4061.4815000000017,-2115.7931910400002,-6177.274691040002
99,506.5282,1451.6077,-1088.6352,0.0,0.0,0.0,-1264.6148,-16085.5623,615.1956,11836.6893,-2178.2556,59.3000532,-4028.791500000001,-2118.9555468,-6147.747046800002
100,512.3853,1446.1319,-1101.5541,0.0,0.0,0.0,-1257.5612,-16041.2538,597.5047,11811.7944,-2216.0404,58.42563336,-4032.5528000000013,-2157.6147666399997,-6190.1675666400015
101,535.409,1436.0597,-1072.2706,0.0,0.0,0.0,-1307.3614,-16193.6052,596.4374,11755.9546,-2018.002,54.848473919999996,-4249.3764999999985,-1963.15352608,-6212.530026079999
102,490.8242,1432.7191,-1087.002,0.0,0.0,0.0,-1292.9591,-16182.9785,601.6269,11866.6977,-2088.74,58.12684128,-4171.0717,-2030.6131587199998,-6201.68485872
103,497.42,1379.7089,-1096.4744,0.0,0.0,0.0,-1263.4092,-16279.9032,613.917,11837.2263,-2008.2747,58.43272464,-4311.514600000002,-1949.8419753599999,-6261.356575360002
104,508.8773,1396.7301,-1066.9421,0.0,0.0,0.0,-1265.437,-16252.5507,615.6916,11907.8659,-2060.0486,58.2928344,-4155.7649,-2001.7557656000001,-6157.5206656
105,557.607,1408.6668,-1082.1862,0.0,0.0,0.0,-1270.4427,-16162.759,597.7936,11804.8322,-2082.9875,57.290762879999996,-4146.488299999997,-2025.69673712,-6172.185037119997
106,518.9428,1355.983,-1095.4146,0.0,0.0,0.0,-1282.1673,-16066.9577,616.0156,11830.9618,-2185.5357,57.81468888,-4122.636399999999,-2127.7210111199997,-6250.35741112
107,542.0105,1424.1457,-1081.3486,0.0,0.0,0.0,-1273.2596,-16031.7276,607.4202,11799.6048,-2238.4394,57.011634719999996,-4013.1546,-2181.42776528,-6194.58236528
108,511.6598,1403.6698,-1079.2169,0.0,0.0,0.0,-1270.0736,-16121.8666,604.4346,11830.5816,-2134.1996,58.26910967999999,-4120.811299999999,-2075.93049032,-6196.741790319999
109,518.7531,1423.6511,-1120.0661,0.0,0.0,0.0,-1286.3964,-16032.8347,610.2911,11842.9913,-2225.3626,58.18331376,-4043.6106,-2167.17928624,-6210.789886240001
110,498.4183,1442.1787,-1127.2898,0.0,0.0,0.0,-1278.607,-15921.6847,613.6556,11785.7351,-2279.5283,59.858688240000006,-3987.5937999999987,-2219.66961176,-6207.263411759998
111,490.4306,1414.3496,-1076.6085,0.0,0.0,0.0,-1269.6547,-16047.9148,590.477,11812.6221,-2207.8263,59.612421600000005,-4086.2986999999976,-2148.2138784000003,-6234.512578399998
112,545.3424,1451.0318,-1125.0975,0.0,0.0,0.0,-1276.2256,-16153.0536,611.5962,11800.6581,-2094.4784,57.75104232,-4145.748199999998,-2036.72735768,-6182.475557679998
113,524.3695,1445.2856,-1081.0507,0.0,0.0,0.0,-1289.0361,-15969.6243,602.9142,11810.2805,-2242.5976,58.008729599999995,-3956.8613000000005,-2184.5888704,-6141.4501704
114,495.9931,1405.4347,-1093.7051,0.0,0.0,0.0,-1284.9466,-16053.0766,614.3588,11844.0102,-2197.0848,56.91737664,-4071.9315000000006,-2140.16742336,-6212.098923360001
115,496.8405,1435.1673,-1088.1009,0.0,0.0,0.0,-1266.7872,-16071.3445,624.1063,11881.9087,-2214.9054,59.66935991999999,-3988.2098000000005,-2155.2360400800003,-6143.44584008
116,514.9449,1392.7992,-1110.0685,0.0,0.0,0.0,-1302.8012,-15989.157,603.3298,11849.0447,-2245.5046,58.593003839999994,-4041.9080999999987,-2186.91159616,-6228.819696159999
117,500.6254,1415.4634,-1084.3988,0.0,0.0,0.0,-1280.5276,-16216.8863,614.2093,11847.978,-2030.066,57.7298016,-4203.536600000001,-1972.3361984,-6175.872798400001
118,497.0101,1449.3268,-1105.7985,0.0,0.0,0.0,-1289.3319,-16132.5381,618.8809,11842.9441,-2108.7563,56.856625199999996,-4119.506600000001,-2051.8996748,-6171.406274800001
119,500.1392,1449.0241,-1096.969,0.0,0.0,0.0,-1285.278,-16017.8037,608.0414,11833.9592,-2209.8638,58.426434719999996,-4008.8868,-2151.43736528,-6160.324165280001
120,494.9175,1393.0006,-1086.7727,0.0,0.0,0.0,-1265.2502,-16095.0903,605.8844,11869.0148,-2165.8909,58.888582559999996,-4084.295899999999,-2107.00231744,-6191.2982174399995
121,524.212,1431.9676,-1078.0324,0.0,0.0,0.0,-1285.88,-16161.1548,609.6668,11848.5835,-2126.4546,58.221698399999994,-4110.637300000002,-2068.2329016,-6178.8702016000025
122,537.8361,1392.4024,-1106.8825,0.0,0.0,0.0,-1298.425,-15952.6404,619.8013,11891.5883,-2330.5012,60.261002639999994,-3916.319800000001,-2270.2401973600004,-6186.559997360002
123,515.431,1464.0449,-1103.8297,0.0,0.0,0.0,-1256.7004,-15951.1419,611.1648,11786.9667,-2243.3144,59.70883896,-3934.0645999999997,-2183.6055610400003,-6117.67016104
124,518.1066,1432.4803,-1085.6139,0.0,0.0,0.0,-1300.9618,-15955.0536,601.5489,11822.8058,-2286.5313,59.844291840000004,-3966.6876999999986,-2226.68700816,-6193.3747081599995
125,467.8872,1454.8253,-1118.4592,0.0,0.0,0.0,-1293.2163,-16005.6339,615.6804,11851.9439,-2234.3005,59.07227184,-4026.972600000001,-2175.2282281599996,-6202.20082816
126,517.1549,1433.7143,-1091.3845,0.0,0.0,0.0,-1257.2155,-16007.6666,611.0064,11791.564,-2239.398,58.724046,-4002.827000000001,-2180.6739540000003,-6183.500954000001
127,505.1973,1464.4846,-1120.7704,0.0,0.0,0.0,-1252.9958,-15951.0265,624.7215,11845.2164,-2297.5585,60.26508575999999,-3885.1729000000014,-2237.29341424,-6122.466314240001
128,482.2611,1417.7458,-1096.5951,0.0,0.0,0.0,-1292.2422,-16160.3023,617.888,11785.1474,-2087.9462,56.762532,-4246.097299999998,-2031.183668,-6277.280967999998
129,478.2986,1436.629,-1124.2666,0.0,0.0,0.0,-1267.1388,-16184.1626,607.7209,11870.7555,-2108.7812,59.90599584,-4182.164000000001,-2048.87520416,-6231.03920416
130,495.7905,1418.9073,-1135.4071,0.0,0.0,0.0,-1238.3804,-15931.6104,606.3238,11766.0419,-2241.2341,63.57697056,-4018.334399999998,-2177.65712944,-6195.991529439998
131,514.0841,1460.2247,-1119.8959,0.0,0.0,0.0,-1268.8782,-16056.0779,628.9333,11859.2675,-2200.7747,60.284428559999995,-3982.3423999999995,-2140.49027144,-6122.832671439999
132,532.7219,1378.0731,-1091.7295,0.0,0.0,0.0,-1264.3717,-16059.0637,624.826,11830.5008,-2165.7936,59.510358,-4049.043100000001,-2106.283242,-6155.326342
133,520.0693,1379.7478,-1079.2415,0.0,0.0,0.0,-1241.3674,-16016.9603,605.2769,11779.2374,-2173.1439,60.48410328,-4053.237800000001,-2112.65979672,-6165.89759672
134,507.5073,1461.3439,-1114.7546,0.0,0.0,0.0,-1293.2783,-16036.4701,633.9012,11759.2248,-2142.7961,57.37075704,-4082.5257999999994,-2085.42534296,-6167.951142959999
135,528.2526,1346.093,-1100.6044,0.0,0.0,0.0,-1273.6024,-16150.1935,612.8969,11837.2868,-2082.3195,58.20778296,-4199.871000000001,-2024.11171704,-6223.98271704
136,474.6073,1436.4014,-1099.0498,0.0,0.0,0.0,-1281.201,-16070.8318,614.2692,11786.6607,-2137.8618,58.41783792,-4139.143999999998,-2079.4439620800003,-6218.587962079999
137,537.9257,1447.8072,-1094.5643,0.0,0.0,0.0,-1232.33,-16360.4821,604.7004,11777.925,-1869.8061,57.20036688,-4319.018099999999,-1812.60573312,-6131.623833119999
138,535.4975,1497.2948,-1090.5728,0.0,0.0,0.0,-1284.0251,-16133.9848,606.6726,11735.667,-2013.7938,56.8867932,-4133.450800000002,-1956.9070067999999,-6090.3578068000015
139,499.4065,1465.1003,-1073.3812,0.0,0.0,0.0,-1297.2794,-16271.9717,596.8793,11817.928,-1963.5369,56.77302744,-4263.318199999998,-1906.76387256,-6170.082072559998
140,519.9086,1396.9535,-1083.5504,0.0,0.0,0.0,-1267.8519,-16256.1099,611.458,11843.1068,-2028.9214,56.01188808,-4236.085299999999,-1972.9095119199999,-6208.994811919999
141,507.8156,1476.5965,-1107.4081,0.0,0.0,0.0,-1278.2337,-16157.8594,595.1162,11765.8851,-2042.1161,58.352729759999995,-4198.087800000001,-1983.7633702399999,-6181.851170240001
142,501.9129,1492.0529,-1090.8482,0.0,0.0,0.0,-1266.0427,-16162.7418,596.5688,11802.1111,-2062.2329,59.34044519999999,-4126.986999999999,-2002.8924548,-6129.879454799999
143,498.0665,1463.3567,-1094.0814,0.0,0.0,0.0,-1245.3255,-16241.4477,619.9993,11814.7664,-2028.341,58.98407976,-4184.665700000001,-1969.35692024,-6154.022620240002
144,484.6156,1472.6717,-1087.0156,0.0,0.0,0.0,-1282.5544,-16086.8446,608.419,11733.858,-2091.7782,57.77717903999999,-4156.8503,-2034.0010209600002,-6190.8513209600005
145,475.8065,1420.4913,-1069.4061,0.0,0.0,0.0,-1261.9433,-16229.5088,623.4394,11841.7959,-2016.5495,57.16757736,-4199.3251,-1959.38192264,-6158.70702264
146,509.3193,1403.4076,-1116.0395,0.0,0.0,0.0,-1257.0488,-16173.8389,598.7022,11786.0309,-2041.7336,58.18425048,-4249.467200000001,-1983.54934952,-6233.016549520001
147,542.7912,1401.5263,-1105.5104,0.0,0.0,0.0,-1247.3566,-16124.2398,613.4368,11834.3575,-2129.0412,58.920904799999995,-4084.995000000001,-2070.1202952000003,-6155.1152952
148,541.0871,1425.2276,-1082.7993,0.0,0.0,0.0,-1278.0786,-16131.3566,594.4161,11814.8593,-2127.6064,58.86949104,-4116.644399999999,-2068.73690896,-6185.38130896
149,519.4962,1417.9836,-1102.8165,0.0,0.0,0.0,-1271.5346,-16190.4531,617.4159,11862.4352,-2091.8773,60.42418128,-4147.4733000000015,-2031.45311872,-6178.9264187200015
150,512.3609,1428.4132,-1109.0057,0.0,0.0,0.0,-1247.1247,-16127.9437,606.5634,11855.5897,-2143.6682,58.58679384,-4081.1468999999997,-2085.08140616,-6166.22830616
151,490.7464,1421.8739,-1105.7884,0.0,0.0,0.0,-1245.2079,-16137.6527,595.4048,11811.6277,-2142.2435,58.90349016,-4168.9962,-2083.34000984,-6252.33620984
152,563.3776,1391.8857,-1095.1626,0.0,0.0,0.0,-1285.3647,-16262.0769,608.4956,11842.9173,-2021.1624,56.77611408,-4235.928,-1964.3862859199999,-6200.31428592
153,510.3455,1461.5533,-1105.4049,0.0,0.0,0.0,-1273.5435,-16233.1191,606.2056,11826.4527,-2048.4657,57.373344,-4207.510399999999,-1991.092356,-6198.602756
154,537.3661,1427.9146,-1104.4262,0.0,0.0,0.0,-1294.2568,-16135.0387,603.9839,11822.1627,-2100.3276,59.20748568,-4142.294399999999,-2041.12011432,-6183.414514319999
155,502.5318,1411.7031,-1097.3116,0.0,0.0,0.0,-1283.9697,-16274.0268,621.7039,11870.1136,-2022.9443,59.533367760000004,-4249.255699999998,-1963.4109322400002,-6212.666632239998
156,507.8176,1451.5798,-1082.1251,0.0,0.0,0.0,-1291.3971,-16074.8809,614.3929,11812.4519,-2159.5422,58.691716559999996,-4062.1609000000008,-2100.85048344,-6163.011383440001
157,512.9467,1412.1266,-1100.7002,0.0,0.0,0.0,-1256.398,-16190.9517,626.9741,11864.6428,-2144.6458,60.18049224,-4131.359699999999,-2084.4653077599996,-6215.82500776
158,507.122,1483.3345,-1096.1803,0.0,0.0,0.0,-1276.5351,-16108.7088,592.663,11838.7328,-2130.5537,59.06547504,-4059.571900000001,-2071.48822496,-6131.060124960001
159,493.6921,1456.5461,-1080.2697,0.0,0.0,0.0,-1248.6969,-16188.2268,579.1679,11860.2048,-2130.2416,59.6376,-4127.5825,-2070.604,-6198.1865
160,511.9544,1426.5953,-1061.4217,0.0,0.0,0.0,-1281.9593,-16168.2287,600.5575,11801.615,-2069.1494,56.37869424,-4170.887500000001,-2012.7707057599998,-6183.658205760001
161,506.8022,1424.2804,-1086.624,0.0,0.0,0.0,-1291.6927,-16162.48,615.589,11819.8769,-2066.9744,57.754038959999995,-4174.248200000002,-2009.2203610400002,-6183.468561040002
162,543.3347,1438.0765,-1089.8389,0.0,0.0,0.0,-1282.0909,-16133.2225,611.7672,11840.9995,-2133.9786,57.88780632,-4070.974399999999,-2076.09079368,-6147.0651936799995
163,511.0915,1409.1784,-1088.3963,0.0,0.0,0.0,-1271.8859,-16166.3203,617.8307,11842.6065,-2105.9759,57.492239039999994,-4145.895399999998,-2048.4836609599997,-6194.379060959997
164,520.4196,1486.3444,-1116.0966,0.0,0.0,0.0,-1266.4813,-16054.8331,609.9521,11729.6984,-2168.3647,57.87656928,-4090.996500000001,-2110.4881307200003,-6201.484630720001
165,486.9266,1397.1912,-1089.6787,0.0,0.0,0.0,-1301.9114,-16293.0884,620.2729,11894.2625,-2003.7616,57.53324736,-4286.025300000001,-1946.2283526400001,-6232.253652640001
166,493.7484,1445.9945,-1094.7421,0.0,0.0,0.0,-1300.4376,-16123.9166,607.256,11849.3082,-2145.3337,56.9850984,-4122.789200000001,-2088.3486016,-6211.137801600001
167,525.9973,1369.6891,-1086.1155,0.0,0.0,0.0,-1296.4643,-16010.6901,622.3322,11861.163,-2212.8248,57.79210104,-4014.0882999999994,-2155.03269896,-6169.12099896
168,502.1546,1444.0383,-1069.0772,0.0,0.0,0.0,-1286.6748,-16128.1174,620.8426,11794.0816,-2087.863,58.683440159999996,-4122.752299999998,-2029.17955984,-6151.931859839998
169,495.1085,1366.9648,-1052.7927,0.0,0.0,0.0,-1277.5912,-16250.8003,619.1777,11881.767,-2035.1776,56.94176304,-4218.1662,-1978.23583696,-6196.402036959999
170,505.2721,1402.2042,-1104.2557,0.0,0.0,0.0,-1295.1216,-16175.7812,604.0445,11773.898,-2002.4559,56.59763616,-4289.7397,-1945.8582638399998,-6235.59796384
171,475.723,1381.7573,-1098.6878,0.0,0.0,0.0,-1261.1132,-16202.7105,613.0612,11835.6463,-2053.0623,56.665426319999995,-4256.323699999997,-1996.39687368,-6252.720573679997
172,529.4076,1446.36,-1080.0106,0.0,0.0,0.0,-1263.009,-16016.7325,600.9083,11746.3181,-2164.1549,58.43988432,-4036.758099999999,-2105.71501568,-6142.473115679999
173,502.2012,1380.5833,-1090.0688,0.0,0.0,0.0,-1265.8428,-16083.2316,606.3805,11840.9936,-2145.8003,59.330847600000006,-4108.984600000002,-2086.4694523999997,-6195.454052400001
174,517.7319,1421.9144,-1106.9774,0.0,0.0,0.0,-1284.7362,-16253.0009,622.9656,11867.2196,-2057.4484,58.32995328,-4214.882999999998,-1999.1184467200003,-6214.001446719998
175,535.6687,1404.8213,-1078.3211,0.0,0.0,0.0,-1270.709,-16150.9008,609.2911,11852.9635,-2148.203,58.22202024,-4097.186299999998,-2089.98097976,-6187.167279759997
176,524.3224,1398.64,-1094.6659,0.0,0.0,0.0,-1276.8855,-16001.364,603.9702,11769.8129,-2183.4595,58.158289440000004,-4076.169900000001,-2125.30121056,-6201.471110560001
177,521.0485,1415.5639,-1111.0032,0.0,0.0,0.0,-1234.905,-16066.1725,597.4541,11819.674,-2175.5866,59.54865263999999,-4058.3401999999987,-2116.03794736,-6174.378147359999
178,509.3048,1413.9738,-1111.9746,0.0,0.0,0.0,-1284.7582,-15977.8785,601.2432,11797.0122,-2211.4918,58.594091039999995,-4053.077299999999,-2152.89770896,-6205.975008959998
179,519.9466,1359.2805,-1080.9179,0.0,0.0,0.0,-1281.4117,-16075.8609,624.4382,11812.747,-2131.2211,59.4406368,-4121.778200000001,-2071.7804632,-6193.558663200001
180,518.3295,1466.1012,-1066.092,0.0,0.0,0.0,-1308.1359,-15875.9236,604.5762,11787.9843,-2335.1829,57.80418263999999,-3873.1602999999996,-2277.37871736,-6150.539017359999
181,522.0794,1398.3563,-1071.6217,0.0,0.0,0.0,-1282.5967,-16190.3173,611.4466,11847.981,-2064.5512,57.795989039999995,-4164.672400000003,-2006.7552109599999,-6171.427610960003
182,511.0367,1425.6598,-1051.5024,0.0,0.0,0.0,-1299.9107,-16106.1037,609.9951,11787.0326,-2097.9811,56.35859328,-4123.792599999999,-2041.62250672,-6165.415106719999
183,509.5262,1490.6634,-1097.1566,0.0,0.0,0.0,-1267.9018,-16166.5467,593.8867,11808.4792,-2058.6405,60.48898559999999,-4129.049600000004,-1998.1515144,-6127.2011144000035
184,527.4786,1396.8161,-1091.5656,0.0,0.0,0.0,-1267.1868,-16174.6627,585.7391,11868.0768,-2153.5542,59.905613519999996,-4155.304499999998,-2093.64858648,-6248.953086479999
185,536.0435,1404.3538,-1074.2348,0.0,0.0,0.0,-1294.3631,-16187.8681,618.179,11858.82,-2104.9205,56.79094104,-4139.0697,-2048.1295589600004,-6187.19925896
186,486.8591,1408.4054,-1097.8198,0.0,0.0,0.0,-1250.4743,-16068.3098,591.7189,11750.1109,-2130.7144,58.55163984,-4179.509600000001,-2072.16276016,-6251.6723601600015
187,488.082,1396.7537,-1099.9987,0.0,0.0,0.0,-1269.9837,-16188.8068,613.7412,11850.1772,-2093.7274,58.39091352,-4210.035099999999,-2035.3364864800003,-6245.371586479999
188,487.0201,1403.5007,-1089.6861,0.0,0.0,0.0,-1257.8715,-16217.8159,603.8853,11777.8287,-1997.257,57.757695840000004,-4293.1386999999995,-1939.49930416,-6232.638004159999
189,492.8573,1399.8593,-1128.366,0.0,0.0,0.0,-1256.1805,-16260.0925,628.3351,11837.3646,-2007.2006,57.18161736,-4286.222699999998,-1950.0189826399999,-6236.2416826399985
190,522.1735,1419.8493,-1119.7021,0.0,0.0,0.0,-1289.9692,-16268.2371,624.0062,11870.6705,-2020.3199,59.209608239999994,-4241.208900000001,-1961.1102917599999,-6202.319191760002
191,491.2373,1425.1869,-1114.4169,0.0,0.0,0.0,-1263.6749,-16271.5591,618.6857,11869.3745,-2022.8743,56.52530856,-4245.166499999999,-1966.34899144,-6211.515491439999
192,530.0723,1404.9312,-1101.375,0.0,0.0,0.0,-1265.8243,-16151.1199,616.534,11804.5456,-2079.6177,60.24759048,-4162.2361,-2019.3701095199997,-6181.6062095199995
193,518.2449,1468.5885,-1134.9723,0.0,0.0,0.0,-1277.2493,-16297.2593,592.1864,11786.918,-1951.972,56.18226168,-4343.543099999999,-1895.78973832,-6239.332838319999
194,484.3527,1387.9814,-1109.3255,0.0,0.0,0.0,-1265.2981,-16244.244,619.7206,11853.3587,-2052.9326,57.45746736,-4273.4542,-1995.47513264,-6268.92933264
195,491.8222,1449.5863,-1084.775,0.0,0.0,0.0,-1262.8824,-16065.3809,617.0107,11825.4525,-2209.7055,59.72821199999999,-4029.1665999999987,-2149.977288,-6179.143887999999
196,525.2641,1428.1791,-1086.8916,0.0,0.0,0.0,-1281.8973,-16084.7308,603.5484,11836.3642,-2171.6607,57.59294256,-4060.1638999999996,-2114.0677574399997,-6174.23165744
197,488.5156,1434.0394,-1106.7227,0.0,0.0,0.0,-1270.3215,-16068.366,607.7356,11799.0418,-2135.3594,58.92673824,-4116.077800000001,-2076.43266176,-6192.51046176
198,520.2635,1438.7288,-1099.0856,0.0,0.0,0.0,-1261.9336,-16213.5891,628.4398,11820.4794,-2052.1396,59.51573207999999,-4166.696799999998,-1992.62386792,-6159.320667919998
199,541.1373,1397.9624,-1082.3118,0.0,0.0,0.0,-1282.9782,-16240.9695,610.1793,11930.909,-2101.492,58.663584,-4126.071500000002,-2042.8284160000003,-6168.899916000002
200,503.0639,1475.6043,-1076.8088,0.0,0.0,0.0,-1253.8303,-16168.2978,622.6503,11820.4627,-2114.5576,58.52137392,-4077.155700000001,-2056.0362260800002,-6133.191926080001
201,520.2979,1483.3453,-1111.0329,0.0,0.0,0.0,-1245.3562,-16036.2105,619.8178,11802.5327,-2215.2304,61.0527492,-3966.6058999999987,-2154.1776508,-6120.783550799999
202,514.1432,1414.5589,-1096.096,0.0,0.0,0.0,-1255.3226,-16197.1554,614.9763,11815.8959,-2084.6391,57.45938616,-4188.9996999999985,-2027.17971384,-6216.179413839999
203,505.5761,1449.7691,-1085.551,0.0,0.0,0.0,-1321.7774,-15965.9036,609.3434,11822.1989,-2261.8522,57.32196912,-3986.344500000001,-2204.5302308799996,-6190.87473088
204,467.808,1420.3524,-1126.4349,0.0,0.0,0.0,-1268.6636,-16181.0176,621.6215,11801.7089,-2051.865,56.89192752,-4264.6253,-1994.9730724799997,-6259.59837248
205,512.8739,1408.5969,-1108.8707,0.0,0.0,0.0,-1280.0836,-16040.9843,610.2133,11807.8084,-2167.6447,59.31172656,-4090.446099999999,-2108.33297344,-6198.779073439999
206,522.4271,1393.9333,-1094.1639,0.0,0.0,0.0,-1273.57,-16117.8952,609.0456,11805.2302,-2115.7755,58.13655336,-4154.992900000001,-2057.63894664,-6212.631846640001
207,495.3212,1426.346,-1065.2363,0.0,0.0,0.0,-1272.3074,-16237.7877,636.8064,11904.2711,-2088.6741,57.1326408,-4112.5867,-2031.5414592000002,-6144.1281592
208,544.0923,1440.3797,-1093.2751,0.0,0.0,0.0,-1307.7909,-16088.3975,606.1545,11816.6856,-2142.2247,55.2291264,-4082.151399999999,-2086.9955736,-6169.1469736
209,495.1628,1416.1358,-1107.1319,0.0,0.0,0.0,-1285.2704,-16195.5679,601.8635,11791.2119,-2019.7211,56.476270799999995,-4283.596200000002,-1963.2448292,-6246.841029200002
210,493.8329,1419.4056,-1055.8013,0.0,0.0,0.0,-1286.931,-16197.3603,599.8763,11779.8731,-2023.474,55.97070408,-4247.1047,-1967.50329592,-6214.60799592
211,522.499,1418.6489,-1106.8138,0.0,0.0,0.0,-1282.604,-16023.5932,604.9893,11841.2247,-2223.0241,57.31540992,-4025.6490999999987,-2165.70869008,-6191.357790079999
212,523.1486,1399.7457,-1088.0797,0.0,0.0,0.0,-1292.4121,-16246.3018,612.379,11852.788,-2022.5519,56.72801304,-4238.7323,-1965.82388696,-6204.55618696
213,525.9584,1450.873,-1095.5863,0.0,0.0,0.0,-1310.1904,-16103.7242,602.2071,11813.2921,-2111.0385,57.96056376,-4117.1703,-2053.0779362400003,-6170.248236240001
214,532.7469,1420.6632,-1072.1535,0.0,0.0,0.0,-1270.5971,-16083.2114,598.3471,11817.3153,-2159.2918,58.5086868,-4056.8894999999993,-2100.7831132,-6157.672613199999
215,515.3085,1386.5967,-1104.3911,0.0,0.0,0.0,-1270.2685,-16025.5342,597.1523,11826.7678,-2217.7996,58.884247439999996,-4074.3685000000005,-2158.91535256,-6233.283852560001
216,499.9549,1446.6755,-1096.2245,0.0,0.0,0.0,-1272.4941,-16148.4472,610.8798,11792.2449,-2100.5831,58.58376912,-4167.4107,-2041.99933088,-6209.41003088
217,505.1974,1362.1498,-1096.8581,0.0,0.0,0.0,-1274.2304,-16059.6188,605.0565,11783.2417,-2161.8841,59.503671360000006,-4175.061900000001,-2102.38042864,-6277.442328640001
218,497.5277,1415.649,-1095.8632,0.0,0.0,0.0,-1255.3619,-15993.7188,606.0318,11790.8711,-2221.3691,57.7185012,-4034.864300000001,-2163.6505988,-6198.514898800001
219,490.1593,1437.1019,-1097.214,0.0,0.0,0.0,-1268.8924,-16246.1461,594.6392,11842.1042,-2030.9744,56.7270252,-4248.247900000002,-1974.2473748,-6222.495274800002
220,502.0382,1402.0545,-1079.5057,0.0,0.0,0.0,-1269.0635,-16162.9735,606.1883,11822.372,-2081.6195,56.64597192,-4178.8897000000015,-2024.9735280799998,-6203.863228080001
221,514.2016,1419.5042,-1087.1132,0.0,0.0,0.0,-1296.8323,-16042.2227,609.221,11839.7741,-2172.4992,56.83735872,-4043.4673000000003,-2115.6618412800003,-6159.12914128
222,527.9119,1453.9532,-1126.8822,0.0,0.0,0.0,-1279.4866,-16006.73,592.695,11773.3731,-2155.3062,59.98148064,-4065.1656000000003,-2095.32471936,-6160.49031936
223,510.2433,1415.3771,-1116.2604,0.0,0.0,0.0,-1259.2868,-16224.1136,604.6701,11866.558,-2049.5358,60.78127032,-4202.812300000001,-1988.7545296800001,-6191.566829680001
224,504.2226,1419.0367,-1107.4787,0.0,0.0,0.0,-1252.7396,-16078.5518,611.7446,11823.5936,-2175.3472,60.823426319999996,-4080.1726,-2114.52377368,-6194.69637368
225,485.7124,1406.8367,-1116.0251,0.0,0.0,0.0,-1225.354,-16032.8048,626.0144,11860.0845,-2229.3257,61.87974552000001,-3995.535899999999,-2167.4459544799997,-6162.981854479998
226,506.9959,1384.0217,-1104.2084,0.0,0.0,0.0,-1267.3684,-16159.3902,600.5616,11809.3396,-2090.5267,60.864444,-4230.048200000001,-2029.6622559999998,-6259.710456000002
227,509.9398,1452.432,-1097.3466,0.0,0.0,0.0,-1268.6005,-15884.1096,597.7395,11801.8077,-2313.9168,59.963528159999996,-3888.137700000001,-2253.95327184,-6142.090971840001
228,494.1606,1429.4985,-1089.9402,0.0,0.0,0.0,-1283.4366,-16070.7399,614.6029,11821.8733,-2179.0337,60.00221088,-4083.9814000000024,-2119.03148912,-6203.012889120002
229,518.3442,1471.9547,-1083.095,0.0,0.0,0.0,-1250.9905,-16043.732,599.967,11805.5264,-2179.1693,59.32536191999999,-3982.025199999998,-2119.84393808,-6101.869138079997
230,496.1615,1410.8471,-1092.2578,0.0,0.0,0.0,-1258.1307,-16229.6169,622.9302,11852.937,-2045.3806,60.35875056,-4197.1296,-1985.0218494399999,-6182.151449440001
231,481.5663,1387.297,-1078.659,0.0,0.0,0.0,-1263.9895,-16184.5804,603.9705,11835.1309,-2064.6816,59.44398407999999,-4219.264200000001,-2005.2376159199998,-6224.501815920002
232,505.1496,1367.0113,-1107.081,0.0,0.0,0.0,-1289.7128,-16131.848,596.196,11810.7393,-2077.1179,58.067927999999995,-4249.5455999999995,-2019.0499720000003,-6268.595571999999
233,526.9857,1400.1239,-1084.4982,0.0,0.0,0.0,-1260.297,-16139.9829,606.3627,11839.6977,-2125.8785,59.787400319999996,-4111.6080999999995,-2066.09109968,-6177.699199679999
234,518.457,1459.7463,-1084.6189,0.0,0.0,0.0,-1270.7969,-16149.3196,603.1295,11823.3313,-2118.8288,58.65193872,-4100.071300000001,-2060.1768612799997,-6160.248161280001
235,520.2283,1439.951,-1059.1511,0.0,0.0,0.0,-1276.2675,-16290.6121,594.054,11838.5484,-1988.1016,57.03390432,-4233.249,-1931.06769568,-6164.31669568
236,482.7097,1440.6689,-1110.3688,0.0,0.0,0.0,-1275.6346,-16280.0159,607.3098,11876.4656,-2022.2362,58.55775192,-4258.865300000001,-1963.67844808,-6222.543748080002
237,504.8882,1397.0279,-1058.911,0.0,0.0,0.0,-1245.4462,-16201.0776,609.0266,11830.1648,-2069.2494,59.73898104,-4164.327300000001,-2009.5104189600002,-6173.837718960001
238,531.5271,1453.8468,-1096.5955,0.0,0.0,0.0,-1239.6116,-16076.8134,609.7148,11751.543,-2109.6827,60.629784480000005,-4066.3888000000006,-2049.0529155199997,-6115.44171552
239,512.0265,1401.7317,-1091.6101,0.0,0.0,0.0,-1250.2329,-16242.5495,603.9002,11867.0396,-2022.5999,59.616305999999994,-4199.694499999998,-1962.983594,-6162.678093999998
240,515.1068,1398.6653,-1088.3442,0.0,0.0,0.0,-1254.4984,-16239.7329,621.9629,11840.9839,-2032.9773,60.32482704,-4205.856600000001,-1972.65247296,-6178.5090729600015
241,529.1676,1409.3317,-1080.1994,0.0,0.0,0.0,-1243.2898,-16251.7681,607.3157,11786.9809,-1986.2345,58.41195048,-4242.461399999998,-1927.82254952,-6170.283949519999
242,535.9251,1380.1965,-1092.512,0.0,0.0,0.0,-1247.0955,-16149.2265,618.2128,11791.919,-2066.6008,60.30033047999999,-4162.580600000001,-2006.3004695200002,-6168.881069520001
243,541.1547,1434.682,-1073.756,0.0,0.0,0.0,-1230.7736,-16021.2184,584.8749,11817.042,-2235.963,62.24531832,-3947.9943999999996,-2173.71768168,-6121.71208168
244,488.5268,1421.7757,-1087.78,0.0,0.0,0.0,-1271.8904,-16124.1739,616.0496,11828.2866,-2110.9995,59.007672,-4129.205599999999,-2051.9918279999997,-6181.1974279999995
245,472.8139,1428.3908,-1115.1461,0.0,0.0,0.0,-1265.7643,-16001.6309,597.0556,11885.4657,-2278.5032,61.804242,-3998.8152999999984,-2216.698958,-6215.514257999998
246,528.033,1411.668,-1112.082,0.0,0.0,0.0,-1228.6969,-16106.8054,606.7542,11796.5406,-2124.3737,59.773919760000005,-4104.588499999998,-2064.59978024,-6169.188280239998
247,486.9553,1350.6233,-1085.3295,0.0,0.0,0.0,-1243.5906,-16098.4425,617.589,11863.6885,-2186.2231,60.820008480000006,-4108.5064999999995,-2125.40309152,-6233.90959152
248,501.9265,1474.7999,-1091.1846,0.0,0.0,0.0,-1244.8225,-16040.4858,597.1055,11826.0198,-2188.1501,59.7893652,-3976.641200000002,-2128.3607348,-6105.001934800001
249,464.3934,1365.1782,-1071.9212,0.0,0.0,0.0,-1246.6561,-16241.7382,602.7301,11921.3985,-2094.986,59.52441743999999,-4206.615300000001,-2035.46158256,-6242.076882560001
250,497.3878,1398.0388,-1084.0454,0.0,0.0,0.0,-1246.6389,-15994.205,608.6812,11880.2485,-2281.0078,62.209149120000006,-3940.5330000000013,-2218.79865088,-6159.331650880001
251,520.8738,1415.7521,-1052.089,0.0,0.0,0.0,-1260.7548,-15913.4394,600.9293,11781.5495,-2273.1674,61.29302832,-3907.1785,-2211.87437168,-6119.05287168
252,505.0932,1414.7019,-1120.6986,0.0,0.0,0.0,-1241.7748,-16077.913,595.8776,11763.2602,-2114.9452,59.29945704,-4161.4535,-2055.64574296,-6217.09924296
253,497.3067,1426.0752,-1116.8043,0.0,0.0,0.0,-1284.1511,-15992.7979,594.1586,11805.7906,-2180.3355,59.713547039999995,-4070.422199999999,-2120.6219529600003,-6191.044152959999
254,510.3627,1439.096,-1052.1436,0.0,0.0,0.0,-1244.5379,-16072.8988,600.816,11826.2379,-2162.7057,59.38206191999999,-3993.0677000000014,-2103.32363808,-6096.391338080002
255,537.2058,1413.6088,-1124.631,0.0,0.0,0.0,-1242.7705,-16163.3495,602.8906,11852.6989,-2140.0039,59.4438624,-4124.346899999999,-2080.5600376,-6204.906937599998
256,541.235,1357.9059,-1085.1883,0.0,0.0,0.0,-1257.2452,-16189.1459,607.1568,11914.7111,-2160.5581,58.02217992,-4110.570599999999,-2102.5359200800003,-6213.106520079999
257,501.5907,1399.691,-1086.4601,0.0,0.0,0.0,-1241.4688,-16020.3344,620.6991,11886.2922,-2264.7282,58.973678639999996,-3939.9902999999995,-2205.75452136,-6145.744821359999
258,520.4758,1435.249,-1091.3653,0.0,0.0,0.0,-1272.8858,-15967.6329,589.6713,11829.455,-2254.6252,60.13527119999999,-3957.0329,-2194.4899288,-6151.522828800001
259,544.5426,1445.4907,-1073.0552,0.0,0.0,0.0,-1268.472,-16107.7826,589.0777,11813.2034,-2126.0252,58.81174128,-4056.9954,-2067.21345872,-6124.20885872
260,515.4178,1444.8338,-1087.0556,0.0,0.0,0.0,-1248.5041,-16068.5425,618.188,11811.3405,-2144.4149,59.508647280000005,-4014.3220999999976,-2084.9062527200003,-6099.228352719997
261,478.0104,1440.5336,-1097.2492,0.0,0.0,0.0,-1249.2255,-16146.7597,605.6639,11857.6865,-2148.5708,59.61410928,-4111.34,-2088.95669072,-6200.29669072
262,527.0743,1385.8872,-1085.9056,0.0,0.0,0.0,-1249.5192,-15902.9773,591.2628,11871.3773,-2316.6265,61.76184264,-3862.8004999999994,-2254.86465736,-6117.665157359999
263,498.9375,1405.3467,-1086.9797,0.0,0.0,0.0,-1257.4452,-15972.4317,591.6096,11830.3024,-2289.5194,60.24410496,-3990.6604000000007,-2229.27529504,-6219.935695040001
264,520.7921,1467.374,-1094.7363,0.0,0.0,0.0,-1243.8548,-16076.0849,602.8469,11832.1591,-2190.8834,59.91923951999999,-3991.5038999999997,-2130.9641604800004,-6122.4680604800005
265,478.5185,1427.9025,-1091.3904,0.0,0.0,0.0,-1245.2392,-16165.8005,612.6194,11898.5714,-2153.5355,61.124613839999995,-4084.818299999999,-2092.41088616,-6177.229186159999
266,506.3187,1435.0136,-1076.9522,0.0,0.0,0.0,-1292.115,-16093.8638,614.3488,11916.8203,-2220.7359,59.91606216,-3990.4295999999995,-2160.81983784,-6151.249437839999
267,499.0014,1431.0172,-1084.0897,0.0,0.0,0.0,-1277.4432,-15996.4995,606.7916,11812.2591,-2228.1163,59.7057552,-4008.963100000001,-2168.4105448,-6177.373644800001
268,500.4765,1453.3622,-1104.3033,0.0,0.0,0.0,-1239.5645,-15957.4297,626.9266,11815.5815,-2282.8741,60.90116256,-3904.9506999999994,-2221.97293744,-6126.92363744
269,483.3186,1390.9403,-1074.0987,0.0,0.0,0.0,-1268.5077,-16117.7627,596.584,11846.4023,-2122.1679,58.18038768,-4143.123899999999,-2063.98751232,-6207.111412319999
270,519.6018,1394.7627,-1080.3296,0.0,0.0,0.0,-1277.3775,-16140.1768,586.7735,11860.3814,-2127.3856,58.43008655999999,-4136.364499999998,-2068.9555134400002,-6205.320013439998
271,492.0687,1431.9941,-1082.1629,0.0,0.0,0.0,-1250.6155,-16139.4018,610.357,11839.1648,-2140.0575,60.50284920000001,-4098.595599999999,-2079.5546507999998,-6178.1502507999985
272,531.4712,1451.6004,-1092.9505,0.0,0.0,0.0,-1233.5888,-16152.1213,593.721,11823.0815,-2129.8465,60.347016,-4078.7865,-2069.499484,-6148.285984
273,509.9344,1381.7707,-1095.5451,0.0,0.0,0.0,-1258.1114,-16176.6513,616.2518,11855.6583,-2113.6552,58.505823359999994,-4166.6926,-2055.1493766400004,-6221.84197664
274,517.23,1419.442,-1071.6375,0.0,0.0,0.0,-1272.9848,-16027.9275,585.0458,11810.499,-2164.7794,59.301071279999995,-4040.3329999999987,-2105.47832872,-6145.8113287199985
275,490.8271,1372.7199,-1094.0109,0.0,0.0,0.0,-1254.3977,-16147.6052,612.9114,11826.4521,-2120.1592,58.9151664,-4193.103299999997,-2061.2440336,-6254.347333599997
276,547.6013,1416.7782,-1100.4112,0.0,0.0,0.0,-1264.5163,-16209.2758,611.1084,11811.4131,-2052.236,58.733881919999995,-4187.302299999999,-1993.50211808,-6180.804418079999
277,504.236,1434.2372,-1126.5015,0.0,0.0,0.0,-1257.2109,-16068.7764,601.0043,11771.6349,-2100.7958,58.50334224,-4141.376400000003,-2042.29245776,-6183.6688577600025
278,477.7089,1434.6932,-1067.4396,0.0,0.0,0.0,-1283.256,-16258.3107,631.1487,11861.2423,-2022.9916,58.10914656,-4204.213200000002,-1964.88245344,-6169.095653440002
279,502.9058,1400.7976,-1060.9562,0.0,0.0,0.0,-1271.786,-16176.7706,605.4096,11811.4444,-2077.4214,56.01604464,-4188.955399999999,-2021.4053553600002,-6210.3607553599995
280,522.6022,1363.2329,-1059.8992,0.0,0.0,0.0,-1291.7938,-15990.8941,606.8287,11847.9727,-2260.3647,58.18023936,-4001.9506,-2202.18446064,-6204.13506064
281,518.5561,1393.5092,-1064.8281,0.0,0.0,0.0,-1262.1179,-16129.9307,632.1397,11912.3377,-2175.1926,57.7461528,-4000.3340000000026,-2117.4464472,-6117.7804472000025
282,481.9253,1415.1005,-1080.9434,0.0,0.0,0.0,-1280.2339,-16147.2752,621.1318,11851.0712,-2099.8975,56.71986552,-4139.2237000000005,-2043.17763448,-6182.4013344800005
283,507.9935,1429.0843,-1071.0013,0.0,0.0,0.0,-1273.4549,-16025.0401,612.5969,11892.0223,-2260.0835,59.082176159999996,-3927.7992999999988,-2201.00132384,-6128.800623839999
284,505.9473,1434.9912,-1101.0462,0.0,0.0,0.0,-1247.4594,-16115.7035,621.2897,11810.4649,-2118.5663,56.4071832,-4091.5159999999996,-2062.1591168,-6153.6751168
285,507.0731,1410.1628,-1069.8054,0.0,0.0,0.0,-1266.6795,-16141.4887,586.9908,11849.2359,-2155.4646,58.228811279999995,-4124.510999999999,-2097.2357887199996,-6221.746788719998
286,494.7177,1427.0886,-1078.7547,0.0,0.0,0.0,-1261.6864,-16100.5907,623.7811,11805.2862,-2137.8437,57.224119679999994,-4090.1582,-2080.61958032,-6170.77778032
287,490.9888,1404.3112,-1068.047,0.0,0.0,0.0,-1268.9992,-16089.9922,636.4706,11853.0024,-2188.3566,59.03828496,-4042.265400000002,-2129.31831504,-6171.583715040002
288,516.825,1468.9307,-1052.4581,0.0,0.0,0.0,-1285.3189,-16109.5667,596.1229,11811.1041,-2121.5197,58.01881752,-4054.360999999999,-2063.5008824799997,-6117.861882479999
289,524.512,1450.939,-1056.4088,0.0,0.0,0.0,-1255.5719,-16203.6129,602.0457,11836.2645,-2090.1274,58.73402088,-4101.832399999999,-2031.3933791199997,-6133.225779119999
290,494.6553,1464.5233,-1070.9308,0.0,0.0,0.0,-1248.9407,-16289.2112,607.7382,11825.7911,-2016.7884,57.007625759999996,-4216.3748,-1959.78077424,-6176.155574239999
291,496.3619,1443.7528,-1103.2415,0.0,0.0,0.0,-1268.6792,-16183.7816,620.6028,11882.8922,-2135.3318,59.06241072,-4112.092599999998,-2076.26938928,-6188.361989279998
292,510.8108,1418.3145,-1091.4302,0.0,0.0,0.0,-1312.4374,-16243.4192,620.0621,11905.2212,-2050.6747,55.177122239999996,-4192.878200000003,-1995.49757776,-6188.375777760002
293,472.574,1409.0132,-1075.6289,0.0,0.0,0.0,-1288.7141,-16063.0398,606.293,11831.8592,-2182.7455,57.623752079999996,-4107.643400000001,-2125.12174792,-6232.765147920001
294,519.4949,1423.576,-1077.7621,0.0,0.0,0.0,-1270.2733,-16210.1485,599.3753,11909.432,-2115.172,57.41568288,-4106.305699999997,-2057.75631712,-6164.062017119998
295,510.5354,1414.8448,-1098.7761,0.0,0.0,0.0,-1291.99,-16176.6974,623.4032,11854.8336,-2112.0676,57.43659096,-4163.846499999998,-2054.6310090399998,-6218.477509039998
296,507.3426,1446.1137,-1045.9615,0.0,0.0,0.0,-1298.441,-16113.9446,610.7447,11835.6042,-2137.979,56.2384656,-4058.541900000002,-2081.7405344,-6140.282434400001
297,518.1945,1407.212,-1090.8745,0.0,0.0,0.0,-1289.6617,-16190.5912,626.1914,11856.9826,-2078.043,58.0606668,-4162.546900000001,-2019.9823332,-6182.529233200001
298,473.4792,1460.8988,-1115.3409,0.0,0.0,0.0,-1283.5442,-16283.8365,597.9832,11823.4062,-1992.6612,56.24954784,-4326.9542,-1936.41165216,-6263.365852160001
299,491.0363,1434.874,-1129.3826,0.0,0.0,0.0,-1274.0667,-16272.7645,609.3632,11813.8637,-1992.6555,54.71637192,-4327.0765999999985,-1937.93912808,-6265.015728079999
300,508.3422,1435.6647,-1090.7606,0.0,0.0,0.0,-1261.3449,-16258.6533,615.6568,11851.5398,-2050.0149,56.089038239999994,-4199.555299999998,-1993.92586176,-6193.481161759998
301,526.7883,1405.4306,-1118.017,0.0,0.0,0.0,-1288.2959,-16161.2459,614.5168,11833.9554,-2115.1807,57.6166212,-4186.867699999999,-2057.5640788,-6244.431778799999
302,500.7324,1480.6923,-1083.2955,0.0,0.0,0.0,-1291.687,-16163.4657,595.3488,11830.8281,-2093.4491,57.05833896,-4130.846599999999,-2036.39076104,-6167.237361039999
303,484.5395,1398.0489,-1095.6864,0.0,0.0,0.0,-1277.3023,-16096.6564,600.3765,11822.7363,-2146.2312,57.77894736,-4163.9439,-2088.45225264,-6252.396152640001
304,519.1571,1437.5041,-1111.2718,0.0,0.0,0.0,-1287.5786,-16215.911,614.1598,11785.255,-1996.8855,54.9904572,-4258.685400000002,-1941.8950428,-6200.580442800003
305,492.2815,1425.9953,-1078.9059,0.0,0.0,0.0,-1272.0975,-16162.9489,605.811,11840.6962,-2125.4817,56.94557112,-4149.1682999999975,-2068.53612888,-6217.704428879998
306,474.8385,1397.4723,-1114.4039,0.0,0.0,0.0,-1293.3353,-16213.5122,601.124,11844.8864,-2058.7354,56.02338072,-4302.930199999999,-2002.71201928,-6305.642219279998
307,528.2616,1480.6158,-1082.842,0.0,0.0,0.0,-1275.7574,-16216.4356,610.9238,11817.7337,-2039.2577,55.146546,-4137.500100000001,-1984.1111540000002,-6121.611254000001
308,497.5674,1424.4009,-1103.8548,0.0,0.0,0.0,-1311.7495,-16200.9857,608.2914,11857.4886,-2041.3358,55.96633512,-4228.841699999999,-1985.3694648800001,-6214.211164879999
309,497.454,1390.7454,-1095.3802,0.0,0.0,0.0,-1292.4498,-16128.0043,606.2986,11836.4003,-2113.151,56.25472104,-4184.9360000000015,-2056.89627896,-6241.8322789600015
310,527.2525,1387.4382,-1105.6596,0.0,0.0,0.0,-1254.2522,-16393.2885,635.5554,11876.5657,-1921.349,56.5586352,-4326.388499999999,-1864.7903648,-6191.178864799999
311,491.6599,1435.5769,-1105.9437,0.0,0.0,0.0,-1272.4947,-16227.1642,634.3105,11878.8963,-2076.2604,56.46014136,-4165.159,-2019.80025864,-6184.9592586399995
312,494.6198,1384.8821,-1099.7953,0.0,0.0,0.0,-1286.6693,-16259.1527,608.3731,11884.2004,-2054.0874,55.696669920000005,-4273.541900000002,-1998.39073008,-6271.932630080002
313,511.9149,1456.5521,-1095.0932,0.0,0.0,0.0,-1311.8604,-16147.1167,602.0355,11852.5832,-2131.6398,55.31132016,-4130.9846,-2076.32847984,-6207.31307984
314,513.6399,1454.9263,-1063.1895,0.0,0.0,0.0,-1301.1888,-16061.9129,598.556,11823.7436,-2189.2744,56.3567868,-4035.4253999999983,-2132.9176132,-6168.3430131999985
315,518.7885,1404.2004,-1084.2021,0.0,0.0,0.0,-1273.9872,-16129.5854,594.8555,11827.5087,-2142.556,55.3978368,-4142.4216000000015,-2087.1581632,-6229.579763200002
316,550.4725,1426.3393,-1089.9053,0.0,0.0,0.0,-1295.8865,-16126.9299,593.5321,11778.0817,-2063.1627,55.24483176,-4164.296099999998,-2007.91786824,-6172.2139682399975
317,517.8689,1372.4212,-1077.285,0.0,0.0,0.0,-1285.1254,-16305.3202,609.4621,11848.038,-1982.4829,55.90309896,-4319.9403999999995,-1926.57980104,-6246.52020104
318,505.6735,1459.6835,-1102.7104,0.0,0.0,0.0,-1289.6069,-16245.7121,582.8866,11774.1611,-1985.1157,54.70417656,-4315.6247,-1930.41152344,-6246.036223440001
319,508.7705,1400.0694,-1088.5081,0.0,0.0,0.0,-1279.0966,-16259.2154,619.7528,11865.8296,-2028.6163,56.95935336,-4232.397799999999,-1971.65694664,-6204.0547466399985
320,521.4706,1368.4236,-1083.1195,0.0,0.0,0.0,-1307.6602,-16189.7249,615.6538,11805.763,-2042.0466,54.625994639999995,-4269.193599999997,-1987.4206053599999,-6256.614205359997
321,520.305,1416.8123,-1086.7459,0.0,0.0,0.0,-1314.4604,-16126.1752,620.5336,11806.9654,-2111.8716,56.07947088,-4162.765199999998,-2055.79212912,-6218.557329119998
322,506.8086,1456.3302,-1062.4141,0.0,0.0,0.0,-1282.6354,-15974.9421,599.8084,11779.3223,-2231.2859,58.40980056,-3977.722100000001,-2172.87609944,-6150.598199440001
323,515.4297,1370.3751,-1068.6904,0.0,0.0,0.0,-1298.0142,-16240.163,620.7011,11881.1509,-2070.746,56.8907352,-4219.210799999999,-2013.8552648,-6233.066064799999
324,515.2775,1391.1768,-1083.3297,0.0,0.0,0.0,-1312.1185,-16093.064,592.7316,11860.3261,-2175.1272,56.30414472,-4129.0002,-2118.82305528,-6247.82325528
325,470.3401,1378.6687,-1070.2019,0.0,0.0,0.0,-1257.8282,-16251.3859,628.2098,11860.491,-2039.2532,57.697989119999995,-4241.706399999997,-1981.55521088,-6223.2616108799975
326,523.3323,1427.1291,-1077.7534,0.0,0.0,0.0,-1296.0566,-16134.2671,602.3459,11849.6056,-2143.1746,55.41567264,-4105.664199999997,-2087.7589273599997,-6193.423127359998
327,513.1558,1383.639,-1057.3139,0.0,0.0,0.0,-1286.3626,-16110.3185,615.9085,11884.5814,-2202.1747,58.54271112,-4056.7103000000006,-2143.63198888,-6200.3422888800005
328,485.5093,1392.8002,-1053.1013,0.0,0.0,0.0,-1289.6927,-16218.7722,587.9941,11848.0552,-2045.4228,56.7070344,-4247.2073999999975,-1988.7157656,-6235.923165599997
329,502.3825,1427.1238,-1078.0527,0.0,0.0,0.0,-1287.3592,-16136.6224,609.9182,11904.9163,-2192.167,55.7184996,-4057.6934999999976,-2136.4485004,-6194.142000399997
330,494.5829,1406.7558,-1063.503,0.0,0.0,0.0,-1292.5155,-16136.2808,605.1058,11806.904,-2113.5847,55.84367304,-4178.950800000002,-2057.74102696,-6236.691826960002
331,523.7814,1417.9985,-1079.0625,0.0,0.0,0.0,-1257.983,-16149.623,591.3022,11839.0035,-2150.0512,58.247260559999994,-4114.582899999998,-2091.80393944,-6206.386839439998
332,557.6125,1449.4682,-1078.7921,0.0,0.0,0.0,-1291.4421,-16117.233,595.4158,11781.4084,-2092.1788,56.64153168,-4103.5623,-2035.53726832,-6139.099568319999
333,535.6438,1400.112,-1108.8287,0.0,0.0,0.0,-1267.8756,-16150.3835,601.8504,11827.4885,-2111.8474,56.58783048,-4161.9931,-2055.2595695200002,-6217.25266952
334,506.8843,1442.19,-1081.013,0.0,0.0,0.0,-1298.6783,-16109.7451,606.6388,11892.8992,-2191.4541,56.71748592,-4040.824099999998,-2134.73661408,-6175.5607140799975
335,541.8764,1399.4597,-1093.2455,0.0,0.0,0.0,-1328.2304,-16269.1314,593.9729,11831.8112,-1979.8765,56.13904584,-4323.4870999999985,-1923.73745416,-6247.224554159999
336,505.2932,1392.6767,-1074.0237,0.0,0.0,0.0,-1264.704,-16146.0903,607.2367,11871.449,-2156.8115,56.67260616,-4108.162399999999,-2100.1388938399996,-6208.301293839999
337,501.0244,1367.2547,-1088.1078,0.0,0.0,0.0,-1244.2549,-16247.5035,615.8936,11882.1563,-2078.0999,57.74346791999999,-4213.537200000001,-2020.35643208,-6233.893632080001
338,516.8782,1408.4626,-1081.7279,0.0,0.0,0.0,-1282.2286,-16200.9003,604.7217,11804.4997,-2060.9377,56.57489424,-4230.294599999999,-2004.36280576,-6234.65740576
339,504.5844,1433.7408,-1083.3576,0.0,0.0,0.0,-1268.9865,-16120.8161,587.7821,11783.0614,-2082.9523,57.05480952,-4163.991499999998,-2025.89749048,-6189.888990479998
340,498.6717,1430.9769,-1101.1784,0.0,0.0,0.0,-1278.5542,-16225.5664,616.4188,11782.1398,-2001.2726,55.7846352,-4277.091799999998,-1945.4879648,-6222.579764799999
341,479.0887,1439.8393,-1115.3977,0.0,0.0,0.0,-1280.5196,-16239.1224,607.8445,11841.6528,-1990.4577,55.1058516,-4266.614400000002,-1935.3518483999999,-6201.966248400002
342,493.5144,1406.8248,-1079.2625,0.0,0.0,0.0,-1273.7188,-16195.8444,591.0681,11792.417,-2032.3877,56.105328959999994,-4265.001399999999,-1976.28237104,-6241.283771039999
343,476.5355,1414.5537,-1124.5683,0.0,0.0,0.0,-1275.858,-16166.5858,610.5306,11819.2758,-2074.2282,57.2702868,-4246.116500000002,-2016.9579132000001,-6263.074413200002
344,518.6919,1401.6004,-1076.966,0.0,0.0,0.0,-1277.1049,-16107.0413,599.3905,11785.9406,-2125.9821,56.190391919999996,-4155.488800000003,-2069.7917080800003,-6225.280508080003
345,521.8726,1436.2958,-1089.1161,0.0,0.0,0.0,-1274.2369,-16146.8847,616.9182,11796.9328,-2120.2101,55.52383392,-4138.218299999999,-2064.6862660799998,-6202.904566079999
346,574.9134,1401.6834,-1068.0643,0.0,0.0,0.0,-1286.1909,-16197.1601,612.9499,11847.2939,-2064.162,55.65237336,-4114.574700000001,-2008.5096266399999,-6123.084326640002
347,535.3695,1455.771,-1101.5362,0.0,0.0,0.0,-1286.1975,-16277.7936,593.709,11747.8303,-1954.2704,55.24004232,-4332.8475,-1899.0303576800002,-6231.8778576800005
348,518.0629,1431.7943,-1097.9242,0.0,0.0,0.0,-1282.6071,-16162.4604,607.594,11845.9281,-2133.1205,56.52536616,-4139.6124,-2076.59513384,-6216.20753384
349,526.2133,1461.1683,-1105.3582,0.0,0.0,0.0,-1304.7164,-16056.4152,594.4232,11791.9612,-2114.1563,56.25458424,-4092.7237999999998,-2057.90171576,-6150.62551576
350,498.7905,1424.6001,-1091.8095,0.0,0.0,0.0,-1287.8278,-16295.7661,623.3798,11885.2256,-2021.5734,55.524205439999996,-4243.4074,-1966.04919456,-6209.456594560001
351,515.7372,1383.4514,-1076.3303,0.0,0.0,0.0,-1313.6455,-16146.4063,616.9104,11870.0869,-2146.169,56.236084559999995,-4150.1962,-2089.9329154399998,-6240.1291154400005
352,519.9216,1435.9703,-1102.5086,0.0,0.0,0.0,-1281.195,-16079.3652,612.937,11772.352,-2124.1347,58.48368264,-4121.887899999998,-2065.65101736,-6187.538917359999
353,546.7863,1420.825,-1078.5044,0.0,0.0,0.0,-1254.1839,-16312.4225,614.0653,11906.8977,-2033.0033,56.996578799999995,-4156.536500000002,-1976.0067212000001,-6132.543221200002
354,487.436,1397.2976,-1059.3836,0.0,0.0,0.0,-1300.4742,-16176.8367,593.5509,11774.292,-2034.8208,56.48365224,-4284.117999999999,-1978.3371477599999,-6262.455147759998
355,518.2551,1396.8459,-1093.6478,0.0,0.0,0.0,-1280.1005,-16169.4762,599.6771,11898.1408,-2109.1147,56.75982552,-4130.305599999998,-2052.35487448,-6182.660474479998
356,534.4729,1406.687,-1106.0591,0.0,0.0,0.0,-1323.7195,-16157.2647,617.0606,11824.9817,-2076.0714,55.914241679999996,-4203.841099999998,-2020.1571583199998,-6223.998258319998
357,544.4757,1378.574,-1048.3063,0.0,0.0,0.0,-1298.8329,-16086.1756,618.5276,11799.5587,-2125.8605,57.14111952,-4092.1788000000015,-2068.71938048,-6160.898180480001
358,540.3543,1437.115,-1088.2904,0.0,0.0,0.0,-1283.3563,-16179.0724,605.6607,11769.4689,-2051.7253,56.08110456,-4198.120199999998,-1995.64419544,-6193.764395439997
359,496.3296,1398.2085,-1066.7455,0.0,0.0,0.0,-1291.7949,-16109.6898,606.5127,11841.433,-2179.3549,56.31107832,-4125.7464,-2123.04382168,-6248.79022168
360,516.453,1402.398,-1088.8871,0.0,0.0,0.0,-1293.9185,-16244.9634,610.9771,11843.0372,-2028.7225,54.75113639999999,-4254.903700000001,-1973.9713636000001,-6228.8750636
361,504.901,1421.3599,-1065.4016,0.0,0.0,0.0,-1301.896,-16167.9973,618.6356,11796.4528,-2083.0535,56.59870392,-4193.945600000001,-2026.45479608,-6220.400396080001
362,483.157,1421.2836,-1093.9259,0.0,0.0,0.0,-1287.0433,-16135.4204,613.3735,11882.2172,-2170.5885,56.88161208,-4116.358300000002,-2113.7068879199996,-6230.065187920001
363,476.6388,1394.3099,-1099.7656,0.0,0.0,0.0,-1292.0505,-16138.6307,614.1671,11822.0338,-2105.5669,56.104892639999996,-4223.297200000001,-2049.46200736,-6272.759207360001
364,511.3898,1435.799,-1069.2969,0.0,0.0,0.0,-1295.2607,-16163.452,604.898,11761.8242,-2038.3111,55.43638272,-4214.098600000003,-1982.87471728,-6196.973317280002
365,500.9921,1424.927,-1089.9683,0.0,0.0,0.0,-1270.3357,-16191.9489,624.5807,11859.7281,-2093.2225,57.39337944,-4142.025,-2035.8291205599999,-6177.8541205599995
366,482.6699,1457.0417,-1123.1203,0.0,0.0,0.0,-1278.911,-16020.163,609.2679,11807.1357,-2202.9584,56.364671519999995,-4066.079099999999,-2146.59372848,-6212.672828479998
367,494.9377,1437.9985,-1086.4088,0.0,0.0,0.0,-1300.2539,-16206.0846,606.2126,11900.4871,-2104.4503,55.86394608,-4153.111399999998,-2048.58635392,-6201.697753919999
368,521.7411,1421.3244,-1086.1474,0.0,0.0,0.0,-1270.0331,-16167.9818,597.4886,11804.8687,-2107.1047,57.1793508,-4178.739499999998,-2049.9253492,-6228.664849199998
369,507.0612,1441.3769,-1078.7732,0.0,0.0,0.0,-1267.203,-16175.7116,600.2601,11807.7697,-2061.2985,56.6496576,-4165.2199,-2004.6488424,-6169.8687424
370,502.0164,1343.1017,-1075.0923,0.0,0.0,0.0,-1255.4008,-16265.8394,621.6008,11883.6395,-2043.3678,58.66886088,-4245.974100000001,-1984.69893912,-6230.673039120002
371,510.9668,1428.2062,-1114.3069,0.0,0.0,0.0,-1278.5299,-16094.608,616.8402,11823.4605,-2138.027,60.0114348,-4107.971099999999,-2078.0155652,-6185.986665199999
372,537.002,1428.6692,-1106.718,0.0,0.0,0.0,-1291.3907,-16202.7919,595.9928,11773.7812,-1996.1581,57.30157224,-4265.455400000001,-1938.85652776,-6204.311927760002
373,510.6696,1390.0768,-1136.8296,0.0,0.0,0.0,-1273.0604,-16193.8033,613.0591,11776.8953,-2009.8029,56.39375736,-4312.9924999999985,-1953.4091426399998,-6266.4016426399985
374,521.8286,1457.4566,-1088.1004,0.0,0.0,0.0,-1257.6022,-16149.0297,584.9072,11778.0856,-2051.3708,58.36690872,-4152.454299999998,-1993.00389128,-6145.458191279999
375,499.611,1427.7448,-1085.9648,0.0,0.0,0.0,-1253.3816,-16231.1632,617.722,11877.229,-2057.645,59.81374296,-4148.202800000001,-1997.83125704,-6146.034057040001
376,527.629,1471.6484,-1103.977,0.0,0.0,0.0,-1270.234,-16180.1803,587.0978,11769.9038,-2015.3212,58.91421672,-4198.112300000001,-1956.40698328,-6154.519283280001
377,505.4456,1412.3152,-1099.2988,0.0,0.0,0.0,-1248.9031,-16168.2261,599.5719,11882.9588,-2137.572,61.71969456,-4116.136499999999,-2075.8523054400002,-6191.988805439999
378,523.6414,1472.0335,-1114.0266,0.0,0.0,0.0,-1258.2461,-16319.7259,604.3889,11783.0355,-1899.2684,57.08740824,-4308.899300000001,-1842.1809917599999,-6151.080291760001
379,467.2276,1455.7477,-1112.9306,0.0,0.0,0.0,-1276.4177,-16215.0305,612.3684,11833.459,-2039.2961,55.03335048,-4235.5761,-1984.26274952,-6219.83884952
380,489.0371,1403.3068,-1106.9249,0.0,0.0,0.0,-1272.3026,-16198.0791,608.2614,11827.9596,-2024.4395,59.103163439999996,-4248.7417000000005,-1965.33633656,-6214.078036560001
381,496.1826,1411.0896,-1104.8179,0.0,0.0,0.0,-1255.8095,-16273.0085,613.1199,11803.3264,-1976.3516,57.32574408,-4309.917400000002,-1919.02585592,-6228.943255920002
382,507.6711,1378.5325,-1081.3682,0.0,0.0,0.0,-1256.8051,-16350.7764,615.7113,11872.8546,-1955.4438,58.51571112,-4314.180199999999,-1896.92808888,-6211.108288879999
383,551.4665,1401.5893,-1098.5817,0.0,0.0,0.0,-1273.3416,-16183.2385,613.8939,11818.0341,-2030.7171,57.50794224,-4170.178,-1973.2091577600002,-6143.387157759999
384,500.7309,1511.3908,-1110.2341,0.0,0.0,0.0,-1244.6118,-16252.8779,634.361,11900.0003,-2083.2834,58.756310639999995,-4061.2407999999996,-2024.5270893599998,-6085.76788936
385,494.6288,1409.7201,-1099.0345,0.0,0.0,0.0,-1247.3005,-16251.8347,602.1685,11848.794,-2011.8844,58.23424152,-4242.858300000002,-1953.6501584799998,-6196.5084584800015
386,508.7987,1436.0217,-1100.7391,0.0,0.0,0.0,-1274.2461,-16261.6665,596.0785,11830.5317,-1993.9041,58.44404592,-4265.221099999999,-1935.46005408,-6200.681154079999
387,536.7289,1454.7578,-1114.7241,0.0,0.0,0.0,-1300.1421,-16131.8794,588.5686,11795.9908,-2046.8344,56.03712984,-4170.699500000001,-1990.79727016,-6161.496770160001
388,504.2125,1432.2234,-1059.2122,0.0,0.0,0.0,-1260.1423,-16231.7677,595.6386,11831.2795,-2046.9332,58.587548399999996,-4187.7682,-1988.3456515999999,-6176.1138516
389,553.1142,1409.745,-1079.2569,0.0,0.0,0.0,-1269.0251,-16086.7087,612.6699,11809.1068,-2155.5515,57.72240432,-4050.354799999999,-2097.82909568,-6148.183895679998
390,501.9043,1431.9698,-1090.826,0.0,0.0,0.0,-1246.0018,-16025.3641,592.6721,11764.7813,-2182.5537,58.73096448,-4070.8644000000004,-2123.82273552,-6194.687135520001
391,528.4823,1410.9933,-1077.3137,0.0,0.0,0.0,-1274.9159,-16197.9419,609.1697,11800.7722,-2013.5414,57.41792568,-4200.753999999999,-1956.12347432,-6156.877474319999
392,488.6906,1429.2879,-1111.5142,0.0,0.0,0.0,-1287.403,-15968.6927,601.4658,11773.8945,-2180.0149,57.468566159999995,-4074.271099999998,-2122.54633384,-6196.817433839999
393,529.2518,1438.1696,-1109.2129,0.0,0.0,0.0,-1267.6499,-16031.5627,603.4618,11728.7363,-2123.4863,60.97078368,-4108.8060000000005,-2062.51551632,-6171.321516320001
394,518.124,1404.529,-1110.4585,0.0,0.0,0.0,-1273.0004,-16209.7625,618.1601,11811.3066,-2019.4285,57.20738112,-4241.101699999999,-1962.22111888,-6203.322818879999
395,478.5706,1449.5421,-1098.0825,0.0,0.0,0.0,-1259.2785,-16148.5353,608.5805,11773.8809,-2069.4533,59.288335919999994,-4195.322199999999,-2010.1649640800001,-6205.487164079999
396,516.0044,1463.9689,-1092.3955,0.0,0.0,0.0,-1245.7709,-16083.8786,583.7433,11774.1208,-2126.9991,59.206579919999996,-4084.2075999999997,-2067.79252008,-6152.00012008
397,528.3529,1470.6257,-1114.5263,0.0,0.0,0.0,-1261.1024,-15991.6401,585.8065,11789.4122,-2209.3572,60.49022256,-3993.0715,-2148.86697744,-6141.9384774400005
398,484.0308,1447.5156,-1114.5206,0.0,0.0,0.0,-1250.714,-16015.335,597.7593,11718.0232,-2127.013,60.78515255999999,-4133.2407,-2066.22784744,-6199.46854744
399,549.2962,1433.349,-1092.9251,0.0,0.0,0.0,-1213.9252,-16199.1807,610.7952,11827.788,-2057.1199,59.179823999999996,-4084.802599999999,-1997.940076,-6082.742675999999
400,493.7862,1443.3674,-1091.3609,0.0,0.0,0.0,-1233.8896,-16057.0592,612.8782,11788.1938,-2158.7403,61.74609768,-4044.084100000002,-2096.99420232,-6141.078302320001
401,516.2589,1408.3569,-1119.0402,0.0,0.0,0.0,-1247.7226,-16088.5563,603.1362,11806.4285,-2131.3438,60.551830079999995,-4121.1386,-2070.79196992,-6191.93056992
402,502.384,1431.777,-1107.4046,0.0,0.0,0.0,-1237.6051,-16188.872,620.1474,11826.0151,-2038.5137,58.5129672,-4153.558199999998,-1980.0007328,-6133.558932799997
403,465.6595,1440.6386,-1109.7386,0.0,0.0,0.0,-1251.9566,-15987.6822,607.349,11787.8832,-2205.9089,59.0708052,-4047.847099999997,-2146.8380948,-6194.685194799998
404,531.2102,1461.9774,-1081.1153,0.0,0.0,0.0,-1268.2579,-15951.3001,603.341,11786.7999,-2251.5001,61.20261072,-3917.3448000000008,-2190.2974892800003,-6107.642289280001
405,504.5539,1393.7883,-1103.8412,0.0,0.0,0.0,-1212.891,-16064.8946,623.6984,11814.8001,-2198.6584,60.1756812,-4044.7860999999994,-2138.4827188,-6183.268818799999
406,490.179,1430.6516,-1088.7092,0.0,0.0,0.0,-1259.5065,-16068.4829,615.758,11775.4912,-2145.0428,57.74048424,-4104.618800000002,-2087.30231576,-6191.921115760002
407,512.2892,1426.8189,-1096.9919,0.0,0.0,0.0,-1226.4625,-16026.4748,608.8201,11801.1084,-2184.4989,61.82998488,-4000.892600000001,-2122.66891512,-6123.561515120002
408,492.6902,1473.7895,-1114.6486,0.0,0.0,0.0,-1273.6704,-15871.884,608.4604,11739.2264,-2284.9611,62.22171528,-3946.0365,-2222.73938472,-6168.77588472
409,520.8133,1396.534,-1122.5623,0.0,0.0,0.0,-1236.4617,-16057.4568,604.0148,11789.9395,-2139.6382,60.08570784,-4105.179199999999,-2079.55249216,-6184.731692159998
410,503.0518,1386.0303,-1083.5161,0.0,0.0,0.0,-1226.0734,-16069.7456,607.4648,11761.8803,-2142.2411,61.09308864,-4120.9079,-2081.14801136,-6202.05591136
411,505.8674,1418.136,-1093.6555,0.0,0.0,0.0,-1256.0987,-16044.4527,589.305,11800.6225,-2149.2451,60.42253967999999,-4080.276,-2088.8225603200003,-6169.09856032
412,496.6745,1442.9203,-1106.6002,0.0,0.0,0.0,-1224.4862,-16090.0402,626.8368,11807.4827,-2159.7303,59.928643439999995,-4047.2122999999992,-2099.80165656,-6147.013956559999
413,543.1658,1409.4403,-1094.2175,0.0,0.0,0.0,-1295.1066,-16092.3949,616.7913,11820.8313,-2103.1669,56.004631919999994,-4091.4902999999995,-2047.16226808,-6138.65256808
414,492.2716,1415.5141,-1129.2145,0.0,0.0,0.0,-1277.1973,-16028.8555,615.401,11847.8577,-2223.2641,58.054336559999996,-4064.222899999999,-2165.2097634399997,-6229.4326634399995
415,504.5041,1417.67,-1133.3817,0.0,0.0,0.0,-1289.2669,-16121.1106,611.6804,11853.2087,-2123.2814,55.609560720000005,-4156.696000000002,-2067.67183928,-6224.367839280001
416,477.6973,1392.6542,-1090.8428,0.0,0.0,0.0,-1260.8941,-16102.3892,610.1676,11789.5292,-2099.4751,58.908525839999996,-4184.077799999999,-2040.56657416,-6224.644374159999
417,516.0723,1410.8415,-1088.7447,0.0,0.0,0.0,-1251.6068,-16029.2092,609.2201,11800.3762,-2195.859,58.43653704,-4033.0505999999987,-2137.42246296,-6170.473062959999
418,500.1739,1403.2546,-1098.5139,0.0,0.0,0.0,-1277.0339,-16028.7144,609.8618,11778.1111,-2173.7142,58.70014704,-4112.860799999999,-2115.01405296,-6227.874852959999
419,501.704,1386.0414,-1111.4028,0.0,0.0,0.0,-1274.6139,-16063.4743,623.7018,11864.948,-2196.2152,59.0259924,-4073.0957999999973,-2137.1892076,-6210.285007599998
420,506.5867,1451.6157,-1107.7679,0.0,0.0,0.0,-1279.9568,-16127.7893,604.5036,11801.2305,-2086.2862,57.57332976,-4151.577500000001,-2028.71287024,-6180.290370240002
421,504.3042,1461.0384,-1102.4289,0.0,0.0,0.0,-1278.0979,-16057.5972,606.8765,11798.5733,-2149.8712,58.49748648,-4067.3315999999995,-2091.37371352,-6158.705313519999
422,489.1925,1409.1459,-1078.4747,0.0,0.0,0.0,-1277.3251,-16097.0087,621.4598,11778.3664,-2109.3213,57.92664528,-4154.643899999997,-2051.3946547200003,-6206.038554719997
423,505.0308,1416.7352,-1092.2693,0.0,0.0,0.0,-1284.9864,-15999.7562,585.0169,11756.7578,-2166.6857,57.791560319999995,-4113.471199999998,-2108.89413968,-6222.365339679998
424,512.3146,1376.6248,-1089.2356,0.0,0.0,0.0,-1258.8755,-16014.2554,606.2546,11751.283,-2168.2182,58.11683832,-4115.889500000001,-2110.1013616799996,-6225.99086168
425,506.6332,1402.4244,-1082.155,0.0,0.0,0.0,-1277.9839,-16058.1874,620.8406,11840.0329,-2192.9009,56.397622319999996,-4048.395200000001,-2136.50327768,-6184.898477680002
426,553.4796,1384.7657,-1084.7683,0.0,0.0,0.0,-1273.9585,-16156.0061,605.1702,11762.1338,-2048.8346,56.56341887999999,-4209.1836,-1992.2711811200002,-6201.45478112
427,539.0222,1418.4656,-1096.8556,0.0,0.0,0.0,-1272.7976,-16046.0765,621.9804,11791.5565,-2159.6744,58.40936856,-4044.705,-2101.26503144,-6145.97003144
428,498.5647,1399.3015,-1095.8625,0.0,0.0,0.0,-1271.4558,-16154.3849,619.741,11850.4617,-2129.3399,58.751334,-4153.6343,-2070.588566,-6224.222866
429,522.9589,1422.4298,-1110.9957,0.0,0.0,0.0,-1245.5201,-16107.4789,609.2896,11860.9389,-2185.1497,57.73543056,-4048.3775000000005,-2127.4142694399998,-6175.79176944
430,499.017,1414.0676,-1097.8265,0.0,0.0,0.0,-1272.6599,-15931.2479,616.6987,11820.1733,-2266.3353,57.253496399999996,-3951.7777000000006,-2209.0818036,-6160.8595036000015
431,510.7462,1439.507,-1096.8247,0.0,0.0,0.0,-1253.0887,-16032.8707,611.8138,11792.5588,-2182.7177,60.731097840000004,-4028.1582999999973,-2121.98660216,-6150.144902159997
432,500.5923,1427.9083,-1125.0071,0.0,0.0,0.0,-1278.2115,-15990.6119,613.0807,11816.7687,-2255.2315,58.35485088,-4035.4804999999997,-2196.87664912,-6232.357149119999
433,509.9557,1351.8343,-1108.8119,0.0,0.0,0.0,-1276.9997,-16188.8238,639.9675,11843.1412,-2060.4159,56.36455488,-4229.736699999998,-2004.05134512,-6233.788045119998
434,526.9957,1359.7883,-1074.5148,0.0,0.0,0.0,-1287.4836,-16190.2488,596.8882,11872.4833,-2087.7059,55.62315503999999,-4196.091699999999,-2032.08274496,-6228.174444959999
435,518.3334,1460.8401,-1101.2332,0.0,0.0,0.0,-1295.8931,-16101.5371,599.7142,11836.7448,-2181.3753,56.66117903999999,-4083.0308999999997,-2124.71412096,-6207.745020959999
436,503.2839,1426.0608,-1081.8534,0.0,0.0,0.0,-1287.2228,-16105.8752,625.5507,11829.3551,-2137.3655,55.58103864,-4090.7009,-2081.78446136,-6172.48536136
437,523.8165,1415.9799,-1088.3824,0.0,0.0,0.0,-1295.4023,-16041.2435,600.6617,11798.095,-2168.1088,55.2407472,-4086.4751000000015,-2112.8680528,-6199.343152800001
438,531.9805,1420.0995,-1086.121,0.0,0.0,0.0,-1268.491,-16124.7255,605.3364,11786.3582,-2092.5922,56.8811196,-4135.562899999999,-2035.7110804000001,-6171.273980399999
439,539.9638,1419.3937,-1114.9802,0.0,0.0,0.0,-1278.4747,-15998.0776,608.6904,11797.8832,-2196.5022,57.6192492,-4025.6013999999996,-2138.8829508,-6164.484350799999
440,520.7682,1439.9351,-1108.5701,0.0,0.0,0.0,-1273.1388,-16066.706,595.322,11791.3474,-2157.8587,56.99805912,-4101.042199999998,-2100.86064088,-6201.902840879999
441,498.0917,1458.3492,-1112.138,0.0,0.0,0.0,-1271.9311,-16113.6203,602.7557,11800.7335,-2131.9403,55.83146832,-4137.7593000000015,-2076.10883168,-6213.868131680002
442,492.3313,1440.6818,-1081.6404,0.0,0.0,0.0,-1263.4401,-15991.8236,607.3046,11824.2087,-2244.9031,56.348082,-3972.377700000001,-2188.555018,-6160.932718
443,536.3264,1462.588,-1065.1088,0.0,0.0,0.0,-1304.5165,-16108.5151,590.0567,11766.9989,-2077.0397,54.60441048,-4122.170399999999,-2022.4352895199997,-6144.605689519998
444,497.0759,1506.8074,-1096.4906,0.0,0.0,0.0,-1260.1044,-16164.8576,582.7062,11783.2546,-2087.5824,55.6030116,-4151.6084999999985,-2031.9793883999998,-6183.587888399998
445,489.9768,1436.1095,-1055.7592,0.0,0.0,0.0,-1300.4337,-16235.4497,616.0709,11862.2303,-2058.0875,54.96598584,-4187.2551,-2003.12151416,-6190.37661416
446,502.6013,1449.8344,-1095.8771,0.0,0.0,0.0,-1303.7652,-16085.1082,598.885,11780.4093,-2116.4345,54.86231304,-4153.0205000000005,-2061.5721869599997,-6214.59268696
447,483.3793,1455.6525,-1079.6968,0.0,0.0,0.0,-1316.0224,-16167.7185,627.7968,11837.3681,-2081.7242,56.08307807999999,-4159.241000000002,-2025.6411219200002,-6184.882121920003
448,516.2505,1436.6375,-1070.2773,0.0,0.0,0.0,-1292.2264,-16212.2778,610.0015,11793.6759,-2055.4524,55.98809136,-4218.216099999998,-1999.4643086400001,-6217.680408639998
449,505.0003,1385.6769,-1091.0549,0.0,0.0,0.0,-1291.5581,-16170.09,614.2467,11901.7506,-2157.7129,55.37432088,-4146.0285,-2102.33857912,-6248.367079120001
450,501.2624,1434.278,-1080.7033,0.0,0.0,0.0,-1258.0465,-16199.9101,612.3515,11876.8691,-2127.1218,58.02197904,-4113.8989,-2069.0998209599998,-6182.99872096
451,490.4102,1412.7422,-1083.491,0.0,0.0,0.0,-1267.5024,-16110.2489,599.9509,11776.5791,-2129.5259,57.33972144,-4181.559899999998,-2072.18617856,-6253.746078559999
452,527.705,1384.6314,-1094.5462,0.0,0.0,0.0,-1252.6186,-16198.9914,610.5002,11854.2995,-2110.8432,58.393446479999994,-4169.020100000002,-2052.44975352,-6221.4698535200005
453,502.4436,1435.9881,-1076.5182,0.0,0.0,0.0,-1273.0447,-16290.1304,630.1362,11866.5521,-2019.1882,56.47685976,-4204.573299999996,-1962.71134024,-6167.284640239997
454,522.4934,1411.973,-1089.2077,0.0,0.0,0.0,-1297.0035,-16155.4323,594.9767,11780.5086,-2045.941,55.39613112,-4231.691800000002,-1990.54486888,-6222.236668880002
455,495.9513,1459.6162,-1056.8882,0.0,0.0,0.0,-1313.2073,-16238.329,591.8174,11822.0013,-2039.4576,56.20036824,-4239.0383,-1983.25723176,-6222.29553176
456,504.001,1349.361,-1090.4254,0.0,0.0,0.0,-1262.2658,-16147.0563,616.4755,11838.1442,-2122.3493,56.91353688,-4191.765799999999,-2065.43576312,-6257.201563119999
457,508.4905,1418.8921,-1079.5313,0.0,0.0,0.0,-1267.7408,-16163.4388,599.147,11848.7801,-2123.8064,56.67642144,-4135.4012,-2067.12997856,-6202.53117856
458,484.5777,1383.4436,-1115.1338,0.0,0.0,0.0,-1259.4612,-16143.3675,601.2933,11898.808,-2155.9076,57.88228536,-4149.839900000001,-2098.02531464,-6247.865214640001
459,522.6446,1382.8271,-1102.847,0.0,0.0,0.0,-1260.4443,-16199.7515,604.8072,11847.2323,-2102.988,56.24550576,-4205.531600000002,-2046.7424942399998,-6252.274094240001
460,551.0755,1438.0919,-1074.7934,0.0,0.0,0.0,-1275.2317,-16021.595,594.3349,11838.0537,-2230.2166,59.50361304,-3950.0640999999996,-2170.7129869600003,-6120.777086959999
461,498.873,1400.5279,-1081.0589,0.0,0.0,0.0,-1280.3971,-16153.8412,612.0154,11878.1604,-2165.6141,58.17606695999999,-4125.720499999999,-2107.43803304,-6233.158533039999
462,502.3267,1355.1722,-1069.96,0.0,0.0,0.0,-1284.5609,-16169.9828,625.001,11924.8746,-2160.073,57.06616464,-4117.129199999999,-2103.00683536,-6220.136035359999
463,509.5587,1442.3031,-1077.4677,0.0,0.0,0.0,-1282.4649,-16097.5957,605.5546,11857.3633,-2198.8137,58.51705176,-4042.748599999999,-2140.29664824,-6183.04524824
464,523.1803,1412.199,-1094.3395,0.0,0.0,0.0,-1279.6483,-16235.0652,613.5347,11891.6229,-2058.5039,57.06415152,-4168.516099999999,-2001.4397484800002,-6169.955848479998
465,519.108,1393.5506,-1077.3989,0.0,0.0,0.0,-1283.5472,-16196.9794,601.4368,11837.0068,-2091.5548,55.762590239999994,-4206.8233,-2035.7922097599999,-6242.61550976
466,518.0009,1417.6884,-1090.5647,0.0,0.0,0.0,-1282.3682,-16088.3689,596.1035,11806.0371,-2134.7372,54.92717784,-4123.4719000000005,-2079.8100221600002,-6203.28192216
467,487.6806,1429.2363,-1100.255,0.0,0.0,0.0,-1287.8038,-16146.0859,619.1641,11770.0248,-2084.0408,55.813632479999995,-4228.038900000001,-2028.2271675200002,-6256.266067520002
468,492.9985,1470.5534,-1112.9137,0.0,0.0,0.0,-1281.2367,-16266.5709,605.2921,11844.8383,-2010.5996,55.112647679999995,-4247.038999999999,-1955.48695232,-6202.525952319998
469,521.0018,1449.1965,-1059.1893,0.0,0.0,0.0,-1284.4076,-16149.584,607.907,11761.2343,-2067.5836,57.2770728,-4153.8413,-2010.3065272,-6164.1478272
470,541.1084,1478.8574,-1069.7438,0.0,0.0,0.0,-1271.4281,-16281.1732,610.7468,11831.517,-1992.3908,56.68391232,-4160.1155,-1935.70688768,-6095.82238768
471,503.3504,1408.9835,-1110.5735,0.0,0.0,0.0,-1305.7659,-16145.2142,598.865,11811.0189,-2085.243,56.7448236,-4239.335800000003,-2028.4981764,-6267.833976400003
472,523.6223,1430.9299,-1091.0957,0.0,0.0,0.0,-1262.129,-16167.8982,617.3404,11753.7929,-2045.6378,55.76342544,-4195.437399999999,-1989.87437456,-6185.311774559999
473,503.935,1389.2482,-1120.8656,0.0,0.0,0.0,-1283.838,-16228.5283,617.9176,11887.3486,-2098.102,54.92853288,-4234.782499999999,-2043.17346712,-6277.9559671199995
474,508.425,1352.5649,-1077.4621,0.0,0.0,0.0,-1296.5056,-16178.9714,607.8554,11828.0007,-2052.3865,56.18412216,-4256.093099999998,-1996.20237784,-6252.295477839999
475,489.676,1365.2662,-1094.016,0.0,0.0,0.0,-1312.5054,-16043.0145,612.7455,11849.0943,-2201.0851,56.490127199999996,-4132.753899999996,-2144.5949727999996,-6277.348872799997
476,516.1711,1398.984,-1114.665,0.0,0.0,0.0,-1290.5986,-16242.9285,603.4879,11791.5787,-1984.6458,55.35457776,-4337.9704,-1929.29122224,-6267.26162224
477,539.4219,1411.8185,-1121.2998,0.0,0.0,0.0,-1268.9649,-16102.6269,612.8824,11800.9011,-2121.265,55.90286568,-4127.867700000001,-2065.3621343199998,-6193.22983432
478,509.0116,1467.4117,-1103.8295,0.0,0.0,0.0,-1264.1285,-16214.5266,609.8231,11812.93,-2035.357,55.89689616,-4183.308199999998,-1979.4601038399999,-6162.768303839997
479,491.546,1448.2172,-1079.1528,0.0,0.0,0.0,-1264.7189,-16262.49,605.904,11740.2956,-1941.8587,54.49534344,-4320.3989,-1887.36335656,-6207.7622565599995
480,499.6413,1390.8948,-1102.4935,0.0,0.0,0.0,-1283.1515,-16224.8945,613.5703,11776.7716,-1995.3157,55.0210644,-4329.661500000002,-1940.2946356000002,-6269.956135600002
481,530.9687,1421.8457,-1108.2664,0.0,0.0,0.0,-1269.6042,-16091.6143,602.4533,11763.3196,-2121.5666,55.237505039999995,-4150.8976,-2066.32909496,-6217.226694960001
482,467.5917,1389.6982,-1112.7698,0.0,0.0,0.0,-1315.3503,-16071.168,624.0893,11846.2171,-2184.7681,56.029417200000005,-4171.691799999999,-2128.7386828,-6300.430482799998
483,508.6121,1392.3789,-1069.1615,0.0,0.0,0.0,-1291.1802,-16124.9921,598.7802,11833.946,-2110.4673,55.87711776,-4151.616599999999,-2054.5901822399996,-6206.2067822399995
484,503.4809,1474.9785,-1076.8808,0.0,0.0,0.0,-1298.6833,-16266.5543,604.752,11784.4898,-1957.8609,54.422514,-4274.4172,-1903.4383859999998,-6177.855586
485,522.6412,1418.0569,-1106.1456,0.0,0.0,0.0,-1308.2525,-16069.858,613.768,11853.6586,-2171.322,56.76842088,-4076.1314,-2114.55357912,-6190.68497912
486,484.1141,1413.0416,-1076.2438,0.0,0.0,0.0,-1307.683,-16209.9811,626.5954,11888.7905,-2102.2999,54.90618624,-4181.366300000003,-2047.39371376,-6228.760013760003
487,516.4303,1441.6209,-1109.5733,0.0,0.0,0.0,-1288.8479,-16175.4419,592.8952,11766.5335,-2046.2892,54.964863359999995,-4256.3832,-1991.32433664,-6247.70753664
488,515.1736,1402.2572,-1118.7599,0.0,0.0,0.0,-1282.8567,-16266.8407,615.3799,11895.4556,-2064.8268,55.36202976,-4240.191000000001,-2009.4647702399998,-6249.6557702400005
489,518.0638,1406.2629,-1096.6159,0.0,0.0,0.0,-1272.7598,-16186.2485,613.033,11827.7706,-2082.9871,56.46260376,-4190.493900000001,-2026.5244962399997,-6217.0183962400015
490,482.7051,1420.0621,-1064.2489,0.0,0.0,0.0,-1309.524,-16163.2951,600.8278,11796.2471,-2061.3225,55.512246239999996,-4237.225899999998,-2005.8102537600003,-6243.036153759997
491,509.7383,1371.2442,-1077.4638,0.0,0.0,0.0,-1286.7279,-16173.4906,601.2242,11847.4237,-2094.5681,55.48071528,-4208.051899999999,-2039.08738472,-6247.139284719999
492,537.8641,1380.5285,-1094.4432,0.0,0.0,0.0,-1302.9477,-16172.5621,615.932,11837.9961,-2067.7015,56.171647439999994,-4197.6322999999975,-2011.52985256,-6209.162152559998
493,518.1571,1433.5504,-1130.4987,0.0,0.0,0.0,-1291.747,-16242.6525,606.9674,11845.5128,-2021.6145,55.7785584,-4260.710499999999,-1965.8359415999998,-6226.546441599999
494,498.903,1469.55,-1105.4457,0.0,0.0,0.0,-1254.495,-16111.4105,604.2509,11789.3096,-2119.7839,56.97138816,-4109.3377,-2062.81251184,-6172.15021184
495,507.5084,1409.1962,-1106.7734,0.0,0.0,0.0,-1254.9927,-16079.5173,615.2756,11814.3604,-2130.4732,57.276775439999994,-4094.942799999999,-2073.1964245599997,-6168.139224559999
496,507.1146,1395.5084,-1076.2867,0.0,0.0,0.0,-1279.8677,-16114.4973,623.2046,11880.9833,-2151.7562,58.378718879999994,-4063.8408000000018,-2093.3774811199996,-6157.218281120002
497,535.7694,1429.6412,-1082.819,0.0,0.0,0.0,-1287.4044,-16153.0152,623.0405,11771.7482,-2066.2442,56.730609359999995,-4163.039300000002,-2009.51359064,-6172.552890640002
498,498.3219,1402.9713,-1105.0897,0.0,0.0,0.0,-1269.109,-16252.5701,610.0602,11854.7524,-2036.9333,55.26435744,-4260.663000000002,-1981.66894256,-6242.331942560002
499,529.2142,1397.7254,-1094.1227,0.0,0.0,0.0,-1256.3892,-16062.8263,603.848,11749.653,-2110.327,57.249925919999995,-4132.8976,-2053.0770740800003,-6185.97467408

