#Residue         Para         Anti         3-10        Alpha           Pi         Turn         Bend
       1       0.0000       0.0000       0.0000       0.0000       0.0000       0.0000       0.0000
       2       0.0000       0.0000       0.0000       0.0000       0.0000       0.0001       0.0000
       3       0.0000       0.0001       0.0000       0.0000       0.0000       0.0001       0.1628
       4       0.0000       0.0000       0.0000       0.0000       0.0000       0.0001       0.0177
       5       0.0000       0.7299       0.0000       0.0000       0.0000       0.0000       0.0034
       6       0.0000       0.9997       0.0000       0.0000       0.0000       0.0000       0.0000
       7       0.0000       1.0000       0.0000       0.0000       0.0000       0.0000       0.0000
       8       0.0000       1.0000       0.0000       0.0000       0.0000       0.0000       0.0000
       9       0.0000       1.0000       0.0000       0.0000       0.0000       0.0000       0.0000
      10       0.0000       0.9999       0.0000       0.0000       0.0000       0.0000       0.0000
      11       0.0000       1.0000       0.0000       0.0000       0.0000       0.0000       0.0000
      12       0.0000       0.9957       0.0000       0.0000       0.0000       0.0000       0.0043
      13       0.0000       0.0000       0.0000       0.0000       0.0000       0.9900       0.0100
      14       0.0000       0.0000       0.0000       0.0000       0.0000       0.9899       0.0101
      15       0.0000       0.9899       0.0000       0.0000       0.0000       0.0000       0.0092
      16       0.0000       0.9828       0.0000       0.0000       0.0000       0.0000       0.0000
      17       0.0000       0.0000       0.0000       0.0000       0.0000       0.0000       0.0000
      18       0.0000       0.9962       0.0000       0.0000       0.0000       0.0000       0.0000
      19       0.0000       0.9996       0.0000       0.0000       0.0000       0.0000       0.0000
      20       0.0000       1.0000       0.0000       0.0000       0.0000       0.0000       0.0000
      21       0.0000       1.0000       0.0000       0.0000       0.0000       0.0000       0.0000
      22       0.0000       0.9999       0.0000       0.0000       0.0000       0.0000       0.0000
      23       0.0000       1.0000       0.0000       0.0000       0.0000       0.0000       0.0000
      24       0.0000       0.9999       0.0000       0.0000       0.0000       0.0000       0.0000
      25       0.0000       0.0000       0.0000       0.0000       0.0000       0.0000       0.0000
      26       0.0000       0.0000       0.0045       0.0000       0.0000       0.9951       0.0000
      27       0.0000       0.0000       0.0045       0.0000       0.0000       0.9953       0.0002
      28       0.0000       0.0000       0.0045       0.0000       0.0000       0.9939       0.0016
      29       0.0000       0.0000       0.0000       0.0000       0.0000       0.0000       0.5493
      30       0.0000       0.0000       0.0000       0.9462       0.0000       0.0482       0.0004
      31       0.0000       0.0000       0.0000       0.9516       0.0000       0.0482       0.0002
      32       0.0000       0.0000       0.0000       0.9999       0.0000       0.0001       0.0000
      33       0.0000       0.0000       0.0000       1.0000       0.0000       0.0000       0.0000
      34       0.0000       0.0000       0.0000       0.9999       0.0000       0.0001       0.0000
      35       0.0000       0.0000       0.0000       1.0000       0.0000       0.0000       0.0000
      36       0.0000       0.0000       0.0000       1.0000       0.0000       0.0000       0.0000
      37       0.0000       0.0000       0.0000       1.0000       0.0000       0.0000       0.0000
      38       0.0000       0.0000       0.0000       1.0000       0.0000       0.0000       0.0000
      39       0.0000       0.0000       0.0000       0.9976       0.0000       0.0024       0.0000
      40       0.0000       0.0000       0.0000       0.9952       0.0000       0.0048       0.0000
      41       0.0000       0.0000       0.0000       0.9262       0.0000       0.0703       0.0035
      42       0.0000       0.0000       0.0000       0.0000       0.0000       0.9303       0.0000
      43       0.0682       0.0000       0.0000       0.0000       0.0000       0.9265       0.0019
      44       0.0000       0.0000       0.0000       0.0000       0.0000       0.9947       0.0053
      45       0.0000       0.0000       0.0000       0.0000       0.0000       0.1632       0.8368
      46       0.0682       0.0000       0.0000       0.0000       0.0000       0.0000       0.0000
      47       0.0000       0.0000       0.0000       0.0000       0.0000       0.0000       0.4874
      48       0.0000       0.0000       0.0000       0.0000       0.0000       0.0000       0.9926
      49       0.0000       0.0000       0.0000       0.0000       0.0000       0.9905       0.0095
      50       0.0000       0.0001       0.0000       0.0000       0.0000       0.9904       0.0095
      51       0.0000       0.2291       0.0000       0.0000       0.0000       0.0000       0.0000
      52       0.0000       0.9987       0.0000       0.0000       0.0000       0.0000       0.0000
      53       0.0000       0.5216       0.0000       0.0000       0.0000       0.0000       0.0000
      54       0.0000       0.0000       0.0000       0.0000       0.0000       0.0000       0.2242
      55       0.0000       0.9963       0.0000       0.0000       0.0000       0.0000       0.0000
      56       0.0000       0.9992       0.0000       0.0000       0.0000       0.0000       0.0000
      57       0.0000       0.9881       0.0000       0.0000       0.0000       0.0000       0.0000
      58       0.0000       0.0000       0.0000       0.0000       0.0000       0.9988       0.0012
      59       0.0000       0.0000       0.0000       0.0000       0.0000       0.9988       0.0012
      60       0.0000       0.0001       0.0000       0.0000       0.0000       0.9883       0.0116
      61       0.0000       1.0000       0.0000       0.0000       0.0000       0.0000       0.0000
      62       0.0000       1.0000       0.0000       0.0000       0.0000       0.0000       0.0000
      63       0.0000       1.0000       0.0000       0.0000       0.0000       0.0000       0.0000
      64       0.0000       0.9290       0.0000       0.0000       0.0000       0.0000       0.0000
      65       0.0000       0.0000       0.0000       0.0000       0.0000       0.0000       0.0000
      66       0.0000       0.0334       0.0000       0.0000       0.0000       0.0000       0.0000
      67       0.0000       0.0000       0.0000       0.0000       0.0000       0.0006       0.1232
      68       0.0000       0.0000       0.0000       0.0000       0.0000       0.0006       0.9994
      69       0.0000       0.0000       0.0000       0.0000       0.0000       0.0006       0.9994
      70       0.0000       0.0000       0.0000       0.0000       0.0000       0.0000       0.9929
      71       0.0000       0.0000       0.0000       0.0000       0.0000       0.0000       1.0000
      72       0.0000       0.0000       0.0000       0.0000       0.0000       0.0000       1.0000
      73       0.0000       0.0000       0.0000       0.0000       0.0000       0.0000       0.9995
      74       0.0000       0.0000       0.0000       0.0000       0.0000       0.0000       0.0020
      75       0.0000       0.0000       0.0000       0.0000       0.0000       0.0000       0.0001
      76       0.0000       0.0000       0.0000       0.0000       0.0000       0.0000       0.0000
      77       0.0000       0.5387       0.0000       0.0000       0.0000       0.0000       0.0000
      78       0.0000       0.0000       0.0000       0.0000       0.0000       0.6350       0.3650
      79       0.0000       0.0000       0.0000       0.0000       0.0000       0.6350       0.3650
      80       0.0000       0.5387       0.0261       0.0000       0.0000       0.0187       0.3442
      81       0.0000       0.0000       0.0261       0.0000       0.0000       0.0564       0.9175
      82       0.0000       0.0000       0.0261       0.0000       0.0000       0.0333       0.1704
      83       0.0000       0.8593       0.0000       0.0000       0.0000       0.0000       0.0000
      84       0.0000       0.1855       0.0000       0.0000       0.0000       0.0000       0.0000
      85       0.0000       0.0003       0.0000       0.0000       0.0000       0.0000       0.0000
      86       0.0000       0.0000       0.0000       0.0000       0.0000       0.0000       0.0007
      87       0.0000       0.0000       0.0000       0.0000       0.0000       0.0001       0.0078
      88       0.0000       0.0000       0.0000       0.0000       0.0000       0.0551       0.0317
      89       0.0000       0.0000       0.0000       0.0000       0.0000       0.0550       0.0207
      90       0.0000       0.0088       0.0000       0.0000       0.0000       0.0000       0.7686
      91       0.0000       0.0000       0.0000       0.0000       0.0000       0.0000       0.0000
      92       0.0000       0.0000       0.0000       0.0000       0.0000       0.0037       0.0162
      93       0.0000       0.0915       0.0000       0.0000       0.0000       0.0037       0.0000
      94       0.0000       0.0265       0.0000       0.0000       0.0000       0.0000       0.9733
      95       0.0000       0.0645       0.0000       0.0000       0.0000       0.8579       0.0776
      96       0.0000       0.0000       0.0000       0.0000       0.0000       0.9131       0.0847
      97       0.0000       0.9984       0.0000       0.0000       0.0000       0.0000       0.0000
      98       0.0000       1.0000       0.0000       0.0000       0.0000       0.0000       0.0000
      99       0.0000       1.0000       0.0000       0.0000       0.0000       0.0000       0.0000
     100       0.0000       0.9988       0.0000       0.0000       0.0000       0.0000       0.0000
     101       0.0000       0.0027       0.0000       0.0000       0.0000       0.0000       0.0000
     102       0.0000       0.2740       0.0000       0.0000       0.0000       0.0000       0.0000
     103       0.0000       0.4216       0.0000       0.0006       0.0000       0.0001       0.1373
     104       0.0000       0.0780       0.0000       0.0006       0.0000       0.4298       0.4916
     105       0.0000       0.0000       0.0000       0.0006       0.0000       0.9012       0.0982
     106       0.0000       0.0000       0.0000       0.0006       0.0000       0.8990       0.1000
     107       0.0000       0.5887       0.0000       0.0000       0.0000       0.0010       0.0007
     108       0.0000       0.9036       0.0000       0.0000       0.0000       0.0086       0.0000
     109       0.0000       0.0001       0.0000       0.0000       0.0000       0.0086       0.2645
     110       0.0000       0.0000       0.0000       0.0000       0.0000       0.0020       0.9969
     111       0.0000       0.0021       0.0000       0.0000       0.0000       0.0000       0.0000
     112       0.0000       0.9981       0.0000       0.0000       0.0000       0.0000       0.0000
     113       0.0000       1.0000       0.0000       0.0000       0.0000       0.0000       0.0000
     114       0.0000       1.0000       0.0000       0.0000       0.0000       0.0000       0.0000
     115       0.0000       0.9980       0.0000       0.0000       0.0000       0.0000       0.0000
     116       0.0000       0.0646       0.0000       0.0000       0.0000       0.0000       0.8701
     117       0.0000       0.0265       0.0000       0.0000       0.0000       0.0000       0.9735
     118       0.0000       0.0915       0.0000       0.0000       0.0000       0.0000       0.0000
     119       0.0000       0.0000       0.0000       0.0000       0.0000       0.0000       0.0000
     120       0.0000       0.0000       0.9377       0.0000       0.0000       0.0621       0.0000
     121       0.0000       0.0000       0.9377       0.0000       0.0000       0.0623       0.0000
     122       0.0000       0.0000       0.9377       0.0000       0.0000       0.0192       0.0423
     123       0.1267       0.0000       0.0000       0.0000       0.0000       0.8716       0.0005
     124       0.0000       0.0000       0.0000       0.0000       0.0000       0.9983       0.0017
     125       0.0000       0.0000       0.0000       0.0000       0.0000       0.9912       0.0088
     126       0.1267       0.0005       0.0000       0.0000       0.0000       0.0000       0.8137
     127       0.0000       0.9223       0.0000       0.0000       0.0000       0.0000       0.0000
     128       0.0000       0.9906       0.0000       0.0000       0.0000       0.0000       0.0000
     129       0.0000       0.0000       0.0000       0.0000       0.0000       0.0000       0.0000
     130       0.0000       1.0000       0.0000       0.0000       0.0000       0.0000       0.0000
     131       0.0000       1.0000       0.0000       0.0000       0.0000       0.0000       0.0000
     132       0.0000       0.9982       0.0000       0.0000       0.0000       0.0000       0.0000
     133       0.0000       0.0000       0.0000       0.0000       0.0000       0.0000       0.5587
     134       0.0000       0.9519       0.0000       0.0000       0.0000       0.0001       0.0480
     135       0.0000       0.0000       0.0000       0.0000       0.0000       0.0001       0.0001
     136       0.0000       0.0000       0.0033       0.9732       0.0000       0.0206       0.0005
     137       0.0000       0.0000       0.0033       0.9941       0.0000       0.0026       0.0000
     138       0.0000       0.0000       0.0033       0.9960       0.0000       0.0007       0.0000
     139       0.0000       0.0000       0.0002       0.9989       0.0000       0.0009       0.0000
     140       0.0000       0.0000       0.0113       0.9665       0.0000       0.0219       0.0003
     141       0.0000       0.0000       0.0263       0.9449       0.0000       0.0284       0.0004
     142       0.0000       0.0000       0.0729       0.8907       0.0000       0.0284       0.0073
     143       0.0000       0.0000       0.3513       0.5779       0.0000       0.0692       0.0016
     144       0.0000       0.0000       0.3490       0.2211       0.0000       0.4204       0.0069
     145       0.0000       0.0000       0.3297       0.1326       0.0000       0.4709       0.0667
     146       0.0000       0.0132       0.0000       0.0002       0.0000       0.0000       0.1199
     147       0.0000       0.0068       0.0000       0.0000       0.0000       0.0000       0.0043
     148       0.0000       0.0000       0.0000       0.0000       0.0000       0.7785       0.2213
     149       0.0000       0.0000       0.0000       0.0000       0.0000       0.7785       0.2215
     150       0.0000       0.0009       0.0000       0.0000       0.0000       0.0087       0.4332
     151       0.0001       0.0704       0.0000       0.0000       0.0000       0.0002       0.0062
     152       0.0000       0.0132       0.0000       0.0000       0.0000       0.0000       0.0028
     153       0.0000       0.0000       0.0000       0.0000       0.0000       0.0000       0.9498
     154       0.0000       0.0000       0.0000       0.0000       0.0000       0.0000       0.9412
     155       0.0000       0.0000       0.0000       0.0000       0.0000       0.0000       0.0000
     156       0.0000       0.8397       0.0000       0.0000       0.0000       0.0000       0.0000
     157       0.0000       1.0000       0.0000       0.0000       0.0000       0.0000       0.0000
     158       0.0000       0.9873       0.0000       0.0000       0.0000       0.0000       0.0000
     159       0.0000       0.0000       0.0000       0.0000       0.0000       0.0000       0.0884
     160       0.0000       0.9755       0.0000       0.0000       0.0000       0.0000       0.0086
     161       0.0000       0.9995       0.0000       0.0000       0.0000       0.0000       0.0000
     162       0.0000       0.9993       0.0000       0.0000       0.0000       0.0000       0.0000
     163       0.0000       0.9919       0.0000       0.0000       0.0000       0.0000       0.0001
     164       0.0000       0.1463       0.0000       0.0000       0.0000       0.0000       0.0000
     165       0.0000       0.1190       0.0000       0.0000       0.0000       0.0000       0.0000
