POISSON BOLTZMANN:
Frame #,BOND,ANGLE,DIHED,UB,IMP,CMAP,VDWAALS,EEL,1-4 VDW,1-4 EEL,EPB,ENPOLAR,EDISPER,G gas,G solv,TOTAL
0,515.1099,1421.5443,-1097.4141,0.0,0.0,0.0,-1282.0947,-16182.3119,591.7092,11711.7379,-1838.9624,39.6132,0.0,-4321.7194,-1799.3491999999999,-6121.0686000000005
1,553.0988,1392.602,-1104.3311,0.0,0.0,0.0,-1254.281,-16044.8584,589.3306,11654.6596,-1883.6319,41.2859,0.0,-4213.779500000001,-1842.346,-6056.125500000001
2,537.6567,1458.4162,-1122.7467,0.0,0.0,0.0,-1235.166,-15982.9251,603.302,11734.0325,-2039.9589,41.3979,0.0,-4007.430400000001,-1998.5610000000001,-6005.991400000001
3,504.0906,1383.5447,-1066.2864,0.0,0.0,0.0,-1267.214,-16178.5706,607.8602,11783.5965,-1881.6602,39.9968,0.0,-4232.978999999999,-1841.6634000000001,-6074.6424
4,518.2159,1400.861,-1056.8086,0.0,0.0,0.0,-1284.9367,-16119.2693,617.5447,11757.4971,-1919.9435,39.591,0.0,-4166.895899999998,-1880.3525000000002,-6047.248399999998
5,510.666,1399.5629,-1073.7128,0.0,0.0,0.0,-1327.3073,-16042.1865,613.1978,11716.7241,-1942.5733,39.1889,0.0,-4203.0558,-1903.3844,-6106.4402
6,562.3979,1340.3258,-1089.4978,0.0,0.0,0.0,-1299.8189,-16183.5503,613.0561,11767.6581,-1873.0223,39.6003,0.0,-4289.429099999999,-1833.422,-6122.8511
7,491.137,1431.401,-1118.8238,0.0,0.0,0.0,-1287.654,-16196.1777,607.1821,11761.5854,-1850.9081,39.5213,0.0,-4311.35,-1811.3868000000002,-6122.736800000001
8,506.3873,1397.1214,-1073.1341,0.0,0.0,0.0,-1283.2131,-16106.6051,588.9884,11681.9452,-1849.77,39.6835,0.0,-4288.510000000002,-1810.0865,-6098.596500000002
9,477.5743,1362.936,-1090.7831,0.0,0.0,0.0,-1270.4518,-16069.0982,600.3894,11738.1283,-1953.5776,41.1603,0.0,-4251.305100000001,-1912.4173,-6163.722400000002
10,488.0346,1386.7539,-1091.4843,0.0,0.0,0.0,-1254.1888,-16009.4705,611.4853,11761.6502,-2003.9927,40.7546,0.0,-4107.2196,-1963.2381,-6070.4577
11,499.3929,1411.3649,-1091.2667,0.0,0.0,0.0,-1279.9962,-16057.466,605.0087,11796.7675,-2018.6042,40.7086,0.0,-4116.194899999999,-1977.8956,-6094.090499999998
12,506.0647,1390.5211,-1090.3888,0.0,0.0,0.0,-1308.6111,-16118.3482,598.9802,11736.3121,-1901.5594,40.4087,0.0,-4285.470000000003,-1861.1507000000001,-6146.620700000003
13,491.8799,1382.8986,-1102.3998,0.0,0.0,0.0,-1274.2287,-16002.1595,618.6916,11735.387,-2011.1189,40.3848,0.0,-4149.930899999999,-1970.7341,-6120.664999999999
14,491.2927,1473.2736,-1039.9473,0.0,0.0,0.0,-1319.9143,-16132.5983,619.1821,11719.3388,-1842.0432,39.5894,0.0,-4189.3727,-1802.4538,-5991.8265
15,499.1707,1426.1484,-1070.0511,0.0,0.0,0.0,-1280.5002,-16148.5609,609.6586,11739.1771,-1898.1126,40.1083,0.0,-4224.9573999999975,-1858.0042999999998,-6082.961699999998
16,503.0427,1369.1175,-1058.2138,0.0,0.0,0.0,-1280.1307,-16144.5304,610.288,11774.2238,-1902.1699,40.1099,0.0,-4226.2029,-1862.0600000000002,-6088.2629
17,512.8204,1459.7184,-1096.7465,0.0,0.0,0.0,-1275.4815,-16093.6204,617.5137,11678.0113,-1896.8578,40.6579,0.0,-4197.784600000001,-1856.1999,-6053.9845000000005
18,510.6376,1365.591,-1092.7656,0.0,0.0,0.0,-1282.4285,-16195.7084,604.6226,11742.9041,-1830.3984,40.3564,0.0,-4347.147199999998,-1790.0420000000001,-6137.189199999998
19,517.9618,1410.7538,-1084.5772,0.0,0.0,0.0,-1282.3093,-16216.6722,592.0943,11767.8593,-1816.6782,39.9622,0.0,-4294.889500000001,-1776.7160000000001,-6071.6055000000015
20,493.6593,1473.1938,-1067.8884,0.0,0.0,0.0,-1291.3202,-16118.0154,599.488,11749.4011,-1883.3541,40.2553,0.0,-4161.481800000003,-1843.0988,-6004.580600000004
21,531.736,1397.6708,-1088.7447,0.0,0.0,0.0,-1249.3182,-16167.0651,581.8188,11753.5293,-1928.4893,41.0456,0.0,-4240.373099999999,-1887.4437,-6127.816799999999
22,528.7874,1432.9845,-1083.3422,0.0,0.0,0.0,-1266.3519,-16185.4842,595.3349,11760.7739,-1861.5313,40.585,0.0,-4217.2976,-1820.9463,-6038.2439
23,525.2707,1462.729,-1082.8045,0.0,0.0,0.0,-1296.9255,-16185.9702,617.3673,11743.3062,-1854.3875,39.8721,0.0,-4217.026999999998,-1814.5154,-6031.542399999998
24,508.1334,1443.6112,-1084.8777,0.0,0.0,0.0,-1283.5085,-16051.2457,606.9076,11770.0811,-1984.7537,40.4351,0.0,-4090.8985999999986,-1944.3186,-6035.217199999999
25,517.0135,1467.2877,-1077.785,0.0,0.0,0.0,-1268.1463,-16168.2567,590.6549,11669.0051,-1823.0638,39.583,0.0,-4270.2268,-1783.4807999999998,-6053.707600000001
26,514.7647,1468.8726,-1075.4949,0.0,0.0,0.0,-1277.1378,-15921.1094,590.7938,11757.8522,-2091.4454,41.4707,0.0,-3941.4588000000003,-2049.9747,-5991.433500000001
27,482.2617,1427.5084,-1101.159,0.0,0.0,0.0,-1275.014,-16051.952,593.6856,11736.2794,-1939.8361,40.3373,0.0,-4188.389899999998,-1899.4988,-6087.888699999999
28,484.2642,1434.6895,-1092.1931,0.0,0.0,0.0,-1277.5327,-16009.8847,601.1738,11717.6365,-2005.7712,39.986,0.0,-4141.8465,-1965.7851999999998,-6107.6317
29,491.4688,1412.7394,-1086.5532,0.0,0.0,0.0,-1268.9132,-16117.2506,619.4229,11873.854,-2017.2911,40.8861,0.0,-4075.2319000000007,-1976.405,-6051.636900000001
30,500.9798,1438.3183,-1062.4672,0.0,0.0,0.0,-1258.9652,-16015.9445,602.7394,11814.2844,-2054.659,42.3429,0.0,-3981.0549999999985,-2012.3161,-5993.3710999999985
31,513.245,1467.7489,-1057.4918,0.0,0.0,0.0,-1263.0198,-16039.9907,600.0316,11764.6333,-2015.8245,41.5452,0.0,-4014.843500000001,-1974.2793,-5989.122800000001
32,521.4425,1352.4967,-1089.0603,0.0,0.0,0.0,-1301.4901,-16155.7534,608.4776,11812.9744,-1940.488,41.4463,0.0,-4250.9126000000015,-1899.0417,-6149.954300000002
33,515.2071,1423.8713,-1095.2237,0.0,0.0,0.0,-1267.0579,-16103.3961,607.8384,11736.3817,-1949.3918,41.0294,0.0,-4182.379200000001,-1908.3624000000002,-6090.741600000001
34,519.9747,1430.8088,-1063.722,0.0,0.0,0.0,-1282.4504,-15978.081,620.4477,11793.1791,-2064.5814,40.4365,0.0,-3959.8431,-2024.1449,-5983.988
35,543.6562,1386.9175,-1058.8815,0.0,0.0,0.0,-1291.0555,-16031.0625,594.983,11735.0244,-1979.3483,40.0458,0.0,-4120.4184000000005,-1939.3025,-6059.7209
36,498.5541,1456.6983,-1087.1895,0.0,0.0,0.0,-1288.1623,-16127.8171,584.5895,11652.6939,-1841.2476,39.7012,0.0,-4310.633099999999,-1801.5464,-6112.179499999998
37,547.2325,1435.3926,-1122.4932,0.0,0.0,0.0,-1283.4274,-16060.9109,591.9122,11758.6739,-1971.1958,40.3867,0.0,-4133.620300000002,-1930.8091,-6064.429400000002
38,513.4331,1414.5536,-1069.2989,0.0,0.0,0.0,-1298.7454,-16152.3127,617.659,11792.0006,-1963.6673,39.9337,0.0,-4182.710700000003,-1923.7336,-6106.444300000004
39,522.4824,1422.4038,-1078.1891,0.0,0.0,0.0,-1272.0469,-16039.0342,607.066,11782.2907,-2042.066,40.0388,0.0,-4055.0273000000016,-2002.0272,-6057.054500000001
40,507.0165,1421.359,-1118.6294,0.0,0.0,0.0,-1288.1131,-16159.1326,601.5392,11774.0924,-1917.9229,39.1559,0.0,-4261.868000000004,-1878.767,-6140.635000000004
41,534.481,1414.3032,-1082.6359,0.0,0.0,0.0,-1286.6781,-16157.7395,596.1658,11804.3368,-1938.6318,39.9273,0.0,-4177.7667,-1898.7045,-6076.4712
42,484.13,1434.0273,-1111.561,0.0,0.0,0.0,-1246.2977,-16062.1165,606.4539,11795.7289,-2057.0739,41.5018,0.0,-4099.635100000001,-2015.5720999999999,-6115.207200000001
43,520.1913,1429.4995,-1075.7243,0.0,0.0,0.0,-1292.4374,-16136.3663,604.8799,11803.4801,-1957.4936,40.0793,0.0,-4146.477200000001,-1917.4143,-6063.891500000001
44,497.438,1423.4505,-1051.4126,0.0,0.0,0.0,-1291.364,-16015.8718,597.0867,11767.9921,-2013.6658,40.5793,0.0,-4072.6811000000016,-1973.0865,-6045.767600000001
45,504.1104,1390.1574,-1104.2034,0.0,0.0,0.0,-1236.6975,-16126.2017,628.4636,11805.4866,-1993.2159,41.5735,0.0,-4138.884600000001,-1951.6424,-6090.527000000001
46,526.0112,1453.8621,-1100.5249,0.0,0.0,0.0,-1276.3313,-16170.0342,610.3471,11729.8854,-1891.4157,40.4703,0.0,-4226.784600000003,-1850.9454,-6077.730000000002
47,524.3761,1397.397,-1067.5023,0.0,0.0,0.0,-1286.3225,-16095.9435,621.6229,11768.2556,-1994.3727,41.6155,0.0,-4138.1167000000005,-1952.7572,-6090.8739000000005
48,529.6479,1388.9365,-1092.042,0.0,0.0,0.0,-1241.2417,-16157.8598,601.636,11805.2125,-1968.7701,40.7646,0.0,-4165.7105999999985,-1928.0055,-6093.716099999998
49,517.8066,1448.8603,-1098.7949,0.0,0.0,0.0,-1257.7311,-15957.5768,610.3736,11696.6821,-2060.9774,41.3247,0.0,-4040.3801999999996,-2019.6527000000003,-6060.032899999999
50,528.0716,1394.6882,-1081.1703,0.0,0.0,0.0,-1277.2565,-16107.3722,607.9952,11809.1207,-2032.9073,41.4836,0.0,-4125.9233,-1991.4237,-6117.347000000001
51,503.4789,1424.6567,-1062.9602,0.0,0.0,0.0,-1288.6872,-16159.1846,587.6426,11785.764,-1955.0089,40.4793,0.0,-4209.289800000002,-1914.5296,-6123.819400000002
52,489.3143,1391.5285,-1096.4578,0.0,0.0,0.0,-1254.0717,-16241.4541,623.709,11792.1775,-1882.4012,39.9229,0.0,-4295.2543000000005,-1842.4783,-6137.732600000001
53,507.6103,1406.0748,-1088.1481,0.0,0.0,0.0,-1261.8018,-16006.5752,592.1737,11769.6145,-2039.3783,41.6737,0.0,-4081.051800000001,-1997.7046,-6078.756400000001
54,515.8603,1437.9376,-1096.3373,0.0,0.0,0.0,-1289.1532,-16171.5113,613.287,11795.2626,-1945.8266,41.2105,0.0,-4194.6543,-1904.6161000000002,-6099.2704
55,485.3899,1387.143,-1093.7505,0.0,0.0,0.0,-1292.6522,-16047.7553,604.3127,11702.6928,-1959.4034,40.7357,0.0,-4254.6196,-1918.6677,-6173.2873
56,447.3476,1421.9121,-1089.9591,0.0,0.0,0.0,-1305.4503,-16071.9518,621.2884,11819.185,-1982.8734,40.0583,0.0,-4157.628100000002,-1942.8151,-6100.443200000002
57,502.8971,1424.0566,-1113.0608,0.0,0.0,0.0,-1268.6249,-15926.8256,604.7095,11702.3949,-2080.7887,41.9866,0.0,-4074.4532,-2038.8021,-6113.2553
58,525.4159,1384.1627,-1092.0094,0.0,0.0,0.0,-1260.9245,-16041.5298,621.2833,11807.7947,-2058.193,41.5602,0.0,-4055.8071,-2016.6328000000003,-6072.4399
59,515.6721,1447.0916,-1073.3239,0.0,0.0,0.0,-1264.9124,-16077.3992,604.7571,11785.7394,-2023.9999,41.4508,0.0,-4062.3752999999997,-1982.5491,-6044.9244
60,538.2618,1389.0439,-1100.4925,0.0,0.0,0.0,-1241.7824,-16004.0655,602.1429,11797.2714,-2081.9647,42.2132,0.0,-4019.6204,-2039.7515,-6059.3719
61,491.1202,1405.208,-1067.9419,0.0,0.0,0.0,-1294.0219,-16085.3125,615.9407,11751.4595,-2005.953,41.5461,0.0,-4183.547900000001,-1964.4069,-6147.954800000001
62,500.7902,1448.4929,-1082.4559,0.0,0.0,0.0,-1277.2404,-16047.3536,607.6216,11796.4821,-2087.3663,42.2676,0.0,-4053.6631000000016,-2045.0987000000002,-6098.761800000001
63,527.785,1428.2926,-1084.5044,0.0,0.0,0.0,-1254.3188,-15983.2714,622.8744,11730.4373,-2094.5133,41.9176,0.0,-4012.7052999999996,-2052.5957,-6065.301
64,527.2647,1453.0104,-1104.9132,0.0,0.0,0.0,-1287.3953,-16203.0551,598.8188,11714.9168,-1844.6816,40.1488,0.0,-4301.352899999996,-1804.5328,-6105.885699999996
65,528.9576,1430.64,-1098.7906,0.0,0.0,0.0,-1288.2527,-16208.8742,620.8493,11738.7742,-1862.885,40.0392,0.0,-4276.696399999999,-1822.8458,-6099.542199999999
66,539.622,1413.2057,-1091.6162,0.0,0.0,0.0,-1277.8095,-16032.2225,611.6779,11771.1048,-2031.6775,40.6299,0.0,-4066.037800000002,-1991.0476,-6057.085400000002
67,495.246,1378.1024,-1101.73,0.0,0.0,0.0,-1238.2728,-16157.3147,624.4103,11753.62,-1942.5079,42.0613,0.0,-4245.938800000002,-1900.4466,-6146.385400000002
68,513.4566,1388.7495,-1097.2284,0.0,0.0,0.0,-1255.6192,-15960.8427,615.2126,11766.9868,-2105.2095,43.0746,0.0,-4029.2847999999976,-2062.1349,-6091.419699999998
69,493.4645,1466.9937,-1104.9266,0.0,0.0,0.0,-1284.845,-16049.4485,597.5291,11756.9135,-1980.3,40.9758,0.0,-4124.319300000001,-1939.3242,-6063.643500000001
70,509.7351,1375.3019,-1099.2392,0.0,0.0,0.0,-1279.7909,-16246.6128,602.6378,11824.9969,-1849.1988,40.0042,0.0,-4312.971200000002,-1809.1945999999998,-6122.165800000002
71,506.7371,1427.8385,-1132.767,0.0,0.0,0.0,-1287.5935,-16008.2505,609.4712,11788.2434,-2070.9419,41.5445,0.0,-4096.320800000001,-2029.3973999999998,-6125.718200000001
72,512.9201,1445.0225,-1106.4122,0.0,0.0,0.0,-1258.9632,-16200.8097,621.3293,11778.8508,-1929.4763,41.0801,0.0,-4208.062400000001,-1888.3962000000001,-6096.458600000001
73,497.9009,1428.6374,-1089.2413,0.0,0.0,0.0,-1272.1156,-16133.0948,591.3709,11768.3014,-1940.0021,40.6022,0.0,-4208.241100000001,-1899.3999,-6107.6410000000005
74,526.6596,1400.2554,-1085.2765,0.0,0.0,0.0,-1245.7975,-16135.8589,611.5038,11790.7378,-1991.0739,41.1396,0.0,-4137.776299999998,-1949.9343000000001,-6087.710599999998
75,502.5127,1426.6439,-1096.8358,0.0,0.0,0.0,-1282.6842,-16106.1782,611.0887,11786.4884,-2001.0544,41.0648,0.0,-4158.9645,-1959.9895999999999,-6118.9541
76,512.6324,1456.6283,-1052.769,0.0,0.0,0.0,-1290.2889,-16041.5277,597.5178,11804.9802,-2028.4884,40.6447,0.0,-4012.8269,-1987.8437,-6000.6706
77,499.5273,1498.5885,-1102.3062,0.0,0.0,0.0,-1287.4428,-16151.9723,620.1978,11774.7497,-1935.9744,40.5008,0.0,-4148.657999999998,-1895.4736,-6044.131599999998
78,476.1084,1427.8396,-1104.5157,0.0,0.0,0.0,-1291.1528,-16029.4822,616.093,11746.6786,-1999.6796,41.0057,0.0,-4158.431100000002,-1958.6739,-6117.105000000001
79,461.3409,1429.258,-1074.5685,0.0,0.0,0.0,-1279.4855,-16078.7391,608.7623,11750.6238,-1979.8313,40.7582,0.0,-4182.808100000002,-1939.0731,-6121.881200000002
80,473.5469,1477.2217,-1126.6741,0.0,0.0,0.0,-1312.3441,-15946.7341,624.5211,11683.5414,-2036.3374,40.681,0.0,-4126.921200000001,-1995.6563999999998,-6122.577600000001
81,506.4625,1433.0816,-1099.2247,0.0,0.0,0.0,-1271.6676,-16122.5489,598.3519,11780.9447,-1982.8435,40.8579,0.0,-4174.600499999999,-1941.9856,-6116.586099999999
82,529.7228,1424.4075,-1100.0932,0.0,0.0,0.0,-1288.8169,-16221.3909,600.9377,11765.182,-1828.5255,39.9055,0.0,-4290.050999999998,-1788.62,-6078.670999999998
83,498.6247,1455.3975,-1102.9234,0.0,0.0,0.0,-1300.9987,-16133.8138,624.7188,11770.266,-1946.422,40.0028,0.0,-4188.7289,-1906.4192,-6095.1481
84,500.7264,1431.1563,-1093.6339,0.0,0.0,0.0,-1292.0685,-16190.6887,613.9324,11775.5655,-1888.5483,39.8765,0.0,-4255.0104999999985,-1848.6717999999998,-6103.682299999999
85,498.1021,1428.792,-1120.4893,0.0,0.0,0.0,-1271.972,-16242.7713,626.9715,11816.6005,-1881.2335,39.7323,0.0,-4264.7665000000015,-1841.5012000000002,-6106.267700000002
86,501.9223,1464.019,-1119.9743,0.0,0.0,0.0,-1261.7933,-16176.6212,599.6474,11713.5794,-1879.0446,40.4581,0.0,-4279.220699999998,-1838.5865,-6117.807199999998
87,527.509,1423.1539,-1081.0052,0.0,0.0,0.0,-1269.1715,-16154.416,619.4747,11800.6512,-1967.0647,40.3473,0.0,-4133.803899999997,-1926.7174,-6060.521299999997
88,513.2397,1419.387,-1096.6889,0.0,0.0,0.0,-1280.0482,-15988.9695,597.5131,11808.2666,-2066.8641,41.5301,0.0,-4027.3001999999997,-2025.3339999999998,-6052.6341999999995
89,512.3382,1442.6009,-1094.9626,0.0,0.0,0.0,-1257.8913,-16233.7992,623.6871,11836.142,-1883.3368,40.6824,0.0,-4171.884900000001,-1842.6544000000001,-6014.539300000001
90,509.801,1393.7407,-1112.2352,0.0,0.0,0.0,-1287.9377,-16256.2081,620.3039,11784.7865,-1843.2077,40.5174,0.0,-4347.748899999999,-1802.6903,-6150.439199999999
91,527.1698,1431.0645,-1122.4347,0.0,0.0,0.0,-1278.7524,-16130.0187,590.6407,11737.6118,-1906.6135,39.729,0.0,-4244.718999999999,-1866.8845,-6111.603499999998
92,504.2738,1410.2307,-1088.8179,0.0,0.0,0.0,-1268.1855,-16176.0312,622.265,11770.5934,-1839.0871,40.7449,0.0,-4225.671700000001,-1798.3422,-6024.013900000001
93,498.7079,1428.0254,-1087.4431,0.0,0.0,0.0,-1278.7746,-16182.8253,600.343,11761.4648,-1868.5241,41.2343,0.0,-4260.501900000001,-1827.2898,-6087.791700000002
94,520.5677,1444.8912,-1098.4233,0.0,0.0,0.0,-1271.6045,-16195.5086,604.0169,11760.6974,-1861.8632,40.4962,0.0,-4235.3632,-1821.367,-6056.7302
95,529.5189,1430.0309,-1081.1303,0.0,0.0,0.0,-1277.4828,-16200.0167,617.2279,11833.5576,-1913.3043,39.6139,0.0,-4148.294500000002,-1873.6904,-6021.984900000001
96,571.537,1404.1329,-1071.0544,0.0,0.0,0.0,-1278.7047,-16252.0236,603.654,11805.0407,-1876.8903,40.5063,0.0,-4217.418099999999,-1836.384,-6053.802099999999
97,494.7745,1409.2877,-1079.011,0.0,0.0,0.0,-1250.4696,-16206.5232,619.0035,11808.0184,-1903.9679,41.8814,0.0,-4204.919699999997,-1862.0865000000001,-6067.006199999996
98,473.1745,1432.7797,-1092.069,0.0,0.0,0.0,-1258.403,-16003.4254,603.5272,11755.1917,-2020.7241,41.666,0.0,-4089.2243000000017,-1979.0581,-6068.282400000001
99,496.6982,1490.3134,-1095.8839,0.0,0.0,0.0,-1286.9908,-16041.3412,593.8086,11761.6255,-2015.384,40.7515,0.0,-4081.770200000001,-1974.6325,-6056.402700000001
100,516.2431,1458.8806,-1092.3266,0.0,0.0,0.0,-1244.2581,-16150.3902,600.215,11777.8768,-1951.5565,42.4263,0.0,-4133.759400000001,-1909.1301999999998,-6042.8896
101,510.4598,1405.4235,-1101.4056,0.0,0.0,0.0,-1228.8369,-16294.8301,603.3915,11844.5659,-1899.2679,42.1304,0.0,-4261.231899999999,-1857.1375,-6118.369399999999
102,505.5923,1431.0063,-1088.2788,0.0,0.0,0.0,-1240.7348,-16200.5247,593.8733,11793.1254,-1937.6211,42.2072,0.0,-4205.940999999999,-1895.4139,-6101.354899999999
103,490.5652,1416.1804,-1120.3524,0.0,0.0,0.0,-1265.6422,-16152.0683,610.4302,11784.3133,-1962.4755,42.3582,0.0,-4236.573800000002,-1920.1173000000001,-6156.691100000003
104,514.7797,1373.2451,-1085.9224,0.0,0.0,0.0,-1277.4955,-16139.0905,628.3978,11863.4945,-2012.5405,41.2014,0.0,-4122.591299999998,-1971.3391000000001,-6093.930399999998
105,508.6431,1410.2668,-1075.5671,0.0,0.0,0.0,-1276.0439,-15946.3235,615.7922,11845.7928,-2156.4444,41.4921,0.0,-3917.4396000000015,-2114.9523,-6032.391900000001
106,471.3211,1404.1516,-1089.393,0.0,0.0,0.0,-1254.6391,-16132.148,601.1436,11811.9786,-1993.9679,41.3664,0.0,-4187.5851999999995,-1952.6015000000002,-6140.186699999999
107,532.382,1410.8417,-1087.5258,0.0,0.0,0.0,-1272.1896,-16072.4802,614.7218,11788.3537,-2011.0121,40.2261,0.0,-4085.8964000000014,-1970.7859999999998,-6056.6824000000015
108,501.0554,1419.582,-1109.0866,0.0,0.0,0.0,-1242.041,-16103.113,612.7711,11778.7415,-1987.9295,40.6819,0.0,-4142.090599999998,-1947.2476,-6089.338199999998
109,514.9328,1449.6952,-1127.2773,0.0,0.0,0.0,-1236.902,-16153.0963,606.7487,11756.3999,-1931.4466,40.9265,0.0,-4189.499,-1890.5201,-6080.0191
110,483.1593,1437.8955,-1082.9437,0.0,0.0,0.0,-1309.3505,-15973.5704,618.9534,11820.2687,-2113.7309,41.5581,0.0,-4005.587699999998,-2072.1728,-6077.7604999999985
111,501.1621,1483.6284,-1096.6263,0.0,0.0,0.0,-1267.9056,-16039.9905,601.3722,11744.5756,-2003.6989,41.3236,0.0,-4073.784099999999,-1962.3753000000002,-6036.1594
112,493.5858,1467.0046,-1083.2227,0.0,0.0,0.0,-1275.9708,-16059.2274,609.4923,11759.7086,-1982.2882,41.1537,0.0,-4088.6296,-1941.1345,-6029.7641
113,507.9213,1418.7639,-1071.2142,0.0,0.0,0.0,-1257.8965,-16003.9851,596.3933,11724.9878,-2008.4887,43.2473,0.0,-4085.0294999999987,-1965.2414,-6050.270899999999
114,495.258,1442.0914,-1116.3462,0.0,0.0,0.0,-1252.5417,-15973.0912,606.8185,11705.9359,-2049.3768,41.3339,0.0,-4091.8753000000015,-2008.0429,-6099.918200000002
115,511.355,1412.5443,-1083.6163,0.0,0.0,0.0,-1266.2137,-15981.0958,616.2391,11758.7671,-2055.4505,41.0222,0.0,-4032.0203,-2014.4283,-6046.4486
116,507.8681,1398.896,-1074.2485,0.0,0.0,0.0,-1241.9101,-16007.5632,615.5965,11804.5791,-2094.8047,41.8412,0.0,-3996.7820999999985,-2052.9635000000003,-6049.745599999999
117,495.6843,1480.0154,-1094.0801,0.0,0.0,0.0,-1282.1809,-15981.8907,599.1472,11741.1269,-1999.0001,40.6355,0.0,-4042.1779000000006,-1958.3645999999999,-6000.5425000000005
118,539.6468,1452.9545,-1126.072,0.0,0.0,0.0,-1229.4524,-15977.0991,596.7299,11751.2284,-2057.5209,42.3886,0.0,-3992.063899999999,-2015.1323,-6007.1961999999985
119,492.3221,1418.1152,-1083.603,0.0,0.0,0.0,-1248.6721,-16126.1201,603.0602,11785.5071,-1983.4763,41.2145,0.0,-4159.390600000001,-1942.2618,-6101.652400000001
120,505.6483,1367.9789,-1103.5407,0.0,0.0,0.0,-1248.6709,-16143.6308,621.8585,11794.5561,-1938.4916,40.9006,0.0,-4205.800600000002,-1897.5910000000001,-6103.391600000003
121,501.0052,1424.7504,-1143.1107,0.0,0.0,0.0,-1248.1017,-16118.1578,599.9903,11769.1061,-1966.9764,40.7358,0.0,-4214.5182,-1926.2406,-6140.7588
122,504.6612,1406.9675,-1108.3958,0.0,0.0,0.0,-1296.8455,-16119.7648,602.787,11731.6373,-1886.9056,40.5009,0.0,-4278.953100000001,-1846.4047,-6125.357800000001
123,505.3023,1433.782,-1106.3484,0.0,0.0,0.0,-1247.5797,-16163.7955,583.9253,11780.474,-1927.9798,42.3669,0.0,-4214.239999999998,-1885.6129,-6099.852899999998
124,511.2564,1431.0619,-1137.2111,0.0,0.0,0.0,-1294.7284,-16153.4669,617.9566,11784.2912,-1931.4777,40.5545,0.0,-4240.840300000002,-1890.9232,-6131.763500000001
125,521.0854,1410.5435,-1078.2026,0.0,0.0,0.0,-1283.803,-16050.9649,611.1209,11794.2763,-2028.2521,40.9679,0.0,-4075.9444000000003,-1987.2841999999998,-6063.2286
126,521.0804,1390.9493,-1102.6732,0.0,0.0,0.0,-1262.7896,-16096.2536,607.4527,11793.6251,-2006.5635,41.5784,0.0,-4148.608899999999,-1964.9850999999999,-6113.593999999999
127,526.9172,1460.7547,-1103.4586,0.0,0.0,0.0,-1258.6322,-15901.2901,601.4437,11741.6246,-2187.7385,43.0967,0.0,-3932.6407000000017,-2144.6418,-6077.282500000001
128,485.5801,1447.9602,-1097.0472,0.0,0.0,0.0,-1284.5469,-16103.909,607.8069,11830.7146,-2038.8955,41.1513,0.0,-4113.441300000002,-1997.7442,-6111.185500000002
129,527.5945,1427.9465,-1095.9168,0.0,0.0,0.0,-1285.6009,-15968.8177,619.3237,11723.8128,-2080.3597,41.8511,0.0,-4051.6578999999983,-2038.5086,-6090.166499999998
130,546.3647,1377.791,-1087.2858,0.0,0.0,0.0,-1260.4879,-15984.4734,586.4598,11808.7582,-2080.0221,41.3026,0.0,-4012.8734000000004,-2038.7195000000002,-6051.592900000001
131,535.9496,1432.0924,-1092.1725,0.0,0.0,0.0,-1275.82,-16076.2205,606.1506,11797.9042,-2022.4589,39.9722,0.0,-4072.1161999999968,-1982.4867000000002,-6054.602899999996
132,511.3153,1438.7476,-1078.9193,0.0,0.0,0.0,-1255.4997,-16091.03,600.4643,11762.6472,-1987.5084,42.0428,0.0,-4112.274600000001,-1945.4656,-6057.7402
133,550.9339,1363.4868,-1101.0901,0.0,0.0,0.0,-1282.5468,-16130.003,602.3393,11808.8435,-1962.6282,41.0047,0.0,-4188.036399999999,-1921.6235000000001,-6109.659899999999
134,501.4271,1461.9449,-1100.6138,0.0,0.0,0.0,-1274.2767,-15958.2011,613.4743,11732.5483,-2046.2656,40.4228,0.0,-4023.697,-2005.8428,-6029.5398
135,507.5116,1499.4618,-1091.1844,0.0,0.0,0.0,-1252.0285,-16084.1896,598.8331,11793.134,-2037.9854,41.5498,0.0,-4028.4620000000014,-1996.4356,-6024.897600000001
136,498.9763,1483.8625,-1087.1115,0.0,0.0,0.0,-1270.7702,-16013.1803,608.375,11772.1456,-2059.5218,41.3791,0.0,-4007.7026000000005,-2018.1426999999999,-6025.845300000001
137,507.1702,1420.6441,-1079.9574,0.0,0.0,0.0,-1281.4465,-15915.002,618.3694,11790.2166,-2140.2426,41.3865,0.0,-3940.0056000000004,-2098.8561,-6038.8617
138,531.4804,1461.6002,-1082.0676,0.0,0.0,0.0,-1284.253,-16049.3108,579.9259,11776.9415,-2033.8843,41.3907,0.0,-4065.6833999999963,-1992.4936,-6058.176999999996
139,492.6042,1393.6228,-1100.7412,0.0,0.0,0.0,-1282.9576,-16037.7293,619.4773,11767.4288,-2003.9391,41.4905,0.0,-4148.295000000002,-1962.4486000000002,-6110.743600000002
140,492.8546,1411.4389,-1091.4158,0.0,0.0,0.0,-1238.9587,-16091.3747,615.9315,11810.5186,-2072.8435,41.5545,0.0,-4091.0055999999986,-2031.289,-6122.294599999998
141,480.803,1438.9127,-1092.7882,0.0,0.0,0.0,-1256.8268,-16126.2419,616.2956,11769.6507,-1945.3347,41.1543,0.0,-4170.194900000002,-1904.1804000000002,-6074.375300000002
142,491.6049,1445.9662,-1097.2735,0.0,0.0,0.0,-1272.6884,-16162.7212,625.1161,11783.8976,-1956.1503,41.396,0.0,-4186.0983000000015,-1914.7543,-6100.852600000002
143,545.3409,1434.6714,-1095.5717,0.0,0.0,0.0,-1305.0194,-16113.7649,600.7284,11772.1275,-1967.8604,40.4239,0.0,-4161.487800000001,-1927.4365,-6088.924300000001
144,557.2808,1471.0171,-1059.0424,0.0,0.0,0.0,-1295.0943,-16031.1355,575.7036,11723.5906,-1965.8095,39.5881,0.0,-4057.6800999999996,-1926.2214000000001,-5983.9015
145,500.1204,1389.7152,-1066.4121,0.0,0.0,0.0,-1259.055,-15972.6859,609.3019,11763.1106,-2080.6219,41.2194,0.0,-4035.9048999999995,-2039.4025000000001,-6075.3074
146,507.6308,1444.0215,-1102.2356,0.0,0.0,0.0,-1283.864,-16112.8559,587.8598,11768.688,-1948.9454,40.1331,0.0,-4190.755400000002,-1908.8123,-6099.567700000002
147,502.1798,1420.9137,-1092.4301,0.0,0.0,0.0,-1258.5918,-15990.9978,592.3872,11794.3524,-2070.5641,41.7031,0.0,-4032.186599999999,-2028.861,-6061.047599999999
148,501.3759,1406.1545,-1091.4948,0.0,0.0,0.0,-1261.9094,-16101.1341,619.1714,11788.0685,-2006.5047,41.2492,0.0,-4139.768000000002,-1965.2555,-6105.023500000001
149,529.9622,1448.6436,-1090.683,0.0,0.0,0.0,-1276.822,-16042.6797,589.666,11755.2882,-2028.5128,40.394,0.0,-4086.6247000000003,-1988.1188,-6074.7435000000005
150,490.2902,1404.9443,-1085.2224,0.0,0.0,0.0,-1267.1001,-16031.7205,619.0121,11786.9714,-2049.1361,41.4401,0.0,-4082.824999999999,-2007.6960000000001,-6090.520999999999
151,494.3466,1444.2647,-1112.6637,0.0,0.0,0.0,-1264.7795,-16040.9047,614.075,11800.04,-2063.6223,41.0705,0.0,-4065.6215999999986,-2022.5518,-6088.173399999999
152,499.5976,1424.5379,-1107.2912,0.0,0.0,0.0,-1272.9362,-15882.3033,609.1025,11823.3284,-2207.4287,41.2926,0.0,-3905.964299999998,-2166.1360999999997,-6072.100399999998
153,495.3282,1429.3932,-1083.8235,0.0,0.0,0.0,-1273.9413,-16150.764,611.965,11829.578,-1964.9941,41.4729,0.0,-4142.264399999998,-1923.5212,-6065.785599999998
154,501.5852,1408.9743,-1096.6117,0.0,0.0,0.0,-1238.1903,-16037.421,604.4884,11818.5706,-2095.1299,41.5382,0.0,-4038.6044999999995,-2053.5917,-6092.196199999999
155,479.634,1423.0125,-1100.8863,0.0,0.0,0.0,-1238.0547,-16076.7894,636.9765,11828.3233,-2040.9972,41.1105,0.0,-4047.784099999997,-1999.8867,-6047.670799999997
156,497.9468,1417.6615,-1079.6129,0.0,0.0,0.0,-1245.6822,-16129.9062,614.9915,11838.2579,-2002.1617,40.9481,0.0,-4086.3436,-1961.2136,-6047.557200000001
157,509.5992,1403.3956,-1105.4037,0.0,0.0,0.0,-1249.747,-16013.7129,635.451,11806.7692,-2123.4118,40.939,0.0,-4013.6485999999986,-2082.4728,-6096.121399999998
158,499.4214,1400.3138,-1079.0589,0.0,0.0,0.0,-1263.8412,-16113.191,618.6773,11829.8315,-1997.975,40.4727,0.0,-4107.847100000003,-1957.5022999999999,-6065.349400000003
159,553.9643,1409.4629,-1118.1316,0.0,0.0,0.0,-1279.8944,-16013.864,596.0608,11817.7109,-2083.1307,41.2913,0.0,-4034.691100000002,-2041.8394,-6076.530500000002
160,555.026,1437.0083,-1073.7483,0.0,0.0,0.0,-1291.8631,-15890.6759,614.9327,11745.3617,-2141.6433,41.4732,0.0,-3903.9586000000018,-2100.1701000000003,-6004.128700000001
161,506.1891,1459.4731,-1074.5571,0.0,0.0,0.0,-1261.3673,-15947.7636,601.0373,11736.0901,-2083.1545,41.8329,0.0,-3980.8984,-2041.3216,-6022.22
162,507.38,1418.8533,-1088.4239,0.0,0.0,0.0,-1255.5549,-15932.6793,606.2811,11810.1973,-2185.4084,42.3338,0.0,-3933.9464000000007,-2143.0746,-6077.021000000001
163,544.3237,1414.3697,-1103.5421,0.0,0.0,0.0,-1278.0551,-16004.4205,603.1567,11808.0205,-2098.8643,41.8198,0.0,-4016.1471,-2057.0445,-6073.1916
164,501.9059,1411.0628,-1106.5356,0.0,0.0,0.0,-1249.2774,-16104.3154,601.9323,11795.5908,-2050.3936,42.251,0.0,-4149.6366,-2008.1426,-6157.779199999999
165,494.393,1417.1731,-1106.7716,0.0,0.0,0.0,-1249.6395,-15915.4951,611.9852,11772.2154,-2153.4901,42.679,0.0,-3976.139500000001,-2110.8111,-6086.950600000001
166,514.3133,1429.3491,-1080.6062,0.0,0.0,0.0,-1282.5708,-16052.8609,607.9763,11762.6664,-2010.7273,42.1163,0.0,-4101.732799999998,-1968.611,-6070.343799999999
167,482.6642,1436.456,-1082.7355,0.0,0.0,0.0,-1273.7004,-15970.5215,614.0709,11807.8937,-2138.3625,40.5988,0.0,-3985.8726000000006,-2097.7637,-6083.636300000001
168,528.1755,1373.4201,-1077.8568,0.0,0.0,0.0,-1272.9791,-16002.2822,612.1991,11745.7192,-2035.87,40.9715,0.0,-4093.6041999999998,-1994.8984999999998,-6088.5027
169,536.75,1437.7892,-1093.545,0.0,0.0,0.0,-1261.8887,-16143.973,615.7957,11760.6727,-1949.8916,41.8462,0.0,-4148.3991000000005,-1908.0454,-6056.4445000000005
170,492.891,1396.8734,-1099.9482,0.0,0.0,0.0,-1244.2948,-16001.838,629.9766,11789.1097,-2100.0643,41.4357,0.0,-4037.2302999999974,-2058.6286,-6095.858899999997
171,486.4051,1423.6165,-1064.2789,0.0,0.0,0.0,-1274.7889,-15930.8693,603.7503,11794.4063,-2157.8336,41.3935,0.0,-3961.7589000000007,-2116.4401,-6078.1990000000005
172,540.345,1419.2833,-1070.2366,0.0,0.0,0.0,-1282.9008,-16006.5975,613.0091,11803.5281,-2076.9287,40.9674,0.0,-3983.5694000000003,-2035.9613,-6019.530700000001
173,507.6355,1447.1843,-1118.4732,0.0,0.0,0.0,-1250.926,-16106.7542,611.7281,11788.3031,-2040.7806,41.5647,0.0,-4121.302399999999,-1999.2159000000001,-6120.518299999999
174,482.2644,1408.4423,-1147.8873,0.0,0.0,0.0,-1248.7333,-16164.7786,621.3319,11810.147,-1944.4759,40.851,0.0,-4239.213600000001,-1903.6248999999998,-6142.838500000001
175,524.035,1401.6676,-1092.8088,0.0,0.0,0.0,-1301.9814,-16034.3283,608.1154,11806.3594,-2027.7457,39.9867,0.0,-4088.9411,-1987.759,-6076.700099999999
176,499.1011,1428.0843,-1056.421,0.0,0.0,0.0,-1275.4687,-16129.9678,596.3315,11779.3959,-1967.3017,40.4046,0.0,-4158.9447,-1926.8971,-6085.8418
177,506.3746,1438.6472,-1048.8186,0.0,0.0,0.0,-1297.1648,-16106.9048,604.4329,11840.3261,-2032.5633,41.1869,0.0,-4063.107399999999,-1991.3764,-6054.483799999999
178,492.2036,1382.5658,-1075.2542,0.0,0.0,0.0,-1266.2475,-16093.8402,606.024,11824.7133,-2023.9211,40.8412,0.0,-4129.835200000003,-1983.0799,-6112.915100000003
179,508.5242,1468.1468,-1075.6592,0.0,0.0,0.0,-1254.6475,-16076.003,597.4679,11785.9622,-2031.6397,40.6479,0.0,-4046.2086,-1990.9918,-6037.2004
180,507.4513,1453.3009,-1085.8378,0.0,0.0,0.0,-1266.9971,-16015.3666,596.443,11757.1463,-2025.8585,40.64,0.0,-4053.8600000000006,-1985.2185,-6039.0785000000005
181,517.0738,1396.4406,-1085.5234,0.0,0.0,0.0,-1262.1569,-16037.4992,613.0444,11789.5554,-2053.2397,40.5151,0.0,-4069.0652999999984,-2012.7246,-6081.789899999999
182,539.2387,1417.4962,-1079.349,0.0,0.0,0.0,-1238.7286,-16104.4621,598.9832,11808.708,-1986.1631,41.1727,0.0,-4058.1136000000006,-1944.9904,-6003.104
183,536.4152,1464.6671,-1095.4656,0.0,0.0,0.0,-1274.8899,-16069.7448,603.813,11740.3338,-1973.635,40.7241,0.0,-4094.8711999999996,-1932.9109,-6027.782099999999
184,510.557,1386.0734,-1076.7127,0.0,0.0,0.0,-1278.1483,-16143.3269,615.1002,11825.9166,-2021.5893,39.8482,0.0,-4160.540699999998,-1981.7411000000002,-6142.281799999997
185,516.3502,1410.2079,-1113.6211,0.0,0.0,0.0,-1265.5679,-16111.4765,606.4694,11847.5176,-2038.675,40.8252,0.0,-4110.120400000002,-1997.8498,-6107.970200000002
186,499.2278,1343.6778,-1096.5224,0.0,0.0,0.0,-1254.1562,-16248.5144,610.2126,11844.0119,-1896.0524,40.9223,0.0,-4302.062900000001,-1855.1301,-6157.193000000001
187,542.5416,1400.6151,-1092.0358,0.0,0.0,0.0,-1276.0071,-16058.3125,619.5209,11795.4216,-2061.1973,40.6547,0.0,-4068.2562000000016,-2020.5425999999998,-6088.798800000001
188,506.8349,1379.3199,-1087.2683,0.0,0.0,0.0,-1260.1805,-16226.3303,611.8934,11850.9121,-1944.7789,40.5308,0.0,-4224.818799999999,-1904.2481,-6129.0669
189,527.5918,1381.146,-1081.7141,0.0,0.0,0.0,-1293.2283,-16035.7224,605.2429,11810.5316,-2055.1374,40.4894,0.0,-4086.1525,-2014.6480000000001,-6100.800499999999
190,513.8556,1429.7438,-1099.7813,0.0,0.0,0.0,-1273.9323,-16096.9581,604.0284,11838.0143,-2032.8881,40.7977,0.0,-4085.0296,-1992.0903999999998,-6077.12
191,519.7901,1419.7266,-1076.3059,0.0,0.0,0.0,-1265.5592,-16051.3878,600.2953,11844.9326,-2083.1622,42.1372,0.0,-4008.5082999999995,-2041.0250000000003,-6049.5333
192,501.3357,1419.9453,-1096.7629,0.0,0.0,0.0,-1275.5363,-16034.974,612.1871,11829.5501,-2099.5767,42.6089,0.0,-4044.255000000001,-2056.9678,-6101.2228000000005
193,541.4707,1409.8202,-1092.9939,0.0,0.0,0.0,-1267.8789,-15967.8624,606.96,11808.8519,-2119.8151,41.9286,0.0,-3961.6324000000004,-2077.8864999999996,-6039.5189
194,502.1652,1361.4572,-1072.5398,0.0,0.0,0.0,-1264.2121,-16143.416,594.6441,11803.1105,-1953.1073,41.5202,0.0,-4218.7909,-1911.5871,-6130.378
195,486.3726,1420.6311,-1081.4035,0.0,0.0,0.0,-1270.3194,-16156.6735,596.9075,11817.3051,-1979.1326,41.9487,0.0,-4187.180100000001,-1937.1839,-6124.364000000001
196,516.4325,1475.016,-1100.7188,0.0,0.0,0.0,-1258.9285,-15976.2975,612.2892,11767.0522,-2111.338,43.6351,0.0,-3965.1549000000014,-2067.7029,-6032.857800000001
197,522.4633,1365.1756,-1106.7556,0.0,0.0,0.0,-1222.0344,-16009.6204,607.6257,11765.7087,-2070.0557,42.7155,0.0,-4077.437099999999,-2027.3401999999999,-6104.777299999999
198,505.0561,1430.1695,-1081.0912,0.0,0.0,0.0,-1265.1952,-16084.5674,604.416,11778.6275,-1994.4311,41.6889,0.0,-4112.584699999999,-1952.7422,-6065.326899999999
199,507.1087,1402.454,-1067.8709,0.0,0.0,0.0,-1255.4298,-16010.4427,610.2567,11764.8847,-2055.1255,41.7489,0.0,-4049.0393000000004,-2013.3766,-6062.415900000001
200,531.4555,1400.997,-1123.5615,0.0,0.0,0.0,-1262.6568,-16045.755,601.2725,11766.7688,-2038.4524,41.2606,0.0,-4131.4794999999995,-1997.1917999999998,-6128.6713
201,483.2594,1481.6512,-1114.9952,0.0,0.0,0.0,-1271.8248,-16061.5368,605.6749,11815.2158,-2035.0187,41.9143,0.0,-4062.5554999999986,-1993.1044000000002,-6055.659899999999
202,524.4555,1453.8996,-1075.7269,0.0,0.0,0.0,-1257.0659,-16126.2503,626.6721,11851.3866,-2000.5909,41.4217,0.0,-4002.6292999999987,-1959.1691999999998,-5961.798499999999
203,514.5295,1430.602,-1080.1532,0.0,0.0,0.0,-1270.6043,-16150.5339,613.2737,11843.0895,-1989.8025,41.1346,0.0,-4099.796699999999,-1948.6679,-6048.464599999998
204,519.3657,1375.3999,-1069.8575,0.0,0.0,0.0,-1270.736,-16002.2894,615.4652,11823.6096,-2071.3958,42.0836,0.0,-4009.0425000000014,-2029.3121999999998,-6038.354700000002
205,528.1419,1421.2806,-1106.6382,0.0,0.0,0.0,-1253.6729,-15998.6027,601.9677,11818.5392,-2091.329,42.7056,0.0,-3988.9843999999994,-2048.6234000000004,-6037.607799999999
206,505.9479,1414.9787,-1107.1236,0.0,0.0,0.0,-1255.9684,-16045.7669,618.0598,11765.9693,-2015.0567,42.0321,0.0,-4103.903200000001,-1973.0246000000002,-6076.9278
207,507.8185,1449.4817,-1098.5053,0.0,0.0,0.0,-1257.3528,-16159.2157,576.4803,11774.7855,-1933.4793,40.4409,0.0,-4206.507800000001,-1893.0384,-6099.546200000002
208,497.0663,1428.7764,-1070.5984,0.0,0.0,0.0,-1270.2188,-16213.7362,619.048,11824.5712,-1898.6641,41.6631,0.0,-4185.091499999999,-1857.001,-6042.092499999999
209,503.9471,1354.091,-1054.033,0.0,0.0,0.0,-1281.4402,-16177.7029,604.7426,11840.0734,-1985.0741,41.7189,0.0,-4210.322,-1943.3552,-6153.6772
210,510.9925,1391.795,-1095.2981,0.0,0.0,0.0,-1248.7002,-15965.4593,602.7638,11771.0272,-2135.3828,41.8862,0.0,-4032.8790999999983,-2093.4966,-6126.375699999998
211,499.0458,1428.636,-1122.0191,0.0,0.0,0.0,-1262.6674,-15909.2532,607.6615,11768.408,-2133.4957,41.6711,0.0,-3990.188399999999,-2091.8246,-6082.012999999999
212,530.1847,1439.9621,-1085.9184,0.0,0.0,0.0,-1265.6966,-15952.3175,609.6226,11769.2723,-2085.1451,41.8334,0.0,-3954.8907999999974,-2043.3117000000002,-5998.202499999997
213,544.8542,1454.6825,-1083.5856,0.0,0.0,0.0,-1241.0659,-15986.9565,585.358,11737.7065,-2090.7494,41.4624,0.0,-3989.006799999999,-2049.2870000000003,-6038.2937999999995
214,497.7726,1445.2594,-1096.531,0.0,0.0,0.0,-1278.2226,-16121.0723,617.7846,11826.5107,-2024.5928,41.6801,0.0,-4108.498600000001,-1982.9126999999999,-6091.411300000002
215,499.7258,1458.4117,-1086.3659,0.0,0.0,0.0,-1276.5606,-16050.9102,583.7631,11819.6996,-2052.0112,41.2387,0.0,-4052.236499999999,-2010.7724999999998,-6063.008999999999
216,483.8385,1455.0813,-1088.7408,0.0,0.0,0.0,-1290.1607,-15913.0043,618.3257,11813.0791,-2165.4057,41.9071,0.0,-3921.5812000000005,-2123.4986,-6045.0797999999995
217,504.7402,1443.8268,-1071.2588,0.0,0.0,0.0,-1234.178,-16096.0465,623.612,11778.5111,-2057.2174,41.2897,0.0,-4050.793200000002,-2015.9277,-6066.720900000001
218,496.401,1461.0455,-1121.8176,0.0,0.0,0.0,-1266.1457,-16069.676,605.4286,11848.5184,-2049.824,41.019,0.0,-4046.2458000000006,-2008.805,-6055.050800000001
219,517.6392,1379.3536,-1089.324,0.0,0.0,0.0,-1242.9404,-16143.0,603.9023,11841.592,-2007.4514,41.842,0.0,-4132.7773,-1965.6093999999998,-6098.3867
220,539.9168,1441.0447,-1103.5449,0.0,0.0,0.0,-1241.5207,-16176.9963,605.0428,11755.7281,-1940.1763,40.645,0.0,-4180.3295,-1899.5313,-6079.8607999999995
221,529.2104,1415.3283,-1119.518,0.0,0.0,0.0,-1308.5299,-16087.7706,581.0578,11810.4319,-2014.0456,41.1217,0.0,-4179.7901,-1972.9239,-6152.714
222,520.2921,1461.8835,-1082.3599,0.0,0.0,0.0,-1278.3312,-16071.0887,619.3683,11775.3363,-2019.5046,40.9879,0.0,-4054.8996000000006,-1978.5167,-6033.416300000001
223,501.9457,1409.2737,-1097.4291,0.0,0.0,0.0,-1277.6713,-16112.5889,604.0748,11821.3715,-2025.6062,41.6223,0.0,-4151.0236,-1983.9839,-6135.007500000001
224,499.7662,1437.6302,-1096.4278,0.0,0.0,0.0,-1270.5105,-16040.4125,608.0947,11757.6931,-2008.7361,41.8403,0.0,-4104.166599999999,-1966.8958,-6071.062399999999
225,502.2178,1432.1519,-1087.7829,0.0,0.0,0.0,-1265.6522,-16030.8711,606.1999,11767.5855,-2031.6249,42.1489,0.0,-4076.151100000001,-1989.476,-6065.627100000001
226,483.7271,1442.8463,-1089.8779,0.0,0.0,0.0,-1264.6476,-16108.0639,598.0399,11790.6335,-1961.3343,40.9695,0.0,-4147.3426,-1920.3648,-6067.7074
227,521.1662,1406.7688,-1067.9075,0.0,0.0,0.0,-1247.0384,-16099.38,598.8355,11752.3881,-1984.9657,41.4855,0.0,-4135.167299999999,-1943.4802,-6078.647499999999
228,541.0899,1408.6402,-1097.7209,0.0,0.0,0.0,-1258.0185,-16020.7984,600.3145,11730.2351,-2007.6307,41.1349,0.0,-4096.258100000001,-1966.4958,-6062.753900000001
229,514.9713,1403.2221,-1108.8646,0.0,0.0,0.0,-1302.9589,-16060.6893,601.7332,11811.4021,-2012.5507,41.0752,0.0,-4141.1841,-1971.4755,-6112.6596
230,508.5505,1415.4747,-1067.3088,0.0,0.0,0.0,-1258.8557,-16082.1419,619.0119,11800.8444,-2059.72,42.3789,0.0,-4064.424900000002,-2017.3410999999999,-6081.766000000001
231,511.1477,1454.8407,-1070.8781,0.0,0.0,0.0,-1264.8704,-15946.8892,596.7243,11735.937,-2094.5673,42.8127,0.0,-3983.9879999999994,-2051.7546,-6035.7426
232,529.0437,1423.5745,-1086.4634,0.0,0.0,0.0,-1293.5313,-15989.0935,616.1186,11825.4149,-2119.6251,40.7173,0.0,-3974.9365000000016,-2078.9078000000004,-6053.844300000002
233,507.7912,1422.2733,-1076.7018,0.0,0.0,0.0,-1274.4971,-15989.8919,594.4235,11752.1957,-2031.7664,40.4417,0.0,-4064.4071000000004,-1991.3247,-6055.7318000000005
234,487.7522,1423.4464,-1084.8445,0.0,0.0,0.0,-1288.007,-16033.9238,613.4123,11848.5621,-2079.3135,40.3838,0.0,-4033.6023000000023,-2038.9297000000001,-6072.532000000003
235,545.125,1429.823,-1098.0347,0.0,0.0,0.0,-1262.4468,-15957.7322,595.679,11788.0585,-2107.441,41.7598,0.0,-3959.5282000000007,-2065.6812,-6025.209400000001
236,507.3978,1413.6841,-1037.0678,0.0,0.0,0.0,-1291.0406,-16036.2953,612.2087,11837.8115,-2104.8007,41.2313,0.0,-3993.3016000000025,-2063.5694,-6056.871000000002
237,527.1472,1461.1157,-1103.8209,0.0,0.0,0.0,-1284.4532,-15994.0461,593.9515,11723.2354,-2046.526,42.0526,0.0,-4076.8704000000016,-2004.4734,-6081.3438000000015
238,526.6143,1482.4653,-1100.4425,0.0,0.0,0.0,-1260.0572,-16068.0577,607.3139,11764.8485,-1983.4296,40.9868,0.0,-4047.3154000000013,-1942.4428,-5989.758200000001
239,521.3152,1466.2194,-1105.6491,0.0,0.0,0.0,-1268.4541,-16146.5886,603.3446,11784.0038,-1959.5052,40.236,0.0,-4145.808799999997,-1919.2692,-6065.077999999997
240,515.9697,1423.9531,-1087.9388,0.0,0.0,0.0,-1261.1755,-16052.5057,598.3761,11752.9019,-2034.8453,40.7813,0.0,-4110.419199999998,-1994.0639999999999,-6104.483199999999
241,516.0486,1452.209,-1117.0555,0.0,0.0,0.0,-1277.6303,-15987.397,613.2235,11730.5627,-2036.348,41.2111,0.0,-4070.038999999999,-1995.1369,-6065.175899999998
242,551.2516,1437.7518,-1101.4364,0.0,0.0,0.0,-1258.3984,-16044.6495,610.9151,11745.3641,-2052.0078,41.49,0.0,-4059.201699999998,-2010.5177999999999,-6069.719499999997
243,499.0363,1418.9196,-1081.1777,0.0,0.0,0.0,-1286.9111,-15994.4009,609.0392,11749.506,-2036.3001,41.4069,0.0,-4085.9886000000024,-1994.8932,-6080.881800000003
244,550.3335,1412.9488,-1103.1472,0.0,0.0,0.0,-1286.6845,-15977.5406,602.0316,11697.2909,-2008.1273,41.9491,0.0,-4104.7675,-1966.1782,-6070.9457
245,520.1196,1457.1598,-1096.1004,0.0,0.0,0.0,-1265.5737,-15992.4874,618.1396,11705.0868,-2022.5991,40.824,0.0,-4053.655700000001,-1981.7750999999998,-6035.430800000001
246,504.274,1461.4408,-1123.9034,0.0,0.0,0.0,-1262.9286,-15996.9719,604.1661,11760.3959,-2069.4512,40.3383,0.0,-4053.527100000001,-2029.1129,-6082.64
247,516.3128,1440.6489,-1111.1807,0.0,0.0,0.0,-1270.2412,-16040.0197,614.7517,11744.9144,-2028.2094,40.7786,0.0,-4104.813800000002,-1987.4307999999999,-6092.244600000002
248,522.782,1471.4665,-1070.5878,0.0,0.0,0.0,-1285.8669,-16120.9596,603.2101,11779.5932,-1950.5152,39.7926,0.0,-4100.362499999999,-1910.7226,-6011.085099999999
249,482.6299,1475.5321,-1103.695,0.0,0.0,0.0,-1265.2474,-16013.3035,594.6009,11732.4914,-2015.4655,40.5022,0.0,-4096.991600000001,-1974.9633000000001,-6071.9549000000015
250,529.6944,1363.6154,-1081.1217,0.0,0.0,0.0,-1279.9081,-16062.1342,612.9056,11777.0246,-1991.2723,40.3138,0.0,-4139.924000000001,-1950.9585000000002,-6090.8825000000015
251,527.1441,1437.8538,-1102.61,0.0,0.0,0.0,-1277.8667,-16001.9604,604.0303,11766.4116,-2061.9907,39.9016,0.0,-4046.997300000001,-2022.0891,-6069.086400000001
252,534.3732,1404.8785,-1110.1593,0.0,0.0,0.0,-1287.2749,-16023.1916,611.6105,11776.0395,-2016.5173,41.9725,0.0,-4093.7240999999995,-1974.5448,-6068.268899999999
253,512.7143,1405.7873,-1113.5893,0.0,0.0,0.0,-1247.959,-16022.371,616.4011,11749.3837,-2055.0441,41.6194,0.0,-4099.632899999999,-2013.4247,-6113.057599999999
254,496.5514,1438.1161,-1113.5612,0.0,0.0,0.0,-1277.4333,-16234.4241,595.164,11765.118,-1881.3711,40.319,0.0,-4330.4691,-1841.0521,-6171.5212
255,531.7128,1390.8476,-1086.141,0.0,0.0,0.0,-1283.0517,-16225.6298,603.3741,11743.3969,-1858.1798,40.1849,0.0,-4325.491099999999,-1817.9949,-6143.485999999999
256,511.1114,1417.3481,-1118.0309,0.0,0.0,0.0,-1272.0636,-16163.689,622.1841,11777.4737,-1909.2971,39.6525,0.0,-4225.6662,-1869.6446,-6095.310799999999
257,506.3258,1469.7518,-1100.3059,0.0,0.0,0.0,-1275.0057,-16084.0863,605.403,11787.6251,-2013.8561,40.6572,0.0,-4090.2922,-1973.1988999999999,-6063.4911
258,492.908,1462.3638,-1061.6091,0.0,0.0,0.0,-1247.1524,-16044.023,594.6963,11720.9012,-2044.4089,41.1504,0.0,-4081.9151999999995,-2003.2585,-6085.173699999999
259,529.8605,1481.454,-1090.2221,0.0,0.0,0.0,-1280.9685,-16044.8549,589.5996,11719.8272,-1984.5445,39.9371,0.0,-4095.3042000000005,-1944.6073999999999,-6039.9116
260,511.4584,1448.8614,-1112.9245,0.0,0.0,0.0,-1259.9468,-16032.8914,612.5569,11772.5328,-2034.2013,40.3443,0.0,-4060.3532000000014,-1993.857,-6054.210200000001
261,514.0416,1397.3828,-1117.0062,0.0,0.0,0.0,-1284.4163,-16359.038,612.4791,11802.3035,-1800.4546,39.5942,0.0,-4434.253500000001,-1760.8604,-6195.1139
262,520.5396,1429.4022,-1086.6991,0.0,0.0,0.0,-1275.7891,-16174.4178,619.4463,11815.8641,-1958.2805,40.0938,0.0,-4151.653799999998,-1918.1867,-6069.840499999998
263,485.6312,1430.3385,-1057.2303,0.0,0.0,0.0,-1248.4421,-15967.8377,598.6873,11733.9408,-2073.4633,41.669,0.0,-4024.9123,-2031.7942999999998,-6056.7065999999995
264,520.6167,1417.6919,-1092.5604,0.0,0.0,0.0,-1250.2902,-16202.086,616.8034,11756.6833,-1897.5754,40.4885,0.0,-4233.141299999999,-1857.0869,-6090.228199999999
265,512.2488,1410.9501,-1090.9613,0.0,0.0,0.0,-1237.3166,-16233.2361,610.2925,11795.6678,-1911.9402,40.0661,0.0,-4232.354800000001,-1871.8741,-6104.228900000001
266,535.1266,1469.983,-1099.3704,0.0,0.0,0.0,-1284.4628,-16141.6091,607.4304,11775.5488,-1909.7689,40.5906,0.0,-4137.353499999999,-1869.1783,-6006.531799999999
267,507.44,1447.7118,-1092.2162,0.0,0.0,0.0,-1256.3797,-16197.2538,603.9653,11751.3451,-1879.8746,39.712,0.0,-4235.387499999999,-1840.1626,-6075.550099999999
268,504.1742,1407.5256,-1055.8001,0.0,0.0,0.0,-1266.3708,-16141.9832,617.6861,11711.7349,-1903.0359,40.3468,0.0,-4223.033300000001,-1862.6891,-6085.722400000001
269,516.3175,1462.6965,-1106.9211,0.0,0.0,0.0,-1286.7174,-16146.3091,595.6314,11786.6012,-1931.1384,40.782,0.0,-4178.701000000001,-1890.3564000000001,-6069.057400000001
270,479.4422,1427.0472,-1112.6181,0.0,0.0,0.0,-1250.8855,-16152.4119,609.0355,11866.9158,-2008.2608,41.1378,0.0,-4133.4748,-1967.123,-6100.5978
271,505.3325,1462.0757,-1104.3896,0.0,0.0,0.0,-1277.7706,-16206.5703,619.3713,11789.0691,-1898.2694,40.1918,0.0,-4212.8818999999985,-1858.0775999999998,-6070.959499999999
272,525.982,1422.5886,-1111.777,0.0,0.0,0.0,-1253.968,-16073.7046,603.4932,11773.0684,-2012.8788,41.2338,0.0,-4114.3174,-1971.645,-6085.9624
273,469.4239,1389.9624,-1119.3795,0.0,0.0,0.0,-1234.7849,-16224.3158,619.9419,11812.5773,-1911.4648,41.2517,0.0,-4286.574699999999,-1870.2131,-6156.787799999999
274,519.4793,1419.0585,-1101.2216,0.0,0.0,0.0,-1293.1925,-16136.5694,611.4122,11835.9879,-1976.7019,40.3922,0.0,-4145.0455999999995,-1936.3097,-6081.355299999999
275,500.1967,1370.7226,-1076.3261,0.0,0.0,0.0,-1278.2534,-16102.3359,610.4939,11840.3609,-1985.9701,40.0107,0.0,-4135.141300000001,-1945.9594,-6081.100700000002
276,478.0065,1436.6949,-1075.7994,0.0,0.0,0.0,-1259.9871,-16213.0716,608.1956,11771.4283,-1897.4271,40.7248,0.0,-4254.532800000001,-1856.7023000000002,-6111.235100000001
277,524.1228,1489.6668,-1095.7255,0.0,0.0,0.0,-1332.7715,-16120.9219,593.7257,11781.7758,-1923.3882,40.3689,0.0,-4160.127800000002,-1883.0193000000002,-6043.147100000002
278,479.9313,1467.2319,-1112.2242,0.0,0.0,0.0,-1276.6031,-16260.2435,605.7582,11796.204,-1861.5225,40.5179,0.0,-4299.945400000002,-1821.0046,-6120.950000000003
279,495.2012,1447.9807,-1089.9732,0.0,0.0,0.0,-1264.9691,-16172.445,613.2532,11766.224,-1886.7804,40.1935,0.0,-4204.7282,-1846.5869,-6051.315099999999
280,521.4049,1431.6043,-1082.4206,0.0,0.0,0.0,-1268.1,-16329.5389,619.1716,11850.2652,-1851.609,41.0284,0.0,-4257.6134999999995,-1810.5806,-6068.1941
281,516.9363,1445.2977,-1074.3367,0.0,0.0,0.0,-1273.7242,-16117.2279,609.5961,11751.5131,-1913.8458,39.7635,0.0,-4141.945600000001,-1874.0823,-6016.027900000001
282,529.3106,1384.6223,-1123.8084,0.0,0.0,0.0,-1286.1863,-16100.3598,597.0545,11741.1835,-1940.2513,40.7725,0.0,-4258.183600000002,-1899.4787999999999,-6157.662400000002
283,491.4627,1450.4571,-1075.1141,0.0,0.0,0.0,-1260.3333,-16247.2305,625.8554,11797.4778,-1851.8448,39.9297,0.0,-4217.424899999998,-1811.9151000000002,-6029.339999999998
284,510.4738,1387.5237,-1079.8783,0.0,0.0,0.0,-1288.9056,-16333.3637,607.0973,11775.1063,-1758.2205,39.9498,0.0,-4421.9465,-1718.2706999999998,-6140.217199999999
285,482.8746,1385.9143,-1086.7605,0.0,0.0,0.0,-1278.7809,-16365.9023,613.1057,11855.9227,-1780.8519,39.6567,0.0,-4393.626400000001,-1741.1951999999999,-6134.821600000001
286,520.9811,1411.5676,-1064.977,0.0,0.0,0.0,-1295.3222,-16184.1103,602.6586,11752.3959,-1862.9296,40.7985,0.0,-4256.806300000002,-1822.1310999999998,-6078.937400000002
287,490.8242,1396.6697,-1054.6383,0.0,0.0,0.0,-1271.5824,-16160.2241,606.4869,11858.5192,-1995.67,40.9719,0.0,-4133.944799999999,-1954.6981,-6088.6429
288,521.7895,1419.7746,-1054.892,0.0,0.0,0.0,-1325.0745,-16229.9898,615.4873,11840.4276,-1891.7354,39.3925,0.0,-4212.477299999997,-1852.3429,-6064.8201999999965
289,504.6116,1390.478,-1085.1504,0.0,0.0,0.0,-1263.4732,-16148.2013,608.0322,11787.3705,-1978.6457,41.3729,0.0,-4206.3326,-1937.2728,-6143.6053999999995
290,499.6915,1406.6012,-1087.7828,0.0,0.0,0.0,-1280.306,-16001.5383,600.6806,11755.9019,-2057.7931,39.9374,0.0,-4106.751899999999,-2017.8556999999998,-6124.607599999999
291,549.9384,1382.1764,-1080.2558,0.0,0.0,0.0,-1282.3873,-15944.142,608.4029,11758.535,-2095.4632,40.441,0.0,-4007.732400000001,-2055.0222000000003,-6062.754600000001
292,531.4884,1458.1761,-1103.5583,0.0,0.0,0.0,-1285.574,-16129.4255,587.7877,11815.8539,-2002.0029,40.8436,0.0,-4125.251699999999,-1961.1593,-6086.410999999998
293,503.4672,1465.5143,-1074.8383,0.0,0.0,0.0,-1248.7839,-16133.8084,604.4925,11847.9804,-2015.7181,40.5938,0.0,-4035.9761999999973,-1975.1243,-6011.100499999998
294,507.471,1401.8358,-1072.0534,0.0,0.0,0.0,-1291.5936,-16070.8358,612.7775,11762.0059,-2016.1129,40.0194,0.0,-4150.392599999999,-1976.0935000000002,-6126.486099999999
295,520.6912,1463.0081,-1126.2633,0.0,0.0,0.0,-1261.4327,-15891.9348,599.8918,11767.5944,-2180.276,41.5768,0.0,-3928.445300000001,-2138.6992,-6067.144500000001
296,485.6079,1415.3879,-1094.595,0.0,0.0,0.0,-1264.4401,-16067.1752,609.4684,11827.9575,-2055.7057,41.586,0.0,-4087.788599999998,-2014.1197,-6101.908299999998
297,489.1328,1422.9448,-1071.3323,0.0,0.0,0.0,-1287.8344,-16194.5844,606.3552,11761.3228,-1929.1317,40.5612,0.0,-4273.995500000001,-1888.5704999999998,-6162.566000000001
298,469.8237,1462.574,-1105.8109,0.0,0.0,0.0,-1256.126,-16289.1584,609.8615,11804.8069,-1870.5266,40.3921,0.0,-4304.029200000001,-1830.1345,-6134.163700000001
299,497.158,1528.0538,-1104.9601,0.0,0.0,0.0,-1263.6248,-16231.9504,615.0065,11735.8328,-1875.9497,40.3583,0.0,-4224.484199999999,-1835.5913999999998,-6060.075599999999
300,504.9419,1396.4599,-1078.8508,0.0,0.0,0.0,-1253.0545,-16316.5988,612.7154,11808.0009,-1844.4189,40.6486,0.0,-4326.385999999999,-1803.7703,-6130.156299999998
301,525.1891,1458.6175,-1108.3077,0.0,0.0,0.0,-1269.7085,-16179.322,586.7136,11694.9545,-1883.7079,40.5253,0.0,-4291.8634999999995,-1843.1826,-6135.0461
302,498.2956,1424.653,-1101.896,0.0,0.0,0.0,-1265.6838,-16061.8066,611.237,11738.1984,-2014.3101,41.0092,0.0,-4157.002400000001,-1973.3009,-6130.3033000000005
303,496.2025,1426.4653,-1094.6815,0.0,0.0,0.0,-1262.3091,-16127.7394,590.8817,11731.1484,-1955.6089,40.8225,0.0,-4240.0321,-1914.7864,-6154.8185
304,534.8815,1433.4081,-1062.823,0.0,0.0,0.0,-1264.4283,-16165.4477,617.7256,11770.2361,-1952.5354,40.9689,0.0,-4136.447700000001,-1911.5665,-6048.0142000000005
305,495.0507,1394.9651,-1061.031,0.0,0.0,0.0,-1261.5444,-16194.166,611.8797,11823.7953,-1925.3077,40.734,0.0,-4191.050599999999,-1884.5737000000001,-6075.624299999999
306,500.0114,1407.6205,-1096.6952,0.0,0.0,0.0,-1260.2701,-16223.0037,637.4632,11766.6186,-1855.7303,40.9464,0.0,-4268.255300000001,-1814.7839,-6083.039200000001
307,523.1367,1388.9124,-1063.5703,0.0,0.0,0.0,-1245.1341,-16207.0276,602.8113,11728.4077,-1880.6171,40.8992,0.0,-4272.463900000001,-1839.7178999999999,-6112.1818
308,522.4083,1363.1915,-1109.9807,0.0,0.0,0.0,-1263.7211,-16084.0561,607.4009,11711.7689,-1932.351,41.4625,0.0,-4252.988300000001,-1890.8885,-6143.876800000002
309,518.7835,1445.9312,-1117.6617,0.0,0.0,0.0,-1268.1681,-16090.1165,627.947,11806.9472,-2003.5488,40.7914,0.0,-4076.3373999999985,-1962.7574,-6039.094799999999
310,494.7004,1370.8771,-1088.8193,0.0,0.0,0.0,-1280.1192,-16206.9718,618.8886,11801.3147,-1917.2058,40.443,0.0,-4290.129499999999,-1876.7628,-6166.892299999999
311,519.7302,1478.2215,-1093.7711,0.0,0.0,0.0,-1290.4044,-16138.6588,607.8055,11744.9048,-1940.5874,40.2519,0.0,-4172.1722999999965,-1900.3355,-6072.507799999997
312,531.6607,1537.1546,-1113.6758,0.0,0.0,0.0,-1273.866,-16111.5085,591.0282,11760.487,-1981.9063,41.8269,0.0,-4078.7198000000008,-1940.0794,-6018.799200000001
313,509.335,1464.2729,-1073.7281,0.0,0.0,0.0,-1255.8939,-16276.133,611.7933,11753.1471,-1851.5578,40.8076,0.0,-4267.206699999999,-1810.7502,-6077.956899999999
314,540.3993,1431.5265,-1105.633,0.0,0.0,0.0,-1225.2523,-16202.3985,609.6358,11796.824,-1967.6923,41.7617,0.0,-4154.8982,-1925.9306,-6080.828799999999
315,494.8001,1445.0183,-1081.914,0.0,0.0,0.0,-1272.8783,-16143.6683,595.5627,11722.7173,-1914.6973,41.7937,0.0,-4240.362199999998,-1872.9036,-6113.265799999997
316,494.8874,1443.3146,-1105.4076,0.0,0.0,0.0,-1262.4559,-16122.6955,607.9757,11760.1788,-1966.865,41.6689,0.0,-4184.202500000001,-1925.1961000000001,-6109.398600000001
317,533.6029,1452.0797,-1058.995,0.0,0.0,0.0,-1278.4691,-15950.8596,602.9382,11706.2707,-2048.5078,41.3037,0.0,-3993.4321999999993,-2007.2041,-6000.636299999998
318,508.4526,1477.2259,-1135.8042,0.0,0.0,0.0,-1277.1224,-16056.0578,594.3868,11743.2475,-1971.3005,41.0227,0.0,-4145.6716,-1930.2778,-6075.9493999999995
319,503.7955,1435.3155,-1112.5235,0.0,0.0,0.0,-1245.0733,-16059.0163,627.398,11734.5042,-1992.9247,41.0376,0.0,-4115.599899999999,-1951.8871,-6067.486999999999
320,506.589,1460.0702,-1104.6067,0.0,0.0,0.0,-1279.4514,-16007.3245,608.6634,11738.0466,-2065.0557,42.4842,0.0,-4078.0134,-2022.5714999999998,-6100.5849
321,486.7689,1439.0679,-1076.4497,0.0,0.0,0.0,-1266.178,-16115.609,595.9061,11734.6457,-1974.0592,41.1901,0.0,-4201.848100000001,-1932.8691,-6134.717200000001
322,580.6808,1393.803,-1076.5191,0.0,0.0,0.0,-1244.3285,-16206.2703,610.3761,11765.206,-1918.4085,41.1077,0.0,-4177.052,-1877.3008,-6054.3528
323,530.36,1445.9772,-1107.0832,0.0,0.0,0.0,-1264.8068,-15947.1814,600.5637,11696.0874,-2033.5454,40.6508,0.0,-4046.083099999998,-1992.8946,-6038.977699999998
324,483.7506,1394.6803,-1108.5716,0.0,0.0,0.0,-1275.2142,-16123.2682,614.6913,11804.7133,-1970.5317,40.901,0.0,-4209.218500000001,-1929.6307,-6138.849200000001
325,502.1303,1484.4222,-1111.1528,0.0,0.0,0.0,-1266.8051,-16031.3789,609.6522,11707.9956,-1981.6791,41.2218,0.0,-4105.136499999999,-1940.4573,-6045.593799999999
326,522.2973,1452.7255,-1088.6865,0.0,0.0,0.0,-1282.9192,-16020.5185,605.8218,11732.2765,-1998.0906,40.9014,0.0,-4079.0031,-1957.1892,-6036.1923
327,519.3594,1499.0826,-1054.0194,0.0,0.0,0.0,-1291.1702,-16074.3796,593.5471,11732.8006,-1995.2383,41.0583,0.0,-4074.7794999999987,-1954.18,-6028.959499999999
328,516.9736,1470.7819,-1112.09,0.0,0.0,0.0,-1291.4782,-16052.7423,593.1148,11746.828,-1980.6755,41.2034,0.0,-4128.612200000001,-1939.4721,-6068.084300000001
329,517.8225,1451.6738,-1121.6081,0.0,0.0,0.0,-1244.7264,-16155.0385,614.8829,11760.0614,-1935.3266,40.2923,0.0,-4176.9324,-1895.0343,-6071.9667
330,521.7362,1433.5169,-1096.6892,0.0,0.0,0.0,-1271.0487,-16050.1717,607.984,11761.6367,-2019.668,41.194,0.0,-4093.0358000000015,-1978.474,-6071.509800000001
331,518.6485,1419.3496,-1103.2348,0.0,0.0,0.0,-1284.5223,-16117.2138,612.0645,11745.9174,-1913.3743,40.6311,0.0,-4208.990899999999,-1872.7432,-6081.734099999999
332,516.0877,1439.6348,-1089.4196,0.0,0.0,0.0,-1252.478,-16248.1966,620.4149,11813.0729,-1878.1706,40.2715,0.0,-4200.883900000001,-1837.8990999999999,-6038.783
333,508.4893,1414.3081,-1104.6631,0.0,0.0,0.0,-1256.3337,-16024.0213,627.5117,11743.0606,-2042.042,41.4037,0.0,-4091.648400000002,-2000.6382999999998,-6092.2867000000015
334,517.5652,1380.31,-1105.8141,0.0,0.0,0.0,-1277.6682,-16131.7236,616.8719,11833.1733,-1958.4344,41.4454,0.0,-4167.285499999998,-1916.989,-6084.274499999999
335,496.537,1391.8284,-1059.8123,0.0,0.0,0.0,-1282.0924,-16152.034,598.5488,11844.6467,-1955.4934,40.4988,0.0,-4162.3778,-1914.9946,-6077.3724
336,468.9552,1408.7657,-1094.4919,0.0,0.0,0.0,-1288.5886,-16062.6463,621.748,11833.5567,-2027.5995,40.5683,0.0,-4112.701200000001,-1987.0312000000001,-6099.732400000002
337,523.5587,1466.6905,-1106.678,0.0,0.0,0.0,-1244.1917,-16080.1929,593.0517,11782.5648,-2039.8768,41.9553,0.0,-4065.196899999999,-1997.9215,-6063.118399999999
338,462.6192,1431.1741,-1086.685,0.0,0.0,0.0,-1257.2435,-16164.255,625.3805,11810.3273,-1973.3798,41.0207,0.0,-4178.682399999998,-1932.3591,-6111.0414999999975
339,519.9796,1351.1906,-1105.3015,0.0,0.0,0.0,-1245.8261,-16090.4735,605.1283,11820.5316,-2072.2183,41.0339,0.0,-4144.770999999999,-2031.1844,-6175.955399999999
340,501.2631,1444.6209,-1105.0673,0.0,0.0,0.0,-1264.2771,-16045.5493,591.1259,11744.9288,-2046.2239,41.0066,0.0,-4132.955000000004,-2005.2173,-6138.172300000004
341,510.8652,1421.9573,-1110.4884,0.0,0.0,0.0,-1271.7737,-16002.1204,589.6963,11734.1038,-2058.5848,41.1554,0.0,-4127.759900000001,-2017.4294,-6145.189300000002
342,541.4454,1462.8332,-1088.8344,0.0,0.0,0.0,-1286.2403,-15994.667,589.185,11730.4842,-2077.5079,41.359,0.0,-4045.7938999999988,-2036.1489000000001,-6081.942799999999
343,540.2785,1401.9303,-1121.1531,0.0,0.0,0.0,-1224.8749,-16156.767,620.5816,11821.7895,-2013.857,41.4152,0.0,-4118.215100000001,-1972.4418,-6090.656900000001
344,522.9483,1410.5551,-1102.3772,0.0,0.0,0.0,-1278.9592,-16060.6961,623.3059,11833.4132,-2053.5337,41.5502,0.0,-4051.8099999999995,-2011.9835,-6063.7935
345,484.8587,1436.6927,-1089.6976,0.0,0.0,0.0,-1281.7354,-16162.1353,617.1518,11785.7564,-1951.9307,40.9398,0.0,-4209.108699999999,-1910.9908999999998,-6120.099599999999
346,518.6862,1412.4275,-1086.0676,0.0,0.0,0.0,-1253.6585,-16132.1675,617.7261,11831.1331,-2066.9968,41.4095,0.0,-4091.9207000000024,-2025.5873,-6117.5080000000025
347,469.2541,1426.329,-1084.1029,0.0,0.0,0.0,-1255.1512,-15944.53,608.1589,11793.7266,-2178.0861,42.9272,0.0,-3986.3155000000006,-2135.1589,-6121.474400000001
348,485.7012,1447.7059,-1065.1683,0.0,0.0,0.0,-1265.4447,-16140.131,632.3131,11870.8163,-2094.5935,41.5944,0.0,-4034.2074999999986,-2052.9991,-6087.206599999999
349,549.2498,1404.6091,-1076.5604,0.0,0.0,0.0,-1271.3582,-16017.5058,590.6851,11812.7719,-2081.3314,41.7662,0.0,-4008.1085000000003,-2039.5652,-6047.6737
350,508.7728,1476.5705,-1102.7263,0.0,0.0,0.0,-1264.1318,-15938.1079,607.0093,11777.3106,-2113.2272,40.9669,0.0,-3935.3028000000013,-2072.2603,-6007.5631
351,517.2824,1445.5104,-1084.546,0.0,0.0,0.0,-1261.0998,-16031.0348,615.3218,11793.9045,-2072.3312,40.8964,0.0,-4004.6615,-2031.4348,-6036.096300000001
352,520.0858,1434.8702,-1116.9586,0.0,0.0,0.0,-1267.9927,-16030.2286,593.7407,11698.5003,-1974.6744,40.9295,0.0,-4167.982900000001,-1933.7449000000001,-6101.727800000001
353,505.0255,1445.4671,-1071.3246,0.0,0.0,0.0,-1249.3864,-16012.7973,607.2812,11775.6367,-2094.7514,41.0117,0.0,-4000.0978000000014,-2053.7397,-6053.8375000000015
354,502.4261,1376.4836,-1094.273,0.0,0.0,0.0,-1241.3264,-16033.6444,600.6811,11794.2734,-2101.3567,41.9069,0.0,-4095.3796,-2059.4498,-6154.8294000000005
355,504.5309,1494.6143,-1112.6243,0.0,0.0,0.0,-1236.5015,-16015.5567,598.0945,11773.0978,-2085.0806,40.9321,0.0,-3994.345000000001,-2044.1484999999998,-6038.4935000000005
356,484.2337,1467.8212,-1093.1519,0.0,0.0,0.0,-1246.899,-16175.7486,636.9818,11813.6389,-1986.1187,40.2678,0.0,-4113.123900000002,-1945.8509,-6058.974800000003
357,542.151,1418.8476,-1079.0602,0.0,0.0,0.0,-1267.5856,-16080.467,592.8867,11789.3968,-1998.5543,40.8604,0.0,-4083.8307000000004,-1957.6939,-6041.524600000001
358,533.3477,1429.9654,-1092.5507,0.0,0.0,0.0,-1263.0436,-15921.1246,598.6008,11748.8557,-2125.6668,40.8608,0.0,-3965.9492999999984,-2084.806,-6050.755299999998
359,524.006,1418.5553,-1084.1372,0.0,0.0,0.0,-1263.8293,-16082.3635,614.3354,11831.7663,-2056.4983,41.1917,0.0,-4041.6670000000013,-2015.3066000000001,-6056.973600000001
360,508.7214,1402.6232,-1108.47,0.0,0.0,0.0,-1275.9456,-16125.1427,621.1181,11826.2952,-2022.5297,40.4053,0.0,-4150.8004,-1982.1244000000002,-6132.9248
361,503.3778,1415.4444,-1086.2069,0.0,0.0,0.0,-1261.842,-16053.45,631.1715,11813.8331,-2053.2861,41.266,0.0,-4037.6721,-2012.0200999999997,-6049.6921999999995
362,504.5111,1445.5577,-1118.7098,0.0,0.0,0.0,-1279.031,-16143.5576,615.9492,11818.6133,-1949.1309,40.384,0.0,-4156.667099999999,-1908.7469,-6065.413999999999
363,493.8702,1427.5018,-1080.2846,0.0,0.0,0.0,-1265.3245,-16132.484,602.354,11748.8899,-1904.0111,41.7049,0.0,-4205.477199999999,-1862.3062,-6067.783399999999
364,481.0694,1401.9755,-1100.2101,0.0,0.0,0.0,-1267.4639,-16058.9917,600.245,11816.1879,-2012.0398,41.0522,0.0,-4127.187899999999,-1970.9876,-6098.175499999999
365,519.0461,1422.4027,-1096.4111,0.0,0.0,0.0,-1242.7868,-16065.3153,603.0269,11779.4276,-2072.6384,40.9881,0.0,-4080.6098999999977,-2031.6502999999998,-6112.260199999998
366,504.1777,1445.5416,-1079.4381,0.0,0.0,0.0,-1243.8473,-16025.2085,598.9393,11716.7578,-2008.9629,41.3065,0.0,-4083.0775000000012,-1967.6564,-6050.733900000002
367,498.7178,1390.0794,-1092.5678,0.0,0.0,0.0,-1254.9671,-16125.6477,615.7027,11861.2239,-2007.4709,42.1376,0.0,-4107.4587999999985,-1965.3333,-6072.792099999999
368,501.547,1377.2252,-1106.9947,0.0,0.0,0.0,-1252.5632,-16059.4685,612.287,11765.1807,-1985.7795,40.5094,0.0,-4162.786499999998,-1945.2701000000002,-6108.056599999999
369,493.3058,1506.5092,-1067.0357,0.0,0.0,0.0,-1294.532,-16162.5091,586.4609,11758.3577,-1893.4516,39.6183,0.0,-4179.4432,-1853.8333,-6033.2765
370,473.1093,1379.818,-1084.0533,0.0,0.0,0.0,-1298.1912,-16045.4827,625.0412,11798.7814,-2041.9328,41.1421,0.0,-4150.977300000002,-2000.7907,-6151.768000000003
371,527.766,1366.4553,-1063.8678,0.0,0.0,0.0,-1269.0944,-16212.1859,596.6377,11834.7168,-1929.0565,41.481,0.0,-4219.572300000002,-1887.5755,-6107.147800000002
372,503.3647,1388.7327,-1083.89,0.0,0.0,0.0,-1255.6917,-16199.8886,613.1933,11832.4177,-1932.3653,40.5352,0.0,-4201.761900000001,-1891.8301,-6093.592000000001
373,537.0555,1446.7543,-1088.3245,0.0,0.0,0.0,-1267.3597,-16226.3079,610.4416,11832.041,-1944.1615,41.2144,0.0,-4155.699700000001,-1902.9470999999999,-6058.646800000001
374,503.1985,1403.5585,-1084.4652,0.0,0.0,0.0,-1251.7356,-16163.6655,635.9007,11828.7857,-1986.7853,41.6673,0.0,-4128.4229,-1945.118,-6073.540899999999
375,495.6819,1449.9205,-1060.2551,0.0,0.0,0.0,-1242.1759,-16217.2179,606.3907,11823.3802,-1934.3475,40.5635,0.0,-4144.275600000001,-1893.784,-6038.0596000000005
376,475.5753,1391.0334,-1094.8667,0.0,0.0,0.0,-1280.1924,-16150.0167,607.0655,11840.5109,-1926.4051,40.276,0.0,-4210.890700000002,-1886.1290999999999,-6097.019800000002
377,495.654,1416.4635,-1100.7117,0.0,0.0,0.0,-1261.7211,-16097.3382,615.7551,11742.1419,-1984.9739,40.8858,0.0,-4189.7564999999995,-1944.0881,-6133.844599999999
378,493.1232,1433.232,-1073.0036,0.0,0.0,0.0,-1257.7405,-16049.2501,591.6322,11750.6719,-1987.8333,40.4086,0.0,-4111.3349,-1947.4247,-6058.7596
379,507.203,1429.8436,-1120.2371,0.0,0.0,0.0,-1260.25,-15998.2508,594.0058,11774.9324,-2065.3373,41.3141,0.0,-4072.753099999998,-2024.0232,-6096.776299999999
380,535.5701,1413.5098,-1068.7259,0.0,0.0,0.0,-1287.2469,-16056.8614,605.1349,11818.0884,-2044.9389,40.7028,0.0,-4040.530999999999,-2004.2361,-6044.767099999999
381,527.4279,1423.0418,-1108.4284,0.0,0.0,0.0,-1256.348,-16065.2821,608.2605,11765.9824,-2006.7821,40.343,0.0,-4105.3459,-1966.4390999999998,-6071.785000000001
382,546.7133,1393.2806,-1122.9461,0.0,0.0,0.0,-1299.4845,-16044.0092,593.8322,11756.2688,-1983.4563,40.5047,0.0,-4176.344899999998,-1942.9516,-6119.296499999998
383,527.7695,1402.6889,-1097.1478,0.0,0.0,0.0,-1275.4944,-15980.1628,591.6529,11761.6104,-2031.5942,41.0162,0.0,-4069.0833000000002,-1990.578,-6059.6613
384,518.2072,1413.3739,-1118.3976,0.0,0.0,0.0,-1258.1621,-16155.9297,615.8696,11773.8138,-1922.6287,39.8932,0.0,-4211.224899999999,-1882.7355,-6093.960399999999
385,513.2195,1438.3879,-1110.4474,0.0,0.0,0.0,-1255.2547,-16016.5786,615.0682,11740.5605,-2022.4002,41.4554,0.0,-4075.044600000003,-1980.9448,-6055.989400000003
386,501.0001,1391.929,-1088.1257,0.0,0.0,0.0,-1254.7916,-16178.4437,613.6945,11785.9968,-1911.5154,40.6276,0.0,-4228.740599999999,-1870.8878,-6099.6284
387,494.0126,1400.9089,-1094.3346,0.0,0.0,0.0,-1286.8414,-16186.3456,624.1681,11760.1319,-1876.6513,40.4521,0.0,-4288.300099999999,-1836.1992,-6124.499299999998
388,501.5196,1410.5705,-1128.294,0.0,0.0,0.0,-1264.8437,-16200.536,612.5113,11773.9507,-1888.4081,41.1584,0.0,-4295.121599999999,-1847.2497,-6142.371299999999
389,518.7761,1398.8723,-1087.6083,0.0,0.0,0.0,-1271.0542,-16216.1597,606.4041,11807.6679,-1900.4104,41.1948,0.0,-4243.1018,-1859.2156,-6102.3174
390,488.3207,1431.8589,-1098.783,0.0,0.0,0.0,-1261.7546,-16151.6857,610.9179,11789.2905,-1962.9803,40.9885,0.0,-4191.835299999999,-1921.9918,-6113.827099999999
391,505.279,1393.9643,-1086.2875,0.0,0.0,0.0,-1275.0361,-16089.6791,595.1801,11743.968,-1982.423,41.182,0.0,-4212.611299999999,-1941.241,-6153.852299999999
392,489.0644,1481.62,-1071.2948,0.0,0.0,0.0,-1269.3404,-16005.4371,622.1128,11720.0824,-2059.9495,40.3658,0.0,-4033.1926999999996,-2019.5837000000001,-6052.776400000001
393,517.1633,1447.5395,-1089.5653,0.0,0.0,0.0,-1264.7084,-15987.9942,606.4993,11743.141,-2060.9817,41.8672,0.0,-4027.9248000000007,-2019.1145,-6047.039300000001
394,485.79,1429.4605,-1098.1144,0.0,0.0,0.0,-1245.7911,-16027.7744,605.9244,11741.1678,-2025.4386,42.3045,0.0,-4109.337200000002,-1983.1341,-6092.471300000001
395,515.1679,1439.4081,-1071.9457,0.0,0.0,0.0,-1259.8872,-16218.609,601.3278,11767.6729,-1925.7695,41.4194,0.0,-4226.865200000002,-1884.3501,-6111.215300000003
396,511.096,1384.0273,-1081.3625,0.0,0.0,0.0,-1264.0538,-16057.9028,618.638,11825.4527,-2056.9477,41.0404,0.0,-4064.1051000000007,-2015.9073,-6080.012400000001
397,485.059,1407.164,-1103.3892,0.0,0.0,0.0,-1284.0531,-16038.6436,634.4166,11885.9001,-2132.17,41.2157,0.0,-4013.546199999999,-2090.9543,-6104.500499999999
398,500.8536,1434.9473,-1096.1918,0.0,0.0,0.0,-1278.0853,-16034.9063,601.4095,11726.2051,-1995.381,39.9597,0.0,-4145.767900000001,-1955.4213,-6101.189200000001
399,511.4576,1420.9357,-1100.3437,0.0,0.0,0.0,-1240.8447,-16061.4244,604.7182,11757.6652,-2020.9699,41.0583,0.0,-4107.8361,-1979.9116000000001,-6087.747700000001
400,511.2062,1435.5229,-1091.0212,0.0,0.0,0.0,-1267.7749,-15966.5272,598.9034,11722.2362,-2055.216,41.0914,0.0,-4057.454600000001,-2014.1245999999999,-6071.579200000001

