0.000000000000000000e+00	9.344421558638216219e-01	1.126724033574652708e+02
1.000000000000000000e+00	2.242468680553207694e+00	1.244676181123829082e+02
2.000000000000000000e+00	1.159946349037358271e+00	1.147059021714498925e+02
3.000000000000000000e+00	2.947194289402230272e+00	1.308225273919468350e+02
4.000000000000000000e+00	1.322589674116973590e+00	1.161725489951628134e+02
5.000000000000000000e+00	1.481963278626971858e+00	1.176097108997405201e+02
6.000000000000000000e+00	1.276737860984078043e+00	1.157590772707011979e+02
7.000000000000000000e+00	1.389495529480975655e+00	1.167758769227576039e+02
8.000000000000000000e+00	1.121319771778837460e+00	1.143575844841462157e+02
9.000000000000000000e+00	2.388531325391170412e+00	1.257847475673411424e+02
1.000000000000000000e+01	1.114020138854607378e+00	1.142917595667242949e+02
1.100000000000000000e+01	1.583940761368319405e+00	1.185292995215276335e+02
1.200000000000000000e+01	1.927583505966389721e+00	1.216281204513754375e+02
1.300000000000000000e+01	2.104284739559128870e+00	1.232215353847462751e+02
1.400000000000000000e+01	2.549362788708256833e+00	1.272350558090820130e+02
1.500000000000000000e+01	1.985126146833188443e+00	1.221470149797185627e+02
1.600000000000000000e+01	1.456750545109013473e+00	1.173823534258747259e+02
1.700000000000000000e+01	2.523867155876792889e+00	1.270051472721499692e+02
1.800000000000000000e+01	1.719669097208019748e+00	1.197532386690437818e+02
1.900000000000000000e+01	1.913942754325233198e+00	1.215051140811000749e+02
2.000000000000000000e+01	1.701287019353486585e+00	1.195874770794710287e+02
2.100000000000000000e+01	1.494819971026738248e+00	1.177256469645150219e+02
2.200000000000000000e+01	2.268200819581546845e+00	1.246996593594170406e+02
2.300000000000000000e+01	1.475091609110149360e+00	1.175477451703414147e+02
2.400000000000000000e+01	2.604747821458331281e+00	1.277344939650860738e+02
2.500000000000000000e+01	1.344223601519890954e+00	1.163676343507677444e+02
2.600000000000000000e+01	2.051137885372493308e+00	1.227422801503552705e+02
2.700000000000000000e+01	1.427693373934480148e+00	1.171203284839451868e+02
2.800000000000000000e+01	1.413393642210827750e+00	1.169913797176667316e+02
2.900000000000000000e+01	1.269261038284987153e+00	1.156916545328930681e+02
3.000000000000000000e+01	1.757640728693927512e+00	1.200956503399976611e+02
3.100000000000000000e+01	2.828133838398936284e+00	1.297488919863233150e+02
3.200000000000000000e+01	1.484515865197790552e+00	1.176327290161280814e+02
3.300000000000000000e+01	1.415723310112328770e+00	1.170123876503708260e+02
3.400000000000000000e+01	1.893571911542645037e+00	1.213214186736874751e+02
3.500000000000000000e+01	2.366018447658408519e+00	1.255817362196376337e+02
3.600000000000000000e+01	1.336700613661218728e+00	1.162997953156130535e+02
3.700000000000000000e+01	1.445811544878601751e+00	1.172837102756890317e+02
3.800000000000000000e+01	1.457243361617220012e+00	1.173867974309765714e+02
3.900000000000000000e+01	1.782697048692637454e+00	1.203215973447213543e+02
4.000000000000000000e+01	2.356863902269321631e+00	1.254991845077191215e+02
4.100000000000000000e+01	2.678253699208772876e+00	1.283973380263111039e+02
4.200000000000000000e+01	1.554307845536680777e+00	1.182620827644885537e+02
4.300000000000000000e+01	2.271353575164652749e+00	1.247280895391347997e+02
4.400000000000000000e+01	2.567744457180331175e+00	1.274008137070216549e+02
4.500000000000000000e+01	1.729805559291727413e+00	1.198446448789911045e+02
4.600000000000000000e+01	1.793602735479147281e+00	1.204199400887473530e+02
4.700000000000000000e+01	1.976573814712921262e+00	1.220698937653472456e+02
4.800000000000000000e+01	1.368920169381546703e+00	1.165903372670612868e+02
4.900000000000000000e+01	1.727664236392706165e+00	1.198253353596680313e+02
5.000000000000000000e+01	1.743709498207035358e+00	1.199700245577283226e+02
5.100000000000000000e+01	1.783757052384200570e+00	1.203311559973533917e+02
5.200000000000000000e+01	1.668551993883733431e+00	1.192922868458363439e+02
5.300000000000000000e+01	1.597911278892333309e+00	1.186552795772242916e+02
5.400000000000000000e+01	1.191620854708402177e+00	1.149915290984226033e+02
5.500000000000000000e+01	2.222376859574754615e+00	1.242864388023421611e+02
5.600000000000000000e+01	2.778604209861159635e+00	1.293022553208527086e+02
5.700000000000000000e+01	2.853123950752537219e+00	1.299742419592760712e+02
5.800000000000000000e+01	1.578626636200786582e+00	1.184813790501897444e+02
5.900000000000000000e+01	2.511459930809988528e+00	1.268932643084537233e+02
6.000000000000000000e+01	1.987614866359836308e+00	1.221694571708572568e+02
6.100000000000000000e+01	1.223653951090541980e+00	1.152803896405909114e+02
6.200000000000000000e+01	1.441886336516978506e+00	1.172483144525086516e+02
6.300000000000000000e+01	1.006252521808991052e+00	1.133199580300692020e+02
6.400000000000000000e+01	2.498078632416437017e+00	1.267725975748115559e+02
6.500000000000000000e+01	1.632513347683606675e+00	1.189673059961491077e+02
6.600000000000000000e+01	1.651211962615249718e+00	1.191359219795219389e+02
6.700000000000000000e+01	3.551524571972300759e+00	1.362721152491248517e+02
6.800000000000000000e+01	1.751636148950868055e+00	1.200415036493567840e+02
6.900000000000000000e+01	1.498233360603304032e+00	1.177564274283189576e+02
7.000000000000000000e+01	1.594847884225025325e+00	1.186276552154105701e+02
7.100000000000000000e+01	1.699013281835726863e+00	1.195669735026611846e+02
7.200000000000000000e+01	2.382932157490385450e+00	1.257342567045092210e+02
7.300000000000000000e+01	8.216540482424876668e-01	1.116553292186129909e+02
7.400000000000000000e+01	2.038175223152741466e+00	1.226253884957966989e+02
7.500000000000000000e+01	2.654488897474438058e+00	1.281830373720250122e+02
7.600000000000000000e+01	2.290719560964709967e+00	1.249027235829716460e+02
7.700000000000000000e+01	1.836366169113154312e+00	1.208055621490420179e+02
7.800000000000000000e+01	1.959870585988559899e+00	1.219192713076328403e+02
7.900000000000000000e+01	1.523027530012110109e+00	1.179800104729488197e+02
8.000000000000000000e+01	1.077334953643536597e+00	1.139609485092105672e+02
8.100000000000000000e+01	2.017147959754623354e+00	1.224357737725418218e+02
8.200000000000000000e+01	1.611852366838257167e+00	1.187809942497753042e+02
8.300000000000000000e+01	1.887621719942993437e+00	1.212677624316877569e+02
8.400000000000000000e+01	2.023419640344071624e+00	1.224923290625382180e+02
8.500000000000000000e+01	1.624725685263782804e+00	1.188970802408247351e+02
8.600000000000000000e+01	3.463288291261485963e+00	1.354764388155705603e+02
8.700000000000000000e+01	1.755822566595299339e+00	1.200792549443326749e+02
8.800000000000000000e+01	1.443662434430014407e+00	1.172643305316283033e+02
8.900000000000000000e+01	1.961127584511136890e+00	1.219306063740405506e+02
9.000000000000000000e+01	2.671645826394958068e+00	1.283377511009384477e+02
9.100000000000000000e+01	1.352063453952338623e+00	1.164383307329451185e+02
9.200000000000000000e+01	1.675454927514259840e+00	1.193545345014260022e+02
9.300000000000000000e+01	2.015518449309085192e+00	1.224210795554998015e+02
9.400000000000000000e+01	2.374281920021694248e+00	1.256562526222537173e+02
9.500000000000000000e+01	1.985037523180457786e+00	1.221462158101324746e+02
9.600000000000000000e+01	2.697975879868673932e+00	1.285751840805981772e+02
9.700000000000000000e+01	1.181359238106270748e+00	1.148989942994180353e+02
9.800000000000000000e+01	1.186890525229984616e+00	1.149488730429020791e+02
9.900000000000000000e+01	1.178711445216680032e+00	1.148751176538227412e+02
1.000000000000000000e+02	1.471706893688751405e+00	1.175172232776075134e+02
1.010000000000000000e+02	1.588304443950481204e+00	1.185686493146758380e+02
1.020000000000000000e+02	1.771460487914608084e+00	1.202202709228317019e+02
1.030000000000000000e+02	3.398143776959578144e+00	1.348889938962266797e+02
1.040000000000000000e+02	1.900987972052466279e+00	1.213882934844789361e+02
1.050000000000000000e+02	1.912287873835131435e+00	1.214901910880215326e+02
1.060000000000000000e+02	1.800726058508917538e+00	1.204841751201621491e+02
1.070000000000000000e+02	1.399809470977655623e+00	1.168688835649217594e+02
1.080000000000000000e+02	1.412564576915242398e+00	1.169839035671279674e+02
1.090000000000000000e+02	1.198019799629335580e+00	1.150492320028535431e+02
1.100000000000000000e+02	1.625723926109013062e+00	1.189060819429495552e+02
1.110000000000000000e+02	2.075208131478128326e+00	1.229593351692411431e+02
1.120000000000000000e+02	1.218209482865540316e+00	1.152312937922055198e+02
1.130000000000000000e+02	1.690915471547809634e+00	1.194939509686470132e+02
1.140000000000000000e+02	1.429325407142539639e+00	1.171350454501632754e+02
1.150000000000000000e+02	2.766687073591900692e+00	1.291947917649489739e+02
1.160000000000000000e+02	1.280127369203443610e+00	1.157896423828043169e+02
1.170000000000000000e+02	1.532049769252505245e+00	1.180613691055162917e+02
1.180000000000000000e+02	1.687422232195358252e+00	1.194624504542654222e+02
1.190000000000000000e+02	1.373891203239358649e+00	1.166351638900693928e+02
1.200000000000000000e+02	1.413891130331696777e+00	1.169958658493413708e+02
1.210000000000000000e+02	1.234007978920038884e+00	1.153737577638836029e+02
1.220000000000000000e+02	2.149635884476410741e+00	1.236304923008208618e+02
1.230000000000000000e+02	1.355474935658234514e+00	1.164690939924004738e+02
1.240000000000000000e+02	1.660299286382075135e+00	1.192178675160641887e+02
1.250000000000000000e+02	1.551212739433683208e+00	1.182341724427290046e+02
1.260000000000000000e+02	2.137246766346575289e+00	1.235187726176132514e+02
1.270000000000000000e+02	1.530922297461985382e+00	1.180512020548882788e+02
1.280000000000000000e+02	2.459564979736834633e+00	1.264252981922855810e+02
1.290000000000000000e+02	2.012688976970895105e+00	1.223955646035916374e+02
1.300000000000000000e+02	2.541428505492123957e+00	1.271635078911352821e+02
1.310000000000000000e+02	1.136180002226877761e+00	1.144915875843385606e+02
1.320000000000000000e+02	1.351070828091136544e+00	1.164293796643060972e+02
1.330000000000000000e+02	1.625516419069881646e+00	1.189042107346494959e+02
1.340000000000000000e+02	2.252679290392170852e+00	1.245596929545638432e+02
1.350000000000000000e+02	3.027044103898826055e+00	1.315425783177882124e+02
1.360000000000000000e+02	1.229434828224121201e+00	1.153325190783166079e+02
1.370000000000000000e+02	2.257255963268149035e+00	1.246009634016199357e+02
1.380000000000000000e+02	1.728241130673658921e+00	1.198305375415858123e+02
1.390000000000000000e+02	1.277836426714537676e+00	1.157689836590416377e+02
1.400000000000000000e+02	1.422265084868808094e+00	1.170713785321874667e+02
1.410000000000000000e+02	1.221453299798833880e+00	1.152605451236056524e+02
1.420000000000000000e+02	1.244280994651696615e+00	1.154663953552843765e+02
1.430000000000000000e+02	1.152439723361592616e+00	1.146382106833499392e+02
1.440000000000000000e+02	1.268373033305630670e+00	1.156836468899001744e+02
1.450000000000000000e+02	2.788163095491243304e+00	1.293884531973455410e+02
1.460000000000000000e+02	1.480360388117272663e+00	1.175952567297113376e+02
1.470000000000000000e+02	1.427300671961069689e+00	1.171167872682101745e+02
1.480000000000000000e+02	1.169934780441509226e+00	1.147959735050604309e+02
1.490000000000000000e+02	1.232708741379754613e+00	1.153620418043705200e+02
1.500000000000000000e+02	1.688748604562049671e+00	1.194744111038507413e+02
1.510000000000000000e+02	1.367258348012398983e+00	1.165753516841518973e+02
1.520000000000000000e+02	1.300863076615856873e+00	1.159766279808850840e+02
1.530000000000000000e+02	1.363044881279869003e+00	1.165373564722545723e+02
1.540000000000000000e+02	1.552145741380524635e+00	1.182425858488198003e+02
1.550000000000000000e+02	1.385763301841872686e+00	1.167422213158669848e+02
1.560000000000000000e+02	2.038727816197228204e+00	1.226303715397249050e+02
1.570000000000000000e+02	2.552608501080492420e+00	1.272643242327267785e+02
1.580000000000000000e+02	2.019076175446247845e+00	1.224531615836811369e+02
1.590000000000000000e+02	1.607135963459388028e+00	1.187384637737684869e+02
1.600000000000000000e+02	1.267708413919214738e+00	1.156776536411050671e+02
1.610000000000000000e+02	1.595195779620194543e+00	1.186307923848951447e+02
1.620000000000000000e+02	1.344772404784328357e+00	1.163725832201064492e+02
1.630000000000000000e+02	1.383481406987164153e+00	1.167216441797375523e+02
1.640000000000000000e+02	1.795282781270431061e+00	1.204350900115755678e+02
1.650000000000000000e+02	1.912446664536137764e+00	1.214916229935556373e+02
1.660000000000000000e+02	1.972793159654118389e+00	1.220358014610314399e+02
1.670000000000000000e+02	1.618080420439124367e+00	1.188371561305481805e+02
1.680000000000000000e+02	1.337596918405743462e+00	1.163078778022812969e+02
1.690000000000000000e+02	1.448181486366218795e+00	1.173050813780905486e+02
1.700000000000000000e+02	2.898011015454212913e+00	1.303790140016471923e+02
1.710000000000000000e+02	2.002394532645059400e+00	1.223027337784410520e+02
1.720000000000000000e+02	1.228212272399344274e+00	1.153214946011894853e+02
1.730000000000000000e+02	2.203499165400943482e+00	1.241162079601880777e+02
1.740000000000000000e+02	2.270457513038360187e+00	1.247200092402923275e+02
1.750000000000000000e+02	1.931469702340609773e+00	1.216631644814073070e+02
1.760000000000000000e+02	2.325965686826695578e+00	1.252205578286645675e+02
1.770000000000000000e+02	1.746513323329032197e+00	1.199953082341866661e+02
1.780000000000000000e+02	1.356901363954305051e+00	1.164819569028744439e+02
1.790000000000000000e+02	1.794455100584109175e+00	1.204276263468414072e+02
1.800000000000000000e+02	1.921078411768250005e+00	1.215694603388931938e+02
1.810000000000000000e+02	1.402176172148016819e+00	1.168902254475504350e+02
1.820000000000000000e+02	1.234915183705766140e+00	1.153819385423864645e+02
1.830000000000000000e+02	1.381027461964861036e+00	1.166995155699666640e+02
1.840000000000000000e+02	2.064441533262075801e+00	1.228622466654981338e+02
1.850000000000000000e+02	1.323389677353275617e+00	1.161797630766808140e+02
1.860000000000000000e+02	1.639892296641717095e+00	1.190338461510952470e+02
1.870000000000000000e+02	2.087951206317961272e+00	1.230742466802363140e+02
1.880000000000000000e+02	4.089451072643299767e+00	1.411229026590227420e+02
1.890000000000000000e+02	1.394222754310238788e+00	1.168185049819012704e+02
1.900000000000000000e+02	1.826478695646384320e+00	1.207164012102362847e+02
1.910000000000000000e+02	1.780941364134039029e+00	1.203057653443607506e+02
1.920000000000000000e+02	2.548068201212291939e+00	1.272233817816477739e+02
1.930000000000000000e+02	1.150651410795062501e+00	1.146220844577933491e+02
1.940000000000000000e+02	1.398304161916697153e+00	1.168553093419901927e+02
1.950000000000000000e+02	2.320964641788744842e+00	1.251754605778762794e+02
1.960000000000000000e+02	2.400029838776414071e+00	1.258884361640027691e+02
1.970000000000000000e+02	2.176693762969720503e+00	1.238744884902076535e+02
1.980000000000000000e+02	1.863061520938581905e+00	1.210462892304853995e+02
1.990000000000000000e+02	1.468018695213921587e+00	1.174839647065860220e+02
2.000000000000000000e+02	3.276340489671119460e+00	1.337906247849707313e+02
2.010000000000000000e+02	2.587319535610200116e+00	1.275773332573262735e+02
2.020000000000000000e+02	2.711549016266401768e+00	1.286975807259926512e+02
2.030000000000000000e+02	1.441795174286391923e+00	1.172474923911306917e+02
2.040000000000000000e+02	2.108917393730415313e+00	1.232633106467949915e+02
2.050000000000000000e+02	1.332930122189674993e+00	1.162657946621102383e+02
2.060000000000000000e+02	1.409577387184616448e+00	1.169569663883159478e+02
2.070000000000000000e+02	1.758323456264722973e+00	1.201018068805300061e+02
2.080000000000000000e+02	2.439262337156263616e+00	1.262422177846562050e+02
2.090000000000000000e+02	1.710792350303984799e+00	1.196731920231372754e+02
2.100000000000000000e+02	1.866046997328050461e+00	1.210732109591314440e+02
2.110000000000000000e+02	1.612349647873774439e+00	1.187854785140442289e+02
2.120000000000000000e+02	1.968408620664772846e+00	1.219962635938670701e+02
2.130000000000000000e+02	1.213777013130745264e+00	1.151913237064085251e+02
2.140000000000000000e+02	1.369739304010729075e+00	1.165977238671661240e+02
2.150000000000000000e+02	1.607144853566800702e+00	1.187385439408936634e+02
2.160000000000000000e+02	1.045121439146438069e+00	1.136704610348880067e+02
2.170000000000000000e+02	1.522422574907453585e+00	1.179745552507176001e+02
2.180000000000000000e+02	2.013595908591581107e+00	1.224037429188108632e+02
2.190000000000000000e+02	2.934357064231948531e+00	1.307067668741877071e+02
2.200000000000000000e+02	3.057780740489020044e+00	1.318197479489707860e+02
2.210000000000000000e+02	2.214441315457310822e+00	1.242148795141353759e+02
2.220000000000000000e+02	1.280261254370047119e+00	1.157908497010526645e+02
2.230000000000000000e+02	2.062638898930817977e+00	1.228459912924912203e+02
2.240000000000000000e+02	2.553133411161729871e+00	1.272690576437229311e+02
2.250000000000000000e+02	1.686183807056991446e+00	1.194512828745648392e+02
2.260000000000000000e+02	1.523199693436245727e+00	1.179815629678885642e+02
2.270000000000000000e+02	2.092876334751662348e+00	1.231186593480794613e+02
2.280000000000000000e+02	1.983609679451659114e+00	1.221333401359012925e+02
2.290000000000000000e+02	2.132411718079818108e+00	1.234751722535683882e+02
2.300000000000000000e+02	1.301503789721911053e+00	1.159824056532331156e+02
2.310000000000000000e+02	2.367279483356587999e+00	1.255931076915404390e+02
2.320000000000000000e+02	2.081042627247693844e+00	1.230119481165244792e+02
2.330000000000000000e+02	2.736078467436119155e+00	1.289187766565841855e+02
2.340000000000000000e+02	2.238560302596373841e+00	1.244323740584787288e+02
2.350000000000000000e+02	1.510334027642199484e+00	1.178655459849441201e+02
2.360000000000000000e+02	1.908840857833649762e+00	1.214591073957311522e+02
2.370000000000000000e+02	1.338888256899120943e+00	1.163195225316221695e+02
2.380000000000000000e+02	1.492558343082791339e+00	1.177052525865792063e+02
2.390000000000000000e+02	2.213091588085485117e+00	1.242027082592634173e+02
2.400000000000000000e+02	1.854964390210297243e+00	1.209732728244446633e+02
2.410000000000000000e+02	2.012275796387517524e+00	1.223918387206515632e+02
2.420000000000000000e+02	1.821491331395385993e+00	1.206714273268393214e+02
2.430000000000000000e+02	1.689690726668493292e+00	1.194829067515773744e+02
2.440000000000000000e+02	2.824360238479156404e+00	1.297148633021851936e+02
2.450000000000000000e+02	1.192302025039318591e+00	1.149976715964424727e+02
2.460000000000000000e+02	1.548696039376013189e+00	1.182114779353213834e+02
2.470000000000000000e+02	2.166298876156960596e+00	1.237807519183604654e+02
2.480000000000000000e+02	1.666379087788912194e+00	1.192726925229790282e+02
2.490000000000000000e+02	2.051200277668836947e+00	1.227428427769691268e+02
2.500000000000000000e+02	2.146304721215671840e+00	1.236004533181989729e+02
2.510000000000000000e+02	1.519208730601839363e+00	1.179455741994483304e+02
2.520000000000000000e+02	1.601931192337585852e+00	1.186915294096917108e+02
2.530000000000000000e+02	1.588989049397102615e+00	1.185748227890762792e+02
2.540000000000000000e+02	1.506004062958276268e+00	1.178265002451490346e+02
2.550000000000000000e+02	1.501420845833332685e+00	1.177851707848997762e+02
2.560000000000000000e+02	2.104619046945830796e+00	1.232245500234755866e+02
2.570000000000000000e+02	1.552416924305356938e+00	1.182450312585847314e+02
2.580000000000000000e+02	2.721869360112133762e+00	1.287906451017582015e+02
2.590000000000000000e+02	1.611191680927130498e+00	1.187750364713509441e+02
2.600000000000000000e+02	2.420087530849376556e+00	1.260693077144056105e+02
2.610000000000000000e+02	1.672790270829241255e+00	1.193305057854522317e+02
2.620000000000000000e+02	1.991222182854037293e+00	1.222019863833272808e+02
2.630000000000000000e+02	1.489763776856980693e+00	1.176800524028229233e+02
2.640000000000000000e+02	1.643400208348564817e+00	1.190654789743924482e+02
2.650000000000000000e+02	1.352274638586613564e+00	1.164402351041999850e+02
2.660000000000000000e+02	1.744920893233042447e+00	1.199809483916224195e+02
2.670000000000000000e+02	2.608643132261854181e+00	1.277696201850804414e+02
2.680000000000000000e+02	2.532333896259870265e+00	1.270814966574319271e+02
2.690000000000000000e+02	1.254304785966542601e+00	1.155567855492027860e+02
2.700000000000000000e+02	1.240246004902064936e+00	1.154300095712559653e+02
2.710000000000000000e+02	1.834658523740159364e+00	1.207901633451802184e+02
2.720000000000000000e+02	1.804761559075360733e+00	1.205205655105145865e+02
2.730000000000000000e+02	1.344386755006667933e+00	1.163691055980079341e+02
2.740000000000000000e+02	2.111301605656875413e+00	1.232848104338123250e+02
2.750000000000000000e+02	1.530661743463772373e+00	1.180488524921644711e+02
2.760000000000000000e+02	1.513287036454125545e+00	1.178921749350857056e+02
2.770000000000000000e+02	1.407603105244150221e+00	1.169391631717641502e+02
2.780000000000000000e+02	1.532507160671937374e+00	1.180654936625626732e+02
2.790000000000000000e+02	1.405495382519030390e+00	1.169201566442072817e+02
2.800000000000000000e+02	1.799338795519836554e+00	1.204716653854060837e+02
2.810000000000000000e+02	2.656131868120785278e+00	1.281978529673083642e+02
2.820000000000000000e+02	2.278225910743338023e+00	1.247900612747903040e+02
2.830000000000000000e+02	2.884239294337201720e+00	1.302548266055555644e+02
2.840000000000000000e+02	1.699480802505398014e+00	1.195711894008842364e+02
2.850000000000000000e+02	1.910075931432638985e+00	1.214702447527061224e+02
2.860000000000000000e+02	2.986532368844052598e+00	1.311772610967335027e+02
2.870000000000000000e+02	1.415307668215760151e+00	1.170086395723780441e+02
2.880000000000000000e+02	1.897543666330499867e+00	1.213572342323113702e+02
2.890000000000000000e+02	1.441587239022880329e+00	1.172456173212892594e+02
2.900000000000000000e+02	1.485051199188710536e+00	1.176375564254117023e+02
2.910000000000000000e+02	1.681236573753346786e+00	1.194066708746109242e+02
2.920000000000000000e+02	1.527666920913433479e+00	1.180218464839013706e+02
2.930000000000000000e+02	1.225170691189837235e+00	1.152940669436584784e+02
2.940000000000000000e+02	1.611662900710705504e+00	1.187792857265756084e+02
2.950000000000000000e+02	2.315358231808766210e+00	1.251249044091214557e+02
2.960000000000000000e+02	1.862154003852399597e+00	1.210381056357927605e+02
2.970000000000000000e+02	2.290153219472260915e+00	1.248976165615145248e+02
2.980000000000000000e+02	1.424815989672237215e+00	1.170943814831275773e+02
2.990000000000000000e+02	1.608640345695176332e+00	1.187520296389934487e+02
3.000000000000000000e+02	1.163914905525422983e+00	1.147416888891961975e+02
3.010000000000000000e+02	1.681918315791905094e+00	1.194128185280418535e+02
3.020000000000000000e+02	1.338615977471093954e+00	1.163170672340679488e+02
3.030000000000000000e+02	2.747363319700261375e+00	1.290205385501089950e+02
3.040000000000000000e+02	1.806089510553507971e+00	1.205325403998407552e+02
3.050000000000000000e+02	2.151185060440462316e+00	1.236444620964207388e+02
3.060000000000000000e+02	1.443750659795487223e+00	1.172651261096329875e+02
3.070000000000000000e+02	1.252817079761620267e+00	1.155433700611770718e+02
3.080000000000000000e+02	2.399221010299317669e+00	1.258811425002985800e+02
3.090000000000000000e+02	2.203299834853166494e+00	1.241144104839336819e+02
3.100000000000000000e+02	1.934140499286567616e+00	1.216872485675857831e+02
3.110000000000000000e+02	2.175409168084980749e+00	1.238629045717988220e+02
3.120000000000000000e+02	1.215898913800336878e+00	1.152104580845071524e+02
3.130000000000000000e+02	2.201254661449479233e+00	1.240959679989747002e+02
3.140000000000000000e+02	2.122094011952051940e+00	1.233821316635971357e+02
3.150000000000000000e+02	1.266903844471156004e+00	1.156703983834738381e+02
3.160000000000000000e+02	2.431692928833713019e+00	1.261739601499317587e+02
3.170000000000000000e+02	2.520773568255433528e+00	1.269772506433979231e+02
3.180000000000000000e+02	1.994538044646920749e+00	1.222318873839617908e+02
3.190000000000000000e+02	2.271677484199627006e+00	1.247310104100471762e+02
3.200000000000000000e+02	2.371984960445874702e+00	1.256355396390161729e+02
3.210000000000000000e+02	2.940333328507841237e+00	1.307606582282510601e+02
3.220000000000000000e+02	1.686731448888049378e+00	1.194562212706020716e+02
3.230000000000000000e+02	1.220162960862445356e+00	1.152489094078353133e+02
3.240000000000000000e+02	1.982501284305295153e+00	1.221233451101599172e+02
3.250000000000000000e+02	1.648923264419021928e+00	1.191152834938152978e+02
3.260000000000000000e+02	1.324742201600248137e+00	1.161919595525573783e+02
3.270000000000000000e+02	1.996367727890918653e+00	1.222483866723088397e+02
3.280000000000000000e+02	1.265525069851326068e+00	1.156579651931427861e+02
3.290000000000000000e+02	1.386173086146483602e+00	1.167459165726410930e+02
3.300000000000000000e+02	1.257858402398001507e+00	1.155888305178440874e+02
3.310000000000000000e+02	3.454659839287451906e+00	1.353986311854382905e+02
3.320000000000000000e+02	2.286021795207149321e+00	1.248603611729342049e+02
3.330000000000000000e+02	2.270044457920529002e+00	1.247162844887460267e+02
3.340000000000000000e+02	1.722062943574711902e+00	1.197748253352561676e+02
3.350000000000000000e+02	1.964997704179085147e+00	1.219655054313219154e+02
3.360000000000000000e+02	1.681493099430793281e+00	1.194089841116887101e+02
3.370000000000000000e+02	1.678384983279658904e+00	1.193809564709689823e+02
3.380000000000000000e+02	2.729402883680265290e+00	1.288585791433621921e+02
3.390000000000000000e+02	1.771299927567220767e+00	1.202188230593955893e+02
3.400000000000000000e+02	1.997952614391242498e+00	1.222626784900056691e+02
3.410000000000000000e+02	3.392175486625482073e+00	1.348351744477051284e+02
3.420000000000000000e+02	1.169549811409714923e+00	1.147925020216323020e+02
3.430000000000000000e+02	3.409440684694919010e+00	1.349908645007516839e+02
3.440000000000000000e+02	2.400900560298307340e+00	1.258962879522873379e+02
3.450000000000000000e+02	1.232983510955483197e+00	1.153645195569945372e+02
3.460000000000000000e+02	1.463598700608564673e+00	1.174441071160848367e+02
3.470000000000000000e+02	2.624719411891291099e+00	1.279145890883175980e+02
3.480000000000000000e+02	2.395571501983596363e+00	1.258482328203178895e+02
3.490000000000000000e+02	2.052173320315144434e+00	1.227516172526867422e+02
3.500000000000000000e+02	1.930715208154878626e+00	1.216563607807299547e+02
3.510000000000000000e+02	2.196530172256844882e+00	1.240533646086132933e+02
3.520000000000000000e+02	2.359437662987632578e+00	1.255223935633668759e+02
3.530000000000000000e+02	1.092133259106027987e+00	1.140943931967947123e+02
3.540000000000000000e+02	2.143466148099054447e+00	1.235748562994259885e+02
3.550000000000000000e+02	1.633136483823279583e+00	1.189729251670529493e+02
3.560000000000000000e+02	1.921787671381281370e+00	1.215758561338520707e+02
3.570000000000000000e+02	1.537580813664482626e+00	1.181112456603313774e+02
3.580000000000000000e+02	1.508242765622556547e+00	1.178466878928757211e+02
3.590000000000000000e+02	2.321862927022964040e+00	1.251835609237399041e+02
3.600000000000000000e+02	2.349706427136831088e+00	1.254346415074839030e+02
3.610000000000000000e+02	3.631263689700365394e+00	1.369911679596144154e+02
3.620000000000000000e+02	1.634707948001168143e+00	1.189870959480791726e+02
3.630000000000000000e+02	2.346385851567108105e+00	1.254046980000583744e+02
3.640000000000000000e+02	1.438831020039877284e+00	1.172207629363035863e+02
3.650000000000000000e+02	1.296054324726018114e+00	1.159332647461393435e+02
3.660000000000000000e+02	1.249314023393102824e+00	1.155117810212108793e+02
3.670000000000000000e+02	1.969051220436484062e+00	1.220020582793461017e+02
3.680000000000000000e+02	1.564610110095442153e+00	1.183549841091011388e+02
3.690000000000000000e+02	1.489932195553395733e+00	1.176815711294354685e+02
3.700000000000000000e+02	1.701488218029274968e+00	1.195892914016919804e+02
3.710000000000000000e+02	1.686882966506536130e+00	1.194575875906387523e+02
3.720000000000000000e+02	2.038173072451994194e+00	1.226253691017120246e+02
3.730000000000000000e+02	2.425717664217261316e+00	1.261200778103628011e+02
3.740000000000000000e+02	3.042270362823763730e+00	1.316798821037158405e+02
3.750000000000000000e+02	1.951073916948651732e+00	1.218399467691046141e+02
3.760000000000000000e+02	1.369376890883478026e+00	1.165944557830827790e+02
3.770000000000000000e+02	1.629475786378885349e+00	1.189399145883724742e+02
3.780000000000000000e+02	1.102090941755010434e+00	1.141841872514939951e+02
3.790000000000000000e+02	1.440513211553278827e+00	1.172359322083213442e+02
3.800000000000000000e+02	2.321880129174507257e+00	1.251837160452667774e+02
3.810000000000000000e+02	1.299698142379265731e+00	1.159661231101989074e+02
3.820000000000000000e+02	1.287779016756470440e+00	1.158586416151695175e+02
3.830000000000000000e+02	1.219128520610128108e+00	1.152395812751889963e+02
3.840000000000000000e+02	2.396738558270982811e+00	1.258587568267359416e+02
3.850000000000000000e+02	1.505410855712636664e+00	1.178211509600050277e+02
3.860000000000000000e+02	1.680482645065316527e+00	1.193998722733460767e+02
3.870000000000000000e+02	2.005337874855068758e+00	1.223292755593674883e+02
3.880000000000000000e+02	2.430099302870769584e+00	1.261595895235590206e+02
3.890000000000000000e+02	1.368804069237081977e+00	1.165892903264135327e+02
3.900000000000000000e+02	1.894409776312945271e+00	1.213289741740651380e+02
3.910000000000000000e+02	2.237917825830291196e+00	1.244265804822110226e+02
3.920000000000000000e+02	2.321625955811921216e+00	1.251814240203421349e+02
3.930000000000000000e+02	2.206642428131826872e+00	1.241445525374899148e+02
3.940000000000000000e+02	1.241979233824279660e+00	1.154456390764464686e+02
3.950000000000000000e+02	1.459014641647234045e+00	1.174027700645208796e+02
3.960000000000000000e+02	2.320482511735352915e+00	1.251711129385798102e+02
3.970000000000000000e+02	2.053211757499577850e+00	1.227609814279299059e+02
3.980000000000000000e+02	1.683310028724896323e+00	1.194253683904582317e+02
3.990000000000000000e+02	1.258004856792301673e+00	1.155901511799254422e+02
4.000000000000000000e+02	1.249084456880188432e+00	1.155097108901628928e+02
4.010000000000000000e+02	1.456207620390364443e+00	1.173774575667072355e+02
4.020000000000000000e+02	1.951411831655546880e+00	1.218429939370797541e+02
4.030000000000000000e+02	1.563289536262374435e+00	1.183430757481721116e+02
4.040000000000000000e+02	1.169572672071698571e+00	1.147927081691472324e+02
4.050000000000000000e+02	1.485173687705502399e+00	1.176386609736248374e+02
4.060000000000000000e+02	3.519340901661387910e+00	1.359818968967035744e+02
4.070000000000000000e+02	1.197490544044701011e+00	1.150444594059962498e+02
4.080000000000000000e+02	1.727665511667952458e+00	1.198253468595459879e+02
4.090000000000000000e+02	2.768554285315106167e+00	1.292116294688123048e+02
4.100000000000000000e+02	2.784410745706281887e+00	1.293546161376882822e+02
4.110000000000000000e+02	1.424061206845124827e+00	1.170875751796076827e+02
4.120000000000000000e+02	2.728212101559881031e+00	1.288478411876929783e+02
4.130000000000000000e+02	1.725303215626486475e+00	1.198040447004552931e+02
4.140000000000000000e+02	3.059131703210203668e+00	1.318319303436863947e+02
4.150000000000000000e+02	1.777026192066404997e+00	1.202704600241179804e+02
4.160000000000000000e+02	2.581650983921650155e+00	1.275262167216492202e+02
4.170000000000000000e+02	1.684644518098275423e+00	1.194374022356823559e+02
4.180000000000000000e+02	2.540554720721634130e+00	1.271556284798060972e+02
4.190000000000000000e+02	1.413033626631815087e+00	1.169881332536314744e+02
4.200000000000000000e+02	2.444683780003388041e+00	1.262911060001903110e+02
4.210000000000000000e+02	1.482049847090342487e+00	1.176104915365220904e+02
4.220000000000000000e+02	2.309102118146685978e+00	1.250684894949109633e+02
4.230000000000000000e+02	1.593535486965443893e+00	1.186158205872678337e+02
4.240000000000000000e+02	2.739780278342620612e+00	1.289521579785987910e+02
4.250000000000000000e+02	3.081008666543472163e+00	1.320292072916922166e+02
4.260000000000000000e+02	2.045892827743982956e+00	1.226949825000687895e+02
4.270000000000000000e+02	1.461434694680180613e+00	1.174245930510605973e+02
4.280000000000000000e+02	1.766951968530069417e+00	1.201796150543431168e+02
4.290000000000000000e+02	1.580232359985975332e+00	1.184958587694659968e+02
4.300000000000000000e+02	2.521158749771121421e+00	1.269807240429134509e+02
4.310000000000000000e+02	1.650974426579254972e+00	1.191337799827782078e+02
4.320000000000000000e+02	2.367302023266101507e+00	1.255933109466489981e+02
4.330000000000000000e+02	1.928683543212841078e+00	1.216380401092075942e+02
4.340000000000000000e+02	2.016852045288340278e+00	1.224331053444839768e+02
4.350000000000000000e+02	1.838187429108474324e+00	1.208219854801930779e+02
4.360000000000000000e+02	2.365441029206052370e+00	1.255765293109699172e+02
4.370000000000000000e+02	2.626042058616974817e+00	1.279265161416913941e+02
4.380000000000000000e+02	1.489994530912843729e+00	1.176821332426171409e+02
4.390000000000000000e+02	1.944779482907507129e+00	1.217831862983690598e+02
4.400000000000000000e+02	1.858459797001175362e+00	1.210047928838440754e+02
4.410000000000000000e+02	1.446908556452510375e+00	1.172936026493211017e+02
4.420000000000000000e+02	1.844723049188587316e+00	1.208809208618129531e+02
4.430000000000000000e+02	2.741860474857703345e+00	1.289709162867559087e+02
4.440000000000000000e+02	2.466645178219057488e+00	1.264891443452717397e+02
4.450000000000000000e+02	1.074263603208172491e+00	1.139332524057379459e+02
4.460000000000000000e+02	1.953940240829415087e+00	1.218657940322086830e+02
4.470000000000000000e+02	1.830850751031966261e+00	1.207558265056870681e+02
4.480000000000000000e+02	2.039790129764081694e+00	1.226399510218084856e+02
4.490000000000000000e+02	1.580320727440702955e+00	1.184966556287698296e+02
4.500000000000000000e+02	1.655360657810689418e+00	1.191733331098463111e+02
4.510000000000000000e+02	1.819945228745497356e+00	1.206574852450509354e+02
4.520000000000000000e+02	2.009380454340084832e+00	1.223657297843312506e+02
4.530000000000000000e+02	1.641087063242300914e+00	1.190446200370753047e+02
4.540000000000000000e+02	1.475954215587152341e+00	1.175555237806778166e+02
4.550000000000000000e+02	2.101424527878593018e+00	1.231957432388075944e+02
4.560000000000000000e+02	1.509033467017015795e+00	1.178538180944263871e+02
4.570000000000000000e+02	1.478248753673542915e+00	1.175762149279760251e+02
4.580000000000000000e+02	1.828699311649153891e+00	1.207364257603096149e+02
4.590000000000000000e+02	1.636438208755801593e+00	1.190026986876243456e+02
4.600000000000000000e+02	2.252450989567263306e+00	1.245576342369402454e+02
4.610000000000000000e+02	1.776831437810889813e+00	1.202687038148784353e+02
4.620000000000000000e+02	1.295535295478648985e+00	1.159285843659473159e+02
4.630000000000000000e+02	2.817798314872809406e+00	1.296556907267967631e+02
4.640000000000000000e+02	1.912146338291135894e+00	1.214889147819945805e+02
4.650000000000000000e+02	1.546348099451365865e+00	1.181903052334532447e+02
4.660000000000000000e+02	1.874420761305446215e+00	1.211487219235928308e+02
4.670000000000000000e+02	2.600945922322572823e+00	1.277002100909165847e+02
4.680000000000000000e+02	2.720104034950339145e+00	1.287747261666276017e+02
4.690000000000000000e+02	1.505317275464742366e+00	1.178203070939977977e+02
4.700000000000000000e+02	1.550766229953405739e+00	1.182301460142808338e+02
4.710000000000000000e+02	1.979110431910430457e+00	1.220927678768663043e+02
4.720000000000000000e+02	1.804610802442069506e+00	1.205192060527116666e+02
4.730000000000000000e+02	2.030397095333027035e+00	1.225552487193525479e+02
4.740000000000000000e+02	1.429807267346807187e+00	1.171393906560776088e+02
4.750000000000000000e+02	1.231230901692352830e+00	1.153487152883120075e+02
4.760000000000000000e+02	1.424172788959011227e+00	1.170885813786191250e+02
4.770000000000000000e+02	1.623115644989183703e+00	1.188825615973228622e+02
4.780000000000000000e+02	1.683704186113592627e+00	1.194289227304958132e+02
4.790000000000000000e+02	9.214678378346625731e-01	1.125554065958828716e+02
4.800000000000000000e+02	1.351816848169771434e+00	1.164361069491683622e+02
4.810000000000000000e+02	1.742682463576987972e+00	1.199607632057652751e+02
4.820000000000000000e+02	1.083377940748640356e+00	1.140154415407511976e+02
4.830000000000000000e+02	1.981811669579402135e+00	1.221171264642559322e+02
4.840000000000000000e+02	2.496697950359107576e+00	1.267601471840380754e+02
4.850000000000000000e+02	3.218162236199516801e+00	1.332659985783832610e+02
4.860000000000000000e+02	2.240788056797709427e+00	1.244524629777245934e+02
4.870000000000000000e+02	1.637764937707292701e+00	1.190146625527364250e+02
4.880000000000000000e+02	1.743289054958788054e+00	1.199662331832326743e+02
4.890000000000000000e+02	1.446390060154890023e+00	1.172889270750382877e+02
4.900000000000000000e+02	1.799727482001207246e+00	1.204751703911789491e+02
4.910000000000000000e+02	2.387180816075130885e+00	1.257725692612360717e+02
4.920000000000000000e+02	1.496094377205025694e+00	1.177371390055968732e+02
4.930000000000000000e+02	2.308451619179368031e+00	1.250626235779187994e+02
4.940000000000000000e+02	2.609572910394870604e+00	1.277780045202191843e+02
4.950000000000000000e+02	3.046502057854573398e+00	1.317180416904853644e+02
4.960000000000000000e+02	2.151702609807502942e+00	1.236491291316951049e+02
4.970000000000000000e+02	1.150527817991630286e+00	1.146209699516032003e+02
4.980000000000000000e+02	2.626959382371152785e+00	1.279347881686542223e+02
4.990000000000000000e+02	1.580608129848226184e+00	1.184992472987809720e+02
5.000000000000000000e+02	1.364477601618251601e+00	1.165502761216316969e+02
5.010000000000000000e+02	3.066923471940116386e+00	1.319021931279306159e+02
5.020000000000000000e+02	2.405810651564663782e+00	1.259405650214902579e+02
5.030000000000000000e+02	1.458957274745746435e+00	1.174022527547338939e+02
5.040000000000000000e+02	2.362711244384260834e+00	1.255519132977622405e+02
5.050000000000000000e+02	1.611746478446579367e+00	1.187800393942763435e+02
5.060000000000000000e+02	1.557639655321023664e+00	1.182921275771793432e+02
5.070000000000000000e+02	3.291844409126855719e+00	1.339304323928988367e+02
5.080000000000000000e+02	1.747631184318639619e+00	1.200053886187887286e+02
5.090000000000000000e+02	1.058308261900372971e+00	1.137893740717277069e+02
5.100000000000000000e+02	2.067489731900256533e+00	1.228897339961251163e+02
5.110000000000000000e+02	2.181159429032596631e+00	1.239147579260647518e+02
5.120000000000000000e+02	1.434706176975422132e+00	1.171835668941307063e+02
5.130000000000000000e+02	1.650089320969256423e+00	1.191257984850381746e+02
5.140000000000000000e+02	1.349337253484985233e+00	1.164137470418880724e+02
5.150000000000000000e+02	1.810444770733693476e+00	1.205718142434281646e+02
5.160000000000000000e+02	1.390720094142127161e+00	1.167869195146981554e+02
5.170000000000000000e+02	1.808850286995181467e+00	1.205574358820081216e+02
5.180000000000000000e+02	1.998178210154752943e+00	1.222647128145611504e+02
5.190000000000000000e+02	2.562566843906058711e+00	1.273541242406115970e+02
5.200000000000000000e+02	1.294513179943958647e+00	1.159193673722484448e+02
5.210000000000000000e+02	1.516736327572516752e+00	1.179232791433916532e+02
5.220000000000000000e+02	1.792461318034444417e+00	1.204096472822704555e+02
5.230000000000000000e+02	2.452864823689050677e+00	1.263648790968136097e+02
5.240000000000000000e+02	2.864910945305681356e+00	1.300805319537411151e+02
5.250000000000000000e+02	1.288173126875714614e+00	1.158621955289517160e+02
5.260000000000000000e+02	9.732966602919628230e-01	1.130227763929315472e+02
5.270000000000000000e+02	2.232016001073703126e+00	1.243733603913826755e+02
5.280000000000000000e+02	2.026128084439303478e+00	1.225167526343480802e+02
5.290000000000000000e+02	2.326870635557224620e+00	1.252287182630420688e+02
5.300000000000000000e+02	1.532232632748298906e+00	1.180630180890521785e+02
5.310000000000000000e+02	2.159190141107336203e+00	1.237166484350109670e+02
5.320000000000000000e+02	1.277291917210386263e+00	1.157640735089672148e+02
5.330000000000000000e+02	1.849476125831290618e+00	1.209237820413754889e+02
5.340000000000000000e+02	1.408298540926842257e+00	1.169454343085268562e+02
5.350000000000000000e+02	1.619127743420647247e+00	1.188466004340478861e+02
5.360000000000000000e+02	2.194238234850630853e+00	1.240326969131187127e+02
5.370000000000000000e+02	1.461938698507317502e+00	1.174291379385427518e+02
5.380000000000000000e+02	1.470815820128463125e+00	1.175091879634853314e+02
5.390000000000000000e+02	1.748820588081435368e+00	1.200161141450281974e+02
5.400000000000000000e+02	1.359129485061840281e+00	1.165020491307209625e+02
5.410000000000000000e+02	2.652598818582783569e+00	1.281659934619742671e+02
5.420000000000000000e+02	2.964627500568033813e+00	1.309797325140809505e+02
5.430000000000000000e+02	2.422697476202448907e+00	1.260928430673644414e+02
5.440000000000000000e+02	1.231239719117908304e+00	1.153487948000237679e+02
5.450000000000000000e+02	1.418478143355496712e+00	1.170372295393568862e+02
5.460000000000000000e+02	2.328089878348964969e+00	1.252397128646770739e+02
5.470000000000000000e+02	1.544423756883171350e+00	1.181729523484578408e+02
5.480000000000000000e+02	1.352055370559978931e+00	1.164382578404257202e+02
5.490000000000000000e+02	2.942696230633420118e+00	1.307819658527448894e+02
5.500000000000000000e+02	1.738696123038985686e+00	1.199248161191852518e+02
5.510000000000000000e+02	1.343472965952672071e+00	1.163608654454352376e+02
5.520000000000000000e+02	1.901026938092709395e+00	1.213886448632959087e+02
5.530000000000000000e+02	9.293585334060745495e-01	1.126265614593919224e+02
5.540000000000000000e+02	1.927180865289002787e+00	1.216244896127271318e+02
5.550000000000000000e+02	1.893461928477223388e+00	1.213204268942001534e+02
5.560000000000000000e+02	2.151704950081505530e+00	1.236491502352690190e+02
5.570000000000000000e+02	9.053337961392284861e-01	1.124099168194369156e+02
5.580000000000000000e+02	2.042199795213365920e+00	1.226616803376330012e+02
5.590000000000000000e+02	1.235743044679896929e+00	1.153894038328777327e+02
5.600000000000000000e+02	1.264302852131928834e+00	1.156469437649030425e+02
5.610000000000000000e+02	2.594627623995107601e+00	1.276432344224179758e+02
5.620000000000000000e+02	1.355193329787065526e+00	1.164665545930351129e+02
5.630000000000000000e+02	1.650345017974193862e+00	1.191281042495073876e+02
5.640000000000000000e+02	2.737529263334498086e+00	1.289318593035060587e+02
5.650000000000000000e+02	1.709466734854871106e+00	1.196612381991057248e+02
5.660000000000000000e+02	1.951848345264080464e+00	1.218469302271005859e+02
5.670000000000000000e+02	2.564398360550919520e+00	1.273706400617708567e+02
5.680000000000000000e+02	1.666642222592584988e+00	1.192750653582849196e+02
5.690000000000000000e+02	2.644290325073598513e+00	1.280910710782298167e+02
5.700000000000000000e+02	1.486553878884934621e+00	1.176511069378747578e+02
5.710000000000000000e+02	1.377686067122174451e+00	1.166693843233852448e+02
5.720000000000000000e+02	2.526039879952343359e+00	1.270247399536365975e+02
5.730000000000000000e+02	2.205208609728025237e+00	1.241316229862360387e+02
5.740000000000000000e+02	1.386005770572215745e+00	1.167444077935046778e+02
5.750000000000000000e+02	1.862330526777303596e+00	1.210396974428158643e+02
5.760000000000000000e+02	1.643919579820042109e+00	1.190701624406127621e+02
5.770000000000000000e+02	1.898793577508088859e+00	1.213685053881220171e+02
5.780000000000000000e+02	1.919359854946004029e+00	1.215539631403239724e+02
5.790000000000000000e+02	1.495884614722362560e+00	1.177352474586872120e+02
5.800000000000000000e+02	1.804502522934092301e+00	1.205182296351650564e+02
5.810000000000000000e+02	2.486185260229431204e+00	1.266653483130741336e+02
5.820000000000000000e+02	2.292187438063113536e+00	1.249159602607321347e+02
5.830000000000000000e+02	1.427508949120497528e+00	1.171186654211203972e+02
5.840000000000000000e+02	1.817153121953697159e+00	1.206323072394017402e+02
5.850000000000000000e+02	2.063389590883889291e+00	1.228527607062868299e+02
5.860000000000000000e+02	1.903224459662930190e+00	1.214084611578129227e+02
5.870000000000000000e+02	8.164875297446754221e-01	1.116087398000754547e+02
5.880000000000000000e+02	1.497084551699063404e+00	1.177460679688721399e+02
5.890000000000000000e+02	1.303390586142046503e+00	1.159994199633822092e+02
5.900000000000000000e+02	1.402614527470963823e+00	1.168941783453514631e+02
5.910000000000000000e+02	1.403670821823284731e+00	1.169037035487742173e+02
5.920000000000000000e+02	1.735097402075630457e+00	1.198923644174769265e+02
5.930000000000000000e+02	1.782218101639609698e+00	1.203172784083389075e+02
5.940000000000000000e+02	2.157870713992877665e+00	1.237047504146920005e+02
5.950000000000000000e+02	2.522455193365923609e+00	1.269924148078403903e+02
5.960000000000000000e+02	2.017821043081977184e+00	1.224418433454780200e+02
5.970000000000000000e+02	1.018458682318187591e+00	1.134300278809639764e+02
5.980000000000000000e+02	1.681736980526235437e+00	1.194111833254210779e+02
5.990000000000000000e+02	1.619240826903313391e+00	1.188476201717505205e+02
6.000000000000000000e+02	2.052906777143502559e+00	1.227582312476177719e+02
6.010000000000000000e+02	1.832441220617306410e+00	1.207701686692182790e+02
6.020000000000000000e+02	1.758844779665901470e+00	1.201065079484040865e+02
6.030000000000000000e+02	1.784779760394904491e+00	1.203403783337434731e+02
6.040000000000000000e+02	2.580311777041720323e+00	1.275141403360011623e+02
6.050000000000000000e+02	1.996836575809339154e+00	1.222526145390843055e+02
6.060000000000000000e+02	3.265280756888599090e+00	1.336908929210983104e+02
6.070000000000000000e+02	1.152654415295727874e+00	1.146401466819107213e+02
6.080000000000000000e+02	1.711167852323825400e+00	1.196765781371657908e+02
6.090000000000000000e+02	1.773028502122047545e+00	1.202344105935237053e+02
6.100000000000000000e+02	1.676419764205394181e+00	1.193632349794060303e+02
6.110000000000000000e+02	1.966032723526244030e+00	1.219748387859938532e+02
6.120000000000000000e+02	1.289015229871914414e+00	1.158697892478086686e+02
6.130000000000000000e+02	1.276491481095840097e+00	1.157568555239413257e+02
6.140000000000000000e+02	1.224705370869368926e+00	1.152898708872283038e+02
6.150000000000000000e+02	1.409133184981031794e+00	1.169529607658862886e+02
6.160000000000000000e+02	1.216029232999167542e+00	1.152116332464078425e+02
6.170000000000000000e+02	2.428112129605765279e+00	1.261416700586448769e+02
6.180000000000000000e+02	1.471191252607436217e+00	1.175125734504245258e+02
6.190000000000000000e+02	2.262480293406028409e+00	1.246480741404037076e+02
6.200000000000000000e+02	1.184139380406179720e+00	1.149240644144789201e+02
6.210000000000000000e+02	1.273982878110233363e+00	1.157342340324107255e+02
6.220000000000000000e+02	1.843743607836461740e+00	1.208720886853470233e+02
6.230000000000000000e+02	2.650053431759815226e+00	1.281430402697839384e+02
6.240000000000000000e+02	1.347342113779236072e+00	1.163957557390733513e+02
6.250000000000000000e+02	1.946399413923808996e+00	1.217977941322812683e+02
6.260000000000000000e+02	2.404034232741477428e+00	1.259245460485423393e+02
6.270000000000000000e+02	2.199325132216471079e+00	1.240785683428900370e+02
6.280000000000000000e+02	1.982732551430442802e+00	1.221254305765899772e+02
6.290000000000000000e+02	1.556048685296647305e+00	1.182777809009063787e+02
6.300000000000000000e+02	1.513069937684026867e+00	1.178902172327241544e+02
6.310000000000000000e+02	1.838796907544511416e+00	1.208274814918609223e+02
6.320000000000000000e+02	1.692036674264587592e+00	1.195040614874924501e+02
6.330000000000000000e+02	8.215825683681285962e-01	1.116546846441698762e+02
6.340000000000000000e+02	1.723776829648301812e+00	1.197902804150438385e+02
6.350000000000000000e+02	1.737152836486118179e+00	1.199108994317359844e+02
6.360000000000000000e+02	1.107084667901112152e+00	1.142292185036962451e+02
6.370000000000000000e+02	2.066068009027362873e+00	1.228769135171124702e+02
6.380000000000000000e+02	1.543988571964101553e+00	1.181690280399811854e+02
6.390000000000000000e+02	1.702724226987756495e+00	1.196004371933323682e+02
6.400000000000000000e+02	2.115039063485066428e+00	1.233185132042752059e+02
6.410000000000000000e+02	2.654438375163389985e+00	1.281825817837800514e+02
6.420000000000000000e+02	2.256811350719859277e+00	1.245969540788800600e+02
6.430000000000000000e+02	1.762987236988583284e+00	1.201438628283028009e+02
6.440000000000000000e+02	1.611069595948933397e+00	1.187739355620734898e+02
6.450000000000000000e+02	1.397311694365864998e+00	1.168463597009252908e+02
6.460000000000000000e+02	1.861170714905771018e+00	1.210292387633917031e+02
6.470000000000000000e+02	2.484329882028757819e+00	1.266486173187743702e+02
6.480000000000000000e+02	2.100320482662638266e+00	1.231857874388482514e+02
6.490000000000000000e+02	2.276510025160427997e+00	1.247745881642965458e+02
6.500000000000000000e+02	3.996788948269864417e+00	1.402873158907107722e+02
6.510000000000000000e+02	1.515322774358525360e+00	1.179105323348126149e+02
6.520000000000000000e+02	2.128879539055017478e+00	1.234433205981440125e+02
6.530000000000000000e+02	1.394967396695317774e+00	1.168252198433217615e+02
6.540000000000000000e+02	1.044742719177904622e+00	1.136670459027966444e+02
6.550000000000000000e+02	1.500965498390875785e+00	1.177810646595494859e+02
6.560000000000000000e+02	1.953511829981207537e+00	1.218619308093591798e+02
6.570000000000000000e+02	1.450971764286042021e+00	1.173302428917670568e+02
6.580000000000000000e+02	1.363539298099657460e+00	1.165418149082707941e+02
6.590000000000000000e+02	1.718456400630120173e+00	1.197423030983203489e+02
6.600000000000000000e+02	1.972825663270068475e+00	1.220360945645145989e+02
6.610000000000000000e+02	1.495295640778012469e+00	1.177299363476145118e+02
6.620000000000000000e+02	8.231796303294345307e-01	1.116690862548826146e+02
6.630000000000000000e+02	1.526032947658585215e+00	1.180071120231844475e+02
6.640000000000000000e+02	1.826625718135325815e+00	1.207177269951482401e+02
6.650000000000000000e+02	3.183660566437355843e+00	1.329548775142713453e+02
6.660000000000000000e+02	2.032008110312200966e+00	1.225697761523166918e+02
6.670000000000000000e+02	3.143394770511521497e+00	1.325917780654007174e+02
6.680000000000000000e+02	8.934009014419674877e-01	1.123023111608777924e+02
6.690000000000000000e+02	2.186947303155168054e+00	1.239669504595964185e+02
6.700000000000000000e+02	1.389819147957443324e+00	1.167787951735396490e+02
6.710000000000000000e+02	1.368062525720171063e+00	1.165826034092394536e+02
6.720000000000000000e+02	1.922612877522304142e+00	1.215832974842121246e+02
6.730000000000000000e+02	2.510686574094633361e+00	1.268862905136815300e+02
6.740000000000000000e+02	1.162398302161815167e+00	1.147280128191516440e+02
6.750000000000000000e+02	2.186447014706373260e+00	1.239624390757815178e+02
6.760000000000000000e+02	2.538206522574625978e+00	1.271344534494009366e+02
6.770000000000000000e+02	1.403376073042862160e+00	1.169010456323648697e+02
6.780000000000000000e+02	1.857065318068543247e+00	1.209922180788449850e+02
6.790000000000000000e+02	9.913583842723416861e-01	1.131856491704871814e+02
6.800000000000000000e+02	2.100930150019391984e+00	1.231912851541210188e+02
6.810000000000000000e+02	1.336017069447459571e+00	1.162936314109493594e+02
6.820000000000000000e+02	9.764216948223636283e-01	1.130509565962430685e+02
6.830000000000000000e+02	1.137932342386408058e+00	1.145073894263617831e+02
6.840000000000000000e+02	1.586102224582015552e+00	1.185487906574558110e+02
6.850000000000000000e+02	1.743822854046222837e+00	1.199710467514237138e+02
6.860000000000000000e+02	1.072855921623331543e+00	1.139205585449588654e+02
6.870000000000000000e+02	1.995064339227169858e+00	1.222366332797683413e+02
6.880000000000000000e+02	9.862116444563640005e-01	1.131392381075069693e+02
6.890000000000000000e+02	1.532970955345873021e+00	1.180696759613754239e+02
6.900000000000000000e+02	2.028334365119687011e+00	1.225366479147139955e+02
6.910000000000000000e+02	2.046976923800452486e+00	1.227047584071774509e+02
6.920000000000000000e+02	1.753483830332873472e+00	1.200581652370907051e+02
6.930000000000000000e+02	1.023636461409213494e+00	1.134767188426374531e+02
6.940000000000000000e+02	1.974763572943006196e+00	1.220535697917645592e+02
6.950000000000000000e+02	1.278256248712635657e+00	1.157727694313734190e+02
6.960000000000000000e+02	1.298460932899066833e+00	1.159549664927753980e+02
6.970000000000000000e+02	2.088414245807686420e+00	1.230784221691260427e+02
6.980000000000000000e+02	2.791263868796865832e+00	1.294164146234755037e+02
6.990000000000000000e+02	2.286507425551814077e+00	1.248647403763362149e+02
7.000000000000000000e+02	1.632776881414344627e+00	1.189696824288058963e+02
7.010000000000000000e+02	1.891852467088968925e+00	1.213059134708437625e+02
7.020000000000000000e+02	1.159007955697650694e+00	1.146974401481212311e+02
7.030000000000000000e+02	1.333394795273633582e+00	1.162699848820428485e+02
7.040000000000000000e+02	2.365254972355772978e+00	1.255748515311510545e+02
7.050000000000000000e+02	2.015124850975464454e+00	1.224175302567779511e+02
7.060000000000000000e+02	2.133537065705283897e+00	1.234853201493990582e+02
7.070000000000000000e+02	1.150573078685363404e+00	1.146213780928698043e+02
7.080000000000000000e+02	1.570090610145446597e+00	1.184044048768256232e+02
7.090000000000000000e+02	1.302713388861554300e+00	1.159933132926044550e+02
7.100000000000000000e+02	1.167546916370479915e+00	1.147744407845905243e+02
7.110000000000000000e+02	1.973226925281545086e+00	1.220397129709528627e+02
7.120000000000000000e+02	2.752830816926443713e+00	1.290698420640190420e+02
7.130000000000000000e+02	2.023907492225035298e+00	1.224967282987891224e+02
7.140000000000000000e+02	1.598896709974988894e+00	1.186641657664771117e+02
7.150000000000000000e+02	1.832145654057804940e+00	1.207675033784325791e+02
7.160000000000000000e+02	2.979749727771971113e+00	1.311160981871589115e+02
7.170000000000000000e+02	1.894283341888954642e+00	1.213278340433757023e+02
7.180000000000000000e+02	1.663642168052362980e+00	1.192480121702107709e+02
7.190000000000000000e+02	1.178336971674414091e+00	1.148717408141580165e+02
7.200000000000000000e+02	1.453658686622220975e+00	1.173544723897067570e+02
7.210000000000000000e+02	1.285676065433567716e+00	1.158396781140442897e+02
7.220000000000000000e+02	1.821597517117616860e+00	1.206723848635359957e+02
7.230000000000000000e+02	2.064985380136093784e+00	1.228671508402619992e+02
7.240000000000000000e+02	1.546912012333035324e+00	1.181953903547537834e+02
7.250000000000000000e+02	1.497474812405678923e+00	1.177495871703241335e+02
7.260000000000000000e+02	1.674420331311623711e+00	1.193452049624874718e+02
7.270000000000000000e+02	2.244184808577106338e+00	1.244830934091041570e+02
7.280000000000000000e+02	1.532663403519279655e+00	1.180669025926596873e+02
7.290000000000000000e+02	1.540285613299839262e+00	1.181356363679858958e+02
7.300000000000000000e+02	2.972245827574814925e+00	1.310484312762406205e+02
7.310000000000000000e+02	1.947710036820395452e+00	1.218096127599896192e+02
7.320000000000000000e+02	2.020344601225236847e+00	1.224645996961210983e+02
7.330000000000000000e+02	2.158631890431772504e+00	1.237116143730244033e+02
7.340000000000000000e+02	1.661221873680428285e+00	1.192261870073809433e+02
7.350000000000000000e+02	2.593015115971868401e+00	1.276286935258313093e+02
7.360000000000000000e+02	2.335250432155622669e+00	1.253042836270579983e+02
7.370000000000000000e+02	1.654579289128996988e+00	1.191662870666435481e+02
7.380000000000000000e+02	2.207836258272174224e+00	1.241553179788785144e+02
7.390000000000000000e+02	1.535114250785129641e+00	1.180890032682091118e+02
7.400000000000000000e+02	2.096408304070152884e+00	1.231505091124634532e+02
7.410000000000000000e+02	2.164737811236870701e+00	1.237666749133217508e+02
7.420000000000000000e+02	1.967316972054019564e+00	1.219864195811061052e+02
7.430000000000000000e+02	1.676979040131560961e+00	1.193682782866569738e+02
7.440000000000000000e+02	2.088151886821007608e+00	1.230760563298006502e+02
7.450000000000000000e+02	2.533247554725388984e+00	1.270897356324144880e+02
7.460000000000000000e+02	1.429431502227842765e+00	1.171360021695355300e+02
7.470000000000000000e+02	2.222019977084720654e+00	1.242832205911417418e+02
7.480000000000000000e+02	1.725165711845420446e+00	1.198028047511143086e+02
7.490000000000000000e+02	1.507928367509575596e+00	1.178438527873246073e+02
7.500000000000000000e+02	1.408070771179355418e+00	1.169433803799286409e+02
7.510000000000000000e+02	1.320849975753645822e+00	1.161568611513638558e+02
7.520000000000000000e+02	1.455911847808065929e+00	1.173747904180974899e+02
7.530000000000000000e+02	2.539303007908693566e+00	1.271443410776308127e+02
7.540000000000000000e+02	3.399195281472141783e+00	1.348984759069560937e+02
7.550000000000000000e+02	1.358087620170378429e+00	1.164926540459054394e+02
7.560000000000000000e+02	1.603487093372495620e+00	1.187055598490580053e+02
7.570000000000000000e+02	2.102886161987500557e+00	1.232089236200019116e+02
7.580000000000000000e+02	1.713143428846934047e+00	1.196943930277012669e+02
7.590000000000000000e+02	1.863959410646399917e+00	1.210543860096638298e+02
7.600000000000000000e+02	1.529064178539010221e+00	1.180344463459458524e+02
7.610000000000000000e+02	2.589648044614470290e+00	1.275983307395987651e+02
7.620000000000000000e+02	1.868829344508494472e+00	1.210983009568467992e+02
7.630000000000000000e+02	3.102423018416079259e+00	1.322223126105883466e+02
7.640000000000000000e+02	7.597507618894241421e-01	1.110971122843325958e+02
7.650000000000000000e+02	1.559712515182341219e+00	1.183108197265812009e+02
7.660000000000000000e+02	1.912198054648782009e+00	1.214893811376328330e+02
7.670000000000000000e+02	1.761332597447329951e+00	1.201289420079962724e+02
7.680000000000000000e+02	1.382012889253684484e+00	1.167084017250083576e+02
7.690000000000000000e+02	1.131131490286445773e+00	1.144460622976519630e+02
7.700000000000000000e+02	1.878177461080149602e+00	1.211825982095671606e+02
7.710000000000000000e+02	1.607379189719098767e+00	1.187406570824768153e+02
7.720000000000000000e+02	2.025285070432990331e+00	1.225091507003978251e+02
7.730000000000000000e+02	1.120156515601233638e+00	1.143470947454667339e+02
7.740000000000000000e+02	2.488162346228909527e+00	1.266831768154115281e+02
7.750000000000000000e+02	1.459005705147676135e+00	1.174026894790515030e+02
7.760000000000000000e+02	1.533493731813483585e+00	1.180743901323711214e+02
7.770000000000000000e+02	1.849375057116092069e+00	1.209228706476244639e+02
7.780000000000000000e+02	2.136259053185681545e+00	1.235098658495706303e+02
7.790000000000000000e+02	1.618796544071460008e+00	1.188436138222501768e+02
7.800000000000000000e+02	3.137399600644973585e+00	1.325377162289368584e+02
7.810000000000000000e+02	2.200092372038239041e+00	1.240854869781741456e+02
7.820000000000000000e+02	1.239429286528030527e+00	1.154226447598899910e+02
7.830000000000000000e+02	1.261721611975466395e+00	1.156236672629324715e+02
7.840000000000000000e+02	1.426305548242801535e+00	1.171078136749816423e+02
7.850000000000000000e+02	1.986636879595361282e+00	1.221606381112306252e+02
7.860000000000000000e+02	1.501842202563971052e+00	1.177889703967826307e+02
7.870000000000000000e+02	2.024370856571118704e+00	1.225009067170923203e+02
7.880000000000000000e+02	1.638986176594750432e+00	1.190256751542951292e+02
7.890000000000000000e+02	1.687545700950564775e+00	1.194635638418425714e+02
7.900000000000000000e+02	1.751918015032092990e+00	1.200440453951833462e+02
7.910000000000000000e+02	1.767913676335995721e+00	1.201882873173961030e+02
7.920000000000000000e+02	1.933673747348122252e+00	1.216830396014468505e+02
7.930000000000000000e+02	1.530736483885191568e+00	1.180495264688039896e+02
7.940000000000000000e+02	2.788744022005011480e+00	1.293936917401865117e+02
7.950000000000000000e+02	1.228397006766863031e+00	1.153231604554335377e+02
7.960000000000000000e+02	2.155789089968652039e+00	1.236859792338777879e+02
7.970000000000000000e+02	1.365679047062433815e+00	1.165611102345208110e+02
7.980000000000000000e+02	1.567173563824074689e+00	1.183781002207952042e+02
7.990000000000000000e+02	2.816068887888879768e+00	1.296400955058334716e+02
8.000000000000000000e+02	1.384156258158442787e+00	1.167277296943220080e+02
8.010000000000000000e+02	2.162559831938406063e+00	1.237470348425187012e+02
8.020000000000000000e+02	1.622312132852573585e+00	1.188753158740667857e+02
8.030000000000000000e+02	2.352832977704833350e+00	1.254628353817636679e+02
8.040000000000000000e+02	2.678370369233853854e+00	1.283983901058946060e+02
8.050000000000000000e+02	1.377600608197786958e+00	1.166686136919440173e+02
8.060000000000000000e+02	1.109301577118753102e+00	1.142492096275921654e+02
8.070000000000000000e+02	2.775150422984998588e+00	1.292711105717569637e+02
8.080000000000000000e+02	1.802437562364471280e+00	1.204996087181428237e+02
8.090000000000000000e+02	2.268785142388592302e+00	1.247049285285548308e+02
8.100000000000000000e+02	1.877227843419776665e+00	1.211740349701926220e+02
8.110000000000000000e+02	1.219594115643467314e+00	1.152437798088604382e+02
8.120000000000000000e+02	1.169471361516781771e+00	1.147917945945907405e+02
8.130000000000000000e+02	1.610868037119189022e+00	1.187721179921406929e+02
8.140000000000000000e+02	2.007756821236267974e+00	1.223510885666026695e+02
8.150000000000000000e+02	1.574491987322713671e+00	1.184440945834511041e+02
8.160000000000000000e+02	2.511900556309671018e+00	1.268972376777219608e+02
8.170000000000000000e+02	1.731730839484574069e+00	1.198620062190781539e+02
8.180000000000000000e+02	1.595144279486633510e+00	1.186303279790717227e+02
8.190000000000000000e+02	1.799291640945510640e+00	1.204712401659473358e+02
8.200000000000000000e+02	1.244394673776968219e+00	1.154674204642331858e+02
8.210000000000000000e+02	1.319033703157127313e+00	1.161404827944077596e+02
8.220000000000000000e+02	2.094236035961773990e+00	1.231309205426906317e+02
8.230000000000000000e+02	1.231323280156138233e+00	1.153495483171523972e+02
8.240000000000000000e+02	1.207220751760571309e+00	1.151322021906052271e+02
8.250000000000000000e+02	1.884517861936180871e+00	1.212397731890630155e+02
8.260000000000000000e+02	1.628208266727094511e+00	1.189284846469938088e+02
8.270000000000000000e+02	1.385389811143209249e+00	1.167388533390587497e+02
8.280000000000000000e+02	1.939739262491261940e+00	1.217377357810442220e+02
8.290000000000000000e+02	2.273758256991982307e+00	1.247497739148223133e+02
8.300000000000000000e+02	1.058218901123014977e+00	1.137885682550720787e+02
8.310000000000000000e+02	2.856959396283981878e+00	1.300088283402631930e+02
8.320000000000000000e+02	1.943336396064029747e+00	1.217701731683540913e+02
8.330000000000000000e+02	2.007579069092833457e+00	1.223494856750210715e+02
8.340000000000000000e+02	1.226982610832707543e+00	1.153104060475702823e+02
8.350000000000000000e+02	1.338447510544027885e+00	1.163155480725323514e+02
8.360000000000000000e+02	1.728806908987364555e+00	1.198356394845417583e+02
8.370000000000000000e+02	2.945469247373748711e+00	1.308069717126061278e+02
8.380000000000000000e+02	1.149609700016296809e+00	1.146126907626991596e+02
8.390000000000000000e+02	1.458190076788259404e+00	1.173953344969636703e+02
8.400000000000000000e+02	1.274772168831271646e+00	1.157413515131215433e+02
8.410000000000000000e+02	2.171276102388051576e+00	1.238256343814997109e+02
8.420000000000000000e+02	1.007694334503057565e+00	1.133329596703585054e+02
8.430000000000000000e+02	2.353754297148424435e+00	1.254711434401171601e+02
8.440000000000000000e+02	1.796612295839628892e+00	1.204470789961775381e+02
8.450000000000000000e+02	2.010079513190269562e+00	1.223720335932438417e+02
8.460000000000000000e+02	2.094544078271226795e+00	1.231336983343676508e+02
8.470000000000000000e+02	1.876800378810050240e+00	1.211701802801105146e+02
8.480000000000000000e+02	1.942065355536213733e+00	1.217587114772455266e+02
8.490000000000000000e+02	1.272506655046294233e+00	1.157209220943600343e+02
8.500000000000000000e+02	1.534619934231542970e+00	1.180845457363499236e+02
8.510000000000000000e+02	1.895700753392548954e+00	1.213406156443336528e+02
8.520000000000000000e+02	1.111773361745361788e+00	1.142714991071619153e+02
8.530000000000000000e+02	1.339892583485947419e+00	1.163285791123199573e+02
8.540000000000000000e+02	2.088901228452214820e+00	1.230828135669805334e+02
8.550000000000000000e+02	1.963076606513729505e+00	1.219481818074501263e+02
8.560000000000000000e+02	2.147529012359278067e+00	1.236114934436771762e+02
8.570000000000000000e+02	1.754058575566445954e+00	1.200633480398331585e+02
8.580000000000000000e+02	1.094890438258744325e+00	1.141192562401735842e+02
8.590000000000000000e+02	1.769519507474718534e+00	1.202027680047398661e+02
8.600000000000000000e+02	1.671830836009634780e+00	1.193218540192020782e+02
8.610000000000000000e+02	1.956202105535590263e+00	1.218861905451633731e+02
8.620000000000000000e+02	1.195417087904978581e+00	1.150257618796148620e+02
8.630000000000000000e+02	1.808582953495232015e+00	1.205550251846838989e+02
8.640000000000000000e+02	1.000787902501297566e+00	1.132706804679773995e+02
8.650000000000000000e+02	2.001781075159207113e+00	1.222972018854311926e+02
8.660000000000000000e+02	1.494443244507409396e+00	1.177222498084822604e+02
8.670000000000000000e+02	1.161603110945364836e+00	1.147208421303374593e+02
8.680000000000000000e+02	1.650314252014319916e+00	1.191278268154515843e+02
8.690000000000000000e+02	2.282556078392644849e+00	1.248291088448390269e+02
8.700000000000000000e+02	1.203089089797906519e+00	1.150949446585716629e+02
8.710000000000000000e+02	1.688763573340441138e+00	1.194745460857891146e+02
8.720000000000000000e+02	1.520939195076011607e+00	1.179611787760477739e+02
8.730000000000000000e+02	1.889093308414215633e+00	1.212810325769954289e+02
8.740000000000000000e+02	2.333191769778144131e+00	1.252857195043954164e+02
8.750000000000000000e+02	2.702555414203272388e+00	1.286164803310445564e+02
8.760000000000000000e+02	2.324828255700724267e+00	1.252103009690775934e+02
8.770000000000000000e+02	1.875404780205203625e+00	1.211575953783939781e+02
8.780000000000000000e+02	1.493117416752692606e+00	1.177102940699710558e+02
8.790000000000000000e+02	1.291522394774894611e+00	1.158923977713351121e+02
8.800000000000000000e+02	2.429620719246842864e+00	1.261552738644222700e+02
8.810000000000000000e+02	1.518742881089809371e+00	1.179413733709986474e+02
8.820000000000000000e+02	1.238770710922159068e+00	1.154167060112813203e+02
8.830000000000000000e+02	1.424566723381762490e+00	1.170921337080467026e+02
8.840000000000000000e+02	2.312105991246578007e+00	1.250955771170967381e+02
8.850000000000000000e+02	1.133308565399201662e+00	1.144656942149012195e+02
8.860000000000000000e+02	2.369486546071912336e+00	1.256130100239575995e+02
8.870000000000000000e+02	2.481660058965747151e+00	1.266245420146490801e+02
8.880000000000000000e+02	1.470661696518689165e+00	1.175077981437517280e+02
8.890000000000000000e+02	1.871350006067135086e+00	1.211210311873485779e+02
8.900000000000000000e+02	1.938617381384819094e+00	1.217276191447756162e+02
8.910000000000000000e+02	1.626045044934656625e+00	1.189089776529667688e+02
8.920000000000000000e+02	1.205083490113175504e+00	1.151129292938843633e+02
8.930000000000000000e+02	1.427520548083328178e+00	1.171187700155264935e+02
8.940000000000000000e+02	1.545610469697703326e+00	1.181836536088952982e+02
8.950000000000000000e+02	2.019601651556654165e+00	1.224579000988823339e+02
8.960000000000000000e+02	8.326963746093229979e-01	1.117549041189932666e+02
8.970000000000000000e+02	1.773100349632725559e+00	1.202350584831513629e+02
8.980000000000000000e+02	2.918176495918082924e+00	1.305608575409163450e+02
8.990000000000000000e+02	2.248738628213426072e+00	1.245241577755766116e+02
9.000000000000000000e+02	1.579812734849228795e+00	1.184920747723443242e+02
9.010000000000000000e+02	3.161055168049828890e+00	1.327510318555110018e+02
9.020000000000000000e+02	1.690158252237082381e+00	1.194871226939767297e+02
9.030000000000000000e+02	2.792380791398330064e+00	1.294264865461011027e+02
9.040000000000000000e+02	1.776671765110434897e+00	1.202672639558566061e+02
9.050000000000000000e+02	1.010950479223863940e+00	1.133623221683889852e+02
9.060000000000000000e+02	1.988338620508488752e+00	1.221759836712392939e+02
9.070000000000000000e+02	1.433785577395870092e+00	1.171752653271982751e+02
9.080000000000000000e+02	1.100092920662453899e+00	1.141661699655852402e+02
9.090000000000000000e+02	2.233124537936837850e+00	1.243833566950643075e+02
9.100000000000000000e+02	1.830082529783740419e+00	1.207488990203256662e+02
9.110000000000000000e+02	1.466977642308343599e+00	1.174745769439063281e+02
9.120000000000000000e+02	2.062437733096032844e+00	1.228441772664161817e+02
9.130000000000000000e+02	1.932010504894274394e+00	1.216680412038132175e+02
9.140000000000000000e+02	1.411677156565840363e+00	1.169759011960739343e+02
9.150000000000000000e+02	1.808674278850854300e+00	1.205558487170525552e+02
9.160000000000000000e+02	1.873875281339432375e+00	1.211438030223150690e+02
9.170000000000000000e+02	2.219882637284301907e+00	1.242639469896708704e+02
9.180000000000000000e+02	1.254682442519020835e+00	1.155601910918703084e+02
9.190000000000000000e+02	1.846971264176211491e+00	1.209011942875376633e+02
9.200000000000000000e+02	2.325979626409365508e+00	1.252206835297631784e+02
9.210000000000000000e+02	2.063434278113660536e+00	1.228531636763046606e+02
9.220000000000000000e+02	2.866595943267335134e+00	1.300957265330895893e+02
9.230000000000000000e+02	2.537149406445829314e+00	1.271249208355550451e+02
9.240000000000000000e+02	2.974959088999828083e+00	1.310728982886369067e+02
9.250000000000000000e+02	2.867077271382604486e+00	1.301000669408565784e+02
9.260000000000000000e+02	1.325822758600047724e+00	1.162017035459909948e+02
9.270000000000000000e+02	2.055562613646507941e+00	1.227821804270232349e+02
9.280000000000000000e+02	1.762576296114471752e+00	1.201401571420875598e+02
9.290000000000000000e+02	2.871302970188142734e+00	1.301381724562724571e+02
9.300000000000000000e+02	1.874125480877282257e+00	1.211460592130151923e+02
9.310000000000000000e+02	1.984113335682642143e+00	1.221378818889123750e+02
9.320000000000000000e+02	1.868823510194134840e+00	1.210982483455353815e+02
9.330000000000000000e+02	1.157043204273106918e+00	1.146797228736202214e+02
9.340000000000000000e+02	1.732839422068613855e+00	1.198720029350510288e+02
9.350000000000000000e+02	1.807555512970946854e+00	1.205457601725430123e+02
9.360000000000000000e+02	2.430994584781335011e+00	1.261676627867551304e+02
9.370000000000000000e+02	1.069594164068586872e+00	1.138911454328311805e+02
9.380000000000000000e+02	1.767396624374185876e+00	1.201836247675059610e+02
9.390000000000000000e+02	2.708799349562795111e+00	1.286727854266150644e+02
9.400000000000000000e+02	2.362071692835880032e+00	1.255461460998365055e+02
9.410000000000000000e+02	1.646976945086889632e+00	1.190977324319133999e+02
9.420000000000000000e+02	2.099208151611289708e+00	1.231757569208261884e+02
9.430000000000000000e+02	1.631433304946144247e+00	1.189575666401097607e+02
9.440000000000000000e+02	1.867358866647213844e+00	1.210850408265369254e+02
9.450000000000000000e+02	1.505835819923665886e+00	1.178249831025783010e+02
9.460000000000000000e+02	1.176363363780596583e+00	1.148539436758659633e+02
9.470000000000000000e+02	1.480016081046554577e+00	1.175921519181772510e+02
9.480000000000000000e+02	1.429805023691956389e+00	1.171393704237732152e+02
9.490000000000000000e+02	1.947936218221741456e+00	1.218116523655725985e+02
9.500000000000000000e+02	1.764709819069109065e+00	1.201593963249018913e+02
9.510000000000000000e+02	1.754597234348637791e+00	1.200682054306395656e+02
9.520000000000000000e+02	2.237606449143135556e+00	1.244237726225649396e+02
9.530000000000000000e+02	2.551000993074103551e+00	1.272498284241191584e+02
9.540000000000000000e+02	1.557451733097463098e+00	1.182904329762348823e+02
9.550000000000000000e+02	1.895709742156262756e+00	1.213406967010984658e+02
9.560000000000000000e+02	1.304488117697062854e+00	1.160093170259779356e+02
9.570000000000000000e+02	1.562029844176195059e+00	1.183317163923783966e+02
9.580000000000000000e+02	1.709234823943942772e+00	1.196591469272952679e+02
9.590000000000000000e+02	1.072728837752813247e+00	1.139194125578428896e+02
9.600000000000000000e+02	2.642341840571921008e+00	1.280735004917699200e+02
9.610000000000000000e+02	1.962998116232612889e+00	1.219474740162054758e+02
9.620000000000000000e+02	1.086726251007575250e+00	1.140456351475510388e+02
9.630000000000000000e+02	1.296535307827739736e+00	1.159376020427240803e+02
9.640000000000000000e+02	1.539250018031899980e+00	1.181262978199106470e+02
9.650000000000000000e+02	1.357667565231478912e+00	1.164888661730147419e+02
9.660000000000000000e+02	2.197189351056787032e+00	1.240593087965639540e+02
9.670000000000000000e+02	1.397417504712485048e+00	1.168473138526478294e+02
9.680000000000000000e+02	1.974691774078704665e+00	1.220529223408087773e+02
9.690000000000000000e+02	2.132776999116587024e+00	1.234784661992134147e+02
9.700000000000000000e+02	1.922136504133505452e+00	1.215790017560152165e+02
9.710000000000000000e+02	2.328518235296135330e+00	1.252435756014704538e+02
9.720000000000000000e+02	1.743349217400559592e+00	1.199667757019870606e+02
9.730000000000000000e+02	2.337197523919585684e+00	1.253218416544144560e+02
9.740000000000000000e+02	2.147339597372068365e+00	1.236097853816388579e+02
9.750000000000000000e+02	2.098549590340320847e+00	1.231698183014834456e+02
9.760000000000000000e+02	1.738291524539330446e+00	1.199211676257465626e+02
9.770000000000000000e+02	1.133620681780005413e+00	1.144685087447831648e+02
9.780000000000000000e+02	1.888377636786059188e+00	1.212745789612706915e+02
9.790000000000000000e+02	2.108152890045159822e+00	1.232564166848008824e+02
9.800000000000000000e+02	1.278941401976967374e+00	1.157789478457559085e+02
9.810000000000000000e+02	2.628943618675605887e+00	1.279526811493344667e+02
9.820000000000000000e+02	1.651093315863103594e+00	1.191348520746728212e+02
9.830000000000000000e+02	2.210826435227648989e+00	1.241822820951860251e+02
9.840000000000000000e+02	1.556174937315789153e+00	1.182789193867481572e+02
9.850000000000000000e+02	2.680636159702495025e+00	1.284188220196691645e+02
9.860000000000000000e+02	1.448691979665117868e+00	1.173096847848088373e+02
9.870000000000000000e+02	1.539398999522520128e+00	1.181276412702483896e+02
9.880000000000000000e+02	1.738973501624880846e+00	1.199273173987291301e+02
9.890000000000000000e+02	1.199661274990325266e+00	1.150640341143033680e+02
9.900000000000000000e+02	1.706630396697829344e+00	1.196356613342269100e+02
9.910000000000000000e+02	1.860175142829893158e+00	1.210202611270690909e+02
9.920000000000000000e+02	1.886942148049104873e+00	1.212616343476783527e+02
9.930000000000000000e+02	1.652405482215886678e+00	1.191466846205983927e+02
9.940000000000000000e+02	1.447130275892823725e+00	1.172956020188785828e+02
9.950000000000000000e+02	1.779332842928257552e+00	1.202912603991613167e+02
9.960000000000000000e+02	2.569498164009127006e+00	1.274166278730743898e+02
9.970000000000000000e+02	1.998492566957949412e+00	1.222675475475985820e+02
9.980000000000000000e+02	2.119139634682617679e+00	1.233554903733004409e+02
9.990000000000000000e+02	2.106959339438339907e+00	1.232456537641241425e+02
