Poisson Boltzmann Decomposition Energies

Total Energy Decomposition:
Frame #,Residue,Internal,van der Waals,Electrostatic,Polar Solvation,Non-Polar Solv.,TOTAL
1,121,105.872,-9.555,-76.125,-9.985,0.0,10.207000000000008
2,121,107.179,-10.207,-76.655,-12.485,0.0,7.832000000000008
3,121,103.598,-10.901,-77.043,-11.394,0.0,4.259999999999996
4,121,103.194,-11.798,-77.734,-11.816,0.0,1.8460000000000054
5,121,101.64,-10.802,-77.924,-7.785,0.0,5.128999999999987
6,121,112.114,-11.415,-76.148,-12.561,0.0,11.990000000000016
7,121,102.211,-11.262,-75.94,-12.727,0.0,2.282
8,121,104.475,-11.326,-77.741,-10.36,0.0,5.048000000000002
9,121,102.723,-10.843,-78.145,-12.57,0.0,1.1649999999999991
10,121,109.625,-10.792,-75.958,-12.69,0.0,10.185
11,121,101.422,-10.257,-75.331,-13.714,0.0,2.1199999999999886
12,121,110.056,-10.642,-77.486,-11.718,0.0,10.209999999999997
13,121,98.937,-10.59,-78.122,-8.779,0.0,1.4459999999999944
14,121,104.372,-11.12,-76.616,-12.752,0.0,3.883999999999995
15,121,108.487,-10.896,-77.072,-9.746,0.0,10.77299999999999
16,121,107.53,-10.592,-79.873,-9.515,0.0,7.549999999999997
17,121,104.332,-11.318,-82.936,-7.258,0.0,2.8199999999999887
18,121,110.738,-9.917,-79.387,-11.39,0.0,10.043999999999997
19,121,109.674,-11.413,-79.051,-11.578,0.0,7.6320000000000086
20,121,103.926,-11.101,-74.903,-11.221,0.0,6.700999999999997
21,121,105.633,-11.266,-81.156,-7.198,0.0,6.012999999999984
22,121,109.571,-11.441,-77.552,-11.778,0.0,8.799999999999988
23,121,99.015,-11.198,-74.894,-12.971,0.0,-0.047999999999998266
24,121,104.017,-10.547,-76.795,-11.308,0.0,5.366999999999997
25,121,99.638,-10.352,-81.013,-7.605,0.0,0.6679999999999957
26,121,109.53,-11.405,-79.668,-12.803,0.0,5.653999999999993
27,121,103.311,-11.269,-74.519,-12.801,0.0,4.721999999999996
28,121,104.784,-11.409,-75.843,-12.569,0.0,4.962999999999996
29,121,108.799,-11.156,-78.741,-9.782,0.0,9.120000000000001
30,121,107.349,-9.989,-77.051,-11.341,0.0,8.967999999999998
31,121,100.769,-10.508,-76.416,-9.363,0.0,4.4820000000000135
32,121,107.063,-11.126,-76.801,-11.492,0.0,7.643999999999995
33,121,106.21,-10.881,-77.739,-11.615,0.0,5.974999999999989
34,121,110.122,-9.963,-77.174,-11.31,0.0,11.674999999999999
35,121,100.38,-10.689,-78.58,-12.035,0.0,-0.9239999999999959
36,121,104.02,-11.035,-77.578,-12.239,0.0,3.1679999999999957
37,121,97.504,-11.047,-75.076,-10.887,0.0,0.494000000000014
38,121,106.678,-10.217,-78.083,-11.274,0.0,7.104000000000001
39,121,103.925,-10.143,-77.398,-11.209,0.0,5.175000000000001
40,121,104.596,-10.727,-77.485,-10.656,0.0,5.728
41,121,102.658,-10.866,-79.228,-8.542,0.0,4.022000000000007
42,121,101.939,-10.579,-77.214,-11.693,0.0,2.452999999999987
43,121,102.385,-11.112,-77.057,-12.389,0.0,1.8270000000000088
44,121,105.265,-11.928,-77.008,-9.515,0.0,6.814000000000007
45,121,105.24,-9.639,-84.415,-6.14,0.0,5.045999999999993
46,121,102.886,-10.326,-82.06,-9.417,0.0,1.0830000000000002
47,121,103.516,-9.88,-83.491,-6.675,0.0,3.4700000000000104
48,121,103.156,-10.749,-82.894,-6.939,0.0,2.574000000000005
49,121,106.322,-10.066,-76.659,-12.285,0.0,7.311999999999994
50,121,100.24,-10.746,-75.897,-12.24,0.0,1.356999999999994
51,121,100.534,-10.795,-74.542,-13.238,0.0,1.9590000000000032
52,121,105.48,-11.971,-75.504,-11.801,0.0,6.203999999999995
53,121,104.75,-10.338,-77.501,-11.5,0.0,5.411000000000001
54,121,103.178,-10.254,-75.669,-13.054,0.0,4.200999999999995
55,121,108.694,-9.57,-73.307,-12.29,0.0,13.526999999999994
56,121,105.305,-11.108,-77.615,-12.412,0.0,4.170000000000007
57,121,111.777,-11.75,-76.009,-13.672,0.0,10.346
58,121,105.349,-10.552,-77.623,-12.914,0.0,4.259999999999993
59,121,104.237,-10.338,-73.796,-12.218,0.0,7.8849999999999945
60,121,105.938,-9.171,-78.239,-11.456,0.0,7.071999999999992
61,121,105.656,-12.181,-77.402,-12.682,0.0,3.391000000000007
62,121,108.043,-11.808,-73.385,-13.517,0.0,9.333000000000009
63,121,108.3,-10.554,-79.146,-10.168,0.0,8.431999999999995
64,121,99.155,-12.031,-73.191,-13.769,0.0,0.1639999999999926
65,121,99.705,-11.398,-76.478,-11.226,0.0,0.6030000000000069
66,121,98.447,-10.715,-73.904,-11.843,0.0,1.985000000000003
67,121,103.811,-10.712,-76.431,-12.122,0.0,4.5460000000000065
68,121,100.965,-8.577,-76.903,-11.448,0.0,4.036999999999999
69,121,107.943,-8.956,-76.001,-11.547,0.0,11.43899999999999
70,121,101.437,-11.911,-76.462,-12.668,0.0,0.3959999999999937
71,121,105.205,-9.486,-76.709,-13.346,0.0,5.663999999999991
72,121,107.483,-10.269,-78.379,-12.065,0.0,6.769999999999994
73,121,107.696,-10.117,-76.624,-12.528,0.0,8.426999999999998
74,121,106.901,-9.336,-76.543,-10.613,0.0,10.408999999999992
75,121,103.316,-10.366,-76.124,-11.99,0.0,4.836000000000007
76,121,104.395,-10.635,-79.151,-9.347,0.0,5.261999999999995
77,121,101.311,-10.237,-78.353,-11.656,0.0,1.0650000000000173
78,121,105.619,-9.04,-76.635,-12.383,0.0,7.5610000000000035
79,121,102.674,-11.08,-77.337,-12.25,0.0,2.007000000000005
80,121,110.154,-7.719,-77.752,-11.723,0.0,12.960000000000006
81,121,100.437,-10.906,-76.552,-11.25,0.0,1.728999999999985
82,121,102.697,-9.412,-78.469,-10.032,0.0,4.7840000000000025
83,121,102.53,-12.305,-75.864,-9.691,0.0,4.669999999999989
84,121,109.02,-9.924,-79.71,-11.651,0.0,7.73500000000001
85,121,101.976,-11.495,-78.083,-10.596,0.0,1.801999999999996
86,121,107.658,-7.884,-76.103,-12.944,0.0,10.727000000000006
87,121,99.924,-10.382,-76.555,-9.578,0.0,3.4089999999999954
88,121,108.769,-9.303,-78.491,-10.468,0.0,10.507000000000009
89,121,105.262,-11.217,-81.753,-8.356,0.0,3.9360000000000017
90,121,105.938,-11.838,-75.96,-15.594,0.0,2.5460000000000154
91,121,100.008,-11.132,-77.966,-10.633,0.0,0.27699999999999747
92,121,100.22,-10.889,-76.282,-10.655,0.0,2.3940000000000072
93,121,107.977,-10.26,-76.977,-12.091,0.0,8.648999999999996
94,121,105.739,-7.642,-82.655,-7.756,0.0,7.686000000000007
95,121,104.681,-10.485,-76.209,-9.124,0.0,8.862999999999994
96,121,103.33,-11.731,-73.148,-13.467,0.0,4.984000000000007
97,121,106.321,-11.393,-76.742,-10.223,0.0,7.962999999999992
98,121,102.769,-12.064,-79.671,-10.238,0.0,0.7960000000000065
99,121,106.606,-12.093,-74.174,-12.014,0.0,8.324999999999985
100,121,104.456,-9.308,-76.791,-11.227,0.0,7.129999999999999
101,121,110.575,-9.157,-76.952,-11.485,0.0,12.981000000000009
102,121,99.891,-11.552,-74.702,-11.39,0.0,2.247
103,121,112.058,-10.293,-80.479,-7.816,0.0,13.470000000000017
104,121,103.814,-10.791,-80.442,-8.693,0.0,3.8880000000000035
105,121,104.74,-10.517,-84.468,-6.648,0.0,3.1069999999999958
106,121,109.643,-9.697,-74.513,-13.236,0.0,12.196999999999992
107,121,106.967,-11.501,-75.244,-12.586,0.0,7.635999999999994
108,121,103.518,-10.95,-77.38,-9.001,0.0,6.187000000000003
109,121,108.605,-9.507,-83.755,-6.315,0.0,9.028000000000002
110,121,101.397,-11.062,-81.011,-9.605,0.0,-0.28099999999998815
111,121,103.722,-10.594,-79.365,-10.117,0.0,3.6460000000000043
112,121,108.777,-8.064,-86.351,-6.316,0.0,8.045999999999996
113,121,99.77,-10.163,-75.253,-11.392,0.0,2.9619999999999997
114,121,110.165,-9.265,-80.03,-9.671,0.0,11.199000000000005
115,121,102.035,-10.883,-76.855,-13.498,0.0,0.7989999999999977
116,121,102.614,-11.129,-78.02,-9.763,0.0,3.7020000000000035
117,121,106.346,-9.707,-85.851,-6.022,0.0,4.766000000000011
118,121,100.948,-10.698,-79.937,-9.003,0.0,1.3100000000000023
119,121,108.404,-11.62,-82.257,-6.518,0.0,8.008999999999986
120,121,103.921,-12.189,-77.551,-9.758,0.0,4.422999999999998
121,121,101.358,-9.098,-84.002,-7.635,0.0,0.62300000000001
122,121,102.209,-10.247,-78.092,-12.036,0.0,1.834000000000005
123,121,107.724,-10.561,-77.563,-9.834,0.0,9.766000000000009
124,121,105.913,-11.41,-78.682,-12.094,0.0,3.7269999999999985
125,121,104.156,-10.356,-74.525,-12.179,0.0,7.096000000000005
126,121,103.778,-9.136,-79.522,-9.503,0.0,5.617000000000004
127,121,103.122,-11.361,-76.16,-11.554,0.0,4.046999999999999
128,121,105.056,-11.592,-80.096,-9.153,0.0,4.2149999999999945
129,121,107.149,-11.365,-77.819,-8.899,0.0,9.066000000000004
130,121,107.86,-10.492,-83.876,-7.638,0.0,5.85399999999999
131,121,102.202,-9.965,-78.038,-10.727,0.0,3.4719999999999978
132,121,104.199,-11.465,-76.975,-12.278,0.0,3.481
133,121,100.762,-9.692,-75.385,-11.302,0.0,4.3829999999999885
134,121,106.244,-10.817,-79.203,-9.583,0.0,6.640999999999989
135,121,102.567,-11.171,-76.294,-10.562,0.0,4.53999999999999
136,121,101.869,-11.301,-84.292,-5.243,0.0,1.032999999999996
137,121,92.648,-11.052,-76.926,-8.39,0.0,-3.719999999999999
138,121,110.27,-11.379,-85.356,-6.329,0.0,7.205999999999997
139,121,109.504,-10.121,-79.271,-10.436,0.0,9.676000000000009
140,121,106.827,-11.269,-76.281,-9.55,0.0,9.726999999999986
141,121,103.655,-11.19,-75.476,-11.231,0.0,5.7580000000000044
142,121,99.294,-11.515,-76.398,-10.696,0.0,0.6850000000000005
143,121,102.068,-11.059,-77.915,-11.643,0.0,1.4509999999999934
144,121,105.467,-10.303,-78.774,-12.444,0.0,3.9459999999999997
145,121,103.443,-10.884,-77.72,-11.727,0.0,3.1119999999999983
146,121,99.825,-10.957,-77.193,-11.157,0.0,0.5179999999999971
147,121,104.959,-10.117,-75.614,-11.814,0.0,7.413999999999994
148,121,101.245,-9.496,-83.168,-7.273,0.0,1.3080000000000034
149,121,108.787,-11.267,-77.182,-12.15,0.0,8.188000000000008
150,121,107.01,-11.479,-78.624,-7.148,0.0,9.759000000000011
151,121,102.545,-11.472,-78.081,-9.796,0.0,3.196000000000005
152,121,107.788,-11.303,-77.938,-8.663,0.0,9.883999999999997
153,121,105.097,-8.566,-80.278,-8.902,0.0,7.350999999999987
154,121,102.332,-11.923,-81.067,-7.862,0.0,1.4799999999999986
155,121,104.038,-11.246,-76.024,-9.848,0.0,6.92
156,121,97.655,-11.004,-75.196,-12.304,0.0,-0.849000000000002
157,121,103.036,-9.679,-83.879,-6.027,0.0,3.4509999999999943
158,121,105.575,-11.535,-78.524,-11.356,0.0,4.1600000000000055
159,121,100.508,-10.262,-81.864,-6.691,0.0,1.690999999999991
160,121,101.636,-10.056,-76.583,-9.529,0.0,5.468
161,121,102.436,-11.651,-81.175,-6.725,0.0,2.885000000000014
162,121,103.351,-10.795,-77.71,-10.368,0.0,4.478000000000003
163,121,103.904,-10.089,-83.622,-6.855,0.0,3.3379999999999974
164,121,103.445,-9.067,-76.734,-10.273,0.0,7.370999999999992
165,121,106.84,-10.031,-79.065,-12.203,0.0,5.541
166,121,100.524,-11.362,-79.724,-10.202,0.0,-0.7639999999999976
167,121,102.647,-10.62,-77.047,-13.305,0.0,1.6750000000000043
168,121,104.857,-10.993,-78.194,-11.751,0.0,3.9190000000000023
169,121,106.989,-11.57,-77.86,-11.955,0.0,5.604000000000012
170,121,103.611,-11.7,-74.993,-13.034,0.0,3.8840000000000057
171,121,108.992,-8.864,-77.792,-12.622,0.0,9.713999999999999
172,121,105.878,-11.015,-76.222,-12.921,0.0,5.720000000000006
173,121,105.325,-10.134,-81.306,-8.884,0.0,5.001000000000005
174,121,104.603,-11.121,-80.252,-11.546,0.0,1.6840000000000046
175,121,103.826,-11.33,-83.945,-7.441,0.0,1.110000000000002
176,121,99.397,-11.031,-78.592,-10.429,0.0,-0.6549999999999994
177,121,103.337,-11.348,-79.834,-10.898,0.0,1.2570000000000014
178,121,104.521,-11.179,-77.157,-11.771,0.0,4.4140000000000015
179,121,106.446,-11.125,-79.417,-11.341,0.0,4.562999999999997
180,121,101.152,-9.577,-85.7,-6.685,0.0,-0.8099999999999996
181,121,101.152,-9.952,-84.596,-5.967,0.0,0.6369999999999996
182,121,104.69,-10.971,-75.972,-11.788,0.0,5.959
183,121,101.189,-12.137,-75.669,-10.325,0.0,3.0579999999999963
184,121,102.245,-10.542,-78.434,-10.978,0.0,2.2910000000000057
185,121,101.884,-10.82,-77.156,-13.068,0.0,0.8399999999999874
186,121,107.7,-10.731,-84.048,-6.945,0.0,5.976000000000006
187,121,105.165,-11.282,-78.117,-10.536,0.0,5.230000000000006
188,121,101.909,-12.407,-80.643,-7.282,0.0,1.5770000000000088
189,121,102.745,-10.809,-77.254,-9.034,0.0,5.6480000000000015
190,121,105.427,-10.781,-83.405,-7.316,0.0,3.925
191,121,105.707,-11.243,-76.79,-11.966,0.0,5.707999999999993
192,121,104.334,-10.888,-76.695,-12.327,0.0,4.424000000000005
193,121,109.995,-11.426,-76.331,-12.295,0.0,9.943
194,121,107.887,-10.06,-78.806,-11.569,0.0,7.452
195,121,95.274,-7.919,-72.203,-12.486,0.0,2.6660000000000004
196,121,104.392,-7.842,-72.562,-12.205,0.0,11.783
197,121,106.087,-11.316,-76.576,-10.638,0.0,7.5570000000000075
198,121,102.029,-9.52,-74.253,-13.788,0.0,4.468
199,121,107.292,-10.04,-80.541,-8.822,0.0,7.889000000000014
200,121,106.069,-10.398,-74.673,-10.739,0.0,10.259000000000004
201,121,102.16,-11.17,-74.106,-11.427,0.0,5.457000000000001
202,121,106.874,-11.606,-76.855,-11.587,0.0,6.825999999999997
203,121,105.34,-9.325,-77.62,-12.603,0.0,5.791999999999996
204,121,98.391,-11.12,-75.781,-12.729,0.0,-1.2390000000000043
205,121,99.504,-11.507,-74.43,-11.131,0.0,2.435999999999993
206,121,103.681,-10.179,-83.274,-6.948,0.0,3.279999999999994
207,121,104.824,-11.065,-82.642,-7.589,0.0,3.528000000000004
208,121,101.197,-11.92,-78.535,-10.605,0.0,0.137000000000004
209,121,100.436,-11.984,-79.667,-8.362,0.0,0.4230000000000107
210,121,105.984,-10.015,-79.271,-11.127,0.0,5.570999999999993
211,121,104.454,-12.153,-78.925,-8.33,0.0,5.0459999999999905
212,121,100.567,-11.26,-77.717,-8.824,0.0,2.7659999999999894
213,121,102.622,-9.591,-84.734,-7.424,0.0,0.8730000000000109
214,121,101.277,-9.818,-75.722,-12.166,0.0,3.5710000000000086
215,121,103.197,-10.244,-75.416,-13.324,0.0,4.213000000000006
216,121,101.714,-10.643,-79.526,-10.724,0.0,0.8210000000000015
217,121,109.152,-9.083,-78.616,-8.684,0.0,12.769000000000004
218,121,99.545,-10.417,-79.647,-10.219,0.0,-0.7380000000000049
219,121,101.771,-10.983,-81.931,-7.089,0.0,1.767999999999999
220,121,97.799,-10.107,-74.648,-10.376,0.0,2.6680000000000117
221,121,106.252,-10.913,-77.49,-10.901,0.0,6.948000000000004
222,121,105.821,-8.9,-84.641,-6.45,0.0,5.829999999999987
223,121,109.625,-10.645,-83.444,-6.836,0.0,8.700000000000001
224,121,101.094,-10.855,-83.306,-7.644,0.0,-0.7110000000000074
225,121,105.935,-11.249,-83.315,-7.519,0.0,3.852000000000009
226,121,99.954,-10.297,-77.045,-8.998,0.0,3.6139999999999954
227,121,106.457,-10.853,-86.755,-6.201,0.0,2.648000000000004
228,121,104.41,-11.345,-77.173,-11.647,0.0,4.244999999999996
229,121,104.555,-10.715,-77.857,-9.887,0.0,6.096000000000004
230,121,109.62,-9.284,-78.937,-11.485,0.0,9.914000000000001
231,121,103.102,-11.699,-76.067,-10.955,0.0,4.381000000000013
232,121,108.238,-11.495,-80.594,-9.689,0.0,6.460000000000001
233,121,108.477,-9.766,-80.207,-7.999,0.0,10.505000000000006
234,121,103.182,-9.988,-77.039,-10.958,0.0,5.197000000000001
235,121,101.98,-10.178,-79.224,-10.479,0.0,2.0990000000000038
236,121,99.409,-9.879,-75.789,-11.751,0.0,1.9900000000000002
237,121,105.306,-9.949,-81.439,-6.569,0.0,7.349000000000006
238,121,98.527,-12.135,-80.144,-7.982,0.0,-1.7340000000000098
239,121,109.805,-11.923,-84.657,-6.69,0.0,6.535000000000008
240,121,103.968,-11.547,-76.237,-10.851,0.0,5.333000000000011
241,121,100.603,-11.416,-76.117,-12.632,0.0,0.4379999999999935
242,121,106.757,-12.53,-82.865,-6.843,0.0,4.519000000000009
243,121,103.315,-11.447,-75.132,-11.179,0.0,5.55699999999999
244,121,111.289,-11.058,-82.8,-7.511,0.0,9.919999999999998
245,121,101.761,-12.509,-78.597,-8.137,0.0,2.5180000000000007
246,121,101.69,-8.432,-83.486,-5.566,0.0,4.2059999999999915
247,121,101.96,-11.73,-78.605,-10.403,0.0,1.2219999999999853
248,121,105.448,-11.009,-77.936,-9.722,0.0,6.780999999999986
249,121,110.495,-11.171,-83.451,-7.961,0.0,7.912000000000019
250,121,105.823,-11.069,-83.896,-6.747,0.0,4.11099999999999
251,121,106.889,-11.386,-76.556,-12.288,0.0,6.6590000000000025
252,121,103.402,-10.07,-75.168,-12.627,0.0,5.536999999999987
253,121,107.405,-8.764,-78.48,-10.695,0.0,9.466000000000001
254,121,98.544,-10.682,-75.077,-12.404,0.0,0.3809999999999967
255,121,109.808,-11.685,-86.544,-5.187,0.0,6.3920000000000075
256,121,101.584,-10.069,-78.262,-8.755,0.0,4.497999999999999
257,121,109.014,-10.618,-76.889,-12.077,0.0,9.430000000000005
258,121,104.08,-10.591,-78.127,-10.722,0.0,4.6400000000000095
259,121,103.142,-11.046,-78.228,-10.006,0.0,3.862000000000009
260,121,105.227,-11.41,-79.605,-7.414,0.0,6.798000000000004
261,121,100.665,-11.853,-78.198,-9.069,0.0,1.5450000000000177
262,121,98.319,-10.578,-78.82,-9.501,0.0,-0.579999999999993
263,121,104.165,-10.625,-79.384,-8.182,0.0,5.9740000000000055
264,121,93.939,-10.496,-80.038,-9.055,0.0,-5.649999999999999
265,121,105.567,-10.343,-78.209,-12.733,0.0,4.281999999999986
266,121,109.95,-11.609,-81.455,-7.478,0.0,9.40800000000001
267,121,104.09,-9.894,-75.452,-12.149,0.0,6.595000000000001
268,121,103.604,-9.819,-76.397,-12.665,0.0,4.722999999999992
269,121,98.315,-10.212,-74.674,-13.402,0.0,0.02699999999998859
270,121,100.875,-10.652,-75.173,-11.919,0.0,3.1309999999999967
271,121,103.099,-11.686,-78.482,-10.541,0.0,2.3900000000000112
272,121,98.792,-11.606,-75.346,-12.709,0.0,-0.8689999999999962
273,121,100.023,-10.758,-77.825,-11.133,0.0,0.3069999999999986
274,121,103.927,-11.735,-72.563,-13.056,0.0,6.573000000000006
275,121,106.477,-10.148,-80.129,-11.35,0.0,4.850000000000003
276,121,109.488,-11.901,-81.021,-10.037,0.0,6.529000000000002
277,121,98.395,-11.869,-79.431,-8.383,0.0,-1.2880000000000003
278,121,102.359,-10.58,-77.904,-8.909,0.0,4.965999999999999
279,121,101.357,-9.866,-80.207,-9.178,0.0,2.106000000000005
280,121,100.659,-8.876,-85.283,-4.808,0.0,1.6920000000000002
281,121,102.39,-11.689,-76.144,-13.245,0.0,1.3119999999999887
282,121,105.937,-11.06,-78.683,-11.987,0.0,4.206999999999988
283,121,105.711,-10.833,-76.88,-12.043,0.0,5.955000000000005
284,121,103.779,-10.659,-77.844,-10.453,0.0,4.822999999999997
285,121,100.147,-11.131,-77.626,-11.744,0.0,-0.3539999999999992
286,121,103.885,-10.781,-74.56,-13.429,0.0,5.114999999999997
287,121,107.865,-10.746,-78.469,-11.698,0.0,6.952000000000005
288,121,107.859,-10.373,-76.885,-13.452,0.0,7.148999999999985
289,121,108.542,-10.006,-79.279,-8.797,0.0,10.460000000000004
290,121,105.512,-11.269,-80.47,-6.554,0.0,7.218999999999996
291,121,106.29,-10.67,-78.333,-11.904,0.0,5.383000000000006
292,121,108.276,-11.196,-81.525,-7.357,0.0,8.197999999999993
293,121,101.878,-10.428,-76.819,-9.849,0.0,4.782
294,121,106.677,-10.539,-81.504,-9.241,0.0,5.393000000000001
295,121,104.537,-11.16,-80.528,-9.688,0.0,3.161000000000003
296,121,107.492,-11.672,-78.081,-10.256,0.0,7.483000000000004
297,121,101.864,-11.907,-75.079,-11.406,0.0,3.4720000000000137
298,121,100.743,-10.911,-77.654,-11.035,0.0,1.1429999999999971
299,121,104.323,-9.459,-80.14,-8.343,0.0,6.38099999999999
300,121,104.158,-10.0,-76.076,-12.044,0.0,6.038000000000007
301,121,105.422,-10.6,-72.293,-15.067,0.0,7.461999999999996
302,121,101.058,-10.214,-83.405,-6.704,0.0,0.7350000000000074
303,121,102.02,-11.011,-76.44,-12.015,0.0,2.554000000000002
304,121,101.002,-11.022,-74.512,-11.492,0.0,3.9759999999999884
305,121,100.055,-10.339,-77.784,-10.305,0.0,1.6270000000000024
306,121,101.551,-9.894,-79.568,-8.396,0.0,3.692999999999998
307,121,108.17,-10.83,-81.925,-7.247,0.0,8.168000000000006
308,121,107.426,-7.333,-84.68,-6.886,0.0,8.526999999999997
309,121,106.42,-10.253,-78.76,-11.43,0.0,5.976999999999997
310,121,104.594,-10.444,-85.555,-5.605,0.0,2.9899999999999842
311,121,101.846,-11.453,-82.171,-7.615,0.0,0.606999999999994
312,121,103.059,-10.222,-78.655,-10.067,0.0,4.115000000000002
313,121,99.731,-11.281,-78.644,-9.095,0.0,0.7109999999999825
314,121,106.954,-10.137,-84.133,-5.552,0.0,7.131999999999998
315,121,103.903,-10.253,-82.937,-6.274,0.0,4.439000000000008
316,121,105.486,-11.224,-78.56,-8.595,0.0,7.1069999999999975
317,121,108.036,-10.639,-82.451,-6.649,0.0,8.297000000000011
318,121,111.012,-11.526,-76.508,-11.503,0.0,11.475000000000009
319,121,101.516,-10.747,-77.917,-10.961,0.0,1.8910000000000036
320,121,105.231,-11.689,-80.975,-7.813,0.0,4.7540000000000076
321,121,107.5,-11.9,-76.299,-11.294,0.0,8.006999999999987
322,121,104.754,-9.894,-74.754,-11.679,0.0,8.426999999999994
323,121,101.09,-11.3,-78.653,-10.075,0.0,1.0620000000000012
324,121,101.014,-9.766,-78.609,-11.132,0.0,1.5069999999999961
325,121,104.268,-11.09,-76.154,-12.261,0.0,4.763000000000002
326,121,103.812,-11.139,-79.67,-8.642,0.0,4.361000000000001
327,121,107.486,-11.004,-78.062,-10.769,0.0,7.651000000000002
328,121,107.182,-11.731,-75.575,-12.653,0.0,7.223000000000004
329,121,99.862,-9.0,-76.797,-12.463,0.0,1.6019999999999985
330,121,104.922,-11.384,-79.079,-10.515,0.0,3.9440000000000026
331,121,105.105,-10.556,-76.715,-11.833,0.0,6.001000000000003
332,121,110.535,-10.183,-81.111,-10.696,0.0,8.545
333,121,112.901,-10.741,-78.728,-11.912,0.0,11.520000000000001
334,121,106.539,-10.729,-75.064,-10.676,0.0,10.07000000000001
335,121,97.998,-11.369,-78.664,-10.696,0.0,-2.7309999999999963
336,121,106.05,-9.782,-82.376,-7.986,0.0,5.905999999999996
337,121,100.378,-12.401,-75.228,-10.963,0.0,1.7860000000000102
338,121,102.719,-9.547,-74.338,-10.768,0.0,8.066000000000003
339,121,103.485,-10.275,-77.648,-11.82,0.0,3.7419999999999973
340,121,106.043,-10.101,-76.411,-11.653,0.0,7.878000000000005
341,121,106.423,-11.209,-81.92,-7.464,0.0,5.8299999999999965
342,121,106.538,-11.026,-85.055,-7.249,0.0,3.207999999999994
343,121,105.326,-11.113,-80.389,-9.015,0.0,4.8089999999999975
344,121,99.692,-11.713,-75.399,-11.388,0.0,1.1919999999999984
345,121,106.032,-9.888,-75.568,-10.777,0.0,9.798999999999994
346,121,103.804,-12.106,-79.288,-8.866,0.0,3.544000000000011
347,121,102.029,-11.21,-78.41,-11.328,0.0,1.0809999999999924
348,121,100.073,-8.952,-79.987,-9.855,0.0,1.279
349,121,111.193,-10.889,-80.462,-11.729,0.0,8.113
350,121,105.492,-12.088,-79.423,-9.859,0.0,4.122000000000009
351,121,112.628,-10.575,-79.664,-11.438,0.0,10.950999999999995
352,121,101.229,-10.514,-75.542,-13.937,0.0,1.2360000000000024
353,121,104.506,-11.537,-75.492,-12.631,0.0,4.845999999999989
354,121,102.592,-11.468,-77.789,-12.271,0.0,1.063999999999993
355,121,98.095,-11.161,-81.814,-6.733,0.0,-1.612999999999995
356,121,99.044,-10.516,-78.731,-9.031,0.0,0.7659999999999965
357,121,101.334,-10.78,-77.448,-9.896,0.0,3.210000000000008
358,121,105.621,-10.67,-80.766,-7.945,0.0,6.239999999999988
359,121,103.32,-8.404,-79.071,-9.002,0.0,6.842999999999998
360,121,111.266,-11.215,-77.165,-13.664,0.0,9.221999999999996
361,121,103.183,-10.514,-76.223,-11.88,0.0,4.566000000000011
362,121,100.837,-11.14,-78.18,-11.045,0.0,0.471999999999996
363,121,108.005,-10.085,-84.951,-7.305,0.0,5.663999999999994
364,121,105.116,-10.717,-81.822,-8.3,0.0,4.2769999999999975
365,121,106.224,-11.066,-76.746,-10.342,0.0,8.070000000000006
366,121,100.716,-10.793,-74.955,-11.944,0.0,3.0240000000000027
367,121,103.268,-10.608,-78.507,-10.465,0.0,3.6879999999999917
368,121,106.067,-8.924,-79.837,-10.276,0.0,7.029999999999998
369,121,105.484,-11.047,-77.153,-12.028,0.0,5.255999999999991
370,121,100.51,-9.345,-77.296,-11.605,0.0,2.2639999999999993
371,121,108.552,-11.689,-77.332,-8.405,0.0,11.126000000000007
372,121,98.436,-10.571,-77.8,-10.563,0.0,-0.4979999999999887
373,121,100.52,-10.73,-82.236,-7.807,0.0,-0.25300000000001255
374,121,101.336,-11.12,-78.88,-8.809,0.0,2.5269999999999992
375,121,107.519,-9.539,-85.143,-7.091,0.0,5.746000000000003
376,121,105.386,-10.742,-79.659,-10.829,0.0,4.155999999999985
377,121,102.843,-10.394,-73.989,-11.418,0.0,7.0419999999999945
378,121,107.833,-10.049,-78.179,-10.163,0.0,9.44199999999999
379,121,106.565,-10.564,-83.679,-7.471,0.0,4.851000000000003
380,121,100.846,-10.37,-77.134,-10.678,0.0,2.663999999999998
381,121,106.505,-11.31,-74.712,-14.926,0.0,5.55699999999999
382,121,106.835,-11.663,-83.098,-6.301,0.0,5.772999999999998
383,121,103.004,-10.275,-76.218,-10.964,0.0,5.546999999999995
384,121,102.506,-10.947,-81.948,-7.792,0.0,1.8190000000000044
385,121,100.298,-10.534,-78.836,-8.646,0.0,2.2819999999999965
386,121,109.829,-10.75,-84.817,-8.48,0.0,5.782
387,121,105.059,-11.094,-77.955,-8.27,0.0,7.7400000000000055
388,121,108.601,-11.415,-77.255,-12.26,0.0,7.671000000000012
389,121,106.362,-10.971,-78.092,-10.579,0.0,6.719999999999992
390,121,105.022,-10.522,-75.157,-11.71,0.0,7.633000000000003
391,121,104.76,-10.739,-78.032,-10.485,0.0,5.504000000000005
392,121,107.411,-10.305,-77.973,-9.011,0.0,10.121999999999996
393,121,109.624,-12.069,-77.7,-10.941,0.0,8.913999999999989
394,121,101.899,-11.543,-74.09,-14.466,0.0,1.7999999999999918
395,121,100.042,-9.946,-76.72,-10.846,0.0,2.5300000000000047
396,121,109.653,-6.808,-85.279,-7.155,0.0,10.411000000000001
397,121,102.569,-10.824,-75.31,-12.386,0.0,4.049000000000003
398,121,100.45,-10.412,-75.149,-12.779,0.0,2.109999999999996
399,121,109.924,-11.345,-76.413,-12.805,0.0,9.361000000000011
400,121,99.595,-10.572,-77.037,-11.964,0.0,0.021999999999989583
401,121,99.703,-10.706,-79.271,-8.657,0.0,1.068999999999999


Sidechain Energy Decomposition:
Frame #,Residue,Internal,van der Waals,Electrostatic,Polar Solvation,Non-Polar Solv.,TOTAL
1,121,105.872,-9.555,-76.125,-9.985,0.0,10.207000000000008
2,121,107.179,-10.207,-76.655,-12.485,0.0,7.832000000000008
3,121,103.598,-10.901,-77.043,-11.394,0.0,4.259999999999996
4,121,103.194,-11.798,-77.734,-11.816,0.0,1.8460000000000054
5,121,101.64,-10.802,-77.924,-7.785,0.0,5.128999999999987
6,121,112.114,-11.415,-76.148,-12.561,0.0,11.990000000000016
7,121,102.211,-11.262,-75.94,-12.727,0.0,2.282
8,121,104.475,-11.326,-77.741,-10.36,0.0,5.048000000000002
9,121,102.723,-10.843,-78.145,-12.57,0.0,1.1649999999999991
10,121,109.625,-10.792,-75.958,-12.69,0.0,10.185
11,121,101.422,-10.257,-75.331,-13.714,0.0,2.1199999999999886
12,121,110.056,-10.642,-77.486,-11.718,0.0,10.209999999999997
13,121,98.937,-10.59,-78.122,-8.779,0.0,1.4459999999999944
14,121,104.372,-11.12,-76.616,-12.752,0.0,3.883999999999995
15,121,108.487,-10.896,-77.072,-9.746,0.0,10.77299999999999
16,121,107.53,-10.592,-79.873,-9.515,0.0,7.549999999999997
17,121,104.332,-11.318,-82.936,-7.258,0.0,2.8199999999999887
18,121,110.738,-9.917,-79.387,-11.39,0.0,10.043999999999997
19,121,109.674,-11.413,-79.051,-11.578,0.0,7.6320000000000086
20,121,103.926,-11.101,-74.903,-11.221,0.0,6.700999999999997
21,121,105.633,-11.266,-81.156,-7.198,0.0,6.012999999999984
22,121,109.571,-11.441,-77.552,-11.778,0.0,8.799999999999988
23,121,99.015,-11.198,-74.894,-12.971,0.0,-0.047999999999998266
24,121,104.017,-10.547,-76.795,-11.308,0.0,5.366999999999997
25,121,99.638,-10.352,-81.013,-7.605,0.0,0.6679999999999957
26,121,109.53,-11.405,-79.668,-12.803,0.0,5.653999999999993
27,121,103.311,-11.269,-74.519,-12.801,0.0,4.721999999999996
28,121,104.784,-11.409,-75.843,-12.569,0.0,4.962999999999996
29,121,108.799,-11.156,-78.741,-9.782,0.0,9.120000000000001
30,121,107.349,-9.989,-77.051,-11.341,0.0,8.967999999999998
31,121,100.769,-10.508,-76.416,-9.363,0.0,4.4820000000000135
32,121,107.063,-11.126,-76.801,-11.492,0.0,7.643999999999995
33,121,106.21,-10.881,-77.739,-11.615,0.0,5.974999999999989
34,121,110.122,-9.963,-77.174,-11.31,0.0,11.674999999999999
35,121,100.38,-10.689,-78.58,-12.035,0.0,-0.9239999999999959
36,121,104.02,-11.035,-77.578,-12.239,0.0,3.1679999999999957
37,121,97.504,-11.047,-75.076,-10.887,0.0,0.494000000000014
38,121,106.678,-10.217,-78.083,-11.274,0.0,7.104000000000001
39,121,103.925,-10.143,-77.398,-11.209,0.0,5.175000000000001
40,121,104.596,-10.727,-77.485,-10.656,0.0,5.728
41,121,102.658,-10.866,-79.228,-8.542,0.0,4.022000000000007
42,121,101.939,-10.579,-77.214,-11.693,0.0,2.452999999999987
43,121,102.385,-11.112,-77.057,-12.389,0.0,1.8270000000000088
44,121,105.265,-11.928,-77.008,-9.515,0.0,6.814000000000007
45,121,105.24,-9.639,-84.415,-6.14,0.0,5.045999999999993
46,121,102.886,-10.326,-82.06,-9.417,0.0,1.0830000000000002
47,121,103.516,-9.88,-83.491,-6.675,0.0,3.4700000000000104
48,121,103.156,-10.749,-82.894,-6.939,0.0,2.574000000000005
49,121,106.322,-10.066,-76.659,-12.285,0.0,7.311999999999994
50,121,100.24,-10.746,-75.897,-12.24,0.0,1.356999999999994
51,121,100.534,-10.795,-74.542,-13.238,0.0,1.9590000000000032
52,121,105.48,-11.971,-75.504,-11.801,0.0,6.203999999999995
53,121,104.75,-10.338,-77.501,-11.5,0.0,5.411000000000001
54,121,103.178,-10.254,-75.669,-13.054,0.0,4.200999999999995
55,121,108.694,-9.57,-73.307,-12.29,0.0,13.526999999999994
56,121,105.305,-11.108,-77.615,-12.412,0.0,4.170000000000007
57,121,111.777,-11.75,-76.009,-13.672,0.0,10.346
58,121,105.349,-10.552,-77.623,-12.914,0.0,4.259999999999993
59,121,104.237,-10.338,-73.796,-12.218,0.0,7.8849999999999945
60,121,105.938,-9.171,-78.239,-11.456,0.0,7.071999999999992
61,121,105.656,-12.181,-77.402,-12.682,0.0,3.391000000000007
62,121,108.043,-11.808,-73.385,-13.517,0.0,9.333000000000009
63,121,108.3,-10.554,-79.146,-10.168,0.0,8.431999999999995
64,121,99.155,-12.031,-73.191,-13.769,0.0,0.1639999999999926
65,121,99.705,-11.398,-76.478,-11.226,0.0,0.6030000000000069
66,121,98.447,-10.715,-73.904,-11.843,0.0,1.985000000000003
67,121,103.811,-10.712,-76.431,-12.122,0.0,4.5460000000000065
68,121,100.965,-8.577,-76.903,-11.448,0.0,4.036999999999999
69,121,107.943,-8.956,-76.001,-11.547,0.0,11.43899999999999
70,121,101.437,-11.911,-76.462,-12.668,0.0,0.3959999999999937
71,121,105.205,-9.486,-76.709,-13.346,0.0,5.663999999999991
72,121,107.483,-10.269,-78.379,-12.065,0.0,6.769999999999994
73,121,107.696,-10.117,-76.624,-12.528,0.0,8.426999999999998
74,121,106.901,-9.336,-76.543,-10.613,0.0,10.408999999999992
75,121,103.316,-10.366,-76.124,-11.99,0.0,4.836000000000007
76,121,104.395,-10.635,-79.151,-9.347,0.0,5.261999999999995
77,121,101.311,-10.237,-78.353,-11.656,0.0,1.0650000000000173
78,121,105.619,-9.04,-76.635,-12.383,0.0,7.5610000000000035
79,121,102.674,-11.08,-77.337,-12.25,0.0,2.007000000000005
80,121,110.154,-7.719,-77.752,-11.723,0.0,12.960000000000006
81,121,100.437,-10.906,-76.552,-11.25,0.0,1.728999999999985
82,121,102.697,-9.412,-78.469,-10.032,0.0,4.7840000000000025
83,121,102.53,-12.305,-75.864,-9.691,0.0,4.669999999999989
84,121,109.02,-9.924,-79.71,-11.651,0.0,7.73500000000001
85,121,101.976,-11.495,-78.083,-10.596,0.0,1.801999999999996
86,121,107.658,-7.884,-76.103,-12.944,0.0,10.727000000000006
87,121,99.924,-10.382,-76.555,-9.578,0.0,3.4089999999999954
88,121,108.769,-9.303,-78.491,-10.468,0.0,10.507000000000009
89,121,105.262,-11.217,-81.753,-8.356,0.0,3.9360000000000017
90,121,105.938,-11.838,-75.96,-15.594,0.0,2.5460000000000154
91,121,100.008,-11.132,-77.966,-10.633,0.0,0.27699999999999747
92,121,100.22,-10.889,-76.282,-10.655,0.0,2.3940000000000072
93,121,107.977,-10.26,-76.977,-12.091,0.0,8.648999999999996
94,121,105.739,-7.642,-82.655,-7.756,0.0,7.686000000000007
95,121,104.681,-10.485,-76.209,-9.124,0.0,8.862999999999994
96,121,103.33,-11.731,-73.148,-13.467,0.0,4.984000000000007
97,121,106.321,-11.393,-76.742,-10.223,0.0,7.962999999999992
98,121,102.769,-12.064,-79.671,-10.238,0.0,0.7960000000000065
99,121,106.606,-12.093,-74.174,-12.014,0.0,8.324999999999985
100,121,104.456,-9.308,-76.791,-11.227,0.0,7.129999999999999
101,121,110.575,-9.157,-76.952,-11.485,0.0,12.981000000000009
102,121,99.891,-11.552,-74.702,-11.39,0.0,2.247
103,121,112.058,-10.293,-80.479,-7.816,0.0,13.470000000000017
104,121,103.814,-10.791,-80.442,-8.693,0.0,3.8880000000000035
105,121,104.74,-10.517,-84.468,-6.648,0.0,3.1069999999999958
106,121,109.643,-9.697,-74.513,-13.236,0.0,12.196999999999992
107,121,106.967,-11.501,-75.244,-12.586,0.0,7.635999999999994
108,121,103.518,-10.95,-77.38,-9.001,0.0,6.187000000000003
109,121,108.605,-9.507,-83.755,-6.315,0.0,9.028000000000002
110,121,101.397,-11.062,-81.011,-9.605,0.0,-0.28099999999998815
111,121,103.722,-10.594,-79.365,-10.117,0.0,3.6460000000000043
112,121,108.777,-8.064,-86.351,-6.316,0.0,8.045999999999996
113,121,99.77,-10.163,-75.253,-11.392,0.0,2.9619999999999997
114,121,110.165,-9.265,-80.03,-9.671,0.0,11.199000000000005
115,121,102.035,-10.883,-76.855,-13.498,0.0,0.7989999999999977
116,121,102.614,-11.129,-78.02,-9.763,0.0,3.7020000000000035
117,121,106.346,-9.707,-85.851,-6.022,0.0,4.766000000000011
118,121,100.948,-10.698,-79.937,-9.003,0.0,1.3100000000000023
119,121,108.404,-11.62,-82.257,-6.518,0.0,8.008999999999986
120,121,103.921,-12.189,-77.551,-9.758,0.0,4.422999999999998
121,121,101.358,-9.098,-84.002,-7.635,0.0,0.62300000000001
122,121,102.209,-10.247,-78.092,-12.036,0.0,1.834000000000005
123,121,107.724,-10.561,-77.563,-9.834,0.0,9.766000000000009
124,121,105.913,-11.41,-78.682,-12.094,0.0,3.7269999999999985
125,121,104.156,-10.356,-74.525,-12.179,0.0,7.096000000000005
126,121,103.778,-9.136,-79.522,-9.503,0.0,5.617000000000004
127,121,103.122,-11.361,-76.16,-11.554,0.0,4.046999999999999
128,121,105.056,-11.592,-80.096,-9.153,0.0,4.2149999999999945
129,121,107.149,-11.365,-77.819,-8.899,0.0,9.066000000000004
130,121,107.86,-10.492,-83.876,-7.638,0.0,5.85399999999999
131,121,102.202,-9.965,-78.038,-10.727,0.0,3.4719999999999978
132,121,104.199,-11.465,-76.975,-12.278,0.0,3.481
133,121,100.762,-9.692,-75.385,-11.302,0.0,4.3829999999999885
134,121,106.244,-10.817,-79.203,-9.583,0.0,6.640999999999989
135,121,102.567,-11.171,-76.294,-10.562,0.0,4.53999999999999
136,121,101.869,-11.301,-84.292,-5.243,0.0,1.032999999999996
137,121,92.648,-11.052,-76.926,-8.39,0.0,-3.719999999999999
138,121,110.27,-11.379,-85.356,-6.329,0.0,7.205999999999997
139,121,109.504,-10.121,-79.271,-10.436,0.0,9.676000000000009
140,121,106.827,-11.269,-76.281,-9.55,0.0,9.726999999999986
141,121,103.655,-11.19,-75.476,-11.231,0.0,5.7580000000000044
142,121,99.294,-11.515,-76.398,-10.696,0.0,0.6850000000000005
143,121,102.068,-11.059,-77.915,-11.643,0.0,1.4509999999999934
144,121,105.467,-10.303,-78.774,-12.444,0.0,3.9459999999999997
145,121,103.443,-10.884,-77.72,-11.727,0.0,3.1119999999999983
146,121,99.825,-10.957,-77.193,-11.157,0.0,0.5179999999999971
147,121,104.959,-10.117,-75.614,-11.814,0.0,7.413999999999994
148,121,101.245,-9.496,-83.168,-7.273,0.0,1.3080000000000034
149,121,108.787,-11.267,-77.182,-12.15,0.0,8.188000000000008
150,121,107.01,-11.479,-78.624,-7.148,0.0,9.759000000000011
151,121,102.545,-11.472,-78.081,-9.796,0.0,3.196000000000005
152,121,107.788,-11.303,-77.938,-8.663,0.0,9.883999999999997
153,121,105.097,-8.566,-80.278,-8.902,0.0,7.350999999999987
154,121,102.332,-11.923,-81.067,-7.862,0.0,1.4799999999999986
155,121,104.038,-11.246,-76.024,-9.848,0.0,6.92
156,121,97.655,-11.004,-75.196,-12.304,0.0,-0.849000000000002
157,121,103.036,-9.679,-83.879,-6.027,0.0,3.4509999999999943
158,121,105.575,-11.535,-78.524,-11.356,0.0,4.1600000000000055
159,121,100.508,-10.262,-81.864,-6.691,0.0,1.690999999999991
160,121,101.636,-10.056,-76.583,-9.529,0.0,5.468
161,121,102.436,-11.651,-81.175,-6.725,0.0,2.885000000000014
162,121,103.351,-10.795,-77.71,-10.368,0.0,4.478000000000003
163,121,103.904,-10.089,-83.622,-6.855,0.0,3.3379999999999974
164,121,103.445,-9.067,-76.734,-10.273,0.0,7.370999999999992
165,121,106.84,-10.031,-79.065,-12.203,0.0,5.541
166,121,100.524,-11.362,-79.724,-10.202,0.0,-0.7639999999999976
167,121,102.647,-10.62,-77.047,-13.305,0.0,1.6750000000000043
168,121,104.857,-10.993,-78.194,-11.751,0.0,3.9190000000000023
169,121,106.989,-11.57,-77.86,-11.955,0.0,5.604000000000012
170,121,103.611,-11.7,-74.993,-13.034,0.0,3.8840000000000057
171,121,108.992,-8.864,-77.792,-12.622,0.0,9.713999999999999
172,121,105.878,-11.015,-76.222,-12.921,0.0,5.720000000000006
173,121,105.325,-10.134,-81.306,-8.884,0.0,5.001000000000005
174,121,104.603,-11.121,-80.252,-11.546,0.0,1.6840000000000046
175,121,103.826,-11.33,-83.945,-7.441,0.0,1.110000000000002
176,121,99.397,-11.031,-78.592,-10.429,0.0,-0.6549999999999994
177,121,103.337,-11.348,-79.834,-10.898,0.0,1.2570000000000014
178,121,104.521,-11.179,-77.157,-11.771,0.0,4.4140000000000015
179,121,106.446,-11.125,-79.417,-11.341,0.0,4.562999999999997
180,121,101.152,-9.577,-85.7,-6.685,0.0,-0.8099999999999996
181,121,101.152,-9.952,-84.596,-5.967,0.0,0.6369999999999996
182,121,104.69,-10.971,-75.972,-11.788,0.0,5.959
183,121,101.189,-12.137,-75.669,-10.325,0.0,3.0579999999999963
184,121,102.245,-10.542,-78.434,-10.978,0.0,2.2910000000000057
185,121,101.884,-10.82,-77.156,-13.068,0.0,0.8399999999999874
186,121,107.7,-10.731,-84.048,-6.945,0.0,5.976000000000006
187,121,105.165,-11.282,-78.117,-10.536,0.0,5.230000000000006
188,121,101.909,-12.407,-80.643,-7.282,0.0,1.5770000000000088
189,121,102.745,-10.809,-77.254,-9.034,0.0,5.6480000000000015
190,121,105.427,-10.781,-83.405,-7.316,0.0,3.925
191,121,105.707,-11.243,-76.79,-11.966,0.0,5.707999999999993
192,121,104.334,-10.888,-76.695,-12.327,0.0,4.424000000000005
193,121,109.995,-11.426,-76.331,-12.295,0.0,9.943
194,121,107.887,-10.06,-78.806,-11.569,0.0,7.452
195,121,95.274,-7.919,-72.203,-12.486,0.0,2.6660000000000004
196,121,104.392,-7.842,-72.562,-12.205,0.0,11.783
197,121,106.087,-11.316,-76.576,-10.638,0.0,7.5570000000000075
198,121,102.029,-9.52,-74.253,-13.788,0.0,4.468
199,121,107.292,-10.04,-80.541,-8.822,0.0,7.889000000000014
200,121,106.069,-10.398,-74.673,-10.739,0.0,10.259000000000004
201,121,102.16,-11.17,-74.106,-11.427,0.0,5.457000000000001
202,121,106.874,-11.606,-76.855,-11.587,0.0,6.825999999999997
203,121,105.34,-9.325,-77.62,-12.603,0.0,5.791999999999996
204,121,98.391,-11.12,-75.781,-12.729,0.0,-1.2390000000000043
205,121,99.504,-11.507,-74.43,-11.131,0.0,2.435999999999993
206,121,103.681,-10.179,-83.274,-6.948,0.0,3.279999999999994
207,121,104.824,-11.065,-82.642,-7.589,0.0,3.528000000000004
208,121,101.197,-11.92,-78.535,-10.605,0.0,0.137000000000004
209,121,100.436,-11.984,-79.667,-8.362,0.0,0.4230000000000107
210,121,105.984,-10.015,-79.271,-11.127,0.0,5.570999999999993
211,121,104.454,-12.153,-78.925,-8.33,0.0,5.0459999999999905
212,121,100.567,-11.26,-77.717,-8.824,0.0,2.7659999999999894
213,121,102.622,-9.591,-84.734,-7.424,0.0,0.8730000000000109
214,121,101.277,-9.818,-75.722,-12.166,0.0,3.5710000000000086
215,121,103.197,-10.244,-75.416,-13.324,0.0,4.213000000000006
216,121,101.714,-10.643,-79.526,-10.724,0.0,0.8210000000000015
217,121,109.152,-9.083,-78.616,-8.684,0.0,12.769000000000004
218,121,99.545,-10.417,-79.647,-10.219,0.0,-0.7380000000000049
219,121,101.771,-10.983,-81.931,-7.089,0.0,1.767999999999999
220,121,97.799,-10.107,-74.648,-10.376,0.0,2.6680000000000117
221,121,106.252,-10.913,-77.49,-10.901,0.0,6.948000000000004
222,121,105.821,-8.9,-84.641,-6.45,0.0,5.829999999999987
223,121,109.625,-10.645,-83.444,-6.836,0.0,8.700000000000001
224,121,101.094,-10.855,-83.306,-7.644,0.0,-0.7110000000000074
225,121,105.935,-11.249,-83.315,-7.519,0.0,3.852000000000009
226,121,99.954,-10.297,-77.045,-8.998,0.0,3.6139999999999954
227,121,106.457,-10.853,-86.755,-6.201,0.0,2.648000000000004
228,121,104.41,-11.345,-77.173,-11.647,0.0,4.244999999999996
229,121,104.555,-10.715,-77.857,-9.887,0.0,6.096000000000004
230,121,109.62,-9.284,-78.937,-11.485,0.0,9.914000000000001
231,121,103.102,-11.699,-76.067,-10.955,0.0,4.381000000000013
232,121,108.238,-11.495,-80.594,-9.689,0.0,6.460000000000001
233,121,108.477,-9.766,-80.207,-7.999,0.0,10.505000000000006
234,121,103.182,-9.988,-77.039,-10.958,0.0,5.197000000000001
235,121,101.98,-10.178,-79.224,-10.479,0.0,2.0990000000000038
236,121,99.409,-9.879,-75.789,-11.751,0.0,1.9900000000000002
237,121,105.306,-9.949,-81.439,-6.569,0.0,7.349000000000006
238,121,98.527,-12.135,-80.144,-7.982,0.0,-1.7340000000000098
239,121,109.805,-11.923,-84.657,-6.69,0.0,6.535000000000008
240,121,103.968,-11.547,-76.237,-10.851,0.0,5.333000000000011
241,121,100.603,-11.416,-76.117,-12.632,0.0,0.4379999999999935
242,121,106.757,-12.53,-82.865,-6.843,0.0,4.519000000000009
243,121,103.315,-11.447,-75.132,-11.179,0.0,5.55699999999999
244,121,111.289,-11.058,-82.8,-7.511,0.0,9.919999999999998
245,121,101.761,-12.509,-78.597,-8.137,0.0,2.5180000000000007
246,121,101.69,-8.432,-83.486,-5.566,0.0,4.2059999999999915
247,121,101.96,-11.73,-78.605,-10.403,0.0,1.2219999999999853
248,121,105.448,-11.009,-77.936,-9.722,0.0,6.780999999999986
249,121,110.495,-11.171,-83.451,-7.961,0.0,7.912000000000019
250,121,105.823,-11.069,-83.896,-6.747,0.0,4.11099999999999
251,121,106.889,-11.386,-76.556,-12.288,0.0,6.6590000000000025
252,121,103.402,-10.07,-75.168,-12.627,0.0,5.536999999999987
253,121,107.405,-8.764,-78.48,-10.695,0.0,9.466000000000001
254,121,98.544,-10.682,-75.077,-12.404,0.0,0.3809999999999967
255,121,109.808,-11.685,-86.544,-5.187,0.0,6.3920000000000075
256,121,101.584,-10.069,-78.262,-8.755,0.0,4.497999999999999
257,121,109.014,-10.618,-76.889,-12.077,0.0,9.430000000000005
258,121,104.08,-10.591,-78.127,-10.722,0.0,4.6400000000000095
259,121,103.142,-11.046,-78.228,-10.006,0.0,3.862000000000009
260,121,105.227,-11.41,-79.605,-7.414,0.0,6.798000000000004
261,121,100.665,-11.853,-78.198,-9.069,0.0,1.5450000000000177
262,121,98.319,-10.578,-78.82,-9.501,0.0,-0.579999999999993
263,121,104.165,-10.625,-79.384,-8.182,0.0,5.9740000000000055
264,121,93.939,-10.496,-80.038,-9.055,0.0,-5.649999999999999
265,121,105.567,-10.343,-78.209,-12.733,0.0,4.281999999999986
266,121,109.95,-11.609,-81.455,-7.478,0.0,9.40800000000001
267,121,104.09,-9.894,-75.452,-12.149,0.0,6.595000000000001
268,121,103.604,-9.819,-76.397,-12.665,0.0,4.722999999999992
269,121,98.315,-10.212,-74.674,-13.402,0.0,0.02699999999998859
270,121,100.875,-10.652,-75.173,-11.919,0.0,3.1309999999999967
271,121,103.099,-11.686,-78.482,-10.541,0.0,2.3900000000000112
272,121,98.792,-11.606,-75.346,-12.709,0.0,-0.8689999999999962
273,121,100.023,-10.758,-77.825,-11.133,0.0,0.3069999999999986
274,121,103.927,-11.735,-72.563,-13.056,0.0,6.573000000000006
275,121,106.477,-10.148,-80.129,-11.35,0.0,4.850000000000003
276,121,109.488,-11.901,-81.021,-10.037,0.0,6.529000000000002
277,121,98.395,-11.869,-79.431,-8.383,0.0,-1.2880000000000003
278,121,102.359,-10.58,-77.904,-8.909,0.0,4.965999999999999
279,121,101.357,-9.866,-80.207,-9.178,0.0,2.106000000000005
280,121,100.659,-8.876,-85.283,-4.808,0.0,1.6920000000000002
281,121,102.39,-11.689,-76.144,-13.245,0.0,1.3119999999999887
282,121,105.937,-11.06,-78.683,-11.987,0.0,4.206999999999988
283,121,105.711,-10.833,-76.88,-12.043,0.0,5.955000000000005
284,121,103.779,-10.659,-77.844,-10.453,0.0,4.822999999999997
285,121,100.147,-11.131,-77.626,-11.744,0.0,-0.3539999999999992
286,121,103.885,-10.781,-74.56,-13.429,0.0,5.114999999999997
287,121,107.865,-10.746,-78.469,-11.698,0.0,6.952000000000005
288,121,107.859,-10.373,-76.885,-13.452,0.0,7.148999999999985
289,121,108.542,-10.006,-79.279,-8.797,0.0,10.460000000000004
290,121,105.512,-11.269,-80.47,-6.554,0.0,7.218999999999996
291,121,106.29,-10.67,-78.333,-11.904,0.0,5.383000000000006
292,121,108.276,-11.196,-81.525,-7.357,0.0,8.197999999999993
293,121,101.878,-10.428,-76.819,-9.849,0.0,4.782
294,121,106.677,-10.539,-81.504,-9.241,0.0,5.393000000000001
295,121,104.537,-11.16,-80.528,-9.688,0.0,3.161000000000003
296,121,107.492,-11.672,-78.081,-10.256,0.0,7.483000000000004
297,121,101.864,-11.907,-75.079,-11.406,0.0,3.4720000000000137
298,121,100.743,-10.911,-77.654,-11.035,0.0,1.1429999999999971
299,121,104.323,-9.459,-80.14,-8.343,0.0,6.38099999999999
300,121,104.158,-10.0,-76.076,-12.044,0.0,6.038000000000007
301,121,105.422,-10.6,-72.293,-15.067,0.0,7.461999999999996
302,121,101.058,-10.214,-83.405,-6.704,0.0,0.7350000000000074
303,121,102.02,-11.011,-76.44,-12.015,0.0,2.554000000000002
304,121,101.002,-11.022,-74.512,-11.492,0.0,3.9759999999999884
305,121,100.055,-10.339,-77.784,-10.305,0.0,1.6270000000000024
306,121,101.551,-9.894,-79.568,-8.396,0.0,3.692999999999998
307,121,108.17,-10.83,-81.925,-7.247,0.0,8.168000000000006
308,121,107.426,-7.333,-84.68,-6.886,0.0,8.526999999999997
309,121,106.42,-10.253,-78.76,-11.43,0.0,5.976999999999997
310,121,104.594,-10.444,-85.555,-5.605,0.0,2.9899999999999842
311,121,101.846,-11.453,-82.171,-7.615,0.0,0.606999999999994
312,121,103.059,-10.222,-78.655,-10.067,0.0,4.115000000000002
313,121,99.731,-11.281,-78.644,-9.095,0.0,0.7109999999999825
314,121,106.954,-10.137,-84.133,-5.552,0.0,7.131999999999998
315,121,103.903,-10.253,-82.937,-6.274,0.0,4.439000000000008
316,121,105.486,-11.224,-78.56,-8.595,0.0,7.1069999999999975
317,121,108.036,-10.639,-82.451,-6.649,0.0,8.297000000000011
318,121,111.012,-11.526,-76.508,-11.503,0.0,11.475000000000009
319,121,101.516,-10.747,-77.917,-10.961,0.0,1.8910000000000036
320,121,105.231,-11.689,-80.975,-7.813,0.0,4.7540000000000076
321,121,107.5,-11.9,-76.299,-11.294,0.0,8.006999999999987
322,121,104.754,-9.894,-74.754,-11.679,0.0,8.426999999999994
323,121,101.09,-11.3,-78.653,-10.075,0.0,1.0620000000000012
324,121,101.014,-9.766,-78.609,-11.132,0.0,1.5069999999999961
325,121,104.268,-11.09,-76.154,-12.261,0.0,4.763000000000002
326,121,103.812,-11.139,-79.67,-8.642,0.0,4.361000000000001
327,121,107.486,-11.004,-78.062,-10.769,0.0,7.651000000000002
328,121,107.182,-11.731,-75.575,-12.653,0.0,7.223000000000004
329,121,99.862,-9.0,-76.797,-12.463,0.0,1.6019999999999985
330,121,104.922,-11.384,-79.079,-10.515,0.0,3.9440000000000026
331,121,105.105,-10.556,-76.715,-11.833,0.0,6.001000000000003
332,121,110.535,-10.183,-81.111,-10.696,0.0,8.545
333,121,112.901,-10.741,-78.728,-11.912,0.0,11.520000000000001
334,121,106.539,-10.729,-75.064,-10.676,0.0,10.07000000000001
335,121,97.998,-11.369,-78.664,-10.696,0.0,-2.7309999999999963
336,121,106.05,-9.782,-82.376,-7.986,0.0,5.905999999999996
337,121,100.378,-12.401,-75.228,-10.963,0.0,1.7860000000000102
338,121,102.719,-9.547,-74.338,-10.768,0.0,8.066000000000003
339,121,103.485,-10.275,-77.648,-11.82,0.0,3.7419999999999973
340,121,106.043,-10.101,-76.411,-11.653,0.0,7.878000000000005
341,121,106.423,-11.209,-81.92,-7.464,0.0,5.8299999999999965
342,121,106.538,-11.026,-85.055,-7.249,0.0,3.207999999999994
343,121,105.326,-11.113,-80.389,-9.015,0.0,4.8089999999999975
344,121,99.692,-11.713,-75.399,-11.388,0.0,1.1919999999999984
345,121,106.032,-9.888,-75.568,-10.777,0.0,9.798999999999994
346,121,103.804,-12.106,-79.288,-8.866,0.0,3.544000000000011
347,121,102.029,-11.21,-78.41,-11.328,0.0,1.0809999999999924
348,121,100.073,-8.952,-79.987,-9.855,0.0,1.279
349,121,111.193,-10.889,-80.462,-11.729,0.0,8.113
350,121,105.492,-12.088,-79.423,-9.859,0.0,4.122000000000009
351,121,112.628,-10.575,-79.664,-11.438,0.0,10.950999999999995
352,121,101.229,-10.514,-75.542,-13.937,0.0,1.2360000000000024
353,121,104.506,-11.537,-75.492,-12.631,0.0,4.845999999999989
354,121,102.592,-11.468,-77.789,-12.271,0.0,1.063999999999993
355,121,98.095,-11.161,-81.814,-6.733,0.0,-1.612999999999995
356,121,99.044,-10.516,-78.731,-9.031,0.0,0.7659999999999965
357,121,101.334,-10.78,-77.448,-9.896,0.0,3.210000000000008
358,121,105.621,-10.67,-80.766,-7.945,0.0,6.239999999999988
359,121,103.32,-8.404,-79.071,-9.002,0.0,6.842999999999998
360,121,111.266,-11.215,-77.165,-13.664,0.0,9.221999999999996
361,121,103.183,-10.514,-76.223,-11.88,0.0,4.566000000000011
362,121,100.837,-11.14,-78.18,-11.045,0.0,0.471999999999996
363,121,108.005,-10.085,-84.951,-7.305,0.0,5.663999999999994
364,121,105.116,-10.717,-81.822,-8.3,0.0,4.2769999999999975
365,121,106.224,-11.066,-76.746,-10.342,0.0,8.070000000000006
366,121,100.716,-10.793,-74.955,-11.944,0.0,3.0240000000000027
367,121,103.268,-10.608,-78.507,-10.465,0.0,3.6879999999999917
368,121,106.067,-8.924,-79.837,-10.276,0.0,7.029999999999998
369,121,105.484,-11.047,-77.153,-12.028,0.0,5.255999999999991
370,121,100.51,-9.345,-77.296,-11.605,0.0,2.2639999999999993
371,121,108.552,-11.689,-77.332,-8.405,0.0,11.126000000000007
372,121,98.436,-10.571,-77.8,-10.563,0.0,-0.4979999999999887
373,121,100.52,-10.73,-82.236,-7.807,0.0,-0.25300000000001255
374,121,101.336,-11.12,-78.88,-8.809,0.0,2.5269999999999992
375,121,107.519,-9.539,-85.143,-7.091,0.0,5.746000000000003
376,121,105.386,-10.742,-79.659,-10.829,0.0,4.155999999999985
377,121,102.843,-10.394,-73.989,-11.418,0.0,7.0419999999999945
378,121,107.833,-10.049,-78.179,-10.163,0.0,9.44199999999999
379,121,106.565,-10.564,-83.679,-7.471,0.0,4.851000000000003
380,121,100.846,-10.37,-77.134,-10.678,0.0,2.663999999999998
381,121,106.505,-11.31,-74.712,-14.926,0.0,5.55699999999999
382,121,106.835,-11.663,-83.098,-6.301,0.0,5.772999999999998
383,121,103.004,-10.275,-76.218,-10.964,0.0,5.546999999999995
384,121,102.506,-10.947,-81.948,-7.792,0.0,1.8190000000000044
385,121,100.298,-10.534,-78.836,-8.646,0.0,2.2819999999999965
386,121,109.829,-10.75,-84.817,-8.48,0.0,5.782
387,121,105.059,-11.094,-77.955,-8.27,0.0,7.7400000000000055
388,121,108.601,-11.415,-77.255,-12.26,0.0,7.671000000000012
389,121,106.362,-10.971,-78.092,-10.579,0.0,6.719999999999992
390,121,105.022,-10.522,-75.157,-11.71,0.0,7.633000000000003
391,121,104.76,-10.739,-78.032,-10.485,0.0,5.504000000000005
392,121,107.411,-10.305,-77.973,-9.011,0.0,10.121999999999996
393,121,109.624,-12.069,-77.7,-10.941,0.0,8.913999999999989
394,121,101.899,-11.543,-74.09,-14.466,0.0,1.7999999999999918
395,121,100.042,-9.946,-76.72,-10.846,0.0,2.5300000000000047
396,121,109.653,-6.808,-85.279,-7.155,0.0,10.411000000000001
397,121,102.569,-10.824,-75.31,-12.386,0.0,4.049000000000003
398,121,100.45,-10.412,-75.149,-12.779,0.0,2.109999999999996
399,121,109.924,-11.345,-76.413,-12.805,0.0,9.361000000000011
400,121,99.595,-10.572,-77.037,-11.964,0.0,0.021999999999989583
401,121,99.703,-10.706,-79.271,-8.657,0.0,1.068999999999999

Backbone Energy Decomposition:
Frame #,Residue,Internal,van der Waals,Electrostatic,Polar Solvation,Non-Polar Solv.,TOTAL
1,121,0.0,0.0,0.0,0.0,0.0,0.0
2,121,0.0,0.0,0.0,0.0,0.0,0.0
3,121,0.0,0.0,0.0,0.0,0.0,0.0
4,121,0.0,0.0,0.0,0.0,0.0,0.0
5,121,0.0,0.0,0.0,0.0,0.0,0.0
6,121,0.0,0.0,0.0,0.0,0.0,0.0
7,121,0.0,0.0,0.0,0.0,0.0,0.0
8,121,0.0,0.0,0.0,0.0,0.0,0.0
9,121,0.0,0.0,0.0,0.0,0.0,0.0
10,121,0.0,0.0,0.0,0.0,0.0,0.0
11,121,0.0,0.0,0.0,0.0,0.0,0.0
12,121,0.0,0.0,0.0,0.0,0.0,0.0
13,121,0.0,0.0,0.0,0.0,0.0,0.0
14,121,0.0,0.0,0.0,0.0,0.0,0.0
15,121,0.0,0.0,0.0,0.0,0.0,0.0
16,121,0.0,0.0,0.0,0.0,0.0,0.0
17,121,0.0,0.0,0.0,0.0,0.0,0.0
18,121,0.0,0.0,0.0,0.0,0.0,0.0
19,121,0.0,0.0,0.0,0.0,0.0,0.0
20,121,0.0,0.0,0.0,0.0,0.0,0.0
21,121,0.0,0.0,0.0,0.0,0.0,0.0
22,121,0.0,0.0,0.0,0.0,0.0,0.0
23,121,0.0,0.0,0.0,0.0,0.0,0.0
24,121,0.0,0.0,0.0,0.0,0.0,0.0
25,121,0.0,0.0,0.0,0.0,0.0,0.0
26,121,0.0,0.0,0.0,0.0,0.0,0.0
27,121,0.0,0.0,0.0,0.0,0.0,0.0
28,121,0.0,0.0,0.0,0.0,0.0,0.0
29,121,0.0,0.0,0.0,0.0,0.0,0.0
30,121,0.0,0.0,0.0,0.0,0.0,0.0
31,121,0.0,0.0,0.0,0.0,0.0,0.0
32,121,0.0,0.0,0.0,0.0,0.0,0.0
33,121,0.0,0.0,0.0,0.0,0.0,0.0
34,121,0.0,0.0,0.0,0.0,0.0,0.0
35,121,0.0,0.0,0.0,0.0,0.0,0.0
36,121,0.0,0.0,0.0,0.0,0.0,0.0
37,121,0.0,0.0,0.0,0.0,0.0,0.0
38,121,0.0,0.0,0.0,0.0,0.0,0.0
39,121,0.0,0.0,0.0,0.0,0.0,0.0
40,121,0.0,0.0,0.0,0.0,0.0,0.0
41,121,0.0,0.0,0.0,0.0,0.0,0.0
42,121,0.0,0.0,0.0,0.0,0.0,0.0
43,121,0.0,0.0,0.0,0.0,0.0,0.0
44,121,0.0,0.0,0.0,0.0,0.0,0.0
45,121,0.0,0.0,0.0,0.0,0.0,0.0
46,121,0.0,0.0,0.0,0.0,0.0,0.0
47,121,0.0,0.0,0.0,0.0,0.0,0.0
48,121,0.0,0.0,0.0,0.0,0.0,0.0
49,121,0.0,0.0,0.0,0.0,0.0,0.0
50,121,0.0,0.0,0.0,0.0,0.0,0.0
51,121,0.0,0.0,0.0,0.0,0.0,0.0
52,121,0.0,0.0,0.0,0.0,0.0,0.0
53,121,0.0,0.0,0.0,0.0,0.0,0.0
54,121,0.0,0.0,0.0,0.0,0.0,0.0
55,121,0.0,0.0,0.0,0.0,0.0,0.0
56,121,0.0,0.0,0.0,0.0,0.0,0.0
57,121,0.0,0.0,0.0,0.0,0.0,0.0
58,121,0.0,0.0,0.0,0.0,0.0,0.0
59,121,0.0,0.0,0.0,0.0,0.0,0.0
60,121,0.0,0.0,0.0,0.0,0.0,0.0
61,121,0.0,0.0,0.0,0.0,0.0,0.0
62,121,0.0,0.0,0.0,0.0,0.0,0.0
63,121,0.0,0.0,0.0,0.0,0.0,0.0
64,121,0.0,0.0,0.0,0.0,0.0,0.0
65,121,0.0,0.0,0.0,0.0,0.0,0.0
66,121,0.0,0.0,0.0,0.0,0.0,0.0
67,121,0.0,0.0,0.0,0.0,0.0,0.0
68,121,0.0,0.0,0.0,0.0,0.0,0.0
69,121,0.0,0.0,0.0,0.0,0.0,0.0
70,121,0.0,0.0,0.0,0.0,0.0,0.0
71,121,0.0,0.0,0.0,0.0,0.0,0.0
72,121,0.0,0.0,0.0,0.0,0.0,0.0
73,121,0.0,0.0,0.0,0.0,0.0,0.0
74,121,0.0,0.0,0.0,0.0,0.0,0.0
75,121,0.0,0.0,0.0,0.0,0.0,0.0
76,121,0.0,0.0,0.0,0.0,0.0,0.0
77,121,0.0,0.0,0.0,0.0,0.0,0.0
78,121,0.0,0.0,0.0,0.0,0.0,0.0
79,121,0.0,0.0,0.0,0.0,0.0,0.0
80,121,0.0,0.0,0.0,0.0,0.0,0.0
81,121,0.0,0.0,0.0,0.0,0.0,0.0
82,121,0.0,0.0,0.0,0.0,0.0,0.0
83,121,0.0,0.0,0.0,0.0,0.0,0.0
84,121,0.0,0.0,0.0,0.0,0.0,0.0
85,121,0.0,0.0,0.0,0.0,0.0,0.0
86,121,0.0,0.0,0.0,0.0,0.0,0.0
87,121,0.0,0.0,0.0,0.0,0.0,0.0
88,121,0.0,0.0,0.0,0.0,0.0,0.0
89,121,0.0,0.0,0.0,0.0,0.0,0.0
90,121,0.0,0.0,0.0,0.0,0.0,0.0
91,121,0.0,0.0,0.0,0.0,0.0,0.0
92,121,0.0,0.0,0.0,0.0,0.0,0.0
93,121,0.0,0.0,0.0,0.0,0.0,0.0
94,121,0.0,0.0,0.0,0.0,0.0,0.0
95,121,0.0,0.0,0.0,0.0,0.0,0.0
96,121,0.0,0.0,0.0,0.0,0.0,0.0
97,121,0.0,0.0,0.0,0.0,0.0,0.0
98,121,0.0,0.0,0.0,0.0,0.0,0.0
99,121,0.0,0.0,0.0,0.0,0.0,0.0
100,121,0.0,0.0,0.0,0.0,0.0,0.0
101,121,0.0,0.0,0.0,0.0,0.0,0.0
102,121,0.0,0.0,0.0,0.0,0.0,0.0
103,121,0.0,0.0,0.0,0.0,0.0,0.0
104,121,0.0,0.0,0.0,0.0,0.0,0.0
105,121,0.0,0.0,0.0,0.0,0.0,0.0
106,121,0.0,0.0,0.0,0.0,0.0,0.0
107,121,0.0,0.0,0.0,0.0,0.0,0.0
108,121,0.0,0.0,0.0,0.0,0.0,0.0
109,121,0.0,0.0,0.0,0.0,0.0,0.0
110,121,0.0,0.0,0.0,0.0,0.0,0.0
111,121,0.0,0.0,0.0,0.0,0.0,0.0
112,121,0.0,0.0,0.0,0.0,0.0,0.0
113,121,0.0,0.0,0.0,0.0,0.0,0.0
114,121,0.0,0.0,0.0,0.0,0.0,0.0
115,121,0.0,0.0,0.0,0.0,0.0,0.0
116,121,0.0,0.0,0.0,0.0,0.0,0.0
117,121,0.0,0.0,0.0,0.0,0.0,0.0
118,121,0.0,0.0,0.0,0.0,0.0,0.0
119,121,0.0,0.0,0.0,0.0,0.0,0.0
120,121,0.0,0.0,0.0,0.0,0.0,0.0
121,121,0.0,0.0,0.0,0.0,0.0,0.0
122,121,0.0,0.0,0.0,0.0,0.0,0.0
123,121,0.0,0.0,0.0,0.0,0.0,0.0
124,121,0.0,0.0,0.0,0.0,0.0,0.0
125,121,0.0,0.0,0.0,0.0,0.0,0.0
126,121,0.0,0.0,0.0,0.0,0.0,0.0
127,121,0.0,0.0,0.0,0.0,0.0,0.0
128,121,0.0,0.0,0.0,0.0,0.0,0.0
129,121,0.0,0.0,0.0,0.0,0.0,0.0
130,121,0.0,0.0,0.0,0.0,0.0,0.0
131,121,0.0,0.0,0.0,0.0,0.0,0.0
132,121,0.0,0.0,0.0,0.0,0.0,0.0
133,121,0.0,0.0,0.0,0.0,0.0,0.0
134,121,0.0,0.0,0.0,0.0,0.0,0.0
135,121,0.0,0.0,0.0,0.0,0.0,0.0
136,121,0.0,0.0,0.0,0.0,0.0,0.0
137,121,0.0,0.0,0.0,0.0,0.0,0.0
138,121,0.0,0.0,0.0,0.0,0.0,0.0
139,121,0.0,0.0,0.0,0.0,0.0,0.0
140,121,0.0,0.0,0.0,0.0,0.0,0.0
141,121,0.0,0.0,0.0,0.0,0.0,0.0
142,121,0.0,0.0,0.0,0.0,0.0,0.0
143,121,0.0,0.0,0.0,0.0,0.0,0.0
144,121,0.0,0.0,0.0,0.0,0.0,0.0
145,121,0.0,0.0,0.0,0.0,0.0,0.0
146,121,0.0,0.0,0.0,0.0,0.0,0.0
147,121,0.0,0.0,0.0,0.0,0.0,0.0
148,121,0.0,0.0,0.0,0.0,0.0,0.0
149,121,0.0,0.0,0.0,0.0,0.0,0.0
150,121,0.0,0.0,0.0,0.0,0.0,0.0
151,121,0.0,0.0,0.0,0.0,0.0,0.0
152,121,0.0,0.0,0.0,0.0,0.0,0.0
153,121,0.0,0.0,0.0,0.0,0.0,0.0
154,121,0.0,0.0,0.0,0.0,0.0,0.0
155,121,0.0,0.0,0.0,0.0,0.0,0.0
156,121,0.0,0.0,0.0,0.0,0.0,0.0
157,121,0.0,0.0,0.0,0.0,0.0,0.0
158,121,0.0,0.0,0.0,0.0,0.0,0.0
159,121,0.0,0.0,0.0,0.0,0.0,0.0
160,121,0.0,0.0,0.0,0.0,0.0,0.0
161,121,0.0,0.0,0.0,0.0,0.0,0.0
162,121,0.0,0.0,0.0,0.0,0.0,0.0
163,121,0.0,0.0,0.0,0.0,0.0,0.0
164,121,0.0,0.0,0.0,0.0,0.0,0.0
165,121,0.0,0.0,0.0,0.0,0.0,0.0
166,121,0.0,0.0,0.0,0.0,0.0,0.0
167,121,0.0,0.0,0.0,0.0,0.0,0.0
168,121,0.0,0.0,0.0,0.0,0.0,0.0
169,121,0.0,0.0,0.0,0.0,0.0,0.0
170,121,0.0,0.0,0.0,0.0,0.0,0.0
171,121,0.0,0.0,0.0,0.0,0.0,0.0
172,121,0.0,0.0,0.0,0.0,0.0,0.0
173,121,0.0,0.0,0.0,0.0,0.0,0.0
174,121,0.0,0.0,0.0,0.0,0.0,0.0
175,121,0.0,0.0,0.0,0.0,0.0,0.0
176,121,0.0,0.0,0.0,0.0,0.0,0.0
177,121,0.0,0.0,0.0,0.0,0.0,0.0
178,121,0.0,0.0,0.0,0.0,0.0,0.0
179,121,0.0,0.0,0.0,0.0,0.0,0.0
180,121,0.0,0.0,0.0,0.0,0.0,0.0
181,121,0.0,0.0,0.0,0.0,0.0,0.0
182,121,0.0,0.0,0.0,0.0,0.0,0.0
183,121,0.0,0.0,0.0,0.0,0.0,0.0
184,121,0.0,0.0,0.0,0.0,0.0,0.0
185,121,0.0,0.0,0.0,0.0,0.0,0.0
186,121,0.0,0.0,0.0,0.0,0.0,0.0
187,121,0.0,0.0,0.0,0.0,0.0,0.0
188,121,0.0,0.0,0.0,0.0,0.0,0.0
189,121,0.0,0.0,0.0,0.0,0.0,0.0
190,121,0.0,0.0,0.0,0.0,0.0,0.0
191,121,0.0,0.0,0.0,0.0,0.0,0.0
192,121,0.0,0.0,0.0,0.0,0.0,0.0
193,121,0.0,0.0,0.0,0.0,0.0,0.0
194,121,0.0,0.0,0.0,0.0,0.0,0.0
195,121,0.0,0.0,0.0,0.0,0.0,0.0
196,121,0.0,0.0,0.0,0.0,0.0,0.0
197,121,0.0,0.0,0.0,0.0,0.0,0.0
198,121,0.0,0.0,0.0,0.0,0.0,0.0
199,121,0.0,0.0,0.0,0.0,0.0,0.0
200,121,0.0,0.0,0.0,0.0,0.0,0.0
201,121,0.0,0.0,0.0,0.0,0.0,0.0
202,121,0.0,0.0,0.0,0.0,0.0,0.0
203,121,0.0,0.0,0.0,0.0,0.0,0.0
204,121,0.0,0.0,0.0,0.0,0.0,0.0
205,121,0.0,0.0,0.0,0.0,0.0,0.0
206,121,0.0,0.0,0.0,0.0,0.0,0.0
207,121,0.0,0.0,0.0,0.0,0.0,0.0
208,121,0.0,0.0,0.0,0.0,0.0,0.0
209,121,0.0,0.0,0.0,0.0,0.0,0.0
210,121,0.0,0.0,0.0,0.0,0.0,0.0
211,121,0.0,0.0,0.0,0.0,0.0,0.0
212,121,0.0,0.0,0.0,0.0,0.0,0.0
213,121,0.0,0.0,0.0,0.0,0.0,0.0
214,121,0.0,0.0,0.0,0.0,0.0,0.0
215,121,0.0,0.0,0.0,0.0,0.0,0.0
216,121,0.0,0.0,0.0,0.0,0.0,0.0
217,121,0.0,0.0,0.0,0.0,0.0,0.0
218,121,0.0,0.0,0.0,0.0,0.0,0.0
219,121,0.0,0.0,0.0,0.0,0.0,0.0
220,121,0.0,0.0,0.0,0.0,0.0,0.0
221,121,0.0,0.0,0.0,0.0,0.0,0.0
222,121,0.0,0.0,0.0,0.0,0.0,0.0
223,121,0.0,0.0,0.0,0.0,0.0,0.0
224,121,0.0,0.0,0.0,0.0,0.0,0.0
225,121,0.0,0.0,0.0,0.0,0.0,0.0
226,121,0.0,0.0,0.0,0.0,0.0,0.0
227,121,0.0,0.0,0.0,0.0,0.0,0.0
228,121,0.0,0.0,0.0,0.0,0.0,0.0
229,121,0.0,0.0,0.0,0.0,0.0,0.0
230,121,0.0,0.0,0.0,0.0,0.0,0.0
231,121,0.0,0.0,0.0,0.0,0.0,0.0
232,121,0.0,0.0,0.0,0.0,0.0,0.0
233,121,0.0,0.0,0.0,0.0,0.0,0.0
234,121,0.0,0.0,0.0,0.0,0.0,0.0
235,121,0.0,0.0,0.0,0.0,0.0,0.0
236,121,0.0,0.0,0.0,0.0,0.0,0.0
237,121,0.0,0.0,0.0,0.0,0.0,0.0
238,121,0.0,0.0,0.0,0.0,0.0,0.0
239,121,0.0,0.0,0.0,0.0,0.0,0.0
240,121,0.0,0.0,0.0,0.0,0.0,0.0
241,121,0.0,0.0,0.0,0.0,0.0,0.0
242,121,0.0,0.0,0.0,0.0,0.0,0.0
243,121,0.0,0.0,0.0,0.0,0.0,0.0
244,121,0.0,0.0,0.0,0.0,0.0,0.0
245,121,0.0,0.0,0.0,0.0,0.0,0.0
246,121,0.0,0.0,0.0,0.0,0.0,0.0
247,121,0.0,0.0,0.0,0.0,0.0,0.0
248,121,0.0,0.0,0.0,0.0,0.0,0.0
249,121,0.0,0.0,0.0,0.0,0.0,0.0
250,121,0.0,0.0,0.0,0.0,0.0,0.0
251,121,0.0,0.0,0.0,0.0,0.0,0.0
252,121,0.0,0.0,0.0,0.0,0.0,0.0
253,121,0.0,0.0,0.0,0.0,0.0,0.0
254,121,0.0,0.0,0.0,0.0,0.0,0.0
255,121,0.0,0.0,0.0,0.0,0.0,0.0
256,121,0.0,0.0,0.0,0.0,0.0,0.0
257,121,0.0,0.0,0.0,0.0,0.0,0.0
258,121,0.0,0.0,0.0,0.0,0.0,0.0
259,121,0.0,0.0,0.0,0.0,0.0,0.0
260,121,0.0,0.0,0.0,0.0,0.0,0.0
261,121,0.0,0.0,0.0,0.0,0.0,0.0
262,121,0.0,0.0,0.0,0.0,0.0,0.0
263,121,0.0,0.0,0.0,0.0,0.0,0.0
264,121,0.0,0.0,0.0,0.0,0.0,0.0
265,121,0.0,0.0,0.0,0.0,0.0,0.0
266,121,0.0,0.0,0.0,0.0,0.0,0.0
267,121,0.0,0.0,0.0,0.0,0.0,0.0
268,121,0.0,0.0,0.0,0.0,0.0,0.0
269,121,0.0,0.0,0.0,0.0,0.0,0.0
270,121,0.0,0.0,0.0,0.0,0.0,0.0
271,121,0.0,0.0,0.0,0.0,0.0,0.0
272,121,0.0,0.0,0.0,0.0,0.0,0.0
273,121,0.0,0.0,0.0,0.0,0.0,0.0
274,121,0.0,0.0,0.0,0.0,0.0,0.0
275,121,0.0,0.0,0.0,0.0,0.0,0.0
276,121,0.0,0.0,0.0,0.0,0.0,0.0
277,121,0.0,0.0,0.0,0.0,0.0,0.0
278,121,0.0,0.0,0.0,0.0,0.0,0.0
279,121,0.0,0.0,0.0,0.0,0.0,0.0
280,121,0.0,0.0,0.0,0.0,0.0,0.0
281,121,0.0,0.0,0.0,0.0,0.0,0.0
282,121,0.0,0.0,0.0,0.0,0.0,0.0
283,121,0.0,0.0,0.0,0.0,0.0,0.0
284,121,0.0,0.0,0.0,0.0,0.0,0.0
285,121,0.0,0.0,0.0,0.0,0.0,0.0
286,121,0.0,0.0,0.0,0.0,0.0,0.0
287,121,0.0,0.0,0.0,0.0,0.0,0.0
288,121,0.0,0.0,0.0,0.0,0.0,0.0
289,121,0.0,0.0,0.0,0.0,0.0,0.0
290,121,0.0,0.0,0.0,0.0,0.0,0.0
291,121,0.0,0.0,0.0,0.0,0.0,0.0
292,121,0.0,0.0,0.0,0.0,0.0,0.0
293,121,0.0,0.0,0.0,0.0,0.0,0.0
294,121,0.0,0.0,0.0,0.0,0.0,0.0
295,121,0.0,0.0,0.0,0.0,0.0,0.0
296,121,0.0,0.0,0.0,0.0,0.0,0.0
297,121,0.0,0.0,0.0,0.0,0.0,0.0
298,121,0.0,0.0,0.0,0.0,0.0,0.0
299,121,0.0,0.0,0.0,0.0,0.0,0.0
300,121,0.0,0.0,0.0,0.0,0.0,0.0
301,121,0.0,0.0,0.0,0.0,0.0,0.0
302,121,0.0,0.0,0.0,0.0,0.0,0.0
303,121,0.0,0.0,0.0,0.0,0.0,0.0
304,121,0.0,0.0,0.0,0.0,0.0,0.0
305,121,0.0,0.0,0.0,0.0,0.0,0.0
306,121,0.0,0.0,0.0,0.0,0.0,0.0
307,121,0.0,0.0,0.0,0.0,0.0,0.0
308,121,0.0,0.0,0.0,0.0,0.0,0.0
309,121,0.0,0.0,0.0,0.0,0.0,0.0
310,121,0.0,0.0,0.0,0.0,0.0,0.0
311,121,0.0,0.0,0.0,0.0,0.0,0.0
312,121,0.0,0.0,0.0,0.0,0.0,0.0
313,121,0.0,0.0,0.0,0.0,0.0,0.0
314,121,0.0,0.0,0.0,0.0,0.0,0.0
315,121,0.0,0.0,0.0,0.0,0.0,0.0
316,121,0.0,0.0,0.0,0.0,0.0,0.0
317,121,0.0,0.0,0.0,0.0,0.0,0.0
318,121,0.0,0.0,0.0,0.0,0.0,0.0
319,121,0.0,0.0,0.0,0.0,0.0,0.0
320,121,0.0,0.0,0.0,0.0,0.0,0.0
321,121,0.0,0.0,0.0,0.0,0.0,0.0
322,121,0.0,0.0,0.0,0.0,0.0,0.0
323,121,0.0,0.0,0.0,0.0,0.0,0.0
324,121,0.0,0.0,0.0,0.0,0.0,0.0
325,121,0.0,0.0,0.0,0.0,0.0,0.0
326,121,0.0,0.0,0.0,0.0,0.0,0.0
327,121,0.0,0.0,0.0,0.0,0.0,0.0
328,121,0.0,0.0,0.0,0.0,0.0,0.0
329,121,0.0,0.0,0.0,0.0,0.0,0.0
330,121,0.0,0.0,0.0,0.0,0.0,0.0
331,121,0.0,0.0,0.0,0.0,0.0,0.0
332,121,0.0,0.0,0.0,0.0,0.0,0.0
333,121,0.0,0.0,0.0,0.0,0.0,0.0
334,121,0.0,0.0,0.0,0.0,0.0,0.0
335,121,0.0,0.0,0.0,0.0,0.0,0.0
336,121,0.0,0.0,0.0,0.0,0.0,0.0
337,121,0.0,0.0,0.0,0.0,0.0,0.0
338,121,0.0,0.0,0.0,0.0,0.0,0.0
339,121,0.0,0.0,0.0,0.0,0.0,0.0
340,121,0.0,0.0,0.0,0.0,0.0,0.0
341,121,0.0,0.0,0.0,0.0,0.0,0.0
342,121,0.0,0.0,0.0,0.0,0.0,0.0
343,121,0.0,0.0,0.0,0.0,0.0,0.0
344,121,0.0,0.0,0.0,0.0,0.0,0.0
345,121,0.0,0.0,0.0,0.0,0.0,0.0
346,121,0.0,0.0,0.0,0.0,0.0,0.0
347,121,0.0,0.0,0.0,0.0,0.0,0.0
348,121,0.0,0.0,0.0,0.0,0.0,0.0
349,121,0.0,0.0,0.0,0.0,0.0,0.0
350,121,0.0,0.0,0.0,0.0,0.0,0.0
351,121,0.0,0.0,0.0,0.0,0.0,0.0
352,121,0.0,0.0,0.0,0.0,0.0,0.0
353,121,0.0,0.0,0.0,0.0,0.0,0.0
354,121,0.0,0.0,0.0,0.0,0.0,0.0
355,121,0.0,0.0,0.0,0.0,0.0,0.0
356,121,0.0,0.0,0.0,0.0,0.0,0.0
357,121,0.0,0.0,0.0,0.0,0.0,0.0
358,121,0.0,0.0,0.0,0.0,0.0,0.0
359,121,0.0,0.0,0.0,0.0,0.0,0.0
360,121,0.0,0.0,0.0,0.0,0.0,0.0
361,121,0.0,0.0,0.0,0.0,0.0,0.0
362,121,0.0,0.0,0.0,0.0,0.0,0.0
363,121,0.0,0.0,0.0,0.0,0.0,0.0
364,121,0.0,0.0,0.0,0.0,0.0,0.0
365,121,0.0,0.0,0.0,0.0,0.0,0.0
366,121,0.0,0.0,0.0,0.0,0.0,0.0
367,121,0.0,0.0,0.0,0.0,0.0,0.0
368,121,0.0,0.0,0.0,0.0,0.0,0.0
369,121,0.0,0.0,0.0,0.0,0.0,0.0
370,121,0.0,0.0,0.0,0.0,0.0,0.0
371,121,0.0,0.0,0.0,0.0,0.0,0.0
372,121,0.0,0.0,0.0,0.0,0.0,0.0
373,121,0.0,0.0,0.0,0.0,0.0,0.0
374,121,0.0,0.0,0.0,0.0,0.0,0.0
375,121,0.0,0.0,0.0,0.0,0.0,0.0
376,121,0.0,0.0,0.0,0.0,0.0,0.0
377,121,0.0,0.0,0.0,0.0,0.0,0.0
378,121,0.0,0.0,0.0,0.0,0.0,0.0
379,121,0.0,0.0,0.0,0.0,0.0,0.0
380,121,0.0,0.0,0.0,0.0,0.0,0.0
381,121,0.0,0.0,0.0,0.0,0.0,0.0
382,121,0.0,0.0,0.0,0.0,0.0,0.0
383,121,0.0,0.0,0.0,0.0,0.0,0.0
384,121,0.0,0.0,0.0,0.0,0.0,0.0
385,121,0.0,0.0,0.0,0.0,0.0,0.0
386,121,0.0,0.0,0.0,0.0,0.0,0.0
387,121,0.0,0.0,0.0,0.0,0.0,0.0
388,121,0.0,0.0,0.0,0.0,0.0,0.0
389,121,0.0,0.0,0.0,0.0,0.0,0.0
390,121,0.0,0.0,0.0,0.0,0.0,0.0
391,121,0.0,0.0,0.0,0.0,0.0,0.0
392,121,0.0,0.0,0.0,0.0,0.0,0.0
393,121,0.0,0.0,0.0,0.0,0.0,0.0
394,121,0.0,0.0,0.0,0.0,0.0,0.0
395,121,0.0,0.0,0.0,0.0,0.0,0.0
396,121,0.0,0.0,0.0,0.0,0.0,0.0
397,121,0.0,0.0,0.0,0.0,0.0,0.0
398,121,0.0,0.0,0.0,0.0,0.0,0.0
399,121,0.0,0.0,0.0,0.0,0.0,0.0
400,121,0.0,0.0,0.0,0.0,0.0,0.0
401,121,0.0,0.0,0.0,0.0,0.0,0.0

