#Residue         Para         Anti         3-10        Alpha           Pi         Turn         Bend
       1       0.0000       0.0000       0.0000       0.0000       0.0000       0.0000       0.0000
       2       0.0000       0.0000       0.0000       0.0000       0.0000       0.0001       0.0000
       3       0.0000       0.0127       0.0000       0.0000       0.0000       0.0001       0.0888
       4       0.0000       0.0000       0.0000       0.0000       0.0000       0.0001       0.6277
       5       0.0000       0.9223       0.0000       0.0000       0.0000       0.0000       0.0004
       6       0.0000       1.0000       0.0000       0.0000       0.0000       0.0000       0.0000
       7       0.0000       1.0000       0.0000       0.0000       0.0000       0.0000       0.0000
       8       0.0000       1.0000       0.0000       0.0000       0.0000       0.0000       0.0000
       9       0.0000       0.9999       0.0000       0.0000       0.0000       0.0000       0.0000
      10       0.0000       1.0000       0.0000       0.0000       0.0000       0.0000       0.0000
      11       0.0000       1.0000       0.0000       0.0000       0.0000       0.0000       0.0000
      12       0.0000       0.9970       0.0000       0.0000       0.0000       0.0000       0.0029
      13       0.0000       0.0000       0.0000       0.0000       0.0000       0.9910       0.0090
      14       0.0000       0.0000       0.0000       0.0000       0.0000       0.9910       0.0090
      15       0.0000       0.9909       0.0000       0.0000       0.0000       0.0000       0.0082
      16       0.0000       0.9765       0.0000       0.0000       0.0000       0.0000       0.0000
      17       0.0000       0.0000       0.0000       0.0000       0.0000       0.0000       0.0002
      18       0.0000       0.9964       0.0000       0.0000       0.0000       0.0000       0.0000
      19       0.0000       0.9994       0.0000       0.0000       0.0000       0.0000       0.0000
      20       0.0000       1.0000       0.0000       0.0000       0.0000       0.0000       0.0000
      21       0.0000       1.0000       0.0000       0.0000       0.0000       0.0000       0.0000
      22       0.0000       0.9998       0.0000       0.0000       0.0000       0.0000       0.0000
      23       0.0000       1.0000       0.0000       0.0000       0.0000       0.0000       0.0000
      24       0.0000       1.0000       0.0000       0.0000       0.0000       0.0000       0.0000
      25       0.0000       0.0000       0.0000       0.0000       0.0000       0.0000       0.0000
      26       0.0000       0.0000       0.0026       0.0000       0.0000       0.9974       0.0000
      27       0.0000       0.0000       0.0026       0.0000       0.0000       0.9974       0.0000
      28       0.0000       0.0000       0.0026       0.0000       0.0000       0.9968       0.0006
      29       0.0000       0.0000       0.0000       0.0000       0.0000       0.0000       0.4644
      30       0.0000       0.0000       0.0000       0.9712       0.0000       0.0249       0.0005
      31       0.0000       0.0000       0.0000       0.9751       0.0000       0.0248       0.0001
      32       0.0000       0.0000       0.0000       0.9999       0.0000       0.0001       0.0000
      33       0.0000       0.0000       0.0000       1.0000       0.0000       0.0000       0.0000
      34       0.0000       0.0000       0.0000       1.0000       0.0000       0.0000       0.0000
      35       0.0000       0.0000       0.0000       1.0000       0.0000       0.0000       0.0000
      36       0.0000       0.0000       0.0000       1.0000       0.0000       0.0000       0.0000
      37       0.0000       0.0000       0.0000       1.0000       0.0000       0.0000       0.0000
      38       0.0000       0.0000       0.0000       1.0000       0.0000       0.0000       0.0000
      39       0.0000       0.0000       0.0000       0.9981       0.0000       0.0019       0.0000
      40       0.0000       0.0000       0.0000       0.9961       0.0000       0.0039       0.0000
      41       0.0000       0.0000       0.0000       0.9309       0.0000       0.0661       0.0030
      42       0.0000       0.0000       0.0000       0.0000       0.0000       0.9371       0.0000
      43       0.0773       0.0000       0.0000       0.0000       0.0000       0.9177       0.0015
      44       0.0000       0.0000       0.0000       0.0000       0.0000       0.9950       0.0050
      45       0.0000       0.0000       0.0000       0.0000       0.0000       0.1784       0.8216
      46       0.0773       0.0000       0.0000       0.0000       0.0000       0.0000       0.0002
      47       0.0000       0.0000       0.0000       0.0000       0.0000       0.0000       0.4620
      48       0.0000       0.0000       0.0000       0.0000       0.0000       0.0000       0.9940
      49       0.0001       0.0000       0.0000       0.0000       0.0000       0.9910       0.0089
      50       0.0000       0.0000       0.0000       0.0000       0.0000       0.9911       0.0089
      51       0.0000       0.2064       0.0000       0.0000       0.0000       0.0000       0.0000
      52       0.0000       0.9990       0.0000       0.0000       0.0000       0.0000       0.0000
      53       0.0000       0.5034       0.0000       0.0000       0.0000       0.0000       0.0000
      54       0.0000       0.0000       0.0000       0.0000       0.0000       0.0001       0.1551
      55       0.0000       0.9960       0.0000       0.0000       0.0000       0.0000       0.0000
      56       0.0000       0.9984       0.0000       0.0000       0.0000       0.0000       0.0000
      57       0.0000       0.9880       0.0000       0.0000       0.0000       0.0000       0.0000
      58       0.0000       0.0000       0.0000       0.0000       0.0000       0.9986       0.0014
      59       0.0000       0.0000       0.0000       0.0000       0.0000       0.9986       0.0014
      60       0.0000       0.0000       0.0000       0.0000       0.0000       0.9888       0.0112
      61       0.0000       1.0000       0.0000       0.0000       0.0000       0.0000       0.0000
      62       0.0000       1.0000       0.0000       0.0000       0.0000       0.0000       0.0000
      63       0.0000       1.0000       0.0000       0.0000       0.0000       0.0000       0.0000
      64       0.0000       0.9912       0.0000       0.0000       0.0000       0.0000       0.0000
      65       0.0000       0.0000       0.0000       0.0000       0.0000       0.0000       0.0000
      66       0.0000       0.0359       0.0000       0.0000       0.0000       0.0000       0.0000
      67       0.0000       0.0000       0.0000       0.0000       0.0000       0.0002       0.1106
      68       0.0000       0.0000       0.0000       0.0000       0.0000       0.0002       0.9998
      69       0.0000       0.0000       0.0000       0.0000       0.0000       0.0002       0.9998
      70       0.0000       0.0000       0.0000       0.0000       0.0000       0.0000       0.9925
      71       0.0000       0.0000       0.0000       0.0000       0.0000       0.0000       1.0000
      72       0.0000       0.0000       0.0000       0.0000       0.0000       0.0000       1.0000
      73       0.0000       0.0000       0.0000       0.0000       0.0000       0.0000       0.9873
      74       0.0000       0.0000       0.0000       0.0000       0.0000       0.0000       0.0007
      75       0.0000       0.0000       0.0000       0.0000       0.0000       0.0000       0.0013
      76       0.0000       0.0000       0.0000       0.0000       0.0000       0.0000       0.0000
      77       0.0000       0.5038       0.0000       0.0000       0.0000       0.0000       0.0000
      78       0.0000       0.0000       0.0000       0.0000       0.0000       0.6490       0.3510
      79       0.0000       0.0000       0.0000       0.0000       0.0000       0.6490       0.3510
      80       0.0000       0.5037       0.0000       0.0000       0.0000       0.0072       0.4717
      81       0.0000       0.0001       0.0000       0.0000       0.0000       0.0096       0.9901
      82       0.0000       0.0000       0.0000       0.0000       0.0000       0.0000       0.1552
      83       0.0000       0.9823       0.0000       0.0000       0.0000       0.0000       0.0000
      84       0.0000       0.0869       0.0000       0.0000       0.0000       0.0000       0.0000
      85       0.0000       0.0000       0.0000       0.0000       0.0000       0.0000       0.0000
      86       0.0000       0.0000       0.0000       0.0000       0.0000       0.0000       0.0003
      87       0.0000       0.0000       0.0000       0.0000       0.0000       0.0000       0.0088
      88       0.0000       0.0000       0.0000       0.0000       0.0000       0.0533       0.0406
      89       0.0000       0.0000       0.0000       0.0000       0.0000       0.0533       0.0004
      90       0.0000       0.0103       0.0000       0.0000       0.0000       0.0000       0.7820
      91       0.0000       0.0000       0.0000       0.0000       0.0000       0.0000       0.0000
      92       0.0000       0.0000       0.0000       0.0000       0.0000       0.0000       0.0001
      93       0.0000       0.0620       0.0000       0.0000       0.0000       0.0000       0.0000
      94       0.0000       0.0113       0.0000       0.0000       0.0000       0.0000       0.9886
      95       0.0000       0.0365       0.0000       0.0000       0.0000       0.9103       0.0532
      96       0.0000       0.0000       0.0000       0.0000       0.0000       0.9428       0.0566
      97       0.0000       0.9987       0.0000       0.0000       0.0000       0.0000       0.0000
      98       0.0000       1.0000       0.0000       0.0000       0.0000       0.0000       0.0000
      99       0.0000       1.0000       0.0000       0.0000       0.0000       0.0000       0.0000
     100       0.0000       0.9968       0.0000       0.0000       0.0000       0.0000       0.0000
     101       0.0000       0.0006       0.0000       0.0000       0.0000       0.0000       0.0000
     102       0.0000       0.2074       0.0000       0.0000       0.0000       0.0000       0.0000
     103       0.0000       0.5214       0.0000       0.0000       0.0000       0.0000       0.2882
     104       0.0000       0.0047       0.0000       0.0000       0.0000       0.5279       0.4674
     105       0.0000       0.0000       0.0000       0.0000       0.0000       0.8931       0.1069
     106       0.0000       0.0000       0.0000       0.0000       0.0000       0.8900       0.1100
     107       0.0000       0.5550       0.0000       0.0000       0.0000       0.0000       0.0000
     108       0.0000       0.9840       0.0000       0.0000       0.0000       0.0000       0.0000
     109       0.0000       0.0000       0.0000       0.0000       0.0000       0.0001       0.3189
     110       0.0000       0.0000       0.0000       0.0000       0.0000       0.0000       1.0000
     111       0.0000       0.0002       0.0000       0.0000       0.0000       0.0000       0.0000
     112       0.0000       1.0000       0.0000       0.0000       0.0000       0.0000       0.0000
     113       0.0000       1.0000       0.0000       0.0000       0.0000       0.0000       0.0000
     114       0.0000       1.0000       0.0000       0.0000       0.0000       0.0000       0.0000
     115       0.0000       0.9979       0.0000       0.0000       0.0000       0.0000       0.0000
     116       0.0000       0.0365       0.0000       0.0000       0.0000       0.0000       0.9242
     117       0.0000       0.0113       0.0000       0.0000       0.0000       0.0000       0.9887
     118       0.0000       0.0620       0.0000       0.0000       0.0000       0.0000       0.0000
     119       0.0000       0.0000       0.0000       0.0000       0.0000       0.0000       0.0000
     120       0.0000       0.0000       0.9379       0.0000       0.0000       0.0615       0.0003
     121       0.0000       0.0000       0.9379       0.0000       0.0000       0.0621       0.0000
     122       0.0000       0.0000       0.9379       0.0000       0.0000       0.0237       0.0378
     123       0.1785       0.0000       0.0000       0.0000       0.0000       0.8204       0.0002
     124       0.0000       0.0000       0.0000       0.0000       0.0000       0.9989       0.0011
     125       0.0000       0.0000       0.0000       0.0000       0.0000       0.9831       0.0169
     126       0.1784       0.0004       0.0000       0.0000       0.0000       0.0000       0.8118
     127       0.0000       0.7741       0.0000       0.0000       0.0000       0.0000       0.0000
     128       0.0000       0.9886       0.0000       0.0000       0.0000       0.0000       0.0000
     129       0.0000       0.0000       0.0000       0.0000       0.0000       0.0000       0.0000
     130       0.0000       1.0000       0.0000       0.0000       0.0000       0.0000       0.0000
     131       0.0000       1.0000       0.0000       0.0000       0.0000       0.0000       0.0000
     132       0.0000       0.9967       0.0000       0.0000       0.0000       0.0000       0.0000
     133       0.0000       0.0000       0.0000       0.0000       0.0000       0.0000       0.5823
     134       0.0000       0.9394       0.0000       0.0000       0.0000       0.0002       0.0604
     135       0.0000       0.0000       0.0000       0.0000       0.0000       0.0002       0.0003
     136       0.0000       0.0000       0.0056       0.9659       0.0000       0.0247       0.0012
     137       0.0000       0.0000       0.0056       0.9919       0.0000       0.0025       0.0000
     138       0.0000       0.0000       0.0056       0.9934       0.0000       0.0010       0.0000
     139       0.0000       0.0000       0.0009       0.9971       0.0000       0.0020       0.0000
     140       0.0000       0.0000       0.0178       0.9525       0.0000       0.0289       0.0008
     141       0.0000       0.0000       0.0404       0.9185       0.0000       0.0401       0.0010
     142       0.0000       0.0000       0.1031       0.8569       0.0000       0.0318       0.0057
     143       0.0000       0.0000       0.4459       0.4925       0.0000       0.0600       0.0014
     144       0.0000       0.0000       0.4450       0.1550       0.0000       0.3999       0.0001
     145       0.0000       0.0000       0.4239       0.1051       0.0000       0.4505       0.0205
     146       0.0000       0.0134       0.0000       0.0000       0.0000       0.0000       0.0452
     147       0.0000       0.0006       0.0000       0.0000       0.0000       0.0000       0.0000
     148       0.0000       0.0000       0.0000       0.0000       0.0000       0.7587       0.2413
     149       0.0000       0.0000       0.0000       0.0000       0.0000       0.7587       0.2413
     150       0.0000       0.0016       0.0000       0.0000       0.0000       0.0005       0.4141
     151       0.0000       0.0698       0.0000       0.0000       0.0000       0.0000       0.0055
     152       0.0000       0.0134       0.0000       0.0000       0.0000       0.0000       0.0000
     153       0.0000       0.0000       0.0000       0.0000       0.0000       0.0000       0.9455
     154       0.0000       0.0000       0.0000       0.0000       0.0000       0.0000       0.9901
     155       0.0000       0.0000       0.0000       0.0000       0.0000       0.0000       0.0000
     156       0.0000       0.8305       0.0000       0.0000       0.0000       0.0000       0.0000
     157       0.0000       1.0000       0.0000       0.0000       0.0000       0.0000       0.0000
     158       0.0000       0.9844       0.0000       0.0000       0.0000       0.0000       0.0000
     159       0.0000       0.0000       0.0000       0.0000       0.0000       0.0000       0.0734
     160       0.0000       0.9758       0.0000       0.0000       0.0000       0.0000       0.0075
     161       0.0000       0.9995       0.0000       0.0000       0.0000       0.0000       0.0000
     162       0.0000       0.9994       0.0000       0.0000       0.0000       0.0000       0.0000
     163       0.0000       0.9953       0.0000       0.0000       0.0000       0.0000       0.0000
     164       0.0000       0.0896       0.0000       0.0000       0.0000       0.0000       0.0000
     165       0.0000       0.0000       0.0000       0.0000       0.0000       0.0000       0.0000
