0.000000000000000000e+00	1.407509497296662859e+00	1.223782363374802600e+02
1.000000000000000000e+00	8.130062663935930800e-01	1.170172645615758711e+02
2.000000000000000000e+00	6.966552512557482313e-01	1.159680616711150236e+02
3.000000000000000000e+00	9.905485801015700975e-01	1.186182639899076747e+02
4.000000000000000000e+00	1.392816933091606035e+00	1.222457451786024052e+02
5.000000000000000000e+00	9.355056317205542316e-01	1.181219106020800780e+02
6.000000000000000000e+00	1.004461254406575410e+00	1.187437224405929470e+02
7.000000000000000000e+00	1.180871761732654290e+00	1.203345157308354203e+02
8.000000000000000000e+00	1.692255108665636110e+00	1.249459485154996798e+02
9.000000000000000000e+00	1.085939766927122685e+00	1.194784602574115411e+02
1.000000000000000000e+01	1.455237495670973491e+00	1.228086266850926904e+02
1.100000000000000000e+01	7.571515965698334405e-01	1.165135914225371039e+02
1.200000000000000000e+01	6.564817733547918532e-01	1.156057947060729845e+02
1.300000000000000000e+01	8.520421092549606001e-01	1.173692728282265705e+02
1.400000000000000000e+01	1.117571447400637519e+00	1.197637010053639841e+02
1.500000000000000000e+01	1.208482854659447270e+00	1.205835005675663609e+02
1.600000000000000000e+01	1.311927207628817760e+00	1.215163167875944481e+02
1.700000000000000000e+01	1.134394539934098889e+00	1.199154043428182206e+02
1.800000000000000000e+01	1.271297824699074264e+00	1.211499386691308899e+02
1.900000000000000000e+01	1.333675498097139922e+00	1.217124334196230677e+02
2.000000000000000000e+01	8.489257340971720911e-01	1.173411707113740619e+02
2.100000000000000000e+01	1.006243291055532563e+00	1.187597920726522602e+02
2.200000000000000000e+01	1.360965691011938095e+00	1.219585245195031860e+02
2.300000000000000000e+01	1.412799115449843379e+00	1.224259358152130091e+02
2.400000000000000000e+01	1.130674669378178399e+00	1.198818601667335599e+02
2.500000000000000000e+01	9.386187961415506376e-01	1.181499837659035279e+02
2.600000000000000000e+01	1.266740099698304700e+00	1.211088390857790245e+02
2.700000000000000000e+01	1.272030450934353185e+00	1.211565451741344930e+02
2.800000000000000000e+01	1.711551855531541433e+00	1.251199581927183289e+02
2.900000000000000000e+01	8.854589543986486344e-01	1.176706114153742817e+02
3.000000000000000000e+01	9.034366542046259330e-01	1.178327264994405539e+02
3.100000000000000000e+01	1.302608638426988152e+00	1.214322859802144166e+02
3.200000000000000000e+01	8.468315795752063835e-01	1.173222865359767439e+02
3.300000000000000000e+01	7.373065314083375732e-01	1.163346372492180620e+02
3.400000000000000000e+01	1.227362940354588039e+00	1.207537529754204826e+02
3.500000000000000000e+01	7.060166456018182046e-01	1.160524786570347828e+02
3.600000000000000000e+01	1.434110694521387508e+00	1.226181143736523893e+02
3.700000000000000000e+01	1.072020525290153792e+00	1.193529425853806742e+02
3.800000000000000000e+01	9.692296168416687507e-01	1.184260188440667321e+02
3.900000000000000000e+01	7.668547532637630670e-01	1.166010902727861094e+02
4.000000000000000000e+01	8.943868939488295311e-01	1.177511196943163441e+02
4.100000000000000000e+01	1.059159716730336376e+00	1.192369694028636360e+02
4.200000000000000000e+01	8.185610438105327402e-01	1.170673551303157751e+02
4.300000000000000000e+01	9.296597292216040032e-01	1.180691947938683199e+02
4.400000000000000000e+01	9.103935556079070235e-01	1.178954608129514980e+02
4.500000000000000000e+01	9.440269070369109450e-01	1.181987517596904524e+02
4.600000000000000000e+01	9.621139387737729365e-01	1.183618527515957766e+02
4.700000000000000000e+01	1.136499238246331922e+00	1.199343835975340085e+02
4.800000000000000000e+01	1.069417135022929566e+00	1.193294663433372875e+02
4.900000000000000000e+01	1.117610702408931456e+00	1.197640549899692672e+02
5.000000000000000000e+01	7.044614003794669177e-01	1.160384541315011262e+02
5.100000000000000000e+01	8.370142860673576157e-01	1.172337584495416252e+02
5.200000000000000000e+01	8.504383922590379452e-01	1.173548112053038182e+02
5.300000000000000000e+01	8.634779805338472780e-01	1.174723965455962116e+02
5.400000000000000000e+01	1.163623960225963705e+00	1.201789825524314779e+02
5.500000000000000000e+01	8.683582305613279928e-01	1.175164045194754010e+02
5.600000000000000000e+01	9.396593730623987728e-01	1.181593672363597847e+02
5.700000000000000000e+01	8.570673165904543200e-01	1.174145879641135934e+02
5.800000000000000000e+01	1.468158322365136437e+00	1.229251410850624637e+02
5.900000000000000000e+01	1.428866115758917976e+00	1.225708210415717474e+02
6.000000000000000000e+01	1.435602776843262429e+00	1.226315693235989954e+02
6.100000000000000000e+01	9.728500130919692790e-01	1.184586660040930468e+02
6.200000000000000000e+01	9.932272039745355663e-01	1.186424186559124649e+02
6.300000000000000000e+01	1.347864136159944604e+00	1.218403803915472992e+02
6.400000000000000000e+01	9.632699984199935006e-01	1.183722775950827213e+02
6.500000000000000000e+01	9.220894189220091297e-01	1.180009290255068635e+02
6.600000000000000000e+01	1.274618803580201520e+00	1.211798858134433914e+02
6.700000000000000000e+01	1.431233618961826215e+00	1.225921701565814033e+02
6.800000000000000000e+01	8.879080971173698433e-01	1.176926967200584642e+02
6.900000000000000000e+01	9.262414222118835472e-01	1.180383699867892204e+02
7.000000000000000000e+01	8.235502057546986165e-01	1.171123452245284824e+02
7.100000000000000000e+01	9.118579529725221455e-01	1.179086661119849140e+02
7.200000000000000000e+01	8.543360480728028339e-01	1.173899585715814453e+02
7.300000000000000000e+01	1.544145301742279930e+00	1.236103586425150809e+02
7.400000000000000000e+01	1.008468785711195359e+00	1.187798606162971851e+02
7.500000000000000000e+01	1.158886930342639454e+00	1.201362660755713989e+02
7.600000000000000000e+01	1.262199403292046274e+00	1.210678930588921247e+02
7.700000000000000000e+01	1.120418058637076664e+00	1.197893705084083109e+02
7.800000000000000000e+01	1.025132689982442002e+00	1.189301284631831095e+02
7.900000000000000000e+01	1.726971027305935991e+00	1.252590015828859293e+02
8.000000000000000000e+01	1.535366612110344420e+00	1.235311962344744359e+02
8.100000000000000000e+01	1.675763355041530289e+00	1.247972330483361105e+02
8.200000000000000000e+01	1.805010754558877828e+00	1.259627299285953086e+02
8.300000000000000000e+01	1.391635305756556029e+00	1.222350897768088487e+02
8.400000000000000000e+01	1.306747286445389733e+00	1.214696065094625936e+02
8.500000000000000000e+01	2.017807295683230695e+00	1.278816366589167330e+02
8.600000000000000000e+01	1.999227654120132147e+00	1.277140935256777539e+02
8.700000000000000000e+01	8.937350049983459055e-01	1.177452412430600504e+02
8.800000000000000000e+01	9.325945306227971798e-01	1.180956595574925245e+02
8.900000000000000000e+01	8.789537507880134104e-01	1.176119503162577047e+02
9.000000000000000000e+01	1.168738993634516055e+00	1.202251077008085645e+02
9.100000000000000000e+01	1.078287198968944649e+00	1.194094527252326827e+02
9.200000000000000000e+01	1.496803902762564809e+00	1.231834544802339906e+02
9.300000000000000000e+01	7.554950095238730512e-01	1.164986530404794820e+02
9.400000000000000000e+01	1.647224900577010098e+00	1.245398856682725466e+02
9.500000000000000000e+01	8.750779974813813755e-01	1.175770004572709695e+02
9.600000000000000000e+01	1.435636335005677333e+00	1.226318719365238792e+02
9.700000000000000000e+01	1.468763220169555739e+00	1.229305957905850448e+02
9.800000000000000000e+01	1.546935966424793030e+00	1.236355236438494671e+02
9.900000000000000000e+01	8.514041506051466257e-01	1.173635199943678629e+02
1.000000000000000000e+02	1.051882619889256354e+00	1.191713477060457791e+02
1.010000000000000000e+02	1.087850091761595639e+00	1.194956867365761042e+02
1.020000000000000000e+02	1.411087556935581633e+00	1.224105017243438454e+02
1.030000000000000000e+02	1.505205378710110065e+00	1.232592153391990593e+02
1.040000000000000000e+02	1.179022847236487648e+00	1.203178430234138858e+02
1.050000000000000000e+02	1.308068442869373627e+00	1.214815201239433264e+02
1.060000000000000000e+02	1.372773698475973303e+00	1.220650039992668212e+02
1.070000000000000000e+02	1.256857696469880992e+00	1.210197238681792697e+02
1.080000000000000000e+02	1.273900649502654359e+00	1.211734098120688827e+02
1.090000000000000000e+02	1.513999064294869967e+00	1.233385129742253099e+02
1.100000000000000000e+02	9.656709772785738721e-01	1.183939285790072944e+02
1.110000000000000000e+02	1.254862540925076653e+00	1.210017324225348290e+02
1.120000000000000000e+02	1.001337235702276063e+00	1.187155513975597358e+02
1.130000000000000000e+02	9.678063048754013131e-01	1.184131840353006311e+02
1.140000000000000000e+02	1.330110001327964975e+00	1.216802813192592225e+02
1.150000000000000000e+02	1.120180801952450844e+00	1.197872310307338211e+02
1.160000000000000000e+02	1.170386313636826436e+00	1.202399625166938364e+02
1.170000000000000000e+02	8.938173591088658387e-01	1.177459838766391158e+02
1.180000000000000000e+02	8.801520990929445620e-01	1.176227565004910218e+02
1.190000000000000000e+02	1.645361330860187099e+00	1.245230808064400208e+02
1.200000000000000000e+02	1.015782604916172005e+00	1.188458134594337849e+02
1.210000000000000000e+02	8.330080146109840600e-01	1.171976316346013505e+02
1.220000000000000000e+02	1.204504743276294976e+00	1.205476276879285251e+02
1.230000000000000000e+02	1.062879487682093282e+00	1.192705126807612288e+02
1.240000000000000000e+02	1.013847819300187858e+00	1.188283664035717635e+02
1.250000000000000000e+02	1.355254692315642107e+00	1.219070252151569917e+02
1.260000000000000000e+02	8.031347036659383098e-01	1.169282470989009539e+02
1.270000000000000000e+02	7.990824523690529535e-01	1.168917056577409568e+02
1.280000000000000000e+02	7.497334196439333631e-01	1.164466975268252185e+02
1.290000000000000000e+02	1.979990363959834410e+00	1.275406200031914636e+02
1.300000000000000000e+02	1.132626726094926761e+00	1.198994629658765660e+02
1.310000000000000000e+02	2.505397053677377528e+00	1.322785091987950921e+02
1.320000000000000000e+02	1.577238755736246389e+00	1.239087810288145590e+02
1.330000000000000000e+02	1.134577904230200884e+00	1.199170578423536426e+02
1.340000000000000000e+02	1.311303345416137134e+00	1.215106910692797584e+02
1.350000000000000000e+02	1.243410316209629274e+00	1.208984612369811913e+02
1.360000000000000000e+02	1.641715481011117639e+00	1.244902041169216886e+02
1.370000000000000000e+02	1.342517111354112336e+00	1.217921632455688155e+02
1.380000000000000000e+02	1.442823664080687296e+00	1.226966841466387592e+02
1.390000000000000000e+02	1.307116536162846288e+00	1.214729362429453516e+02
1.400000000000000000e+02	1.957631420819074597e+00	1.273389967707414314e+02
1.410000000000000000e+02	1.568929559068097168e+00	1.238338523042881718e+02
1.420000000000000000e+02	1.210864943994158560e+00	1.206049812139737298e+02
1.430000000000000000e+02	1.644093133669499274e+00	1.245116447553100159e+02
1.440000000000000000e+02	1.376893226223157463e+00	1.221021521102184835e+02
1.450000000000000000e+02	1.577175004100252131e+00	1.239082061442664724e+02
1.460000000000000000e+02	1.406692329510591311e+00	1.223708674735118365e+02
1.470000000000000000e+02	8.960234658109338390e-01	1.177658775881441784e+02
1.480000000000000000e+02	1.714575994347044663e+00	1.251472285623203646e+02
1.490000000000000000e+02	1.217754199307278462e+00	1.206671055244413679e+02
1.500000000000000000e+02	1.047678836556344084e+00	1.191334398148379847e+02
1.510000000000000000e+02	1.929475834047302607e+00	1.270851019251436753e+02
1.520000000000000000e+02	1.437170381667620900e+00	1.226457053026522743e+02
1.530000000000000000e+02	1.449474633096984988e+00	1.227566596948365714e+02
1.540000000000000000e+02	9.103903648434382712e-01	1.178954320400241613e+02
1.550000000000000000e+02	1.065197751214888910e+00	1.192914177738244632e+02
1.560000000000000000e+02	1.571472393189847105e+00	1.238567824773282666e+02
1.570000000000000000e+02	1.580523507498977853e+00	1.239384014927170199e+02
1.580000000000000000e+02	1.923834783602461629e+00	1.270342333837308644e+02
1.590000000000000000e+02	1.237785344015253974e+00	1.208477376822437463e+02
1.600000000000000000e+02	1.797497804609931915e+00	1.258949814109482190e+02
1.610000000000000000e+02	1.258683362294400698e+00	1.210361869291833443e+02
1.620000000000000000e+02	1.356269771296771065e+00	1.219161787562737942e+02
1.630000000000000000e+02	1.658934776550192502e+00	1.246454802408978537e+02
1.640000000000000000e+02	7.448352727356613023e-01	1.164025281666527007e+02
1.650000000000000000e+02	1.531230146710833129e+00	1.234938953871348843e+02
1.660000000000000000e+02	1.314443521451625241e+00	1.215390078121039323e+02
1.670000000000000000e+02	1.372205261531154408e+00	1.220598780819308899e+02
1.680000000000000000e+02	1.385476423171292160e+00	1.221795516501942132e+02
1.690000000000000000e+02	1.467972836562100980e+00	1.229234684546994743e+02
1.700000000000000000e+02	1.821658605233935635e+00	1.261128530111273847e+02
1.710000000000000000e+02	1.394622748248275146e+00	1.222620292349105569e+02
1.720000000000000000e+02	8.841113205099386807e-01	1.176584590386232634e+02
1.730000000000000000e+02	1.339615414517524972e+00	1.217659970045215800e+02
1.740000000000000000e+02	1.595011510896066964e+00	1.240690480111270517e+02
1.750000000000000000e+02	1.494408508041011441e+00	1.231618538516303545e+02
1.760000000000000000e+02	1.109942279663921116e+00	1.196949044862129483e+02
1.770000000000000000e+02	1.508047186662685890e+00	1.232848415283169174e+02
1.780000000000000000e+02	1.208842979683100394e+00	1.205867480185258245e+02
1.790000000000000000e+02	7.083090988252862541e-01	1.160731510039451990e+02
1.800000000000000000e+02	8.464896922112736810e-01	1.173192035443068875e+02
1.810000000000000000e+02	9.234092589714135713e-01	1.180128307694937178e+02
1.820000000000000000e+02	8.926144275066796308e-01	1.177351363622229741e+02
1.830000000000000000e+02	2.437011412699596757e+00	1.316618372076233641e+02
1.840000000000000000e+02	1.329112885832455682e+00	1.216712897650491243e+02
1.850000000000000000e+02	1.499752561994876388e+00	1.232100442077568658e+02
1.860000000000000000e+02	1.196249168297865983e+00	1.204731825004970176e+02
1.870000000000000000e+02	1.481576494221051199e+00	1.230461403275636769e+02
1.880000000000000000e+02	1.261575978423313371e+00	1.210622712843550914e+02
1.890000000000000000e+02	1.218471199494556068e+00	1.206735711205348878e+02
1.900000000000000000e+02	1.113916141325364650e+00	1.197307390437072598e+02
1.910000000000000000e+02	1.120908784628633637e+00	1.197937956621395017e+02
1.920000000000000000e+02	9.947103344182817164e-01	1.186557928817124292e+02
1.930000000000000000e+02	8.988161473933458101e-01	1.177910607770053417e+02
1.940000000000000000e+02	1.470023721276716433e+00	1.229419624417783723e+02
1.950000000000000000e+02	1.105822452374041642e+00	1.196577536741154404e+02
1.960000000000000000e+02	2.312156217517478130e+00	1.305359473172865137e+02
1.970000000000000000e+02	1.244844008568905869e+00	1.209113896516203113e+02
1.980000000000000000e+02	1.430570794273322122e+00	1.225861930915921221e+02
1.990000000000000000e+02	1.740331637071437454e+00	1.253794817554712324e+02
2.000000000000000000e+02	1.078521601018350040e+00	1.194115664610473146e+02
2.010000000000000000e+02	8.808384863126159647e-01	1.176289460421465094e+02
2.020000000000000000e+02	1.649725965281789275e+00	1.245624391828626472e+02
2.030000000000000000e+02	1.560595848496040716e+00	1.237587025240296441e+02
2.040000000000000000e+02	1.085455519322344520e+00	1.194740935229569203e+02
2.050000000000000000e+02	1.205574105526927120e+00	1.205572707319791874e+02
2.060000000000000000e+02	1.162552201970127763e+00	1.201693179022471583e+02
2.070000000000000000e+02	9.712375419871370763e-01	1.184441254404205210e+02
2.080000000000000000e+02	1.336732868290915865e+00	1.217400034553526069e+02
2.090000000000000000e+02	1.259816726891736183e+00	1.210464071185823087e+02
2.100000000000000000e+02	1.307437888753285593e+00	1.214758340609518967e+02
2.110000000000000000e+02	1.335708895183870926e+00	1.217307697108735169e+02
2.120000000000000000e+02	8.773757663622592240e-01	1.175977207384698175e+02
2.130000000000000000e+02	1.113869628883616070e+00	1.197303196147210400e+02
2.140000000000000000e+02	1.579420580867214152e+00	1.239284557796637927e+02
2.150000000000000000e+02	9.456526997119172329e-01	1.182134124514934967e+02
2.160000000000000000e+02	1.146644502101920038e+00	1.200258691780350517e+02
2.170000000000000000e+02	1.324216301099847337e+00	1.216271344918978627e+02
2.180000000000000000e+02	1.294210800720007493e+00	1.213565579293216388e+02
2.190000000000000000e+02	1.156045086958244594e+00	1.201106395669447977e+02
2.200000000000000000e+02	1.302502331934710655e+00	1.214313273544659353e+02
2.210000000000000000e+02	1.278517457919422506e+00	1.212150421839896381e+02
2.220000000000000000e+02	1.948293739694788362e+00	1.272547936203503838e+02
2.230000000000000000e+02	1.654115328826309295e+00	1.246020205557689167e+02
2.240000000000000000e+02	1.223476540988483130e+00	1.207187071148960058e+02
2.250000000000000000e+02	1.193417435790670167e+00	1.204476471673669948e+02
2.260000000000000000e+02	1.310157007064715273e+00	1.215003538882046001e+02
2.270000000000000000e+02	1.085709890375411213e+00	1.194763873305684143e+02
2.280000000000000000e+02	1.092535723250208646e+00	1.195379397250494975e+02
2.290000000000000000e+02	1.531435568249154722e+00	1.234957477892949811e+02
2.300000000000000000e+02	1.148027826760149583e+00	1.200383433986350212e+02
2.310000000000000000e+02	1.561686810274145687e+00	1.237685403432322886e+02
2.320000000000000000e+02	1.267055477434958943e+00	1.211116830251506968e+02
2.330000000000000000e+02	1.607643141899826045e+00	1.241829545700399819e+02
2.340000000000000000e+02	1.242044836124024831e+00	1.208861479309822187e+02
2.350000000000000000e+02	9.627367819248309200e-01	1.183674692804556088e+02
2.360000000000000000e+02	1.192306730408614568e+00	1.204376313089241393e+02
2.370000000000000000e+02	1.765581866941820177e+00	1.256071773551479396e+02
2.380000000000000000e+02	1.131439686715266957e+00	1.198887587606166960e+02
2.390000000000000000e+02	6.814333098167808522e-01	1.158307968183995627e+02
2.400000000000000000e+02	1.327336100025667598e+00	1.216552674828025715e+02
2.410000000000000000e+02	1.207657895815396287e+00	1.205760614472229406e+02
2.420000000000000000e+02	1.201929982665920660e+00	1.205244096156886826e+02
2.430000000000000000e+02	1.331062718919265420e+00	1.216888725124636892e+02
2.440000000000000000e+02	1.787006610636828752e+00	1.258003763829824209e+02
2.450000000000000000e+02	1.407506594740197237e+00	1.223782101634874380e+02
2.460000000000000000e+02	1.284978720313314504e+00	1.212733070403096747e+02
2.470000000000000000e+02	1.230646034844093961e+00	1.207833584947532017e+02
2.480000000000000000e+02	1.569517963247416992e+00	1.238391582774674333e+02
2.490000000000000000e+02	1.155980360193265888e+00	1.201100558891073007e+02
2.500000000000000000e+02	1.005047625218190355e+00	1.187490100777459077e+02
2.510000000000000000e+02	1.460790438070401542e+00	1.228587007064421357e+02
2.520000000000000000e+02	1.309472274031600048e+00	1.214941792632845932e+02
2.530000000000000000e+02	1.274030552625496693e+00	1.211745812219771210e+02
2.540000000000000000e+02	1.464826588435291344e+00	1.228950969563945819e+02
2.550000000000000000e+02	1.532339352932307497e+00	1.235038977267991243e+02
2.560000000000000000e+02	1.263961152218425088e+00	1.210837797450859057e+02
2.570000000000000000e+02	1.000249955829185078e+00	1.187057467801764261e+02
2.580000000000000000e+02	1.259684524110049164e+00	1.210452149713500063e+02
2.590000000000000000e+02	6.846949628409214617e-01	1.158602089879156978e+02
2.600000000000000000e+02	9.194783031841851084e-01	1.179773831185269586e+02
2.610000000000000000e+02	1.333581065199730187e+00	1.217115818647930610e+02
2.620000000000000000e+02	7.508045022259831613e-01	1.164563560840769725e+02
2.630000000000000000e+02	2.466820799174098688e+00	1.319306453002288322e+02
2.640000000000000000e+02	1.257541385675247314e+00	1.210258890803142577e+02
2.650000000000000000e+02	1.107279253594854573e+00	1.196708904744252067e+02
2.660000000000000000e+02	1.369675579799134457e+00	1.220370665114255786e+02
2.670000000000000000e+02	1.149257294065953339e+00	1.200494302004944558e+02
2.680000000000000000e+02	1.370401048206797645e+00	1.220436084702504047e+02
2.690000000000000000e+02	8.737001590199793277e-01	1.175645757088097838e+02
2.700000000000000000e+02	1.441514799192856966e+00	1.226848813718893751e+02
2.710000000000000000e+02	8.607274329398890700e-01	1.174475933027322583e+02
2.720000000000000000e+02	1.300481735765502078e+00	1.214131064963266624e+02
2.730000000000000000e+02	1.604521798699881430e+00	1.241548076535423348e+02
2.740000000000000000e+02	9.477476601055894179e-01	1.182323038938916397e+02
2.750000000000000000e+02	1.015241523955925818e+00	1.188409342264783106e+02
2.760000000000000000e+02	8.129763894013086745e-01	1.170169951438434452e+02
2.770000000000000000e+02	1.348240086528870174e+00	1.218437705485930138e+02
2.780000000000000000e+02	1.288810960609725997e+00	1.213078645178802191e+02
2.790000000000000000e+02	1.845897472915924764e+00	1.263314285861089417e+02
2.800000000000000000e+02	1.071180303263460587e+00	1.193453658282892889e+02
2.810000000000000000e+02	9.516215883086736049e-01	1.182672372948877353e+02
2.820000000000000000e+02	1.274342165185785136e+00	1.211773912086245986e+02
2.830000000000000000e+02	1.574499637632552407e+00	1.238840808521267718e+02
2.840000000000000000e+02	1.492267298149422938e+00	1.231425453513592032e+02
2.850000000000000000e+02	8.935039242307003526e-01	1.177431574571209580e+02
2.860000000000000000e+02	1.309525118544004885e+00	1.214946557921321784e+02
2.870000000000000000e+02	1.680883352946787479e+00	1.248434029643869962e+02
2.880000000000000000e+02	1.112348955433434039e+00	1.197166068424045449e+02
2.890000000000000000e+02	9.634523382335591357e-01	1.183739218562798641e+02
2.900000000000000000e+02	1.143596634645457577e+00	1.199983848338608823e+02
2.910000000000000000e+02	1.139157213667304713e+00	1.199583520647721713e+02
2.920000000000000000e+02	1.721411395339752293e+00	1.252088672379306331e+02
2.930000000000000000e+02	8.985208220611843322e-01	1.177883976615029695e+02
2.940000000000000000e+02	1.194875647379415540e+00	1.204607966857618493e+02
2.950000000000000000e+02	9.736120594228521163e-01	1.184655378067333515e+02
2.960000000000000000e+02	1.141287456230513531e+00	1.199775616664421989e+02
2.970000000000000000e+02	1.099618431146952124e+00	1.196018085068452592e+02
2.980000000000000000e+02	1.222886411180292843e+00	1.207133855807455092e+02
2.990000000000000000e+02	1.005938168863985238e+00	1.187570406133294796e+02
3.000000000000000000e+02	1.107245901375488062e+00	1.196705897186052283e+02
3.010000000000000000e+02	1.406988064076564626e+00	1.223735342793068810e+02
3.020000000000000000e+02	1.188822723957211336e+00	1.204062140528317286e+02
3.030000000000000000e+02	1.521552553509328387e+00	1.234066270573511446e+02
3.040000000000000000e+02	1.272154336504933703e+00	1.211576623203715570e+02
3.050000000000000000e+02	2.014040687459738077e+00	1.278476710228572557e+02
3.060000000000000000e+02	1.013295556155866528e+00	1.188233863345398760e+02
3.070000000000000000e+02	1.050180162172206888e+00	1.191559956822108433e+02
3.080000000000000000e+02	1.565739023868311319e+00	1.238050814444055447e+02
3.090000000000000000e+02	1.372722526222227346e+00	1.220645425501210752e+02
3.100000000000000000e+02	9.348902092145243703e-01	1.181163609893722253e+02
3.110000000000000000e+02	1.447057828010625213e+00	1.227348659968676827e+02
3.120000000000000000e+02	1.166114071826874099e+00	1.202014372966909121e+02
3.130000000000000000e+02	1.264379364708816400e+00	1.210875510035766496e+02
3.140000000000000000e+02	1.472263704533632422e+00	1.229621616373329260e+02
3.150000000000000000e+02	2.023163974132523357e+00	1.279299408572566250e+02
3.160000000000000000e+02	1.798583433760809758e+00	1.259047711428359975e+02
3.170000000000000000e+02	1.346290625276984398e+00	1.218261911542242046e+02
3.180000000000000000e+02	1.501258477546859593e+00	1.232236238997609092e+02
3.190000000000000000e+02	1.138939262441211353e+00	1.199563866753329364e+02
3.200000000000000000e+02	1.241868514081484687e+00	1.208845579354289725e+02
3.210000000000000000e+02	1.303364306777263781e+00	1.214391002689973647e+02
3.220000000000000000e+02	1.388158628109953163e+00	1.222037386086931718e+02
3.230000000000000000e+02	1.092410752776611371e+00	1.195368127956285207e+02
3.240000000000000000e+02	1.218523713491689309e+00	1.206740446689394020e+02
3.250000000000000000e+02	1.199116998185745686e+00	1.204990433441187747e+02
3.260000000000000000e+02	1.300265312519759187e+00	1.214111548855501894e+02
3.270000000000000000e+02	1.173169357034620885e+00	1.202650587925947008e+02
3.280000000000000000e+02	1.169982154655416995e+00	1.202363179866396905e+02
3.290000000000000000e+02	1.367891970644448563e+00	1.220209826991929845e+02
3.300000000000000000e+02	1.397115442607059110e+00	1.222845072693580732e+02
3.310000000000000000e+02	1.063325284698252160e+00	1.192745326845176095e+02
3.320000000000000000e+02	1.678883475221955912e+00	1.248253689361752379e+02
3.330000000000000000e+02	2.099540738993706412e+00	1.286186733308105659e+02
3.340000000000000000e+02	1.360100698754122872e+00	1.219507243952322426e+02
3.350000000000000000e+02	1.484934102912870868e+00	1.230764177835903297e+02
3.360000000000000000e+02	1.022424419855897382e+00	1.189057064601472717e+02
3.370000000000000000e+02	1.397219601065622152e+00	1.222854465250720040e+02
3.380000000000000000e+02	1.644490304622874932e+00	1.245152262703642236e+02
3.390000000000000000e+02	1.581200533166331912e+00	1.239445066159620694e+02
3.400000000000000000e+02	1.263261415932811937e+00	1.210774698273550172e+02
3.410000000000000000e+02	1.270700700701842489e+00	1.211445540644231755e+02
3.420000000000000000e+02	1.304614344932695680e+00	1.214503725698390184e+02
3.430000000000000000e+02	8.975835088897754499e-01	1.177799453786626032e+02
3.440000000000000000e+02	7.744617532678865768e-01	1.166696868929583246e+02
3.450000000000000000e+02	2.023735983452804366e+00	1.279350989887219896e+02
3.460000000000000000e+02	1.209549120799207067e+00	1.205931156922346759e+02
3.470000000000000000e+02	8.961042220829826821e-01	1.177666058131103028e+02
3.480000000000000000e+02	1.176444923591412284e+00	1.202945964283017020e+02
3.490000000000000000e+02	1.805765214150314879e+00	1.259695333173163476e+02
3.500000000000000000e+02	2.247918862448983646e+00	1.299566827656745147e+02
3.510000000000000000e+02	1.266469626470306808e+00	1.211064000757517221e+02
3.520000000000000000e+02	7.340272126129014918e-01	1.163050657774536063e+02
3.530000000000000000e+02	1.741234818699577858e+00	1.253876262548873655e+02
3.540000000000000000e+02	1.267476277975769339e+00	1.211154776215553994e+02
3.550000000000000000e+02	1.068798810874976191e+00	1.193238905648835697e+02
3.560000000000000000e+02	1.211892320498841435e+00	1.206142456488136645e+02
3.570000000000000000e+02	1.008768732935250823e+00	1.187825654100120687e+02
3.580000000000000000e+02	1.239122016906893053e+00	1.208597912174866309e+02
3.590000000000000000e+02	1.226211200849629313e+00	1.207433670890899720e+02
3.600000000000000000e+02	1.259670050353396409e+00	1.210450844533025361e+02
3.610000000000000000e+02	1.311768668852719921e+00	1.215148871538096813e+02
3.620000000000000000e+02	2.011168192194462634e+00	1.278217681088896285e+02
3.630000000000000000e+02	1.682147799545701039e+00	1.248548051943103161e+02
3.640000000000000000e+02	1.197174460723988032e+00	1.204815263854803931e+02
3.650000000000000000e+02	1.800466690736326036e+00	1.259217535358116891e+02
3.660000000000000000e+02	8.569737277392316388e-01	1.174137440205253000e+02
3.670000000000000000e+02	1.395818600588709435e+00	1.222728129116207469e+02
3.680000000000000000e+02	1.241898158626301152e+00	1.208848252570511477e+02
3.690000000000000000e+02	6.997335903786303657e-01	1.159958207955345273e+02
3.700000000000000000e+02	1.254058361834022639e+00	1.209944806849734249e+02
3.710000000000000000e+02	1.071687543997359882e+00	1.193499399047899203e+02
3.720000000000000000e+02	1.234203346339818319e+00	1.208154367838782406e+02
3.730000000000000000e+02	8.458099515825783232e-01	1.173130739387203221e+02
3.740000000000000000e+02	1.283073372017804026e+00	1.212561254374107591e+02
3.750000000000000000e+02	1.298311869816287656e+00	1.213935395881812411e+02
3.760000000000000000e+02	7.545287911323110830e-01	1.164899401029254591e+02
3.770000000000000000e+02	1.477593005340059218e+00	1.230102189559872841e+02
3.780000000000000000e+02	8.942641158636055465e-01	1.177500125349009323e+02
3.790000000000000000e+02	1.186017148067595839e+00	1.203809145887118461e+02
3.800000000000000000e+02	1.198556145528718364e+00	1.204939858185941546e+02
3.810000000000000000e+02	1.541897650366540029e+00	1.235900902991973993e+02
3.820000000000000000e+02	1.429247474958582620e+00	1.225742599731024995e+02
3.830000000000000000e+02	8.032867590363814703e-01	1.169296182681511027e+02
3.840000000000000000e+02	1.940782007326911529e+00	1.271870560823202538e+02
3.850000000000000000e+02	9.772292432010307728e-01	1.184981559980821544e+02
3.860000000000000000e+02	1.272951010085995538e+00	1.211648463765056079e+02
3.870000000000000000e+02	9.426350157543712527e-01	1.181862002889953516e+02
3.880000000000000000e+02	1.724130098174640136e+00	1.252333833185964522e+02
3.890000000000000000e+02	1.400602221007903214e+00	1.223159495216858943e+02
3.900000000000000000e+02	1.424789604065028525e+00	1.225340608306946990e+02
3.910000000000000000e+02	8.548940600979419990e-01	1.173949904815221856e+02
3.920000000000000000e+02	1.400870204979891342e+00	1.223183660846842855e+02
3.930000000000000000e+02	9.177459160495589074e-01	1.179617612042111006e+02
3.940000000000000000e+02	1.199142844055644863e+00	1.204992764109413770e+02
3.950000000000000000e+02	1.108785491621891994e+00	1.196844730743691514e+02
3.960000000000000000e+02	1.509368419988096344e+00	1.232967558362612976e+02
3.970000000000000000e+02	1.014391600763823620e+00	1.188332699884932140e+02
3.980000000000000000e+02	1.288174781551291170e+00	1.213021277316031927e+02
3.990000000000000000e+02	1.057491173910898086e+00	1.192219232088365573e+02
4.000000000000000000e+02	1.640282359109131782e+00	1.244772808464185090e+02
4.010000000000000000e+02	2.084026150490353224e+00	1.284787695140476274e+02
4.020000000000000000e+02	1.918887794584610562e+00	1.269896235866400787e+02
4.030000000000000000e+02	9.394932018159977138e-01	1.181578687762747677e+02
4.040000000000000000e+02	1.516399102681185163e+00	1.233601554773797062e+02
4.050000000000000000e+02	1.126077715201463603e+00	1.198404068317213103e+02
4.060000000000000000e+02	1.452331077652267988e+00	1.227824178704768485e+02
4.070000000000000000e+02	1.458193450215966580e+00	1.228352821985749159e+02
4.080000000000000000e+02	1.330451432394966327e+00	1.216833601962416509e+02
4.090000000000000000e+02	1.793720671497414987e+00	1.258609208660134584e+02
4.100000000000000000e+02	1.731300610304856713e+00	1.252980438808115196e+02
4.110000000000000000e+02	1.451765309154269934e+00	1.227773160160346890e+02
4.120000000000000000e+02	1.233695392681194658e+00	1.208108562785322704e+02
4.130000000000000000e+02	1.395389302539367771e+00	1.222689416883769695e+02
4.140000000000000000e+02	1.212995441710971400e+00	1.206241931165080672e+02
4.150000000000000000e+02	1.297065730346594004e+00	1.213823024439932823e+02
4.160000000000000000e+02	1.308450145952176458e+00	1.214849621564627711e+02
4.170000000000000000e+02	8.753151020374132507e-01	1.175791385631159045e+02
4.180000000000000000e+02	9.109018380552962313e-01	1.179000442831716668e+02
4.190000000000000000e+02	1.730515660882308016e+00	1.252909655480438431e+02
4.200000000000000000e+02	1.793742464297376937e+00	1.258611173840127577e+02
4.210000000000000000e+02	1.255583549552900857e+00	1.210082341650032021e+02
4.220000000000000000e+02	1.922668417356165671e+00	1.270237155998034950e+02
4.230000000000000000e+02	8.825192544462536759e-01	1.176441024787441449e+02
4.240000000000000000e+02	1.032369821227341111e+00	1.189953897676229246e+02
4.250000000000000000e+02	8.486990487562859897e-01	1.173391265614833117e+02
4.260000000000000000e+02	8.575335812523969814e-01	1.174187925362047906e+02
4.270000000000000000e+02	1.414981996469681036e+00	1.224456200876091998e+02
4.280000000000000000e+02	1.152635200051110198e+00	1.200798906886915915e+02
4.290000000000000000e+02	1.219836298411016484e+00	1.206858809893161606e+02
4.300000000000000000e+02	9.090011754093743068e-01	1.178829049334244417e+02
4.310000000000000000e+02	8.458410992051639266e-01	1.173133548144446081e+02
4.320000000000000000e+02	1.249504507655794461e+00	1.209534160070170401e+02
4.330000000000000000e+02	1.350573761204876488e+00	1.218648146126483311e+02
4.340000000000000000e+02	1.641022214088335485e+00	1.244839525370933302e+02
4.350000000000000000e+02	1.172160249331428927e+00	1.202559590978673185e+02
4.360000000000000000e+02	2.010502836898673706e+00	1.278157682239836106e+02
4.370000000000000000e+02	1.634242694265968243e+00	1.244228177735922429e+02
4.380000000000000000e+02	9.872955617907772652e-01	1.185889296844840146e+02
4.390000000000000000e+02	1.616025295997068678e+00	1.242585411929559598e+02
4.400000000000000000e+02	1.541415173670367178e+00	1.235857395340269846e+02
4.410000000000000000e+02	8.210981890054251942e-01	1.170902340030857829e+02
4.420000000000000000e+02	9.888342152264775198e-01	1.186028045924961418e+02
4.430000000000000000e+02	2.042671760638586687e+00	1.281058535982361946e+02
4.440000000000000000e+02	1.294498360682372118e+00	1.213591510200938615e+02
4.450000000000000000e+02	1.845122547831954840e+00	1.263244406484701585e+02
4.460000000000000000e+02	1.203566368515149643e+00	1.205391658321332642e+02
4.470000000000000000e+02	9.238433378867750845e-01	1.180167451045095817e+02
4.480000000000000000e+02	1.134551515732836302e+00	1.199168198823523710e+02
4.490000000000000000e+02	1.098810722013138896e+00	1.195945249368923413e+02
4.500000000000000000e+02	1.692441100147669797e+00	1.249476257058561117e+02
4.510000000000000000e+02	1.142556017269137802e+00	1.199890009985947756e+02
4.520000000000000000e+02	1.697231082064261098e+00	1.249908196811402092e+02
4.530000000000000000e+02	1.640595340461009854e+00	1.244801031762336976e+02
4.540000000000000000e+02	1.252184882875657879e+00	1.209775864659070521e+02
4.550000000000000000e+02	6.623297784394441834e-01	1.156585294744888586e+02
4.560000000000000000e+02	1.413710233761188206e+00	1.224341518841891343e+02
4.570000000000000000e+02	1.133825083773468689e+00	1.199102692346370276e+02
4.580000000000000000e+02	1.676063854724154867e+00	1.247999428238822759e+02
4.590000000000000000e+02	9.707814886702095247e-01	1.184400129498010159e+02
4.600000000000000000e+02	1.956403548651656443e+00	1.273279243531467415e+02
4.610000000000000000e+02	1.564992459952910586e+00	1.237983492554596694e+02
4.620000000000000000e+02	1.415021709698526919e+00	1.224459782042482772e+02
4.630000000000000000e+02	8.841340396430619197e-01	1.176586639098924536e+02
4.640000000000000000e+02	1.662699204333112135e+00	1.246794262146918157e+02
4.650000000000000000e+02	8.963038986925828677e-01	1.177684064099998267e+02
4.660000000000000000e+02	1.393117900585594038e+00	1.222484591726681487e+02
4.670000000000000000e+02	9.646643036738473675e-01	1.183848508339220587e+02
4.680000000000000000e+02	1.107593680973854688e+00	1.196737258438845544e+02
4.690000000000000000e+02	1.327902972936895853e+00	1.216603792963632884e+02
4.700000000000000000e+02	1.385057963926752622e+00	1.221757781665817930e+02
4.710000000000000000e+02	1.589660906734695400e+00	1.240207985880758486e+02
4.720000000000000000e+02	9.098193822031579447e-01	1.178902831667128766e+02
4.730000000000000000e+02	1.256263834011426050e+00	1.210143686746108358e+02
4.740000000000000000e+02	1.919076449175330046e+00	1.269913247917532999e+02
4.750000000000000000e+02	1.329201562173860207e+00	1.216720894097587689e+02
4.760000000000000000e+02	1.754344047032200926e+00	1.255058395789568095e+02
4.770000000000000000e+02	1.305546611740828311e+00	1.214587793467684236e+02
4.780000000000000000e+02	1.741691398319667794e+00	1.253917434914800708e+02
4.790000000000000000e+02	1.245345387009126448e+00	1.209159108645041982e+02
4.800000000000000000e+02	8.312557487920513299e-01	1.171818304629493355e+02
4.810000000000000000e+02	1.054307603565882268e+00	1.191932151549874419e+02
4.820000000000000000e+02	1.127061564655687187e+00	1.198492787585362720e+02
4.830000000000000000e+02	1.681100129173953350e+00	1.248453577581965419e+02
4.840000000000000000e+02	8.692230425080400558e-01	1.175242030177791861e+02
4.850000000000000000e+02	1.520253587704104348e+00	1.233949135482267394e+02
4.860000000000000000e+02	9.952279426500143522e-01	1.186604604478029898e+02
4.870000000000000000e+02	1.373642939857593559e+00	1.220728424402896479e+02
4.880000000000000000e+02	1.139255618806187975e+00	1.199592394395495205e+02
4.890000000000000000e+02	1.315966664096168692e+00	1.215527428505421028e+02
4.900000000000000000e+02	1.856127819306602200e+00	1.264236814039360723e+02
4.910000000000000000e+02	1.261926819549668677e+00	1.210654350171633382e+02
4.920000000000000000e+02	1.238537203591379754e+00	1.208545176251566460e+02
4.930000000000000000e+02	1.168711547562267361e+00	1.202248602040565970e+02
4.940000000000000000e+02	1.049643887799720066e+00	1.191511597929749229e+02
4.950000000000000000e+02	1.223721030080040739e+00	1.207209118112731261e+02
4.960000000000000000e+02	1.010923058964225962e+00	1.188019921859101373e+02
4.970000000000000000e+02	7.012119877079669994e-01	1.160091523401656701e+02
4.980000000000000000e+02	9.484825770811660117e-01	1.182389310557957316e+02
4.990000000000000000e+02	1.560398736095048866e+00	1.237569250500589959e+02
5.000000000000000000e+02	1.542072219231267693e+00	1.235916644853550395e+02
5.010000000000000000e+02	1.085439982773869216e+00	1.194739534211146861e+02
5.020000000000000000e+02	1.130745612691690161e+00	1.198824999027041258e+02
5.030000000000000000e+02	1.429989229394561079e+00	1.225809487922530536e+02
5.040000000000000000e+02	1.096574521954523762e+00	1.195743598565759527e+02
5.050000000000000000e+02	1.480680535395852981e+00	1.230380609602455735e+02
5.060000000000000000e+02	8.968991496179725686e-01	1.177737741241596723e+02
5.070000000000000000e+02	1.547020243780172111e+00	1.236362836204148437e+02
5.080000000000000000e+02	1.598951363401725168e+00	1.241045758888342476e+02
5.090000000000000000e+02	1.138556617241130109e+00	1.199529361472093001e+02
5.100000000000000000e+02	1.365465102876299630e+00	1.219990982603327723e+02
5.110000000000000000e+02	1.232710044135209015e+00	1.208019708335592810e+02
5.120000000000000000e+02	8.237114292395530946e-01	1.171137990678500813e+02
5.130000000000000000e+02	1.597939672815499312e+00	1.240954529027901430e+02
5.140000000000000000e+02	1.730493146745641253e+00	1.252907625253436095e+02
5.150000000000000000e+02	1.685665863610253279e+00	1.248865295671572682e+02
5.160000000000000000e+02	1.995830299281492914e+00	1.276834576561720382e+02
5.170000000000000000e+02	1.018948619451348181e+00	1.188743632026192074e+02
5.180000000000000000e+02	1.407336929552423177e+00	1.223766801965575297e+02
5.190000000000000000e+02	1.097267541066314855e+00	1.195806092017524804e+02
5.200000000000000000e+02	2.075505563317563418e+00	1.284019345618168870e+02
5.210000000000000000e+02	1.459470000188944017e+00	1.228467935714656392e+02
5.220000000000000000e+02	1.299735238093970402e+00	1.214063749047392093e+02
5.230000000000000000e+02	1.730647628518294789e+00	1.252921555748344105e+02
5.240000000000000000e+02	1.631227477774067625e+00	1.243956278616269771e+02
5.250000000000000000e+02	1.601540817093353386e+00	1.241279264568954943e+02
5.260000000000000000e+02	9.856222788642974297e-01	1.185738407462315962e+02
5.270000000000000000e+02	1.971833991691565480e+00	1.274670693826884644e+02
5.280000000000000000e+02	1.015532586229722645e+00	1.188435588995729972e+02
5.290000000000000000e+02	9.215597807371387340e-01	1.179961529785269079e+02
5.300000000000000000e+02	1.038208625778514582e+00	1.190480415696262781e+02
5.310000000000000000e+02	1.098490353052385959e+00	1.195916359888308449e+02
5.320000000000000000e+02	1.007822764992367670e+00	1.187740350822037527e+02
5.330000000000000000e+02	1.301671206321617813e+00	1.214238326248792674e+02
5.340000000000000000e+02	9.076272795512507763e-01	1.178705157376462438e+02
5.350000000000000000e+02	1.319391414959627751e+00	1.215836257654938350e+02
5.360000000000000000e+02	1.509747723341496206e+00	1.233001762290638652e+02
5.370000000000000000e+02	1.656459966190243271e+00	1.246231634765797764e+02
5.380000000000000000e+02	1.925670490099375298e+00	1.270507869871551065e+02
5.390000000000000000e+02	1.243414447855677674e+00	1.208984984943697185e+02
5.400000000000000000e+02	1.445131740305491519e+00	1.227174973749857543e+02
5.410000000000000000e+02	1.351038050822640058e+00	1.218690013746494287e+02
5.420000000000000000e+02	1.416097610241320304e+00	1.224556802077762114e+02
5.430000000000000000e+02	1.454245580558096496e+00	1.227996820256731780e+02
5.440000000000000000e+02	1.196809771776739195e+00	1.204782377790413364e+02
5.450000000000000000e+02	1.603740870334775526e+00	1.241477655809231919e+02
5.460000000000000000e+02	8.794303866250914314e-01	1.176162484110991358e+02
5.470000000000000000e+02	1.214345945121195980e+00	1.206363713693570645e+02
5.480000000000000000e+02	7.316554573616191881e-01	1.162836783193195913e+02
5.490000000000000000e+02	1.202245978073005483e+00	1.205272591249438818e+02
5.500000000000000000e+02	1.631107798356538963e+00	1.243945486446502287e+02
5.510000000000000000e+02	1.048854817984349319e+00	1.191440443042954200e+02
5.520000000000000000e+02	1.015443567439699324e+00	1.188427561668105312e+02
5.530000000000000000e+02	1.856695066786724135e+00	1.264287965951963031e+02
5.540000000000000000e+02	9.987697014789074235e-01	1.186923984897374567e+02
5.550000000000000000e+02	1.802568253503747053e+00	1.259407045155470257e+02
5.560000000000000000e+02	1.437521244718468649e+00	1.226488692331660673e+02
5.570000000000000000e+02	1.361664169102092536e+00	1.219648230913742140e+02
5.580000000000000000e+02	1.397131932326254766e+00	1.222846559664796473e+02
5.590000000000000000e+02	1.273371003070179697e+00	1.211686336907156090e+02
5.600000000000000000e+02	1.221934007647541787e+00	1.207047972195845631e+02
5.610000000000000000e+02	1.119659021805621046e+00	1.197825258441259564e+02
5.620000000000000000e+02	8.494106544452675323e-01	1.173455435123355528e+02
5.630000000000000000e+02	1.882274304254826669e+00	1.266594590424084856e+02
5.640000000000000000e+02	1.629465161679735097e+00	1.243797360609590612e+02
5.650000000000000000e+02	1.021036050785719684e+00	1.188931867512325624e+02
5.660000000000000000e+02	7.766645443854987008e-01	1.166895507059636685e+02
5.670000000000000000e+02	1.142709877890509595e+00	1.199903884468132560e+02
5.680000000000000000e+02	1.900067062985983934e+00	1.268199064082340897e+02
5.690000000000000000e+02	1.607213287854867723e+00	1.241790783330693557e+02
5.700000000000000000e+02	1.399729289259613818e+00	1.223080778025402111e+02
5.710000000000000000e+02	1.254672395174109667e+00	1.210000177707865134e+02
5.720000000000000000e+02	1.162700436231138168e+00	1.201706546143930154e+02
5.730000000000000000e+02	1.010172726555240041e+00	1.187952260143268290e+02
5.740000000000000000e+02	7.522194252759990540e-01	1.164691152452419800e+02
5.750000000000000000e+02	1.308793013569792718e+00	1.214880539876343448e+02
5.760000000000000000e+02	8.560814839467171256e-01	1.174056981537574558e+02
5.770000000000000000e+02	1.034565128759497021e+00	1.190151860969068593e+02
5.780000000000000000e+02	1.242853322046655329e+00	1.208934385056791001e+02
5.790000000000000000e+02	1.313802845142761022e+00	1.215332304715769567e+02
5.800000000000000000e+02	2.003970042397015927e+00	1.277568583222023051e+02
5.810000000000000000e+02	9.155609390414820581e-01	1.179420580311038549e+02
5.820000000000000000e+02	1.389625332386752898e+00	1.222169647104581287e+02
5.830000000000000000e+02	1.010759808769714718e+00	1.188005200666016350e+02
5.840000000000000000e+02	1.776050399928643442e+00	1.257015780361875272e+02
5.850000000000000000e+02	1.442501120149545457e+00	1.226937755856395000e+02
5.860000000000000000e+02	1.281724864141966291e+00	1.212439651794236539e+02
5.870000000000000000e+02	1.165739002525501888e+00	1.201980550847294893e+02
5.880000000000000000e+02	1.122209607316226432e+00	1.198055259158221446e+02
5.890000000000000000e+02	1.127285941952978376e+00	1.198513020954929118e+02
5.900000000000000000e+02	9.103906791083100636e-01	1.178954348739282096e+02
5.910000000000000000e+02	9.061371988741957484e-01	1.178570788376627405e+02
5.920000000000000000e+02	1.775417002689583246e+00	1.256958663351487075e+02
5.930000000000000000e+02	1.398757365246775075e+00	1.222993134141730707e+02
5.940000000000000000e+02	9.123286064072146928e-01	1.179129102601214782e+02
5.950000000000000000e+02	9.318150743556550264e-01	1.180886307596130820e+02
5.960000000000000000e+02	1.354679899864337234e+00	1.219018419866255556e+02
5.970000000000000000e+02	2.388155840565396648e+00	1.312212788898674489e+02
5.980000000000000000e+02	9.222484123109242482e-01	1.180023627587924437e+02
5.990000000000000000e+02	1.031046680700572482e+00	1.189834582613655272e+02
6.000000000000000000e+02	2.011576751288582265e+00	1.278254523172479793e+02
6.010000000000000000e+02	1.299895925407606567e+00	1.214078239131017796e+02
6.020000000000000000e+02	1.047011850950795298e+00	1.191274252285070645e+02
6.030000000000000000e+02	1.527500600777407458e+00	1.234602639627006369e+02
6.040000000000000000e+02	1.771585177417387191e+00	1.256613126000861769e+02
6.050000000000000000e+02	1.609661945633401592e+00	1.242011592647736791e+02
6.060000000000000000e+02	1.218238221714684322e+00	1.206714702281639404e+02
6.070000000000000000e+02	1.196300720673689089e+00	1.204736473774184589e+02
6.080000000000000000e+02	1.667553075836194276e+00	1.247231963185016212e+02
6.090000000000000000e+02	1.780471379592276193e+00	1.257414445095161710e+02
6.100000000000000000e+02	1.096156324190117992e+00	1.195705887308777449e+02
6.110000000000000000e+02	9.445201488738156348e-01	1.182031996002216658e+02
6.120000000000000000e+02	1.001791308906939015e+00	1.187196460323873737e+02
6.130000000000000000e+02	1.305499830802892447e+00	1.214583574966002715e+02
6.140000000000000000e+02	1.409256476505887035e+00	1.223939898367833905e+02
6.150000000000000000e+02	1.259917002542409792e+00	1.210473113608220928e+02
6.160000000000000000e+02	1.529888635573062095e+00	1.234817982226910118e+02
6.170000000000000000e+02	1.442913484728398643e+00	1.226974941102053833e+02
6.180000000000000000e+02	1.466118613305122498e+00	1.229067478751800166e+02
6.190000000000000000e+02	1.813698525559894748e+00	1.260410724719339157e+02
6.200000000000000000e+02	1.461661818890880982e+00	1.228665584399948330e+02
6.210000000000000000e+02	1.109947859629568656e+00	1.196949548039182076e+02
6.220000000000000000e+02	1.794169654762620914e+00	1.258649696019790554e+02
6.230000000000000000e+02	1.027311158934464119e+00	1.189497729494691356e+02
6.240000000000000000e+02	9.598612001219395395e-01	1.183415385334331091e+02
6.250000000000000000e+02	1.620651028160993601e+00	1.243002540353504770e+02
6.260000000000000000e+02	1.364446684439320823e+00	1.219899146054543735e+02
6.270000000000000000e+02	8.647679219286846797e-01	1.174840286765095954e+02
6.280000000000000000e+02	1.058293572789423598e+00	1.192291588932150148e+02
6.290000000000000000e+02	9.006502865906143018e-01	1.178076002472025010e+02
6.300000000000000000e+02	1.947611404064296448e+00	1.272486406141653674e+02
6.310000000000000000e+02	1.460366510535627382e+00	1.228548779121648096e+02
6.320000000000000000e+02	2.192280264754189023e+00	1.294549580711937153e+02
6.330000000000000000e+02	1.042299265591869917e+00	1.190849291817448545e+02
6.340000000000000000e+02	1.256066691591997575e+00	1.210125909299469669e+02
6.350000000000000000e+02	1.325587455695027783e+00	1.216394989681581364e+02
6.360000000000000000e+02	1.342178732158557652e+00	1.217891118890368034e+02
6.370000000000000000e+02	1.266492890887967127e+00	1.211066098641598927e+02
6.380000000000000000e+02	1.620208468883431063e+00	1.242962632281137019e+02
6.390000000000000000e+02	1.151869912348302716e+00	1.200729896567679020e+02
6.400000000000000000e+02	2.094918232120973389e+00	1.285769895726903655e+02
6.410000000000000000e+02	1.435665642678780829e+00	1.226321362203833445e+02
6.420000000000000000e+02	1.077545578330960652e+00	1.194027651126142899e+02
6.430000000000000000e+02	1.536826434810046438e+00	1.235443602811677408e+02
6.440000000000000000e+02	1.249097076236946213e+00	1.209497419675442131e+02
6.450000000000000000e+02	1.502020213370017121e+00	1.232304929023775060e+02
6.460000000000000000e+02	1.297148431849929118e+00	1.213830482102097790e+02
6.470000000000000000e+02	2.063835268298023440e+00	1.282966969130303596e+02
6.480000000000000000e+02	9.499065510554851599e-01	1.182517718342627404e+02
6.490000000000000000e+02	1.102434159448854700e+00	1.196271995210070855e+02
6.500000000000000000e+02	1.466367020419549139e+00	1.229089879025846699e+02
6.510000000000000000e+02	1.426288966910116862e+00	1.225475814332356634e+02
6.520000000000000000e+02	1.536639449078106789e+00	1.235426741250977329e+02
6.530000000000000000e+02	1.083359518450469405e+00	1.194551926979785179e+02
6.540000000000000000e+02	1.575180692819714068e+00	1.238902223118302857e+02
6.550000000000000000e+02	2.041317134055157467e+00	1.280936381644031030e+02
6.560000000000000000e+02	1.437112744949959886e+00	1.226451855597802876e+02
6.570000000000000000e+02	1.365590800187614695e+00	1.220002317440604145e+02
6.580000000000000000e+02	1.523256242466101584e+00	1.234219901839708342e+02
6.590000000000000000e+02	1.469879017826477785e+00	1.229406575689496322e+02
6.600000000000000000e+02	1.510111578433311230e+00	1.233034573161569938e+02
6.610000000000000000e+02	1.298382128639051336e+00	1.213941731517117120e+02
6.620000000000000000e+02	9.024024359227387215e-01	1.178234003684271016e+02
6.630000000000000000e+02	1.855903940933419705e+00	1.264216625660602205e+02
6.640000000000000000e+02	1.598722135999425920e+00	1.241025088157384033e+02
6.650000000000000000e+02	1.895349057635523637e+00	1.267773614863436507e+02
6.660000000000000000e+02	6.846498950666648486e-01	1.158598025863130943e+02
6.670000000000000000e+02	1.640967828484608981e+00	1.244834621113539299e+02
6.680000000000000000e+02	1.185719167812317787e+00	1.203782275322665924e+02
6.690000000000000000e+02	8.616925372407068240e-01	1.174562961939001156e+02
6.700000000000000000e+02	1.075797160738098057e+00	1.193869986425926015e+02
6.710000000000000000e+02	8.185008747105482207e-01	1.170668125515205134e+02
6.720000000000000000e+02	1.100648022029459216e+00	1.196110929099820765e+02
6.730000000000000000e+02	1.180630090566977319e+00	1.203323364452892861e+02
6.740000000000000000e+02	1.537515133549051338e+00	1.235505706671000326e+02
6.750000000000000000e+02	1.260600946125427502e+00	1.210534788668242072e+02
6.760000000000000000e+02	9.052976173723474851e-01	1.178495078565460403e+02
6.770000000000000000e+02	1.602442185275183117e+00	1.241360546034408827e+02
6.780000000000000000e+02	1.424151794535176263e+00	1.225283093415350066e+02
6.790000000000000000e+02	1.425250746361081733e+00	1.225382192115163917e+02
6.800000000000000000e+02	1.202443663525736950e+00	1.205290417664460847e+02
6.810000000000000000e+02	1.872988643883346960e+00	1.265757249925589747e+02
6.820000000000000000e+02	1.265887385562455947e+00	1.211011496802761229e+02
6.830000000000000000e+02	1.146893076993093619e+00	1.200281107183774907e+02
6.840000000000000000e+02	1.495391983158147919e+00	1.231707224028361480e+02
6.850000000000000000e+02	2.201203277451630580e+00	1.295354219219188963e+02
6.860000000000000000e+02	1.539305739386917837e+00	1.235667175723809237e+02
6.870000000000000000e+02	1.528862086636364248e+00	1.234725412504995177e+02
6.880000000000000000e+02	1.033450330818242557e+00	1.190051333335436965e+02
6.890000000000000000e+02	1.104715495182267082e+00	1.196477716152236468e+02
6.900000000000000000e+02	1.204004166214396543e+00	1.205431137015260958e+02
6.910000000000000000e+02	1.502908187569824250e+00	1.232385002678137909e+02
6.920000000000000000e+02	8.839976606727999453e-01	1.176574341036064624e+02
6.930000000000000000e+02	9.415239369063189701e-01	1.181761810627984488e+02
6.940000000000000000e+02	1.787379127639537879e+00	1.258037355794236873e+02
6.950000000000000000e+02	2.083664395448575846e+00	1.284755073642930938e+02
6.960000000000000000e+02	1.561606640578875993e+00	1.237678174077606457e+02
6.970000000000000000e+02	1.328835153847510275e+00	1.216687852987061973e+02
6.980000000000000000e+02	8.117388725305996200e-01	1.170058357545059096e+02
6.990000000000000000e+02	1.101334723782090519e+00	1.196172852879591062e+02
7.000000000000000000e+02	2.218456630356675507e+00	1.296910051604206444e+02
7.010000000000000000e+02	7.679964078509902148e-01	1.166113852177112307e+02
7.020000000000000000e+02	9.157525783222302262e-01	1.179437861508546632e+02
7.030000000000000000e+02	1.429457466105117591e+00	1.225761535820035846e+02
7.040000000000000000e+02	1.229331197912917339e+00	1.207715018667122706e+02
7.050000000000000000e+02	8.510561010005626148e-01	1.173603814342898062e+02
7.060000000000000000e+02	1.034671197297563960e+00	1.190161425768876740e+02
7.070000000000000000e+02	1.000663724188151971e+00	1.187094779634213211e+02
7.080000000000000000e+02	1.038531823586481107e+00	1.190509560270025844e+02
7.090000000000000000e+02	8.149954667679248921e-01	1.170352023060809898e+02
7.100000000000000000e+02	1.254300391942950954e+00	1.209966632073138157e+02
7.110000000000000000e+02	1.448588116019865701e+00	1.227486654690994499e+02
7.120000000000000000e+02	1.001799441684804393e+00	1.187197193702437943e+02
7.130000000000000000e+02	1.417982280948208995e+00	1.224726753491670479e+02
7.140000000000000000e+02	1.565893835312937465e+00	1.238064774667349184e+02
7.150000000000000000e+02	1.095844035903198455e+00	1.195677726508211691e+02
7.160000000000000000e+02	8.645271089578201451e-01	1.174818571297913081e+02
7.170000000000000000e+02	1.834587187816670184e+00	1.262294373503297322e+02
7.180000000000000000e+02	1.310013540452302561e+00	1.214990601686418614e+02
7.190000000000000000e+02	1.767823325432439807e+00	1.256273898537189382e+02
7.200000000000000000e+02	1.549161166054954242e+00	1.236555895270826397e+02
7.210000000000000000e+02	1.608597855053311543e+00	1.241915637583570060e+02
7.220000000000000000e+02	1.535337135782982809e+00	1.235309304297641688e+02
7.230000000000000000e+02	1.736754358598207482e+00	1.253472234128203411e+02
7.240000000000000000e+02	1.246180703654328203e+00	1.209234433869970786e+02
7.250000000000000000e+02	1.239578988823378136e+00	1.208639119916377354e+02
7.260000000000000000e+02	1.454559426261651467e+00	1.228025121498361614e+02
7.270000000000000000e+02	2.152648140360923446e+00	1.290975727968215381e+02
7.280000000000000000e+02	1.681940988516791968e+00	1.248529402623279481e+02
7.290000000000000000e+02	7.195362080062570609e-01	1.161743921954400776e+02
7.300000000000000000e+02	1.911774724071292564e+00	1.269254810079631000e+02
7.310000000000000000e+02	1.467436272666522878e+00	1.229186299546701377e+02
7.320000000000000000e+02	1.165180151008305298e+00	1.201930156046142031e+02
7.330000000000000000e+02	8.562050140571468848e-01	1.174068120946093501e+02
7.340000000000000000e+02	1.640840086109087714e+00	1.244823101861260142e+02
7.350000000000000000e+02	9.750263708053978906e-01	1.184782914521469337e+02
7.360000000000000000e+02	1.058964271318866723e+00	1.192352069610800527e+02
7.370000000000000000e+02	1.184934013781422601e+00	1.203711473544297661e+02
7.380000000000000000e+02	1.364118748177354457e+00	1.219869574187591468e+02
7.390000000000000000e+02	1.918765763733354612e+00	1.269885231654558453e+02
7.400000000000000000e+02	1.405494573470243980e+00	1.223600666300631588e+02
7.410000000000000000e+02	1.368963078992674109e+00	1.220306414887929094e+02
7.420000000000000000e+02	1.667453351591029254e+00	1.247222970485970848e+02
7.430000000000000000e+02	1.197459476524138866e+00	1.204840965341034291e+02
7.440000000000000000e+02	1.196954988709737711e+00	1.204795472822344635e+02
7.450000000000000000e+02	1.062192637201989420e+00	1.192643189616244825e+02
7.460000000000000000e+02	9.007551457725928579e-01	1.178085458217356774e+02
7.470000000000000000e+02	1.621865824659698863e+00	1.243112085422471580e+02
7.480000000000000000e+02	1.491492514660608837e+00	1.231355586905639967e+02
7.490000000000000000e+02	1.411200683374753684e+00	1.224115218494095956e+02
7.500000000000000000e+02	1.941594378553866296e+00	1.271943816930030380e+02
7.510000000000000000e+02	1.089557515536619281e+00	1.195110835421637034e+02
7.520000000000000000e+02	1.281842957204296418e+00	1.212450300913386343e+02
7.530000000000000000e+02	1.234686811810728591e+00	1.208197964653895440e+02
7.540000000000000000e+02	7.789261583374771369e-01	1.167099449577259804e+02
7.550000000000000000e+02	8.729408994292973123e-01	1.175577290357815343e+02
7.560000000000000000e+02	9.964413464615129445e-01	1.186714023960516897e+02
7.570000000000000000e+02	1.882649072900586917e+00	1.266628385431882577e+02
7.580000000000000000e+02	1.427455904301686118e+00	1.225581043675028923e+02
7.590000000000000000e+02	1.087281752069908958e+00	1.194905616962266492e+02
7.600000000000000000e+02	1.281893009594867738e+00	1.212454814420449338e+02
7.610000000000000000e+02	8.807609596766867721e-01	1.176282469406353783e+02
7.620000000000000000e+02	1.173876215664253264e+00	1.202714329365287114e+02
7.630000000000000000e+02	9.029828314798221678e-01	1.178286341233314403e+02
7.640000000000000000e+02	8.194409302314716870e-01	1.170752895636770319e+02
7.650000000000000000e+02	1.392202930525589410e+00	1.222402083702965001e+02
7.660000000000000000e+02	1.666322005945938045e+00	1.247120950652320630e+02
7.670000000000000000e+02	1.433017841067491194e+00	1.226082594961395387e+02
7.680000000000000000e+02	1.356741826629585423e+00	1.219204355461183837e+02
7.690000000000000000e+02	1.029769056699628038e+00	1.189719372033573563e+02
7.700000000000000000e+02	1.551018098703831782e+00	1.236723345387207758e+02
7.710000000000000000e+02	1.249502670549849315e+00	1.209533994407940014e+02
7.720000000000000000e+02	1.494579335246825291e+00	1.231633942971339621e+02
7.730000000000000000e+02	9.734047178401261657e-01	1.184636680904472428e+02
7.740000000000000000e+02	1.124017768117027360e+00	1.198218311241297016e+02
7.750000000000000000e+02	1.058529821469721188e+00	1.192312892811445266e+02
7.760000000000000000e+02	2.123455058460063327e+00	1.288343222710263660e+02
7.770000000000000000e+02	7.328258553016151478e-01	1.162942324593086454e+02
7.780000000000000000e+02	1.294441119879204960e+00	1.213586348474067336e+02
7.790000000000000000e+02	1.359181639262644126e+00	1.219424367161447549e+02
7.800000000000000000e+02	1.644456683358792803e+00	1.245149230884159408e+02
7.810000000000000000e+02	1.044308577183920672e+00	1.191030482804713984e+02
7.820000000000000000e+02	1.318050538857357568e+00	1.215715343275241196e+02
7.830000000000000000e+02	1.402997536670404832e+00	1.223375494373693471e+02
7.840000000000000000e+02	9.082062996519555398e-01	1.178757370892827083e+02
7.850000000000000000e+02	8.562123070898078891e-01	1.174068778600084642e+02
7.860000000000000000e+02	1.362072694002678608e+00	1.219685069913901430e+02
7.870000000000000000e+02	1.321445945123962185e+00	1.216021526256540568e+02
7.880000000000000000e+02	1.832868108144901642e+00	1.262139354369307398e+02
7.890000000000000000e+02	7.485813662073244057e-01	1.164363088095955163e+02
7.900000000000000000e+02	1.283915389244025818e+00	1.212637183828313283e+02
7.910000000000000000e+02	1.162536902562028462e+00	1.201691799388337643e+02
7.920000000000000000e+02	1.474129515646837474e+00	1.229789867111039570e+02
7.930000000000000000e+02	1.092027050356930706e+00	1.195333527339579831e+02
7.940000000000000000e+02	9.366499252822815258e-01	1.181322293441303941e+02
7.950000000000000000e+02	1.543197628026253820e+00	1.236018129327858617e+02
7.960000000000000000e+02	1.073913785599754034e+00	1.193700151840758679e+02
7.970000000000000000e+02	2.293833280861696355e+00	1.303707190373423828e+02
7.980000000000000000e+02	1.264630704405949269e+00	1.210898174757377035e+02
7.990000000000000000e+02	1.083281539100146684e+00	1.194544895140857363e+02
8.000000000000000000e+02	1.201008190279739152e+00	1.205160972925444440e+02
8.010000000000000000e+02	9.060046208653353972e-01	1.178558833067948513e+02
8.020000000000000000e+02	8.118141662452171836e-01	1.170065147205030343e+02
8.030000000000000000e+02	9.664102641570828656e-01	1.184005951467969453e+02
8.040000000000000000e+02	1.133001112949014733e+00	1.199028390238249528e+02
8.050000000000000000e+02	1.161869166602077730e+00	1.201631585861329370e+02
8.060000000000000000e+02	1.736179667549520911e+00	1.253420410986936417e+02
8.070000000000000000e+02	1.044937997343576397e+00	1.191087241179365179e+02
8.080000000000000000e+02	1.177175080686440056e+00	1.203011806676715594e+02
8.090000000000000000e+02	1.940848811431652443e+00	1.271876584927049407e+02
8.100000000000000000e+02	1.773799296278106619e+00	1.256812785617560309e+02
8.110000000000000000e+02	1.082323713778402752e+00	1.194458522615878451e+02
8.120000000000000000e+02	1.012510308777481605e+00	1.188163053149359456e+02
8.130000000000000000e+02	1.058059663021691632e+00	1.192270495965825745e+02
8.140000000000000000e+02	8.383086063247264796e-01	1.172454300671343361e+02
8.150000000000000000e+02	1.110859258827074036e+00	1.197031734058036676e+02
8.160000000000000000e+02	1.331882766929264772e+00	1.216962673490398004e+02
8.170000000000000000e+02	1.996928180564232491e+00	1.276933578724603819e+02
8.180000000000000000e+02	8.619269268429474717e-01	1.174584098174716331e+02
8.190000000000000000e+02	1.191921901958164831e+00	1.204341610931974742e+02
8.200000000000000000e+02	2.072419310022273642e+00	1.283741040708299579e+02
8.210000000000000000e+02	1.163852215035649840e+00	1.201810408551098135e+02
8.220000000000000000e+02	1.600507210800544478e+00	1.241186058445335902e+02
8.230000000000000000e+02	1.909473797074012325e+00	1.269047322482429934e+02
8.240000000000000000e+02	1.342619353907595903e+00	1.217930852244833630e+02
8.250000000000000000e+02	1.216240560451555819e+00	1.206534561870406037e+02
8.260000000000000000e+02	1.627884538313389751e+00	1.243654826863517684e+02
8.270000000000000000e+02	1.180910952515337398e+00	1.203348691362820517e+02
8.280000000000000000e+02	1.869566671779752554e+00	1.265448671352560979e+02
8.290000000000000000e+02	2.017761596218693665e+00	1.278812245610056948e+02
8.300000000000000000e+02	1.260546259365246780e+00	1.210529857253867760e+02
8.310000000000000000e+02	1.254742411909213429e+00	1.210006491512756668e+02
8.320000000000000000e+02	1.046126656983643599e+00	1.191194429340006167e+02
8.330000000000000000e+02	1.028615584159226382e+00	1.189615356892663698e+02
8.340000000000000000e+02	1.241380183166105544e+00	1.208801543794538844e+02
8.350000000000000000e+02	1.402826787195069480e+00	1.223360096928054190e+02
8.360000000000000000e+02	9.406989044030846792e-01	1.181687412782285236e+02
8.370000000000000000e+02	1.049435927021217019e+00	1.191492844930503878e+02
8.380000000000000000e+02	1.593993153746684488e+00	1.240598649089135677e+02
8.390000000000000000e+02	1.180160084418844013e+00	1.203280981341016087e+02
8.400000000000000000e+02	1.116373024263845437e+00	1.197528941463294814e+02
8.410000000000000000e+02	7.489373250503044144e-01	1.164395186917482192e+02
8.420000000000000000e+02	1.114708813534007303e+00	1.197378870172037608e+02
8.430000000000000000e+02	1.810362457828722071e+00	1.260109892629290584e+02
8.440000000000000000e+02	1.421872904595026466e+00	1.225077593024192026e+02
8.450000000000000000e+02	1.492822911907750072e+00	1.231475556347720755e+02
8.460000000000000000e+02	1.298606129720177860e+00	1.213961930961144731e+02
8.470000000000000000e+02	1.111445047689591847e+00	1.197084557951925774e+02
8.480000000000000000e+02	1.388475010723911440e+00	1.222065916096116638e+02
8.490000000000000000e+02	1.365078716945545168e+00	1.219956139999255811e+02
8.500000000000000000e+02	1.134182328279243590e+00	1.199134907103380812e+02
8.510000000000000000e+02	6.786385271122550300e-01	1.158055946825323019e+02
8.520000000000000000e+02	8.931477625558843503e-01	1.177399457459189023e+02
8.530000000000000000e+02	6.961388655969070749e-01	1.159634051296554844e+02
8.540000000000000000e+02	1.123795302592819345e+00	1.198198250267118965e+02
8.550000000000000000e+02	1.213201897262680129e+00	1.206260548429515183e+02
8.560000000000000000e+02	8.393148881967449348e-01	1.172545042797442534e+02
8.570000000000000000e+02	8.205251454923780940e-01	1.170850665457194992e+02
8.580000000000000000e+02	1.142153843831889004e+00	1.199853743733149827e+02
8.590000000000000000e+02	7.372342577326729263e-01	1.163339855166197481e+02
8.600000000000000000e+02	9.306737031373242264e-01	1.180783383699855165e+02
8.610000000000000000e+02	9.055710654553661421e-01	1.178519736925231030e+02
8.620000000000000000e+02	1.836139841065606237e+00	1.262434385025735395e+02
8.630000000000000000e+02	8.613941492200802852e-01	1.174536054604041624e+02
8.640000000000000000e+02	1.671561311678970041e+00	1.247593408474247809e+02
8.650000000000000000e+02	8.911705930832736211e-01	1.177221164908570898e+02
8.660000000000000000e+02	1.270444097122751304e+00	1.211422401248622123e+02
8.670000000000000000e+02	1.700660522779790185e+00	1.250217448871397750e+02
8.680000000000000000e+02	1.293032363901449600e+00	1.213459312982192557e+02
8.690000000000000000e+02	1.536402819916371065e+00	1.235405403061519678e+02
8.700000000000000000e+02	1.384950330329944190e+00	1.221748075735813899e+02
8.710000000000000000e+02	1.205788674922075865e+00	1.205592056255366487e+02
8.720000000000000000e+02	1.990615491929840442e+00	1.276364327897360340e+02
8.730000000000000000e+02	1.218056524466387014e+00	1.206698317613411433e+02
8.740000000000000000e+02	1.640888988621303612e+00	1.244827511677290346e+02
8.750000000000000000e+02	2.159335053449850772e+00	1.291578724730456997e+02
8.760000000000000000e+02	1.333746030841548968e+00	1.217130694532598909e+02
8.770000000000000000e+02	1.101616613860973759e+00	1.196198272501861339e+02
8.780000000000000000e+02	1.368193499790749668e+00	1.220237017579951981e+02
8.790000000000000000e+02	1.270126717571384622e+00	1.211393781339954216e+02
8.800000000000000000e+02	1.434731487029561992e+00	1.226237124107058776e+02
8.810000000000000000e+02	1.594411681341461717e+00	1.240636390088787238e+02
8.820000000000000000e+02	1.335832481884587919e+00	1.217318841620320313e+02
8.830000000000000000e+02	1.032887170571388014e+00	1.190000549991768537e+02
8.840000000000000000e+02	9.836820075879140202e-01	1.185563442230680664e+02
8.850000000000000000e+02	1.318934080756687388e+00	1.215795017244009131e+02
8.860000000000000000e+02	1.069644333358227728e+00	1.193315151191887082e+02
8.870000000000000000e+02	1.666894497580869272e+00	1.247172575460013348e+02
8.880000000000000000e+02	1.654291856809093630e+00	1.246036124084017871e+02
8.890000000000000000e+02	9.831249346386303767e-01	1.185513207813052787e+02
8.900000000000000000e+02	1.345546894030958285e+00	1.218194845090597198e+02
8.910000000000000000e+02	8.697490586010903080e-01	1.175289464023092023e+02
8.920000000000000000e+02	1.504505047251120109e+00	1.232529000544533062e+02
8.930000000000000000e+02	1.387592422214783516e+00	1.221986328099933985e+02
8.940000000000000000e+02	8.600095681446917606e-01	1.174411199099802587e+02
8.950000000000000000e+02	1.305547253724392176e+00	1.214587851358972017e+02
8.960000000000000000e+02	1.330815276400215463e+00	1.216866411833609476e+02
8.970000000000000000e+02	1.102148991035056147e+00	1.196246279961804930e+02
8.980000000000000000e+02	1.197792719112841242e+00	1.204871015709471180e+02
8.990000000000000000e+02	1.067875508935573592e+00	1.193155646292444061e+02
9.000000000000000000e+02	1.138038594372010159e+00	1.199482648420989790e+02
9.010000000000000000e+02	1.252747072757477209e+00	1.209826560499437136e+02
9.020000000000000000e+02	9.991672670924116595e-01	1.186959835636651945e+02
9.030000000000000000e+02	1.334969629080145381e+00	1.217241033304218263e+02
9.040000000000000000e+02	1.332944829954202159e+00	1.217058445718452475e+02
9.050000000000000000e+02	1.195210649209256237e+00	1.204638175866775924e+02
9.060000000000000000e+02	1.424273404293844303e+00	1.225294059654892749e+02
9.070000000000000000e+02	1.529151731701305028e+00	1.234751531438206342e+02
9.080000000000000000e+02	1.331037546529305393e+00	1.216886455187904943e+02
9.090000000000000000e+02	7.385831764689602119e-01	1.163461494795678419e+02
9.100000000000000000e+02	1.743985682801446391e+00	1.254124323518821029e+02
9.110000000000000000e+02	9.828808461917089012e-01	1.185491196977673809e+02
9.120000000000000000e+02	1.184011086228738518e+00	1.203628247948473131e+02
9.130000000000000000e+02	8.729935866667459798e-01	1.175582041463919296e+02
9.140000000000000000e+02	1.198753650743022980e+00	1.204957668347845470e+02
9.150000000000000000e+02	1.416531219808455644e+00	1.224595903104137449e+02
9.160000000000000000e+02	1.809042727419473806e+00	1.259990885076294802e+02
9.170000000000000000e+02	9.973793177007466149e-01	1.186798606130617202e+02
9.180000000000000000e+02	1.147403586713876988e+00	1.200327142731811989e+02
9.190000000000000000e+02	1.026561254903509468e+00	1.189430106408127585e+02
9.200000000000000000e+02	1.024552155883959870e+00	1.189248934589726474e+02
9.210000000000000000e+02	7.559520665531318517e-01	1.165027745821406029e+02
9.220000000000000000e+02	1.391581320305143477e+00	1.222346029594691146e+02
9.230000000000000000e+02	1.588907631259220077e+00	1.240140058771979454e+02
9.240000000000000000e+02	1.150213472445305252e+00	1.200580526015815792e+02
9.250000000000000000e+02	8.032057805184305010e-01	1.169288880390680134e+02
9.260000000000000000e+02	9.177522321861346644e-01	1.179618181603858602e+02
9.270000000000000000e+02	8.575980016399245009e-01	1.174193734512635672e+02
9.280000000000000000e+02	1.612343981602073928e+00	1.242253446995747197e+02
9.290000000000000000e+02	9.191249726106074380e-01	1.179741969369655266e+02
9.300000000000000000e+02	1.542840305154589586e+00	1.235985907504152692e+02
9.310000000000000000e+02	1.534839658384917094e+00	1.235264443947831126e+02
9.320000000000000000e+02	1.590054211439280829e+00	1.240243452389786682e+02
9.330000000000000000e+02	1.550220373854433342e+00	1.236651410027057381e+02
9.340000000000000000e+02	1.081129244462895045e+00	1.194350810563954184e+02
9.350000000000000000e+02	2.043693217848704613e+00	1.281150646554501691e+02
9.360000000000000000e+02	9.871171072556601533e-01	1.185873204590394607e+02
9.370000000000000000e+02	1.733624300056349821e+00	1.253189979051568343e+02
9.380000000000000000e+02	9.506582741567815020e-01	1.182585505465049209e+02
9.390000000000000000e+02	1.385096858966405220e+00	1.221761289051462995e+02
9.400000000000000000e+02	1.147602403267698579e+00	1.200345071144614764e+02
9.410000000000000000e+02	1.407594748910514060e+00	1.223790050994851555e+02
9.420000000000000000e+02	1.296476259314764512e+00	1.213769868504017211e+02
9.430000000000000000e+02	2.003539071049400988e+00	1.277529720098818871e+02
9.440000000000000000e+02	1.302317384295614389e+00	1.214296595770314724e+02
9.450000000000000000e+02	1.032209872218150748e+00	1.189939474169690072e+02
9.460000000000000000e+02	1.545381412428842971e+00	1.236215053514951023e+02
9.470000000000000000e+02	1.456809193588566087e+00	1.228227995738819800e+02
9.480000000000000000e+02	1.454136332073678428e+00	1.227986968703181248e+02
9.490000000000000000e+02	1.669467767786599444e+00	1.247404621784197900e+02
9.500000000000000000e+02	1.046200851489875960e+00	1.191201119878142265e+02
9.510000000000000000e+02	1.919093259267407259e+00	1.269914763778582909e+02
9.520000000000000000e+02	7.180167688008354254e-01	1.161606905530064466e+02
9.530000000000000000e+02	1.328174116147716965e+00	1.216628243480045199e+02
9.540000000000000000e+02	9.101350552226805668e-01	1.178931297688171327e+02
9.550000000000000000e+02	8.818015395003235835e-01	1.176376304372677168e+02
9.560000000000000000e+02	8.716028778705831037e-01	1.175456633388450740e+02
9.570000000000000000e+02	1.457055564669785586e+00	1.228250212412239932e+02
9.580000000000000000e+02	1.441170463278295122e+00	1.226817763002540289e+02
9.590000000000000000e+02	1.540642980398009287e+00	1.235787762306781303e+02
9.600000000000000000e+02	8.323434066354270522e-01	1.171916384887044131e+02
9.610000000000000000e+02	9.397538456877658763e-01	1.181602191494392429e+02
9.620000000000000000e+02	9.475564326524799075e-01	1.182305794878234906e+02
9.630000000000000000e+02	1.275419920601817525e+00	1.211871099385933093e+02
9.640000000000000000e+02	9.691169969637030146e-01	1.184250032869498028e+02
9.650000000000000000e+02	6.792298189985593870e-01	1.158109266957982015e+02
9.660000000000000000e+02	1.288607189129579389e+00	1.213060269952276684e+02
9.670000000000000000e+02	2.057807778991185721e+00	1.282423436338994236e+02
9.680000000000000000e+02	9.284351495773985885e-01	1.180581520668171009e+02
9.690000000000000000e+02	1.280976045815443998e+00	1.212372126611780061e+02
9.700000000000000000e+02	1.444213351934991563e+00	1.227092157477756018e+02
9.710000000000000000e+02	1.406466710666717690e+00	1.223688329408276729e+02
9.720000000000000000e+02	1.247680738814915147e+00	1.209369700521870357e+02
9.730000000000000000e+02	1.731598104874702004e+00	1.253007265575566151e+02
9.740000000000000000e+02	1.347840619754542502e+00	1.218401683308231895e+02
9.750000000000000000e+02	1.684839599332663029e+00	1.248790786749815140e+02
9.760000000000000000e+02	1.066335686871140220e+00	1.193016791830462324e+02
9.770000000000000000e+02	9.881124409204882220e-01	1.185962959454748216e+02
9.780000000000000000e+02	1.685100834420703242e+00	1.248814343794773976e+02
9.790000000000000000e+02	1.014466826545081357e+00	1.188339483418968285e+02
9.800000000000000000e+02	1.320014716848016523e+00	1.215892464310475702e+02
9.810000000000000000e+02	1.199039193061118613e+00	1.204983417313175948e+02
9.820000000000000000e+02	1.422234987955120156e+00	1.225110244128056252e+02
9.830000000000000000e+02	8.919555455156686907e-01	1.177291948507662624e+02
9.840000000000000000e+02	1.230705452199056582e+00	1.207838942946385572e+02
9.850000000000000000e+02	2.188392916637843744e+00	1.294199036552518578e+02
9.860000000000000000e+02	7.250439389984580929e-01	1.162240585199672154e+02
9.870000000000000000e+02	9.161439197548140179e-01	1.179473150978237754e+02
9.880000000000000000e+02	1.036754839637963554e+00	1.190349319580000298e+02
9.890000000000000000e+02	1.598528234587550667e+00	1.241007602970721706e+02
9.900000000000000000e+02	1.456244920570699319e+00	1.228177112050297239e+02
9.910000000000000000e+02	1.339085604081056369e+00	1.217612194042515625e+02
9.920000000000000000e+02	1.279101932749476367e+00	1.212203127240048417e+02
9.930000000000000000e+02	1.477977912655480619e+00	1.230136898828839804e+02
9.940000000000000000e+02	1.881377223071532212e+00	1.266513695541528364e+02
9.950000000000000000e+02	1.392648526091393890e+00	1.222442265574611326e+02
9.960000000000000000e+02	1.565947095131158928e+00	1.238069577406298833e+02
9.970000000000000000e+02	1.170314730285213267e+00	1.202393170091378209e+02
9.980000000000000000e+02	1.603304160919721832e+00	1.241438275252042587e+02
9.990000000000000000e+02	7.343568855256814576e-01	1.163080386245111555e+02
