POISSON BOLTZMANN:
Frame #,BOND,ANGLE,DIHED,UB,IMP,CMAP,VDWAALS,EEL,1-4 VDW,1-4 EEL,EPB,ENPOLAR,EDISPER,G gas,G solv,TOTAL
0,473.1893,1450.5672,-1101.0747,0.0,0.0,0.0,-1269.9668,-16439.6363,612.8473,11890.8867,-1746.6021,39.8787,0.0,-4383.1873,-1706.7234,-6089.910699999999
1,502.2416,1392.5968,-1115.0933,0.0,0.0,0.0,-1300.8622,-16293.7656,612.3048,11794.2358,-1796.5555,39.7967,0.0,-4408.342100000002,-1756.7587999999998,-6165.100900000002
2,529.2089,1450.7786,-1091.5817,0.0,0.0,0.0,-1267.3396,-16265.0453,610.8939,11784.2923,-1839.5898,39.229,0.0,-4248.792900000002,-1800.3608,-6049.153700000002
3,541.4736,1460.2725,-1080.4322,0.0,0.0,0.0,-1322.5744,-16216.8688,604.7364,11792.3554,-1869.8432,38.7611,0.0,-4221.0375,-1831.0821,-6052.119600000001
4,532.989,1422.8963,-1076.7947,0.0,0.0,0.0,-1279.0011,-16417.5112,609.6833,11838.155,-1791.2983,39.9736,0.0,-4369.583399999998,-1751.3247,-6120.908099999998
5,524.0229,1464.549,-1089.0702,0.0,0.0,0.0,-1305.0115,-16140.5933,599.796,11750.262,-1932.4992,40.0273,0.0,-4196.045099999999,-1892.4719,-6088.517
6,512.2733,1425.5551,-1101.4452,0.0,0.0,0.0,-1303.4401,-16112.7573,596.2895,11775.0541,-1950.8474,40.2524,0.0,-4208.470600000001,-1910.595,-6119.065600000001
7,480.0501,1428.7758,-1109.7541,0.0,0.0,0.0,-1290.6923,-16169.2256,617.7004,11825.9706,-1964.557,40.2885,0.0,-4217.175099999999,-1924.2685000000001,-6141.443599999999
8,476.5762,1427.6519,-1123.8412,0.0,0.0,0.0,-1280.8159,-16205.1789,598.0167,11817.6922,-1898.9911,40.623,0.0,-4289.899000000003,-1858.3681,-6148.267100000004
9,482.8895,1421.9945,-1076.8708,0.0,0.0,0.0,-1278.3451,-16164.9003,607.9674,11734.5399,-1892.8684,40.1634,0.0,-4272.724899999999,-1852.7050000000002,-6125.429899999999
10,535.4752,1474.0943,-1100.5955,0.0,0.0,0.0,-1278.1131,-16154.2074,598.0215,11757.7067,-1882.8927,40.6819,0.0,-4167.618299999998,-1842.2108,-6009.829099999999
11,504.4739,1456.642,-1081.268,0.0,0.0,0.0,-1277.4744,-16278.5687,614.2222,11787.6729,-1833.3167,39.7244,0.0,-4274.300099999999,-1793.5923,-6067.892399999999
12,484.1503,1361.5803,-1074.9343,0.0,0.0,0.0,-1274.7066,-16180.1763,625.4008,11788.3112,-1872.5123,39.4344,0.0,-4270.374599999999,-1833.0779,-6103.452499999999
13,504.9336,1410.6829,-1068.5734,0.0,0.0,0.0,-1298.1097,-16238.2241,600.5241,11801.9389,-1884.7639,39.4531,0.0,-4286.827699999998,-1845.3108,-6132.138499999998
14,516.339,1411.4289,-1071.7366,0.0,0.0,0.0,-1294.7115,-16167.0626,598.9218,11774.568,-1884.9331,40.7982,0.0,-4232.253000000001,-1844.1349,-6076.387900000001
15,498.6391,1463.0539,-1095.3722,0.0,0.0,0.0,-1265.9086,-16085.9126,611.5634,11736.6237,-1910.1726,40.1994,0.0,-4137.313300000002,-1869.9732000000001,-6007.286500000001
16,538.676,1438.3567,-1119.3778,0.0,0.0,0.0,-1287.6882,-16098.5735,593.1456,11801.8241,-1952.7006,40.234,0.0,-4133.637100000002,-1912.4666,-6046.1037000000015
17,512.6649,1416.3538,-1096.0894,0.0,0.0,0.0,-1298.1264,-16259.8202,614.8388,11868.0657,-1870.1553,39.0731,0.0,-4242.112800000001,-1831.0821999999998,-6073.1950000000015
18,490.5161,1391.7446,-1111.0723,0.0,0.0,0.0,-1281.1323,-16000.8628,637.676,11836.6593,-2072.2652,40.5545,0.0,-4036.471400000002,-2031.7106999999999,-6068.182100000002
19,531.3256,1441.8004,-1091.4245,0.0,0.0,0.0,-1299.8624,-16207.2709,608.9926,11812.7599,-1902.3337,39.6353,0.0,-4203.6793,-1862.6984,-6066.3777
20,500.4587,1454.2088,-1093.0272,0.0,0.0,0.0,-1275.6881,-16065.3894,610.3101,11788.9829,-2014.6501,40.8754,0.0,-4080.144199999999,-1973.7747000000002,-6053.918899999999
21,486.5992,1396.5052,-1101.7896,0.0,0.0,0.0,-1295.6723,-16220.8544,617.446,11822.1767,-1886.8063,39.6115,0.0,-4295.5891999999985,-1847.1948,-6142.783999999999
22,521.9258,1423.883,-1122.1791,0.0,0.0,0.0,-1294.6063,-16182.0734,611.5871,11790.3038,-1875.8153,39.9502,0.0,-4251.159099999999,-1835.8651,-6087.024199999999
23,520.3102,1424.6948,-1082.7956,0.0,0.0,0.0,-1291.9767,-16278.6772,619.2404,11828.1344,-1815.3044,39.8323,0.0,-4261.0697,-1775.4721,-6036.5418
24,529.5049,1410.9886,-1124.5759,0.0,0.0,0.0,-1293.4586,-16263.2942,613.3859,11769.1701,-1798.0126,39.5262,0.0,-4358.279200000003,-1758.4864,-6116.765600000002
25,535.8428,1469.724,-1083.3218,0.0,0.0,0.0,-1277.7535,-16372.4609,625.1117,11827.6861,-1769.9321,39.1705,0.0,-4275.1716000000015,-1730.7616,-6005.933200000001
26,535.2486,1422.4753,-1068.4875,0.0,0.0,0.0,-1290.91,-16168.5095,601.1315,11787.7912,-1916.355,39.7986,0.0,-4181.260400000003,-1876.5564,-6057.816800000002
27,508.8894,1440.2184,-1075.9304,0.0,0.0,0.0,-1255.1245,-16310.708,607.8894,11830.1011,-1838.4367,39.6481,0.0,-4254.6646,-1798.7885999999999,-6053.4532
28,545.9914,1378.7505,-1121.8758,0.0,0.0,0.0,-1285.9669,-16288.939,607.1646,11836.8434,-1826.9357,39.393,0.0,-4328.031799999999,-1787.5427,-6115.574499999999
29,477.1252,1395.1649,-1070.4584,0.0,0.0,0.0,-1268.8005,-16224.0913,629.7948,11863.7733,-1921.9075,39.8599,0.0,-4197.491999999998,-1882.0476,-6079.539599999998
30,523.9782,1461.6353,-1106.827,0.0,0.0,0.0,-1299.7761,-16163.8678,604.831,11759.291,-1890.084,39.9241,0.0,-4220.735400000001,-1850.1599,-6070.895300000001
31,510.5614,1406.9202,-1097.9084,0.0,0.0,0.0,-1266.9831,-16168.9144,607.3616,11781.7251,-1901.9158,40.9087,0.0,-4227.2376,-1861.0071,-6088.2447
32,464.6336,1415.8636,-1089.9517,0.0,0.0,0.0,-1255.6931,-16289.227,592.5041,11828.4758,-1833.2289,40.6763,0.0,-4333.394700000003,-1792.5526,-6125.9473000000025
33,500.3014,1474.1272,-1105.9105,0.0,0.0,0.0,-1280.4547,-16204.2531,604.6455,11795.8501,-1900.717,41.0114,0.0,-4215.694099999999,-1859.7056,-6075.399699999999
34,482.7747,1448.7418,-1067.9778,0.0,0.0,0.0,-1278.2914,-16363.6365,623.0932,11898.75,-1848.0122,40.2242,0.0,-4256.546000000002,-1807.7879999999998,-6064.334000000003
35,519.0924,1413.9878,-1080.4491,0.0,0.0,0.0,-1291.7546,-16186.9147,627.6399,11818.3029,-1892.0619,40.4369,0.0,-4180.095399999998,-1851.625,-6031.720399999998
36,512.5047,1423.9918,-1063.1071,0.0,0.0,0.0,-1265.6007,-16266.4688,614.8508,11753.2752,-1838.0936,39.9361,0.0,-4290.554100000001,-1798.1575,-6088.711600000001
37,472.136,1416.276,-1113.951,0.0,0.0,0.0,-1264.4345,-16184.5234,586.0804,11785.8138,-1894.703,40.9454,0.0,-4302.602699999998,-1853.7576,-6156.360299999998
38,534.061,1400.2644,-1081.728,0.0,0.0,0.0,-1275.2284,-16260.6436,604.5556,11793.7374,-1875.4822,40.1595,0.0,-4284.981600000001,-1835.3227,-6120.304300000002
39,526.7072,1436.3302,-1128.5615,0.0,0.0,0.0,-1278.1135,-16204.2279,622.8184,11778.8967,-1822.1418,39.4465,0.0,-4246.1504,-1782.6953,-6028.845700000001
40,504.2889,1385.6547,-1099.5125,0.0,0.0,0.0,-1273.5071,-16295.6598,622.1419,11803.5431,-1801.55,40.4782,0.0,-4353.050799999997,-1761.0718,-6114.122599999998
41,489.0592,1486.5702,-1089.4433,0.0,0.0,0.0,-1295.9199,-16179.1432,603.3559,11763.8309,-1871.7108,40.0942,0.0,-4221.690199999999,-1831.6166,-6053.3067999999985
42,502.8548,1414.9585,-1079.2308,0.0,0.0,0.0,-1268.607,-16177.1377,621.41,11784.316,-1911.157,40.6938,0.0,-4201.436199999998,-1870.4632,-6071.899399999998
43,493.9263,1398.017,-1095.3332,0.0,0.0,0.0,-1290.821,-16025.7207,601.2755,11802.2752,-2048.3956,41.3573,0.0,-4116.3809,-2007.0383,-6123.4192
44,497.202,1419.1458,-1090.992,0.0,0.0,0.0,-1301.082,-16242.229,587.2815,11794.4885,-1846.8783,39.5819,0.0,-4336.1852,-1807.2964000000002,-6143.4816
45,499.4346,1380.5915,-1079.8276,0.0,0.0,0.0,-1300.6771,-15942.9409,605.0836,11770.4423,-2058.7981,40.4095,0.0,-4067.8935999999994,-2018.3886,-6086.2822
46,514.9416,1437.9295,-1099.7045,0.0,0.0,0.0,-1277.2517,-16357.3902,619.8892,11821.7444,-1783.0982,39.8405,0.0,-4339.841699999999,-1743.2576999999999,-6083.099399999999
47,508.0589,1431.5143,-1103.9979,0.0,0.0,0.0,-1287.0987,-16229.4357,614.204,11807.7243,-1869.5274,40.1489,0.0,-4259.0308,-1829.3785,-6088.4093
48,496.8979,1438.4114,-1118.9821,0.0,0.0,0.0,-1273.1557,-16270.0331,604.1578,11849.6069,-1854.1476,39.7924,0.0,-4273.096899999999,-1814.3552,-6087.452099999999
49,530.2954,1349.7074,-1106.1714,0.0,0.0,0.0,-1255.9288,-16263.0782,603.8535,11803.6652,-1868.2283,40.1705,0.0,-4337.6569,-1828.0578,-6165.7146999999995
50,496.1411,1419.6304,-1101.1354,0.0,0.0,0.0,-1299.2296,-16084.8159,606.415,11749.4202,-1940.602,40.3498,0.0,-4213.574199999999,-1900.2522000000001,-6113.826399999999
51,513.331,1420.7325,-1074.4523,0.0,0.0,0.0,-1287.5573,-16268.9623,598.1921,11779.8708,-1839.3109,40.158,0.0,-4318.845499999999,-1799.1529,-6117.9983999999995
52,518.3345,1381.0414,-1106.5367,0.0,0.0,0.0,-1262.2144,-16211.9393,610.9183,11779.3555,-1892.3823,40.1777,0.0,-4291.040700000001,-1852.2046,-6143.245300000001
53,528.056,1416.0065,-1101.4724,0.0,0.0,0.0,-1292.0043,-16185.578,620.8681,11838.5892,-1933.2095,39.7421,0.0,-4175.534900000001,-1893.4674,-6069.0023
54,524.0193,1444.0954,-1082.7654,0.0,0.0,0.0,-1260.9839,-16178.0272,603.1266,11815.4511,-1955.9657,40.6794,0.0,-4135.084100000002,-1915.2863,-6050.370400000002
55,481.2353,1410.4246,-1108.9414,0.0,0.0,0.0,-1277.4098,-16112.9711,600.6228,11803.6202,-1957.3273,40.0202,0.0,-4203.4194000000025,-1917.3071,-6120.7265000000025
56,498.6811,1395.036,-1064.9107,0.0,0.0,0.0,-1275.7281,-16194.837,593.289,11802.804,-1895.6506,39.1995,0.0,-4245.665699999998,-1856.4511,-6102.116799999998
57,501.3938,1375.3644,-1069.6623,0.0,0.0,0.0,-1300.7056,-16206.1001,607.9987,11843.3283,-1923.2847,40.2755,0.0,-4248.382800000001,-1883.0092,-6131.392000000002
58,504.3294,1399.8732,-1092.9181,0.0,0.0,0.0,-1274.1835,-16067.6679,596.9846,11768.4482,-1976.9709,39.8188,0.0,-4165.134100000001,-1937.1521,-6102.286200000001
59,533.1854,1412.6616,-1118.0692,0.0,0.0,0.0,-1288.9732,-16213.7572,606.8898,11835.4332,-1859.0306,39.3909,0.0,-4232.6296,-1819.6397,-6052.2693
60,475.9651,1358.8334,-1070.4789,0.0,0.0,0.0,-1290.1282,-16332.9303,603.9769,11840.8185,-1780.3641,39.9325,0.0,-4413.943500000001,-1740.4316000000001,-6154.375100000001
61,496.8603,1409.9942,-1073.8221,0.0,0.0,0.0,-1280.2633,-16326.8364,606.5496,11814.803,-1751.7324,39.102,0.0,-4352.714699999999,-1712.6304,-6065.345099999999
62,519.9201,1473.2045,-1113.226,0.0,0.0,0.0,-1272.6488,-16205.6209,606.9587,11780.7624,-1866.3372,40.6567,0.0,-4210.6500000000015,-1825.6805,-6036.330500000002
63,520.5727,1384.5201,-1086.9766,0.0,0.0,0.0,-1270.4326,-16383.3208,607.5942,11808.1918,-1752.9511,39.6491,0.0,-4419.851200000001,-1713.302,-6133.153200000002
64,521.9446,1444.1438,-1109.7165,0.0,0.0,0.0,-1294.03,-16284.1538,616.9058,11833.2033,-1849.9308,39.0338,0.0,-4271.702800000001,-1810.8970000000002,-6082.599800000001
65,534.8858,1379.8581,-1088.336,0.0,0.0,0.0,-1295.7537,-16310.6113,604.8849,11883.069,-1837.8863,39.9929,0.0,-4292.003199999999,-1797.8934,-6089.896599999999
66,522.7434,1407.6417,-1091.929,0.0,0.0,0.0,-1274.2903,-16080.3229,616.6321,11774.7621,-1945.8272,40.3153,0.0,-4124.7629,-1905.5119,-6030.274799999999
67,554.1696,1364.6696,-1077.9636,0.0,0.0,0.0,-1280.4515,-16247.6587,618.2671,11793.3601,-1858.8056,40.4465,0.0,-4275.607399999999,-1818.3591,-6093.966499999999
68,508.6631,1474.065,-1101.4557,0.0,0.0,0.0,-1310.5174,-16436.001,611.1779,11785.9481,-1679.9934,39.4911,0.0,-4468.119999999999,-1640.5023,-6108.622299999999
69,483.1033,1427.4724,-1104.6037,0.0,0.0,0.0,-1308.1641,-16445.2307,606.0388,11777.5739,-1630.6539,39.2557,0.0,-4563.810100000001,-1591.3982,-6155.208300000001
70,525.8356,1465.0047,-1093.7006,0.0,0.0,0.0,-1275.4576,-16425.7577,611.388,11834.0815,-1724.071,40.222,0.0,-4358.606099999995,-1683.849,-6042.455099999996
71,494.1834,1448.5901,-1105.7773,0.0,0.0,0.0,-1297.7607,-16415.8926,615.1357,11788.1641,-1705.6418,38.4675,0.0,-4473.3573,-1667.1743000000001,-6140.5316
72,539.5097,1370.0496,-1084.8602,0.0,0.0,0.0,-1292.4826,-16257.8941,602.8254,11867.059,-1874.4941,39.5631,0.0,-4255.7932,-1834.9309999999998,-6090.7242
73,516.2745,1456.24,-1112.1732,0.0,0.0,0.0,-1308.5298,-16157.1409,596.6046,11803.2255,-1922.7235,40.2954,0.0,-4205.499299999998,-1882.4281,-6087.927399999998
74,537.9569,1415.2803,-1098.693,0.0,0.0,0.0,-1291.8157,-16134.582,604.3415,11757.5437,-1926.6507,40.0205,0.0,-4209.9683,-1886.6301999999998,-6096.598500000001
75,489.8068,1385.1938,-1082.4228,0.0,0.0,0.0,-1323.7599,-16183.509,627.945,11818.2783,-1917.808,39.6132,0.0,-4268.4678,-1878.1948,-6146.662600000001
76,501.9548,1380.6633,-1106.9688,0.0,0.0,0.0,-1300.7311,-16037.5352,598.5573,11748.5965,-1968.3216,39.5856,0.0,-4215.463200000002,-1928.7359999999999,-6144.199200000002
77,518.4071,1476.8861,-1075.3191,0.0,0.0,0.0,-1273.212,-16329.1351,610.7269,11806.9528,-1828.3273,40.7138,0.0,-4264.693300000001,-1787.6135,-6052.3068
78,539.2412,1406.8173,-1089.9623,0.0,0.0,0.0,-1308.2019,-16296.733,615.2833,11784.839,-1808.6185,40.4994,0.0,-4348.716400000001,-1768.1191000000001,-6116.835500000002
79,544.2943,1469.8709,-1081.4591,0.0,0.0,0.0,-1288.2446,-16359.1531,598.1386,11801.7495,-1745.8177,39.7377,0.0,-4314.803499999998,-1706.0800000000002,-6020.883499999998
80,517.5747,1456.293,-1097.0041,0.0,0.0,0.0,-1277.8502,-16363.2951,608.9673,11815.2878,-1771.7029,39.5355,0.0,-4340.026599999999,-1732.1674,-6072.1939999999995
81,511.3331,1420.0609,-1084.2568,0.0,0.0,0.0,-1299.9029,-16135.8083,599.7794,11756.4576,-1921.4064,40.6633,0.0,-4232.337000000001,-1880.7431000000001,-6113.080100000001
82,512.23,1425.9707,-1082.2395,0.0,0.0,0.0,-1278.9503,-16222.6016,597.4898,11786.8127,-1839.0555,39.8072,0.0,-4261.288200000001,-1799.2483,-6060.536500000001
83,502.9963,1380.1239,-1098.9284,0.0,0.0,0.0,-1271.8985,-16320.6778,619.1663,11833.1454,-1800.3229,39.6728,0.0,-4356.0728,-1760.6500999999998,-6116.7229
84,520.1583,1440.9339,-1072.6389,0.0,0.0,0.0,-1286.5579,-16224.5998,595.8004,11811.2972,-1897.7288,39.5444,0.0,-4215.606799999998,-1858.1844,-6073.791199999998
85,486.1807,1439.9486,-1098.3667,0.0,0.0,0.0,-1263.3777,-16218.2054,601.3492,11737.4721,-1861.8142,40.9087,0.0,-4314.9992,-1820.9055,-6135.9047
86,496.4395,1419.1074,-1088.4461,0.0,0.0,0.0,-1303.1365,-16329.9325,626.0225,11878.2949,-1849.962,40.1254,0.0,-4301.650799999999,-1809.8366,-6111.487399999999
87,499.8663,1445.3026,-1106.8033,0.0,0.0,0.0,-1297.7366,-16204.0057,594.453,11757.895,-1830.3064,39.3785,0.0,-4311.028700000001,-1790.9279,-6101.9566
88,518.9106,1452.427,-1107.5712,0.0,0.0,0.0,-1269.6899,-16187.3752,614.289,11809.1288,-1926.5935,39.3606,0.0,-4169.880899999998,-1887.2329,-6057.113799999998
89,504.604,1415.8303,-1060.0123,0.0,0.0,0.0,-1252.1314,-16400.2671,620.9775,11855.8008,-1787.5342,39.242,0.0,-4315.198199999999,-1748.2922,-6063.490399999999
90,516.6372,1397.4178,-1122.1189,0.0,0.0,0.0,-1283.7809,-16270.8498,617.5849,11821.968,-1836.0953,40.1079,0.0,-4323.141699999998,-1795.9874,-6119.129099999998
91,474.6749,1439.9852,-1097.4486,0.0,0.0,0.0,-1263.1331,-16195.8963,620.8387,11834.2015,-1950.9584,40.9563,0.0,-4186.777700000002,-1910.0021,-6096.779800000002
92,513.1313,1438.0765,-1081.3146,0.0,0.0,0.0,-1290.4452,-16287.3198,599.6118,11865.8482,-1886.2024,40.4625,0.0,-4242.4118,-1845.7398999999998,-6088.1517
93,482.7891,1398.5452,-1111.3205,0.0,0.0,0.0,-1305.4562,-16209.8989,618.009,11779.8502,-1834.6957,39.883,0.0,-4347.482099999999,-1794.8127,-6142.2948
94,519.1835,1474.738,-1109.4194,0.0,0.0,0.0,-1277.8842,-16123.366,600.7964,11774.7147,-1931.6573,39.8806,0.0,-4141.237000000001,-1891.7767000000001,-6033.0137
95,513.4308,1414.0928,-1097.6827,0.0,0.0,0.0,-1302.1244,-16074.9979,586.3209,11805.5496,-1981.9783,40.8729,0.0,-4155.410899999999,-1941.1054,-6096.516299999998
96,527.5677,1423.3592,-1076.4908,0.0,0.0,0.0,-1314.7794,-16233.936,612.9289,11800.5381,-1846.7836,40.4207,0.0,-4260.812299999998,-1806.3629,-6067.175199999998
97,523.9623,1450.9076,-1122.0701,0.0,0.0,0.0,-1268.1731,-16232.5693,613.6186,11789.3257,-1853.3659,39.8109,0.0,-4244.998299999999,-1813.555,-6058.553299999999
98,497.1798,1479.9045,-1111.6666,0.0,0.0,0.0,-1309.7655,-16333.7858,607.5838,11848.2147,-1800.2323,40.4507,0.0,-4322.3351,-1759.7815999999998,-6082.1167
99,511.0029,1440.0186,-1075.1424,0.0,0.0,0.0,-1330.2355,-16233.3453,605.0999,11815.8697,-1886.4066,39.6337,0.0,-4266.732100000003,-1846.7729,-6113.505000000003
100,507.0257,1415.7853,-1124.769,0.0,0.0,0.0,-1270.8277,-16130.1293,595.6309,11837.4796,-2006.9735,40.4751,0.0,-4169.8045,-1966.4984,-6136.302900000001
101,492.6538,1423.996,-1096.4508,0.0,0.0,0.0,-1281.0622,-16283.7707,625.0506,11828.3663,-1862.0131,40.2681,0.0,-4291.217000000001,-1821.745,-6112.962
102,529.9735,1427.7191,-1093.4354,0.0,0.0,0.0,-1277.4357,-16179.4559,590.2916,11809.7668,-1933.2539,40.0322,0.0,-4192.576000000003,-1893.2216999999998,-6085.797700000003
103,524.7729,1419.9123,-1090.952,0.0,0.0,0.0,-1304.402,-16182.1071,602.5368,11781.8519,-1917.9279,39.5829,0.0,-4248.387200000001,-1878.3449999999998,-6126.7322
104,514.7699,1397.7062,-1079.9984,0.0,0.0,0.0,-1308.4148,-16340.0735,603.1447,11814.4028,-1783.6822,39.1499,0.0,-4398.463100000001,-1744.5322999999999,-6142.995400000001
105,514.1639,1447.2394,-1124.0336,0.0,0.0,0.0,-1293.1124,-16226.183,613.6567,11800.9683,-1853.9596,39.766,0.0,-4267.3007,-1814.1935999999998,-6081.4943
106,449.0293,1387.3459,-1048.6834,0.0,0.0,0.0,-1290.454,-16184.5956,614.7968,11806.2882,-1906.6882,40.9301,0.0,-4266.272800000001,-1865.7581,-6132.030900000002
107,494.3011,1417.8663,-1094.8143,0.0,0.0,0.0,-1315.3442,-16155.8642,609.7347,11867.299,-1960.5587,40.2445,0.0,-4176.8215999999975,-1920.3142,-6097.135799999997
108,523.6807,1404.4381,-1069.6712,0.0,0.0,0.0,-1265.2823,-16319.6248,614.1397,11877.3889,-1907.3771,39.7208,0.0,-4234.930900000001,-1867.6562999999999,-6102.587200000001
109,484.6265,1435.7894,-1073.6412,0.0,0.0,0.0,-1296.7575,-16237.3594,620.7863,11811.2836,-1880.806,40.4894,0.0,-4255.272299999999,-1840.3166,-6095.588899999999
110,507.5561,1431.2629,-1091.5533,0.0,0.0,0.0,-1314.9589,-16147.3385,619.165,11853.1228,-1978.3336,39.6879,0.0,-4142.7438999999995,-1938.6457,-6081.3895999999995
111,498.3883,1390.0812,-1074.2705,0.0,0.0,0.0,-1298.1719,-16087.6498,598.6546,11791.0232,-2010.7896,40.8996,0.0,-4181.9449,-1969.89,-6151.834900000001
112,483.972,1445.9355,-1084.3525,0.0,0.0,0.0,-1269.3273,-16172.6379,594.7036,11779.202,-1944.6229,39.4723,0.0,-4222.504599999998,-1905.1506000000002,-6127.655199999998
113,529.4938,1374.893,-1061.3812,0.0,0.0,0.0,-1316.6953,-16255.5838,618.2603,11868.6394,-1889.6894,39.7868,0.0,-4242.373799999999,-1849.9026,-6092.2764
114,533.271,1380.9215,-1078.6584,0.0,0.0,0.0,-1280.0542,-16326.1534,595.3123,11811.8444,-1818.933,39.7331,0.0,-4363.516800000001,-1779.1999,-6142.716700000001
115,541.0276,1424.032,-1096.7944,0.0,0.0,0.0,-1303.5065,-16269.708,613.0987,11830.0766,-1844.0121,39.691,0.0,-4261.773999999999,-1804.3211,-6066.0951
116,495.6508,1393.5217,-1092.3003,0.0,0.0,0.0,-1269.1235,-16171.4527,612.4477,11784.0245,-1914.3832,40.297,0.0,-4247.231799999998,-1874.0862,-6121.317999999998
117,492.2856,1353.0522,-1121.3671,0.0,0.0,0.0,-1272.272,-16340.5948,628.8116,11844.442,-1825.3588,40.1513,0.0,-4415.642500000002,-1785.2075,-6200.850000000001
118,522.2404,1434.7082,-1083.5363,0.0,0.0,0.0,-1287.8231,-16316.3495,608.0539,11805.7899,-1784.2042,39.2645,0.0,-4316.916500000001,-1744.9397,-6061.856200000001
119,509.8205,1355.0819,-1083.9881,0.0,0.0,0.0,-1270.3076,-16233.6218,603.5279,11810.5485,-1901.9096,39.8276,0.0,-4308.938699999999,-1862.0819999999999,-6171.020699999999
120,509.1877,1438.254,-1098.7343,0.0,0.0,0.0,-1277.0402,-16229.1196,600.7534,11802.6671,-1873.644,38.8819,0.0,-4254.031900000002,-1834.7621,-6088.794000000002
121,514.5117,1383.1199,-1071.9396,0.0,0.0,0.0,-1294.1021,-16154.2654,609.1012,11829.2753,-1976.1822,40.8324,0.0,-4184.299000000003,-1935.3498,-6119.648800000003
122,500.8565,1434.0508,-1109.188,0.0,0.0,0.0,-1283.0569,-16187.2593,609.0209,11819.7018,-1888.3997,40.1154,0.0,-4215.8742,-1848.2843,-6064.1585000000005
123,490.2563,1404.6309,-1073.6994,0.0,0.0,0.0,-1262.6249,-16201.9955,602.7304,11835.018,-1957.4938,39.9385,0.0,-4205.6842,-1917.5553,-6123.2395
124,502.8608,1438.761,-1118.5239,0.0,0.0,0.0,-1265.4568,-16160.1656,610.6095,11787.0606,-1929.753,40.3393,0.0,-4204.854399999998,-1889.4136999999998,-6094.268099999998
125,529.0951,1449.9825,-1064.0136,0.0,0.0,0.0,-1286.0745,-16086.1137,604.8698,11775.6293,-1959.4698,40.1856,0.0,-4076.6250999999975,-1919.2842,-5995.9092999999975
126,475.7848,1428.6654,-1103.7643,0.0,0.0,0.0,-1279.8592,-16248.7157,617.9877,11819.102,-1884.9796,40.0404,0.0,-4290.799299999999,-1844.9391999999998,-6135.738499999999
127,488.6819,1417.6166,-1096.529,0.0,0.0,0.0,-1278.8826,-16199.0242,628.52,11790.6478,-1880.8328,40.6,0.0,-4248.969499999997,-1840.2328,-6089.202299999997
128,500.7285,1414.5235,-1101.4979,0.0,0.0,0.0,-1275.1693,-16196.9492,597.2192,11715.597,-1844.9445,40.3504,0.0,-4345.548199999999,-1804.5941,-6150.142299999999
129,541.3756,1438.835,-1098.3767,0.0,0.0,0.0,-1281.2295,-16092.6832,599.7864,11727.1901,-1923.7008,40.0419,0.0,-4165.102299999999,-1883.6589000000001,-6048.761199999999
130,516.3881,1402.3693,-1088.4753,0.0,0.0,0.0,-1258.5266,-16229.5797,625.4341,11847.1214,-1879.1066,40.5353,0.0,-4185.268699999999,-1838.5713,-6023.839999999999
131,506.3061,1375.6284,-1081.498,0.0,0.0,0.0,-1287.4941,-16212.8793,607.7016,11790.3941,-1869.0227,40.3076,0.0,-4301.841200000001,-1828.7151,-6130.5563
132,518.4804,1399.9468,-1094.7707,0.0,0.0,0.0,-1312.2198,-16237.3882,600.3088,11848.8515,-1882.7981,39.8442,0.0,-4276.791199999998,-1842.9539,-6119.745099999998
133,517.8047,1393.5466,-1134.722,0.0,0.0,0.0,-1302.9589,-16178.2242,607.0216,11783.434,-1883.9293,39.6779,0.0,-4314.098200000002,-1844.2514,-6158.349600000002
134,494.5356,1375.8033,-1092.5789,0.0,0.0,0.0,-1301.088,-16210.0945,616.981,11819.0788,-1901.0139,39.0631,0.0,-4297.3627000000015,-1861.9507999999998,-6159.313500000001
135,507.6756,1375.5842,-1103.1862,0.0,0.0,0.0,-1261.4566,-16308.0111,586.6161,11784.6929,-1817.5188,40.3635,0.0,-4418.085100000002,-1777.1553000000001,-6195.2404000000015
136,512.1057,1403.3104,-1103.1338,0.0,0.0,0.0,-1257.818,-16190.3425,594.4042,11777.8191,-1853.4651,40.6308,0.0,-4263.654899999998,-1812.8343,-6076.489199999997
137,462.7431,1438.4528,-1102.3682,0.0,0.0,0.0,-1287.6759,-16172.9892,594.5136,11802.3397,-1908.8864,40.1164,0.0,-4264.9841,-1868.77,-6133.7541
138,545.3567,1397.2213,-1110.6004,0.0,0.0,0.0,-1283.1001,-16224.2194,581.599,11786.8444,-1888.7857,39.9336,0.0,-4306.898499999999,-1848.8520999999998,-6155.750599999999
139,481.4884,1448.144,-1073.0361,0.0,0.0,0.0,-1274.0478,-16193.7657,610.436,11857.6331,-1954.8803,40.692,0.0,-4143.1481,-1914.1883,-6057.3364
140,530.144,1451.2552,-1086.5818,0.0,0.0,0.0,-1272.1308,-16205.7679,618.1015,11808.9137,-1878.5161,40.2382,0.0,-4156.066100000002,-1838.2779,-5994.344000000002
141,498.1524,1462.0428,-1093.1816,0.0,0.0,0.0,-1284.9358,-16244.1965,612.9819,11776.6717,-1826.5237,39.9847,0.0,-4272.465099999998,-1786.539,-6059.004099999997
142,483.8461,1456.6952,-1099.9929,0.0,0.0,0.0,-1289.696,-16119.457,599.6562,11782.3947,-1918.8887,40.2681,0.0,-4186.553699999999,-1878.6206,-6065.174299999998
143,508.4627,1461.2386,-1098.8255,0.0,0.0,0.0,-1304.3163,-16193.0331,602.1716,11772.0666,-1843.5431,38.6629,0.0,-4252.235400000001,-1804.8802,-6057.115600000001
144,504.0348,1457.4676,-1115.9899,0.0,0.0,0.0,-1266.5635,-16214.2865,601.8171,11784.9488,-1819.1511,39.8907,0.0,-4248.571600000001,-1779.2604000000001,-6027.832000000001
145,494.9784,1436.4222,-1100.0779,0.0,0.0,0.0,-1272.4065,-16126.1736,586.2342,11778.0217,-1936.3064,40.4159,0.0,-4203.0014999999985,-1895.8905,-6098.891999999998
146,532.533,1408.8313,-1102.2143,0.0,0.0,0.0,-1277.9764,-16078.8229,610.1197,11726.8703,-1907.5565,39.7167,0.0,-4180.6592999999975,-1867.8398,-6048.499099999997
147,510.5595,1390.6972,-1064.4061,0.0,0.0,0.0,-1291.0538,-16247.1051,598.9716,11838.6757,-1898.3353,40.5811,0.0,-4263.661,-1857.7541999999999,-6121.4151999999995
148,481.46,1387.1272,-1093.3129,0.0,0.0,0.0,-1261.0056,-16137.7077,601.3886,11785.7613,-1937.7742,40.9026,0.0,-4236.289100000002,-1896.8716000000002,-6133.160700000001
149,481.4306,1417.4893,-1072.2943,0.0,0.0,0.0,-1260.7443,-16187.6248,612.1899,11770.0547,-1928.3163,41.7365,0.0,-4239.4989000000005,-1886.5798,-6126.078700000001
150,502.1606,1429.7617,-1099.8014,0.0,0.0,0.0,-1307.9822,-16199.5306,596.3241,11791.4875,-1887.6439,40.5128,0.0,-4287.5803,-1847.1311,-6134.711399999999
151,515.1303,1436.3816,-1098.1904,0.0,0.0,0.0,-1276.3469,-16080.8938,604.4653,11756.8825,-1957.7259,40.1393,0.0,-4142.571400000001,-1917.5865999999999,-6060.158
152,528.8692,1412.8054,-1076.3427,0.0,0.0,0.0,-1271.8168,-16145.1834,602.4474,11787.8447,-1942.1614,39.976,0.0,-4161.376200000001,-1902.1853999999998,-6063.561600000001
153,517.607,1444.7954,-1117.3599,0.0,0.0,0.0,-1301.4285,-16162.1206,597.2139,11827.4964,-1931.6905,40.1929,0.0,-4193.7963,-1891.4976,-6085.2939
154,510.1643,1423.6229,-1085.1353,0.0,0.0,0.0,-1284.5485,-16250.8527,591.6432,11807.108,-1868.7487,40.6663,0.0,-4287.998099999999,-1828.0824,-6116.080499999999
155,517.9179,1470.1201,-1105.3468,0.0,0.0,0.0,-1297.2315,-16172.3933,592.6271,11758.1588,-1891.3187,40.4797,0.0,-4236.147700000001,-1850.839,-6086.986700000001
156,491.5165,1411.697,-1113.0397,0.0,0.0,0.0,-1279.8829,-16114.1525,630.3461,11886.0587,-2014.2219,39.7191,0.0,-4087.4568,-1974.5028,-6061.9596
157,482.5953,1445.0717,-1080.9126,0.0,0.0,0.0,-1275.6339,-16065.4976,606.8705,11779.2474,-2013.3471,39.9147,0.0,-4108.2592,-1973.4324,-6081.6916
158,511.3226,1403.8701,-1078.6879,0.0,0.0,0.0,-1296.8576,-16242.5981,601.1514,11787.7746,-1859.4198,39.8915,0.0,-4314.0248999999985,-1819.5283,-6133.5531999999985
159,487.0249,1384.4949,-1085.9682,0.0,0.0,0.0,-1277.3828,-16240.5766,612.3987,11814.5402,-1889.8899,39.4645,0.0,-4305.468900000002,-1850.4253999999999,-6155.894300000002
160,517.1581,1373.3429,-1078.7948,0.0,0.0,0.0,-1294.8561,-16077.2793,596.4953,11757.1365,-1938.0071,40.2637,0.0,-4206.797399999998,-1897.7434,-6104.540799999997
161,548.3313,1413.3133,-1076.4518,0.0,0.0,0.0,-1271.3536,-16080.1358,589.7072,11710.8337,-1920.8994,39.6784,0.0,-4165.7557000000015,-1881.221,-6046.976700000002
162,545.1876,1457.4856,-1099.7034,0.0,0.0,0.0,-1267.3419,-16203.453,601.8368,11812.5652,-1920.4784,40.0915,0.0,-4153.423099999998,-1880.3869,-6033.809999999998
163,535.7813,1382.7722,-1077.9101,0.0,0.0,0.0,-1278.1413,-16231.3491,604.1058,11803.3831,-1887.7155,40.5254,0.0,-4261.3580999999995,-1847.1901,-6108.548199999999
164,544.9674,1400.4778,-1051.0583,0.0,0.0,0.0,-1294.6189,-16111.7489,591.6493,11797.2838,-1955.0912,39.7684,0.0,-4123.047800000002,-1915.3228000000001,-6038.370600000002
165,503.3924,1411.1915,-1068.8977,0.0,0.0,0.0,-1267.5888,-16216.3642,592.8215,11819.4891,-1887.8607,40.2924,0.0,-4225.9562000000005,-1847.5683,-6073.5245
166,516.9552,1473.6504,-1090.0426,0.0,0.0,0.0,-1264.6175,-16135.8914,599.9113,11819.8662,-1970.3002,39.3059,0.0,-4080.1683999999987,-1930.9942999999998,-6011.162699999998
167,493.6746,1401.5743,-1072.2581,0.0,0.0,0.0,-1296.1382,-16196.8156,600.4384,11851.1536,-1929.6248,40.1618,0.0,-4218.371000000001,-1889.463,-6107.834000000001
168,502.7577,1405.2449,-1061.5136,0.0,0.0,0.0,-1290.6835,-16169.4322,606.2037,11783.0727,-1906.7397,40.624,0.0,-4224.3503,-1866.1157,-6090.466
169,508.8384,1459.4527,-1076.188,0.0,0.0,0.0,-1305.3718,-16280.3015,607.171,11825.6485,-1849.6055,39.1642,0.0,-4260.750699999999,-1810.4413,-6071.191999999998
170,513.6422,1449.8242,-1098.5217,0.0,0.0,0.0,-1262.2332,-16226.4826,596.3821,11766.3522,-1872.5984,40.9792,0.0,-4261.036799999998,-1831.6192,-6092.655999999998
171,496.8766,1395.3115,-1096.3497,0.0,0.0,0.0,-1312.0847,-16183.9685,600.409,11828.8326,-1904.4296,40.0296,0.0,-4270.973200000002,-1864.3999999999999,-6135.373200000002
172,474.0917,1466.8061,-1090.1605,0.0,0.0,0.0,-1295.0264,-16265.8746,608.072,11846.3363,-1879.4683,40.0499,0.0,-4255.755399999996,-1839.4184,-6095.173799999997
173,511.5327,1422.2775,-1110.3689,0.0,0.0,0.0,-1272.3709,-16197.9755,607.6732,11769.9189,-1863.3129,40.6852,0.0,-4269.313,-1822.6277,-6091.9407
174,482.1257,1361.0438,-1111.4516,0.0,0.0,0.0,-1270.601,-16195.6511,614.2743,11815.6655,-1887.3642,39.4468,0.0,-4304.594399999998,-1847.9174,-6152.511799999998
175,543.5397,1404.7222,-1121.5269,0.0,0.0,0.0,-1268.4429,-16204.5042,616.2728,11828.9543,-1937.4419,41.2163,0.0,-4200.985000000001,-1896.2256,-6097.2106
176,513.9935,1366.0876,-1086.7647,0.0,0.0,0.0,-1281.3139,-16246.34,600.5074,11743.1558,-1779.7898,39.4922,0.0,-4390.674300000001,-1740.2976,-6130.971900000001
177,519.898,1406.9684,-1063.8054,0.0,0.0,0.0,-1269.7756,-16182.8275,614.6295,11836.9953,-1973.3814,41.391,0.0,-4137.917299999999,-1931.9904,-6069.9077
178,515.9779,1428.2673,-1087.2835,0.0,0.0,0.0,-1269.7209,-16184.1508,603.6495,11802.6893,-1874.0367,40.435,0.0,-4190.5712,-1833.6017000000002,-6024.1729000000005
179,532.034,1442.6514,-1091.8326,0.0,0.0,0.0,-1273.0454,-16057.1122,608.5144,11812.1742,-2034.1668,40.9144,0.0,-4026.6161999999986,-1993.2523999999999,-6019.868599999999
180,519.2056,1423.2827,-1086.1145,0.0,0.0,0.0,-1267.9413,-16133.7425,601.887,11828.3544,-1995.4341,41.2676,0.0,-4115.0686000000005,-1954.1665,-6069.235100000001
181,503.3553,1408.4414,-1072.3106,0.0,0.0,0.0,-1303.1301,-16155.6359,621.8788,11814.6931,-1930.0638,39.9097,0.0,-4182.7080000000005,-1890.1541,-6072.8621
182,509.8126,1415.9856,-1094.1912,0.0,0.0,0.0,-1266.6394,-16145.441,619.2149,11823.2927,-1928.3938,40.3101,0.0,-4137.965800000004,-1888.0837000000001,-6026.049500000004
183,531.5844,1434.0241,-1109.6043,0.0,0.0,0.0,-1273.6119,-16056.4731,593.406,11741.8178,-1992.8695,41.2051,0.0,-4138.857,-1951.6644000000001,-6090.5214
184,478.8071,1426.0203,-1069.9388,0.0,0.0,0.0,-1264.9783,-16203.4449,617.329,11804.6335,-1877.6429,40.3365,0.0,-4211.572099999999,-1837.3064,-6048.878499999999
185,502.3253,1445.0563,-1108.6184,0.0,0.0,0.0,-1285.9815,-16009.8322,588.7626,11793.2739,-2040.6276,41.2207,0.0,-4075.014000000001,-1999.4069,-6074.420900000001
186,512.9587,1441.4321,-1121.7033,0.0,0.0,0.0,-1257.1842,-15960.9491,616.5441,11757.3225,-2087.7299,41.9443,0.0,-4011.579200000002,-2045.7855999999997,-6057.364800000002
187,512.1466,1378.0101,-1094.289,0.0,0.0,0.0,-1281.9177,-16124.1632,620.8918,11826.0363,-1931.581,41.5189,0.0,-4163.285100000003,-1890.0620999999999,-6053.347200000003
188,515.106,1409.6056,-1108.4846,0.0,0.0,0.0,-1305.8312,-15939.0435,590.959,11770.7352,-2063.7761,41.5553,0.0,-4066.9535000000014,-2022.2208,-6089.1743000000015
189,495.8754,1454.2763,-1118.8198,0.0,0.0,0.0,-1236.3028,-16122.6425,624.0419,11790.2262,-1933.3663,41.2203,0.0,-4113.345299999999,-1892.146,-6005.491299999999
190,526.5186,1416.3618,-1077.0513,0.0,0.0,0.0,-1272.5501,-16260.6077,605.9869,11752.0573,-1811.6317,40.3117,0.0,-4309.284500000002,-1771.32,-6080.604500000001
191,572.0442,1393.3539,-1110.8084,0.0,0.0,0.0,-1274.1513,-16097.9896,604.3232,11687.2187,-1881.7527,41.2453,0.0,-4226.0093000000015,-1840.5074,-6066.516700000002
192,515.2808,1381.5717,-1096.8429,0.0,0.0,0.0,-1258.2887,-16103.8823,612.8323,11770.4438,-1933.2937,40.0628,0.0,-4178.885300000002,-1893.2309,-6072.116200000002
193,492.8866,1433.145,-1109.1008,0.0,0.0,0.0,-1266.3368,-16162.1757,608.2784,11766.2835,-1873.5782,40.4977,0.0,-4237.0198,-1833.0805,-6070.1003
194,537.4834,1441.6476,-1083.767,0.0,0.0,0.0,-1285.7323,-16193.9967,594.343,11833.6466,-1905.9787,39.9245,0.0,-4156.375399999997,-1866.0541999999998,-6022.429599999997
195,518.1162,1422.6517,-1075.4719,0.0,0.0,0.0,-1281.2608,-16071.662,612.1698,11758.9895,-1991.8643,40.831,0.0,-4116.4675000000025,-1951.0333,-6067.5008000000025
196,517.995,1434.0516,-1083.917,0.0,0.0,0.0,-1297.8373,-16085.0632,605.4525,11770.3051,-1964.8536,39.8299,0.0,-4139.0133000000005,-1925.0237,-6064.037000000001
197,485.3584,1380.2473,-1100.6741,0.0,0.0,0.0,-1283.5341,-16073.3187,586.5125,11825.1566,-1969.4295,40.4715,0.0,-4180.2521,-1928.9579999999999,-6109.2101
198,526.9788,1435.936,-1089.2276,0.0,0.0,0.0,-1290.2199,-16225.2368,585.0544,11761.7651,-1797.1096,39.3049,0.0,-4294.950000000001,-1757.8047,-6052.7547
199,513.0782,1415.1232,-1073.8335,0.0,0.0,0.0,-1289.7894,-16101.033,596.1346,11822.684,-1972.2138,39.3,0.0,-4117.635900000001,-1932.9138,-6050.5497000000005
200,506.2272,1411.6256,-1071.8996,0.0,0.0,0.0,-1290.9417,-16096.0802,593.2356,11790.3947,-1915.6235,39.0106,0.0,-4157.438399999999,-1876.6128999999999,-6034.051299999999
201,528.5422,1434.2827,-1074.8797,0.0,0.0,0.0,-1292.0325,-16339.9646,601.7555,11797.313,-1726.8104,38.5478,0.0,-4344.983399999999,-1688.2626,-6033.245999999999
202,534.0686,1426.8326,-1086.3284,0.0,0.0,0.0,-1261.4537,-16255.7504,606.7011,11789.9658,-1851.3496,39.5689,0.0,-4245.964400000001,-1811.7807,-6057.7451
203,494.1853,1374.4567,-1101.4653,0.0,0.0,0.0,-1267.1674,-16276.6236,624.4607,11804.9719,-1802.9232,39.2597,0.0,-4347.181700000001,-1763.6634999999999,-6110.845200000002
204,524.6468,1420.5509,-1086.4947,0.0,0.0,0.0,-1285.7281,-16214.0881,619.5594,11798.9566,-1847.917,38.8542,0.0,-4222.5972,-1809.0628,-6031.66
205,518.0335,1484.3152,-1099.9474,0.0,0.0,0.0,-1298.7922,-16165.0033,596.8449,11800.7084,-1931.0241,39.1589,0.0,-4163.840899999999,-1891.8652000000002,-6055.706099999999
206,488.5542,1508.5959,-1128.9784,0.0,0.0,0.0,-1292.7195,-16040.4063,606.0601,11767.2887,-1996.2431,39.7278,0.0,-4091.6052999999993,-1956.5153,-6048.120599999999
207,515.4964,1409.9903,-1072.3808,0.0,0.0,0.0,-1301.0726,-16325.3403,607.4489,11775.3156,-1751.9938,39.8357,0.0,-4390.542500000001,-1712.1580999999999,-6102.700600000002
208,538.1229,1392.6942,-1098.4106,0.0,0.0,0.0,-1282.4552,-16237.125,595.4858,11812.9182,-1842.9533,39.3007,0.0,-4278.769699999999,-1803.6526,-6082.422299999999
209,479.6947,1434.4977,-1091.4657,0.0,0.0,0.0,-1292.7251,-16210.2061,624.1273,11812.1432,-1869.4649,39.5001,0.0,-4243.933999999999,-1829.9648,-6073.898799999999
210,525.4329,1432.3732,-1105.6616,0.0,0.0,0.0,-1302.2103,-16154.6314,630.0481,11809.3281,-1910.5103,38.7942,0.0,-4165.320999999998,-1871.7160999999999,-6037.037099999998
211,517.8817,1417.0073,-1075.9931,0.0,0.0,0.0,-1277.1803,-16237.8845,595.842,11779.7707,-1825.6824,39.7992,0.0,-4280.556200000001,-1785.8832,-6066.4394
212,497.6951,1438.8258,-1123.7999,0.0,0.0,0.0,-1290.9713,-16243.859,613.743,11764.5883,-1803.401,38.2972,0.0,-4343.778,-1765.1038,-6108.8818
213,493.2505,1441.1425,-1105.502,0.0,0.0,0.0,-1281.7767,-16176.8049,624.9688,11813.301,-1917.2352,39.8445,0.0,-4191.420799999998,-1877.3907000000002,-6068.811499999998
214,511.6698,1404.5315,-1081.4935,0.0,0.0,0.0,-1297.9544,-16275.5427,602.876,11871.5886,-1860.8293,39.1298,0.0,-4264.324700000001,-1821.6995000000002,-6086.024200000002
215,502.4583,1399.8344,-1087.9127,0.0,0.0,0.0,-1301.6627,-16047.2277,609.8667,11719.3504,-1923.3769,39.7479,0.0,-4205.293299999999,-1883.629,-6088.922299999999
216,494.8542,1461.9119,-1114.9748,0.0,0.0,0.0,-1280.7644,-16221.4462,592.2779,11794.4448,-1841.2086,39.0878,0.0,-4273.696600000001,-1802.1208,-6075.817400000001
217,497.8491,1408.5321,-1111.9253,0.0,0.0,0.0,-1263.9263,-16144.7214,590.8075,11725.0636,-1873.3338,39.9498,0.0,-4298.3207,-1833.384,-6131.7047
218,510.2137,1404.9942,-1081.6848,0.0,0.0,0.0,-1297.9178,-16182.6939,599.2056,11841.1286,-1908.868,39.2645,0.0,-4206.7544,-1869.6035,-6076.3579
219,512.3317,1399.1373,-1119.8493,0.0,0.0,0.0,-1282.0492,-16318.8666,599.8004,11817.2744,-1762.1085,39.2038,0.0,-4392.221299999999,-1722.9047,-6115.125999999999
220,516.1862,1369.0084,-1081.3208,0.0,0.0,0.0,-1293.1438,-16196.4032,587.8884,11802.2537,-1881.3516,40.0044,0.0,-4295.531100000002,-1841.3472,-6136.878300000002
221,523.2372,1441.2076,-1098.602,0.0,0.0,0.0,-1308.577,-16217.3021,605.0773,11805.7591,-1858.5718,38.7351,0.0,-4249.1999,-1819.8366999999998,-6069.036599999999
222,501.99,1423.149,-1106.4778,0.0,0.0,0.0,-1290.9474,-16358.6933,602.7588,11834.8806,-1792.6869,39.1686,0.0,-4393.340100000001,-1753.5183,-6146.858400000001
223,521.9387,1481.1311,-1095.162,0.0,0.0,0.0,-1308.7709,-16179.6963,610.6433,11752.573,-1812.5313,38.5773,0.0,-4217.343099999998,-1773.9540000000002,-5991.297099999999
224,482.8549,1383.0419,-1110.2447,0.0,0.0,0.0,-1284.2489,-16292.0411,602.7788,11772.0305,-1735.1441,38.6504,0.0,-4445.828600000001,-1696.4937,-6142.3223
225,449.6283,1404.6003,-1074.4511,0.0,0.0,0.0,-1298.7156,-16193.4914,622.5057,11834.2026,-1892.561,39.9276,0.0,-4255.721200000002,-1852.6334,-6108.3546000000015
226,495.0629,1404.8181,-1104.2315,0.0,0.0,0.0,-1294.624,-16307.9439,615.358,11779.3495,-1757.1462,39.1517,0.0,-4412.210900000002,-1717.9945,-6130.205400000002
227,496.149,1424.9982,-1087.8007,0.0,0.0,0.0,-1284.3128,-16138.9248,621.0131,11796.9508,-1945.7981,39.6181,0.0,-4171.9272,-1906.18,-6078.1072
228,518.8461,1378.4447,-1069.4562,0.0,0.0,0.0,-1266.4921,-16154.571,608.133,11833.3382,-1956.1112,39.9519,0.0,-4151.757300000001,-1916.1593,-6067.916600000001
229,494.3533,1407.0436,-1075.7136,0.0,0.0,0.0,-1302.9531,-16175.3448,590.1572,11804.3322,-1890.7745,38.8927,0.0,-4258.1252,-1851.8817999999999,-6110.007
230,513.5861,1439.513,-1090.361,0.0,0.0,0.0,-1294.1822,-16167.3562,602.4895,11754.436,-1854.6254,39.0783,0.0,-4241.8748,-1815.5471,-6057.421899999999
231,519.3485,1478.4196,-1109.4492,0.0,0.0,0.0,-1281.0934,-16063.138,605.0593,11777.2163,-1972.3542,39.511,0.0,-4073.6369000000013,-1932.8432,-6006.480100000001
232,519.1786,1361.6925,-1097.7792,0.0,0.0,0.0,-1294.8411,-16217.0405,602.7711,11812.4221,-1842.1011,39.43,0.0,-4313.596499999998,-1802.6711,-6116.267599999997
233,501.3748,1412.1766,-1102.1672,0.0,0.0,0.0,-1298.2244,-16149.1057,600.9514,11794.8681,-1889.2389,39.2421,0.0,-4240.126399999999,-1849.9968000000001,-6090.123199999999
234,504.8074,1373.5561,-1112.2443,0.0,0.0,0.0,-1294.2849,-16173.1122,612.9101,11835.9528,-1910.2669,38.8251,0.0,-4252.415000000001,-1871.4418,-6123.856800000001
235,505.3424,1462.327,-1112.2901,0.0,0.0,0.0,-1333.3214,-16052.7285,602.2094,11759.7302,-1965.3745,38.7828,0.0,-4168.730999999998,-1926.5917,-6095.322699999998
236,523.315,1434.5076,-1118.7473,0.0,0.0,0.0,-1289.8366,-16025.027,594.571,11792.9417,-2014.8635,39.9009,0.0,-4088.275600000001,-1974.9625999999998,-6063.238200000001
237,490.8895,1460.8121,-1090.0521,0.0,0.0,0.0,-1317.1842,-16105.1074,611.9774,11766.206,-1925.9336,39.4973,0.0,-4182.458700000001,-1886.4363,-6068.895000000001
238,515.8592,1428.5692,-1092.5828,0.0,0.0,0.0,-1267.5515,-16098.6538,613.8807,11822.5758,-1985.1128,40.3315,0.0,-4077.9032000000007,-1944.7813,-6022.6845
239,519.6655,1447.9702,-1103.4817,0.0,0.0,0.0,-1275.8475,-16111.0788,604.5279,11745.2903,-1929.8528,39.5926,0.0,-4172.954099999999,-1890.2602,-6063.214299999999
240,515.8993,1436.4281,-1102.2873,0.0,0.0,0.0,-1311.7421,-16079.0989,603.1063,11845.3722,-1990.1737,39.0793,0.0,-4092.3224000000027,-1951.0944,-6043.416800000003
241,494.7682,1428.2157,-1048.4079,0.0,0.0,0.0,-1253.4489,-16253.342,607.545,11777.8452,-1857.2141,39.4237,0.0,-4246.824699999999,-1817.7903999999999,-6064.615099999999
242,489.5162,1463.5607,-1102.3386,0.0,0.0,0.0,-1274.3715,-16281.4881,604.4769,11750.2762,-1801.4531,38.9864,0.0,-4350.368199999999,-1762.4667,-6112.834899999999
243,528.8811,1382.1713,-1091.3368,0.0,0.0,0.0,-1261.9907,-16220.808,609.5082,11762.1246,-1843.7309,39.7254,0.0,-4291.4503,-1804.0055,-6095.455800000001
244,490.3314,1428.5859,-1087.6547,0.0,0.0,0.0,-1267.891,-16186.7736,611.0785,11769.4287,-1848.0414,40.5203,0.0,-4242.894800000002,-1807.5211000000002,-6050.415900000002
245,509.6823,1410.4332,-1090.7814,0.0,0.0,0.0,-1292.2483,-16204.1593,614.0006,11803.0985,-1904.6541,40.1235,0.0,-4249.974399999999,-1864.5306,-6114.504999999999
246,528.1275,1416.0559,-1098.0091,0.0,0.0,0.0,-1280.5467,-16290.8634,600.5556,11811.2221,-1846.0292,39.5016,0.0,-4313.458099999998,-1806.5276,-6119.985699999998
247,515.5152,1424.2596,-1075.4838,0.0,0.0,0.0,-1267.3107,-16299.2275,591.3862,11795.6095,-1780.9651,40.4424,0.0,-4315.2515,-1740.5227,-6055.7742
248,474.2292,1481.9846,-1066.3609,0.0,0.0,0.0,-1264.7318,-16319.1611,603.0501,11849.5294,-1872.4688,40.4281,0.0,-4241.460500000001,-1832.0407,-6073.5012000000015
249,482.0921,1418.1269,-1080.3655,0.0,0.0,0.0,-1286.9462,-16297.2634,602.121,11822.7553,-1861.3409,39.8793,0.0,-4339.479800000001,-1821.4615999999999,-6160.9414000000015
250,503.3864,1377.5989,-1079.4964,0.0,0.0,0.0,-1278.7254,-16412.8893,609.4766,11859.9877,-1800.5586,39.6374,0.0,-4420.661499999998,-1760.9212,-6181.582699999999
251,516.898,1419.2976,-1094.7665,0.0,0.0,0.0,-1274.4884,-16411.8725,619.2923,11850.5767,-1758.1834,39.7338,0.0,-4375.062800000003,-1718.4496,-6093.512400000003
252,529.976,1394.8808,-1062.5111,0.0,0.0,0.0,-1275.7486,-16337.0398,623.2906,11870.4641,-1821.6502,39.948,0.0,-4256.688,-1781.7022,-6038.3902
253,491.9054,1458.9514,-1082.9649,0.0,0.0,0.0,-1271.7074,-16106.3008,579.8401,11769.2614,-1973.1512,40.9058,0.0,-4161.014800000003,-1932.2454,-6093.260200000002
254,501.6303,1384.001,-1102.7172,0.0,0.0,0.0,-1263.8256,-16147.1158,597.3968,11767.9778,-1919.5971,40.21,0.0,-4262.652699999997,-1879.3871,-6142.039799999997
255,497.4135,1411.4715,-1079.3676,0.0,0.0,0.0,-1254.0979,-16250.5831,603.9157,11821.1252,-1876.2871,40.3914,0.0,-4250.1227,-1835.8957,-6086.018399999999
256,511.0226,1435.7527,-1075.428,0.0,0.0,0.0,-1292.0084,-16309.0597,587.5599,11873.2868,-1822.3712,40.3394,0.0,-4268.874099999999,-1782.0318,-6050.905899999999
257,496.2374,1412.5366,-1088.1218,0.0,0.0,0.0,-1268.4,-16288.5968,604.9251,11817.0194,-1860.459,40.5596,0.0,-4314.400100000001,-1819.8994,-6134.299500000001
258,525.2488,1381.7403,-1099.7091,0.0,0.0,0.0,-1290.7017,-16204.0451,621.0814,11826.7989,-1903.0834,40.7245,0.0,-4239.586499999999,-1862.3589,-6101.945399999999
259,536.24,1469.7493,-1116.9528,0.0,0.0,0.0,-1264.3868,-16099.4461,592.3964,11819.5435,-1978.7873,40.6045,0.0,-4062.8565,-1938.1828,-6001.0392999999995
260,491.6878,1415.3484,-1072.6551,0.0,0.0,0.0,-1309.3387,-16077.1689,594.5579,11748.0374,-1918.6825,38.863,0.0,-4209.531200000003,-1879.8194999999998,-6089.350700000003
261,492.9283,1419.8847,-1059.2374,0.0,0.0,0.0,-1306.6318,-16199.2897,592.7172,11771.7847,-1867.7334,39.545,0.0,-4287.844000000001,-1828.1884,-6116.032400000001
262,495.6416,1456.0232,-1073.5463,0.0,0.0,0.0,-1278.8909,-16190.4904,592.4084,11807.1928,-1933.1158,39.8369,0.0,-4191.661599999999,-1893.2789,-6084.940499999999
263,538.3203,1436.7423,-1086.4536,0.0,0.0,0.0,-1311.059,-16133.0821,593.5219,11775.9209,-1943.2973,40.1082,0.0,-4186.0893000000015,-1903.1891,-6089.278400000002
264,554.0221,1407.0649,-1092.6514,0.0,0.0,0.0,-1293.5635,-16161.8067,605.6649,11794.5226,-1932.8497,40.0141,0.0,-4186.7471000000005,-1892.8355999999999,-6079.5827
265,507.4357,1409.0816,-1109.839,0.0,0.0,0.0,-1280.5353,-16087.5787,632.9204,11740.0083,-1966.5455,40.3735,0.0,-4188.507000000003,-1926.172,-6114.679000000004
266,502.1086,1435.5194,-1090.1733,0.0,0.0,0.0,-1261.0109,-16096.8893,625.5778,11718.4855,-1918.4685,39.9412,0.0,-4166.382200000002,-1878.5273,-6044.909500000002
267,495.7573,1428.6498,-1086.8242,0.0,0.0,0.0,-1289.5205,-16179.6677,615.705,11817.0736,-1924.1139,40.4125,0.0,-4198.8267,-1883.7014000000001,-6082.5280999999995
268,498.7176,1449.4642,-1085.9362,0.0,0.0,0.0,-1266.6889,-16193.7234,584.5116,11817.7056,-1924.42,39.6564,0.0,-4195.949500000002,-1884.7636,-6080.713100000003
269,492.7602,1485.2219,-1088.2954,0.0,0.0,0.0,-1290.0399,-16108.6459,599.0711,11779.4276,-1985.1846,40.654,0.0,-4130.500400000001,-1944.5306,-6075.031000000001
270,500.9071,1399.0849,-1092.5101,0.0,0.0,0.0,-1278.6549,-16300.2166,612.5548,11797.9404,-1809.0045,39.8818,0.0,-4360.894399999999,-1769.1227,-6130.017099999999
271,472.3091,1506.495,-1115.4682,0.0,0.0,0.0,-1281.1239,-16241.6041,577.6996,11763.0231,-1769.5886,40.021,0.0,-4318.669400000001,-1729.5676,-6048.237000000001
272,490.098,1441.4026,-1071.881,0.0,0.0,0.0,-1272.4543,-16321.4433,601.9837,11793.0646,-1788.3268,40.4713,0.0,-4339.229700000002,-1747.8555000000001,-6087.085200000001
273,478.9344,1386.7175,-1097.9977,0.0,0.0,0.0,-1294.9641,-16244.7327,624.0808,11873.5739,-1870.7766,41.0173,0.0,-4274.3879000000015,-1829.7593,-6104.147200000001
274,470.3144,1428.8359,-1106.5831,0.0,0.0,0.0,-1283.5801,-16069.6047,603.0258,11768.9592,-2002.288,40.9162,0.0,-4188.632600000003,-1961.3718,-6150.004400000003
275,505.7714,1384.7816,-1085.4186,0.0,0.0,0.0,-1253.3402,-16148.9343,621.814,11797.8774,-1981.9845,41.8057,0.0,-4177.448700000001,-1940.1788000000001,-6117.627500000001
276,499.9667,1423.9305,-1119.3353,0.0,0.0,0.0,-1281.1745,-16258.5982,597.8461,11816.8184,-1835.7143,40.678,0.0,-4320.5463,-1795.0363000000002,-6115.5826
277,505.8245,1449.02,-1073.911,0.0,0.0,0.0,-1283.0464,-16199.387,632.6906,11850.0028,-1937.4417,40.4513,0.0,-4118.806500000002,-1896.9904000000001,-6015.796900000003
278,487.7837,1368.1553,-1096.1334,0.0,0.0,0.0,-1302.987,-16150.1928,611.3215,11868.9092,-1944.5332,40.5713,0.0,-4213.143500000002,-1903.9619,-6117.105400000002
279,547.5159,1434.9782,-1090.2791,0.0,0.0,0.0,-1256.8954,-16164.6997,619.5353,11846.0743,-1983.2692,40.0262,0.0,-4063.7704999999987,-1943.243,-6007.013499999998
280,504.791,1459.753,-1062.2253,0.0,0.0,0.0,-1274.3673,-16161.3882,590.9374,11808.3601,-1956.7164,39.8396,0.0,-4134.139299999999,-1916.8768,-6051.016099999999
281,515.2945,1418.7595,-1091.6751,0.0,0.0,0.0,-1284.6102,-16139.3517,601.6233,11821.8966,-1938.0658,39.8692,0.0,-4158.063099999999,-1898.1966,-6056.2597
282,515.8275,1409.9651,-1106.4695,0.0,0.0,0.0,-1283.1846,-16279.4856,608.3296,11863.8049,-1903.9069,40.8262,0.0,-4271.212599999999,-1863.0807,-6134.293299999998
283,497.3057,1434.3604,-1092.445,0.0,0.0,0.0,-1280.6979,-16316.7385,595.8738,11833.8488,-1826.8119,40.9141,0.0,-4328.492700000001,-1785.8978,-6114.3905
284,500.0408,1393.2784,-1124.3534,0.0,0.0,0.0,-1256.3308,-16198.6072,624.9332,11889.2783,-2003.3389,41.1692,0.0,-4171.760700000001,-1962.1697,-6133.9304
285,490.968,1430.6217,-1106.6601,0.0,0.0,0.0,-1288.164,-16140.8807,604.1036,11847.7426,-1961.3309,40.859,0.0,-4162.268899999999,-1920.4719,-6082.740799999999
286,494.6195,1449.0996,-1108.7134,0.0,0.0,0.0,-1243.807,-16098.4424,600.4453,11774.9718,-2000.3218,41.1195,0.0,-4131.8266,-1959.2023,-6091.0289
287,523.4451,1353.5197,-1062.7777,0.0,0.0,0.0,-1256.9456,-16146.5711,623.5646,11926.8578,-2045.5884,41.3862,0.0,-4038.907199999998,-2004.2022000000002,-6043.1093999999985
288,466.47,1431.3439,-1068.9369,0.0,0.0,0.0,-1305.8476,-16099.5186,615.1865,11820.2068,-1995.7683,40.416,0.0,-4141.0959,-1955.3523,-6096.4482
289,510.3133,1466.653,-1085.8029,0.0,0.0,0.0,-1253.0417,-16102.7138,604.2257,11828.614,-2074.6436,41.3447,0.0,-4031.7523999999994,-2033.2988999999998,-6065.051299999999
290,498.332,1405.7391,-1124.4748,0.0,0.0,0.0,-1295.0115,-16097.8435,619.8226,11788.4354,-1958.2072,40.1434,0.0,-4205.000700000002,-1918.0638000000001,-6123.064500000002
291,490.5081,1435.4115,-1124.9125,0.0,0.0,0.0,-1293.8717,-16160.0818,601.1551,11741.4423,-1877.9914,39.6965,0.0,-4310.349,-1838.2949,-6148.6439
292,528.4936,1409.4693,-1101.9296,0.0,0.0,0.0,-1277.5097,-16101.9887,595.6943,11760.9061,-1957.529,40.0427,0.0,-4186.864700000002,-1917.4863,-6104.351000000002
293,523.4517,1417.3005,-1085.5351,0.0,0.0,0.0,-1296.4423,-16081.8718,612.361,11807.8979,-1977.6719,39.9127,0.0,-4102.838100000001,-1937.7592,-6040.597300000001
294,501.2935,1427.2708,-1072.8614,0.0,0.0,0.0,-1264.8664,-16062.6738,619.3787,11781.5833,-1984.3132,40.2074,0.0,-4070.8752999999997,-1944.1058,-6014.9811
295,492.3339,1445.2358,-1090.3798,0.0,0.0,0.0,-1322.115,-16189.9006,616.0096,11809.4147,-1898.3256,39.0168,0.0,-4239.4014000000025,-1859.3087999999998,-6098.710200000002
296,530.4163,1436.8125,-1067.9569,0.0,0.0,0.0,-1318.1974,-16064.2345,597.3175,11810.8629,-1981.0415,39.9735,0.0,-4074.9796000000006,-1941.068,-6016.047600000001
297,512.1776,1417.612,-1112.458,0.0,0.0,0.0,-1305.909,-16280.2636,600.1821,11847.3061,-1887.1543,39.7262,0.0,-4321.352800000001,-1847.4280999999999,-6168.780900000001
298,579.2744,1411.0486,-1111.243,0.0,0.0,0.0,-1264.3649,-16233.4752,586.1696,11800.0982,-1890.3732,39.8038,0.0,-4232.4923,-1850.5694,-6083.0617
299,508.999,1385.279,-1072.3076,0.0,0.0,0.0,-1283.9344,-16211.3753,623.705,11890.1508,-1967.0089,40.2781,0.0,-4159.4835,-1926.7308,-6086.2143
300,537.0036,1428.194,-1088.2593,0.0,0.0,0.0,-1293.0197,-16114.5852,609.9967,11746.6505,-1926.1852,39.3026,0.0,-4174.019400000001,-1886.8826,-6060.902000000001
301,505.563,1425.2828,-1066.0538,0.0,0.0,0.0,-1286.8385,-16170.5751,618.4681,11862.6716,-1991.2139,41.3054,0.0,-4111.481899999999,-1949.9085,-6061.390399999998
302,540.3946,1414.0539,-1080.1944,0.0,0.0,0.0,-1284.907,-16055.6443,584.9654,11726.052,-1956.6722,40.5535,0.0,-4155.2798,-1916.1187,-6071.3985
303,510.5037,1380.5559,-1083.7234,0.0,0.0,0.0,-1256.5936,-16135.7728,615.272,11792.3622,-1974.3166,39.8308,0.0,-4177.396000000001,-1934.4858000000002,-6111.881800000001
304,500.9808,1413.3425,-1053.7798,0.0,0.0,0.0,-1302.9829,-16169.515,627.1779,11785.5589,-1917.5565,39.7345,0.0,-4199.217599999998,-1877.822,-6077.039599999998
305,515.0755,1442.4136,-1092.3465,0.0,0.0,0.0,-1286.587,-16129.5081,633.7086,11847.6082,-1978.741,40.1924,0.0,-4069.635699999999,-1938.5486,-6008.184299999999
306,483.3894,1450.1222,-1071.987,0.0,0.0,0.0,-1304.5971,-16082.7753,609.9333,11828.2402,-1993.0713,40.1597,0.0,-4087.6742999999988,-1952.9116000000001,-6040.585899999998
307,508.3776,1407.8717,-1100.409,0.0,0.0,0.0,-1292.4338,-16186.7723,600.2782,11829.6708,-1924.2512,40.218,0.0,-4233.416799999999,-1884.0331999999999,-6117.449999999999
308,524.0894,1439.4184,-1087.257,0.0,0.0,0.0,-1246.1049,-16116.7963,612.1187,11817.2656,-2018.0366,40.6528,0.0,-4057.266099999999,-1977.3837999999998,-6034.6498999999985
309,510.8641,1435.9559,-1094.1054,0.0,0.0,0.0,-1261.0218,-16216.723,594.244,11843.7073,-1931.3584,40.1875,0.0,-4187.0789,-1891.1709,-6078.2498000000005
310,507.2731,1400.4974,-1078.6787,0.0,0.0,0.0,-1285.3839,-16400.3065,595.4422,11916.5387,-1835.923,39.7377,0.0,-4344.617699999999,-1796.1853,-6140.802999999999
311,503.9596,1406.6366,-1089.9855,0.0,0.0,0.0,-1275.4162,-16338.3535,601.7407,11822.9443,-1781.6672,40.1813,0.0,-4368.474,-1741.4859000000001,-6109.9599
312,500.6327,1441.0023,-1106.5255,0.0,0.0,0.0,-1269.9945,-16247.0855,609.067,11808.2262,-1864.6061,40.1148,0.0,-4264.677300000001,-1824.4913,-6089.168600000001
313,518.6923,1391.8181,-1106.7282,0.0,0.0,0.0,-1295.005,-16069.7455,587.7344,11787.2079,-2016.9619,41.3114,0.0,-4186.026000000002,-1975.6505,-6161.676500000002
314,511.2082,1442.1015,-1126.4882,0.0,0.0,0.0,-1281.7649,-16205.3532,593.8987,11830.3924,-1906.9898,40.3859,0.0,-4236.0054999999975,-1866.6039,-6102.609399999998
315,497.3221,1454.0297,-1095.4654,0.0,0.0,0.0,-1288.794,-16084.9737,595.8748,11737.0542,-1969.7946,40.8064,0.0,-4184.952300000001,-1928.9882,-6113.940500000001
316,490.6789,1398.6151,-1096.028,0.0,0.0,0.0,-1269.0266,-16228.7771,606.2119,11835.7922,-1923.1554,40.7635,0.0,-4262.533600000001,-1882.3919,-6144.9255
317,513.7677,1392.8965,-1080.4262,0.0,0.0,0.0,-1289.9749,-16163.8388,610.0034,11842.3259,-1942.5693,40.5336,0.0,-4175.246400000002,-1902.0357000000001,-6077.282100000002
318,507.4687,1430.8115,-1092.171,0.0,0.0,0.0,-1244.832,-16222.7923,616.4383,11863.7254,-1968.0911,41.3359,0.0,-4141.351400000001,-1926.7552,-6068.106600000001
319,517.9414,1354.6667,-1081.3404,0.0,0.0,0.0,-1285.8892,-16264.952,618.7185,11864.0548,-1908.8153,41.2142,0.0,-4276.8002,-1867.6011,-6144.4012999999995
320,510.3167,1432.2473,-1069.4144,0.0,0.0,0.0,-1292.1147,-16227.1701,604.9038,11804.1274,-1910.1141,40.6871,0.0,-4237.104000000001,-1869.427,-6106.531000000001
321,510.644,1401.0109,-1100.2589,0.0,0.0,0.0,-1278.5189,-16133.1931,615.4114,11802.1544,-1956.25,41.0927,0.0,-4182.750199999999,-1915.1573,-6097.907499999998
322,503.6292,1473.9464,-1089.1448,0.0,0.0,0.0,-1289.8842,-16221.0819,600.4014,11800.2674,-1887.47,40.6256,0.0,-4221.866499999998,-1846.8444,-6068.710899999998
323,537.2137,1395.85,-1092.2554,0.0,0.0,0.0,-1299.7203,-16196.47,610.944,11811.2582,-1920.4215,40.8112,0.0,-4233.179799999998,-1879.6102999999998,-6112.790099999998
324,501.8654,1432.4866,-1075.8972,0.0,0.0,0.0,-1266.4761,-16023.9867,611.9162,11759.8829,-2037.5992,41.0374,0.0,-4060.2089000000014,-1996.5618000000002,-6056.770700000002
325,505.2271,1367.652,-1065.2497,0.0,0.0,0.0,-1263.7742,-16258.5147,625.6465,11853.2952,-1880.4884,39.4392,0.0,-4235.7178,-1841.0492,-6076.767000000001
326,500.7459,1406.9958,-1086.2957,0.0,0.0,0.0,-1281.1608,-16163.8059,613.1004,11856.0662,-1952.995,40.169,0.0,-4154.354100000002,-1912.8259999999998,-6067.180100000002
327,524.6459,1423.6089,-1085.6736,0.0,0.0,0.0,-1267.0046,-16215.444,614.1043,11814.3618,-1882.6269,40.4401,0.0,-4191.4012999999995,-1842.1868,-6033.5881
328,519.9631,1408.5249,-1103.4438,0.0,0.0,0.0,-1280.8538,-16039.0245,599.0868,11735.1287,-2015.6742,39.5166,0.0,-4160.6186,-1976.1576,-6136.776199999999
329,501.227,1458.8463,-1093.5313,0.0,0.0,0.0,-1288.3976,-16132.5743,613.4395,11825.4152,-2003.837,40.6997,0.0,-4115.575199999999,-1963.1373,-6078.712499999999
330,502.1629,1450.2518,-1077.9103,0.0,0.0,0.0,-1264.9348,-16081.437,593.4162,11782.7413,-1978.0311,40.5722,0.0,-4095.7099,-1937.4588999999999,-6033.1688
331,513.7693,1416.1637,-1072.6931,0.0,0.0,0.0,-1263.2303,-16194.2767,593.2086,11818.3,-1916.36,40.2579,0.0,-4188.758500000002,-1876.1020999999998,-6064.860600000002
332,490.2423,1427.5736,-1105.5672,0.0,0.0,0.0,-1257.9097,-16292.4091,623.2693,11825.4628,-1784.2533,39.5453,0.0,-4289.338000000002,-1744.708,-6034.046000000002
333,511.641,1449.1371,-1072.5129,0.0,0.0,0.0,-1271.7275,-16330.6634,617.7023,11798.5151,-1812.0881,39.4808,0.0,-4297.908299999999,-1772.6073,-6070.515599999999
334,516.7033,1391.9246,-1107.4091,0.0,0.0,0.0,-1292.3225,-16238.8564,607.3652,11825.5227,-1834.556,40.4129,0.0,-4297.0722000000005,-1794.1431,-6091.215300000001
335,537.612,1402.273,-1089.9029,0.0,0.0,0.0,-1255.9205,-16262.6303,618.0209,11795.1839,-1820.2892,40.3296,0.0,-4255.3639,-1779.9596,-6035.3235
336,472.1982,1424.23,-1090.3639,0.0,0.0,0.0,-1293.8419,-16189.9201,613.1725,11816.5659,-1876.9919,40.2613,0.0,-4247.9593,-1836.7306,-6084.6899
337,486.6602,1456.8628,-1114.2646,0.0,0.0,0.0,-1280.8989,-16032.2893,606.5034,11783.674,-1952.6441,40.5841,0.0,-4093.752400000001,-1912.06,-6005.812400000001
338,493.7265,1427.9385,-1081.927,0.0,0.0,0.0,-1278.7218,-16208.3385,622.8753,11789.2216,-1829.4469,39.5488,0.0,-4235.225399999999,-1789.8980999999999,-6025.1235
339,537.7236,1448.146,-1095.6839,0.0,0.0,0.0,-1274.5229,-16269.7162,606.7237,11831.2147,-1853.9508,39.8079,0.0,-4216.115,-1814.1429,-6030.2579000000005
340,490.2766,1422.3723,-1094.6755,0.0,0.0,0.0,-1281.1768,-16279.2001,614.0915,11802.2069,-1829.1694,40.0508,0.0,-4326.105100000001,-1789.1186,-6115.2237000000005
341,481.8269,1413.6377,-1119.1353,0.0,0.0,0.0,-1279.9557,-16171.7448,606.6104,11838.2944,-1911.3486,39.7757,0.0,-4230.466400000001,-1871.5729000000001,-6102.039300000001
342,506.7333,1417.9382,-1071.3,0.0,0.0,0.0,-1315.4156,-16254.6169,623.4379,11820.0574,-1871.5491,39.8337,0.0,-4273.1657,-1831.7154,-6104.8811
343,508.6732,1445.2754,-1113.6702,0.0,0.0,0.0,-1281.8083,-16216.559,601.7855,11804.7934,-1869.3581,40.645,0.0,-4251.509999999998,-1828.7131,-6080.223099999997
344,510.0867,1434.5298,-1097.5158,0.0,0.0,0.0,-1270.809,-16184.1727,615.0004,11790.6913,-1897.9931,40.1104,0.0,-4202.189299999996,-1857.8826999999999,-6060.0719999999965
345,461.0724,1461.1558,-1126.0978,0.0,0.0,0.0,-1251.3579,-16202.9407,614.77,11782.6564,-1874.4267,40.2048,0.0,-4260.7418,-1834.2219,-6094.963699999999
346,533.1866,1381.5125,-1088.5161,0.0,0.0,0.0,-1257.8371,-16293.9527,617.5406,11796.4593,-1813.8145,41.0298,0.0,-4311.606900000001,-1772.7847,-6084.391600000001
347,502.9152,1443.8996,-1088.093,0.0,0.0,0.0,-1251.4921,-16166.0469,603.137,11739.2349,-1877.5562,40.4844,0.0,-4216.445299999998,-1837.0718,-6053.517099999997
348,498.8506,1443.0899,-1085.7894,0.0,0.0,0.0,-1258.0281,-16225.9141,597.5693,11783.9242,-1875.6739,39.9499,0.0,-4246.2976,-1835.724,-6082.0216
349,522.4934,1489.4336,-1116.3677,0.0,0.0,0.0,-1280.8995,-16194.9929,594.0897,11752.574,-1829.8863,40.1827,0.0,-4233.669399999999,-1789.7035999999998,-6023.372999999999
350,536.7952,1430.0781,-1108.0171,0.0,0.0,0.0,-1253.5994,-16302.9281,625.1396,11749.1743,-1784.4222,39.6151,0.0,-4323.357399999997,-1744.8071,-6068.164499999997
351,509.4787,1429.2722,-1088.6327,0.0,0.0,0.0,-1274.8269,-16316.1141,600.6926,11768.4964,-1768.4668,40.1378,0.0,-4371.633800000001,-1728.329,-6099.962800000001
352,518.5186,1441.5568,-1113.9985,0.0,0.0,0.0,-1273.8783,-16182.8585,606.3268,11773.7278,-1870.0579,39.8437,0.0,-4230.605299999997,-1830.2142000000001,-6060.819499999997
353,465.4101,1373.9456,-1101.611,0.0,0.0,0.0,-1282.5724,-16287.1158,612.6856,11835.1542,-1789.4436,38.8798,0.0,-4384.1037,-1750.5638000000001,-6134.6675000000005
354,493.0844,1440.839,-1101.0802,0.0,0.0,0.0,-1292.6188,-16149.7531,599.5216,11768.5587,-1898.2456,39.827,0.0,-4241.448399999999,-1858.4186,-6099.866999999999
355,480.0609,1429.8564,-1105.1387,0.0,0.0,0.0,-1261.9194,-16171.2031,603.8651,11791.9168,-1923.992,40.6827,0.0,-4232.562,-1883.3093,-6115.8713
356,497.476,1436.4526,-1090.7531,0.0,0.0,0.0,-1278.911,-16262.7016,608.361,11850.3035,-1894.2241,39.8526,0.0,-4239.772599999998,-1854.3715,-6094.144099999998
357,526.1567,1437.4309,-1106.0783,0.0,0.0,0.0,-1228.8547,-16142.55,623.0023,11808.1103,-1945.4413,40.5366,0.0,-4082.782799999997,-1904.9047,-5987.687499999997
358,519.3496,1420.8888,-1078.7457,0.0,0.0,0.0,-1279.4592,-16329.3869,603.7195,11776.4776,-1763.3047,40.1831,0.0,-4367.156300000001,-1723.1216,-6090.2779
359,494.403,1457.0927,-1065.2818,0.0,0.0,0.0,-1284.8748,-16245.326,599.6012,11830.0919,-1862.5926,40.1383,0.0,-4214.293800000001,-1822.4542999999999,-6036.748100000002
360,532.6182,1427.0287,-1110.0173,0.0,0.0,0.0,-1280.5969,-16247.2541,625.6754,11834.3452,-1851.5692,40.55,0.0,-4218.200799999999,-1811.0192,-6029.219999999998
361,488.6686,1453.5799,-1095.695,0.0,0.0,0.0,-1322.5682,-16085.4237,607.2372,11798.6456,-1987.7517,40.1474,0.0,-4155.5556,-1947.6043,-6103.1599
362,491.0191,1414.5405,-1076.5553,0.0,0.0,0.0,-1278.069,-16163.0689,614.6825,11783.0006,-1875.8676,40.5518,0.0,-4214.450500000001,-1835.3158,-6049.7663
363,485.0219,1465.8088,-1095.2957,0.0,0.0,0.0,-1240.359,-16119.3914,603.3087,11787.6338,-1941.1185,41.1684,0.0,-4113.272900000002,-1899.9501,-6013.223000000003
364,508.92,1433.8646,-1083.2741,0.0,0.0,0.0,-1287.1875,-15952.1543,601.8002,11774.6041,-2090.9997,41.1642,0.0,-4003.4269999999997,-2049.8354999999997,-6053.2625
365,480.101,1378.286,-1071.8918,0.0,0.0,0.0,-1277.6565,-16127.8668,616.2924,11910.1936,-2015.9823,40.7566,0.0,-4092.5420999999988,-1975.2257,-6067.767799999999
366,490.7542,1449.0284,-1086.9335,0.0,0.0,0.0,-1293.8362,-16193.0207,607.3117,11756.1035,-1833.8318,40.0182,0.0,-4270.5926,-1793.8136,-6064.406199999999
367,531.6821,1391.9508,-1099.9103,0.0,0.0,0.0,-1281.9607,-16252.3456,605.0052,11774.5937,-1784.7354,40.0921,0.0,-4330.9848,-1744.6433,-6075.6281
368,527.9071,1432.1547,-1098.9649,0.0,0.0,0.0,-1290.5715,-16164.9521,608.3289,11787.4212,-1875.1855,40.7155,0.0,-4198.676599999999,-1834.47,-6033.146599999998
369,527.7313,1475.5435,-1104.8219,0.0,0.0,0.0,-1265.386,-16070.8491,604.5449,11794.0464,-1989.5493,41.4601,0.0,-4039.190899999998,-1948.0892,-5987.280099999997
370,516.8828,1474.2667,-1121.7933,0.0,0.0,0.0,-1271.5131,-16157.9426,612.7512,11725.2651,-1880.0881,40.4139,0.0,-4222.083199999999,-1839.6742,-6061.7573999999995
371,507.9706,1439.6042,-1115.3636,0.0,0.0,0.0,-1276.1981,-15959.5822,603.7589,11784.0201,-2092.3718,40.95,0.0,-4015.7901,-2051.4218,-6067.2119
372,518.2087,1392.0496,-1110.6552,0.0,0.0,0.0,-1252.2606,-16134.075,599.8705,11780.4359,-1930.5021,39.6745,0.0,-4206.426100000001,-1890.8275999999998,-6097.2537
373,512.353,1452.0473,-1085.5535,0.0,0.0,0.0,-1269.8069,-16088.2865,593.3892,11748.0936,-1965.3593,41.2463,0.0,-4137.763799999999,-1924.113,-6061.876799999999
374,499.8834,1440.516,-1095.312,0.0,0.0,0.0,-1308.5262,-16154.4682,601.2986,11791.5474,-1915.4996,39.8557,0.0,-4225.061,-1875.6439,-6100.7049
375,506.6271,1411.1383,-1090.1191,0.0,0.0,0.0,-1311.7671,-16006.8247,603.8026,11764.0877,-1995.7456,41.1323,0.0,-4123.055199999999,-1954.6133,-6077.668499999999
376,490.2495,1406.1727,-1089.6453,0.0,0.0,0.0,-1278.4843,-16137.2869,610.5329,11799.603,-1960.758,40.6415,0.0,-4198.858399999999,-1920.1165,-6118.974899999999
377,551.223,1400.99,-1093.4764,0.0,0.0,0.0,-1292.9827,-16123.5322,583.422,11826.6661,-1961.5595,40.8036,0.0,-4147.690199999997,-1920.7559,-6068.446099999997
378,506.2856,1356.6842,-1100.9621,0.0,0.0,0.0,-1268.1332,-16143.6349,617.1639,11783.0951,-1898.3224,39.6368,0.0,-4249.501399999999,-1858.6856,-6108.186999999999
379,560.0985,1435.8639,-1088.66,0.0,0.0,0.0,-1252.1483,-16222.9103,611.0133,11807.6436,-1889.6319,39.8856,0.0,-4149.0993,-1849.7463,-5998.845600000001
380,518.6314,1344.5486,-1088.4435,0.0,0.0,0.0,-1280.1718,-16165.6917,604.7704,11845.5666,-1953.3408,40.2035,0.0,-4220.790000000001,-1913.1372999999999,-6133.927300000001
381,513.5274,1425.2227,-1089.8773,0.0,0.0,0.0,-1298.3493,-16241.6014,599.9807,11790.3209,-1820.0706,40.0089,0.0,-4300.7762999999995,-1780.0617,-6080.838
382,531.5951,1395.6741,-1103.1272,0.0,0.0,0.0,-1274.03,-16268.7391,610.6091,11836.9001,-1846.8581,40.1107,0.0,-4271.117900000001,-1806.7474,-6077.8653
383,467.5803,1408.3172,-1088.527,0.0,0.0,0.0,-1265.6861,-16167.7074,618.6699,11826.3865,-1945.5419,40.2455,0.0,-4200.9666,-1905.2964,-6106.263
384,498.1777,1404.6605,-1123.56,0.0,0.0,0.0,-1285.8113,-16171.0622,610.905,11779.1084,-1884.4292,39.7193,0.0,-4287.581900000001,-1844.7099,-6132.291800000002
385,497.6519,1483.2751,-1107.865,0.0,0.0,0.0,-1250.3357,-16209.0068,606.8954,11717.8113,-1880.7631,41.0264,0.0,-4261.573800000002,-1839.7367,-6101.310500000002
386,536.3137,1407.1327,-1085.5698,0.0,0.0,0.0,-1286.554,-16115.601,613.6007,11746.9794,-1932.092,40.0864,0.0,-4183.6983,-1892.0056000000002,-6075.7039
387,519.9761,1470.961,-1079.2666,0.0,0.0,0.0,-1281.5258,-16106.8972,597.585,11750.4385,-1887.8209,40.5116,0.0,-4128.728999999999,-1847.3093,-5976.038299999999
388,491.4978,1453.2232,-1097.8586,0.0,0.0,0.0,-1274.2758,-16272.2343,599.2436,11830.7428,-1867.6237,40.1238,0.0,-4269.661300000002,-1827.4999,-6097.161200000001
389,504.6228,1428.0451,-1094.2056,0.0,0.0,0.0,-1311.1985,-16265.3635,597.3146,11807.73,-1813.6074,40.5548,0.0,-4333.0551,-1773.0526,-6106.1077
390,519.5894,1450.8866,-1091.394,0.0,0.0,0.0,-1250.9748,-16390.4433,612.3546,11810.4006,-1789.7425,40.6196,0.0,-4339.580899999999,-1749.1229,-6088.703799999999
391,508.5324,1398.2463,-1099.6474,0.0,0.0,0.0,-1262.8841,-16246.7755,609.0279,11816.5797,-1834.0579,39.7832,0.0,-4276.920699999997,-1794.2747,-6071.195399999997
392,524.7616,1422.1928,-1091.5646,0.0,0.0,0.0,-1255.3047,-16142.7928,612.179,11770.5835,-1903.9602,40.215,0.0,-4159.945199999998,-1863.7452,-6023.690399999998
393,503.2078,1415.1977,-1104.666,0.0,0.0,0.0,-1256.369,-16141.7375,592.5192,11798.3689,-1943.9262,41.1545,0.0,-4193.478899999998,-1902.7717,-6096.2505999999985
394,498.3561,1427.053,-1090.4491,0.0,0.0,0.0,-1286.8916,-16164.04,591.5247,11775.3997,-1916.8678,41.0564,0.0,-4249.047200000001,-1875.8114,-6124.8586000000005
395,524.1916,1445.3532,-1111.2773,0.0,0.0,0.0,-1287.6684,-16161.5415,592.992,11802.9949,-1911.3197,40.3796,0.0,-4194.9555,-1870.9401,-6065.8956
396,528.3047,1432.5424,-1079.2351,0.0,0.0,0.0,-1282.862,-16244.393,598.0822,11813.861,-1864.3773,41.0419,0.0,-4233.6997999999985,-1823.3354000000002,-6057.035199999998
397,525.0344,1427.5379,-1099.29,0.0,0.0,0.0,-1285.1044,-16240.4153,613.8642,11801.8693,-1877.2823,40.1394,0.0,-4256.5039000000015,-1837.1429,-6093.646800000001
398,513.2945,1384.8626,-1087.0663,0.0,0.0,0.0,-1277.5079,-16181.078,603.7401,11774.9766,-1899.0229,40.6131,0.0,-4268.778400000001,-1858.4098,-6127.188200000001
399,540.9135,1415.3178,-1085.3025,0.0,0.0,0.0,-1289.6463,-16219.5424,596.8249,11811.2309,-1903.1831,40.8108,0.0,-4230.204100000001,-1862.3723,-6092.576400000001
400,470.6016,1412.9968,-1099.2683,0.0,0.0,0.0,-1261.6623,-16311.8886,608.3688,11790.3996,-1776.8019,39.9372,0.0,-4390.452399999998,-1736.8646999999999,-6127.317099999998

