#Frame   pw_nb_121[EVDW] pw_nb_121[EELEC]
       1         -2.3697         -41.6380
       2         -2.4320         -38.5625
       3         -2.5056         -40.0927
       4         -2.5209         -42.0635
       5         -2.6268         -40.1414
       6         -2.6662         -40.3616
       7         -2.2723         -41.1886
       8         -2.2111         -42.3255
       9         -2.2231         -41.3336
      10         -2.6464         -39.7368
      11         -2.2416         -40.8838
      12         -1.9829         -41.1016
      13         -1.8532         -41.6205
      14         -2.3978         -40.9878
      15         -2.3414         -42.2872
      16         -2.4075         -39.3119
      17         -2.3928         -41.9756
      18         -2.4931         -41.6103
      19         -2.5160         -41.5241
      20         -2.5896         -40.7727
      21         -2.4315         -41.3104
      22         -0.9897         -40.9941
      23         -2.7022         -40.2028
      24         -2.5382         -40.4839
      25         -1.0904         -41.9004
      26         -1.9812         -39.4837
      27         -2.1731         -43.7852
      28         -2.1833         -41.1471
      29         -2.4076         -38.5575
      30         -2.3880         -41.8307
      31         -2.5278         -39.7516
      32         -2.2136         -40.0637
      33         -2.6777         -39.6368
      34         -2.5174         -40.8179
      35         -2.5642         -40.8098
      36         -2.1791         -38.8842
      37         -2.5052         -41.1444
      38         -2.5122         -41.6035
      39         -1.7957         -42.1564
      40         -2.2699         -41.2902
      41         -2.4346         -40.7397
      42         -2.7570         -37.1961
      43         -1.7998         -39.1691
      44         -1.9803         -41.8843
      45         -2.4287         -41.0363
      46         -2.2110         -41.9177
      47         -2.6629         -39.9903
      48         -0.8898         -42.3261
      49         -2.1087         -42.0357
      50         -2.1931         -40.6695
      51         -2.5231         -40.3729
      52         -2.6308         -39.2091
      53         -1.6254         -43.6608
      54         -2.3580         -41.0584
      55         -2.1088         -43.2178
      56         -2.3050         -39.2882
      57         -2.2304         -41.9180
      58         -2.5747         -40.9937
      59         -1.2849         -42.7864
      60         -2.2820         -41.6648
      61         -2.3706         -40.4571
      62         -1.4882         -43.0348
      63         -2.3380         -43.0890
      64         -2.3693         -41.0454
      65         -2.5223         -39.1871
      66         -2.2323         -42.1100
      67         -1.6123         -40.6666
      68         -1.3705         -42.2861
      69         -2.6806         -41.3616
      70         -2.6397         -40.4482
      71         -2.0144         -42.3262
      72         -2.0943         -41.8343
      73         -2.5386         -40.8339
      74         -1.8595         -41.5034
      75         -2.4577         -39.8577
      76         -1.3967         -41.8106
      77         -2.2491         -41.5573
      78         -2.7166         -41.0922
      79         -2.4170         -39.5199
      80         -1.8793         -42.6549
      81         -2.3940         -41.1488
      82         -2.1133         -42.4417
      83         -2.0185         -41.3191
      84         -2.3473         -41.3780
      85         -1.9420         -41.8551
      86         -2.2622         -42.2909
      87         -2.0615         -42.0605
      88         -2.3912         -43.2388
      89         -2.2928         -42.4903
      90         -2.1070         -40.9499
      91         -1.6843         -42.2651
      92         -2.7004         -40.2999
      93         -2.5730         -41.9196
      94         -2.5817         -39.2654
      95         -2.5540         -38.7939
      96         -2.4255         -40.6894
      97         -2.1376         -41.2607
      98         -1.7251         -43.0163
      99         -2.4113         -42.3248
     100         -2.0240         -41.3683
     101         -2.2022         -41.2713
     102         -1.5884         -41.5372
     103         -2.4122         -42.0482
     104         -2.4222         -40.6693
     105         -2.5220         -41.0227
     106         -2.5932         -41.4537
     107         -2.0419         -41.7836
     108         -2.2046         -41.7940
     109         -2.5320         -40.2076
     110         -2.2296         -40.9503
     111         -2.7235         -40.0224
     112         -2.4862         -42.5525
     113         -2.0050         -42.6001
     114         -2.6197         -41.0949
     115         -2.4394         -41.8734
     116         -1.1484         -40.6167
     117         -2.2848         -43.4301
     118         -2.4412         -40.3577
     119         -2.5718         -40.8452
     120         -2.4073         -38.5965
     121         -2.4109         -40.9173
     122         -1.9004         -41.8579
     123         -2.0882         -41.0301
     124         -2.4499         -42.4289
     125         -2.2157         -41.7802
     126         -2.1827         -41.2147
     127         -2.5477         -40.8126
     128         -2.1994         -42.1676
     129         -2.0407         -42.0972
     130         -2.2808         -43.2095
     131         -2.4956         -42.8615
     132         -2.1366         -43.2807
     133         -1.8179         -42.0520
     134         -2.4827         -41.0635
     135         -1.4626         -41.9643
     136         -2.2995         -41.5726
     137         -2.0384         -40.5763
     138         -2.2301         -40.4280
     139         -2.3120         -41.4272
     140         -1.0760         -42.1747
     141         -2.3393         -39.9908
     142         -1.9385         -43.0721
     143         -0.3433         -43.4550
     144         -2.5080         -38.1706
     145         -2.4650         -41.1521
     146         -2.4808         -40.7342
     147         -2.3527         -42.4466
     148         -2.6230         -39.8868
     149         -1.8774         -41.4873
     150         -2.4701         -41.7348
     151         -2.3675         -41.3936
     152         -2.1807         -42.0159
     153         -1.8252         -42.0355
     154         -1.8364         -41.0501
     155         -2.0874         -41.6200
     156         -2.5295         -38.6657
     157         -2.0483         -40.1763
     158         -2.4403         -41.6118
     159         -1.1484         -44.3778
     160         -2.1814         -42.9475
     161         -2.1993         -43.1941
     162         -1.9537         -43.6637
     163         -2.2477         -42.1445
     164         -2.4271         -41.7804
     165         -2.6665         -38.9881
     166         -2.1015         -42.4841
     167         -1.7511         -42.9413
     168         -1.9657         -40.5505
     169         -2.0296         -42.4033
     170         -2.2386         -41.9414
     171         -1.6053         -41.8160
     172         -2.2783         -43.1475
     173         -2.3912         -39.5028
     174         -2.5312         -41.2924
     175         -2.4589         -42.4671
     176         -2.0451         -40.3333
     177         -1.9375         -41.1321
     178         -2.2446         -41.9569
     179         -2.4116         -40.7953
     180         -2.0137         -42.1160
     181         -2.3240         -40.6687
     182         -2.7391         -41.4548
     183         -2.3081         -41.8177
     184         -2.3539         -41.2977
     185         -2.5384         -39.8851
     186         -2.1519         -42.9766
     187         -1.9581         -42.5457
     188         -2.1143         -42.0539
     189         -2.3280         -41.4368
     190         -1.1193         -43.0806
     191         -2.1572         -42.8322
     192         -1.7660         -43.4455
     193         -1.9014         -43.2322
     194         -1.8136         -42.4314
     195         -1.8015         -42.2707
     196         -2.0739         -42.1840
     197         -2.2311         -43.8371
     198         -2.3097         -41.2007
     199         -2.0643         -43.1153
     200         -1.0056         -41.7263
     201         -2.0178         -40.5831
     202         -2.4682         -41.4299
     203         -2.4708         -41.7609
     204         -1.9570         -42.5292
     205         -2.1543         -42.1378
     206         -2.3702         -40.8995
     207         -2.4407         -40.8923
     208         -2.3089         -42.6656
     209         -2.2914         -42.4059
     210         -2.0789         -39.6048
     211         -2.2361         -42.9652
     212         -1.5281         -41.7736
     213         -2.1078         -40.7691
     214         -2.5792         -40.6001
     215         -2.3597         -40.5983
     216         -2.3920         -43.0982
     217         -2.5831         -39.8025
     218         -2.4029         -40.8023
     219         -2.4550         -41.4919
     220         -1.7851         -41.0788
     221         -1.9903         -41.2470
     222         -2.2265         -43.8458
     223         -2.3493         -42.3831
     224         -2.2219         -41.3141
     225         -2.4245         -38.9203
     226         -2.4054         -41.8014
     227         -2.0829         -41.5633
     228         -2.0295         -41.8737
     229         -2.2015         -40.5213
     230         -1.0473         -43.3274
     231         -2.2328         -42.7248
     232         -1.7905         -42.8983
     233         -2.2068         -40.8613
     234         -1.4746         -43.0495
     235         -2.1378         -42.2562
     236         -1.4367         -41.7342
     237         -2.4074         -42.4448
     238         -2.2245         -40.9128
     239         -2.4309         -40.7410
     240         -2.5283         -38.3674
     241         -1.9725         -42.7130
     242         -2.3466         -41.4534
     243         -2.3028         -41.1919
     244         -1.3042         -42.3304
     245         -2.2586         -42.0078
     246         -2.0435         -40.1615
     247         -2.3227         -41.1425
     248         -2.3207         -40.5901
     249         -2.2180         -42.7295
     250         -2.5483         -41.8113
     251         -2.2448         -40.5192
     252         -2.3973         -41.2487
     253         -2.4491         -42.3824
     254         -2.5748         -41.4226
     255         -1.7173         -42.7551
     256         -1.9332         -40.7341
     257         -2.5943         -39.3810
     258         -2.1364         -41.5161
     259         -2.5823         -40.4249
     260         -2.5171         -40.5065
     261         -2.5194         -40.7597
     262         -2.6393         -38.0057
     263         -2.1924         -41.3121
     264         -1.8431         -43.0827
     265         -2.2481         -40.5429
     266         -2.4443         -40.6584
     267         -2.4765         -41.1300
     268         -2.2889         -42.5612
     269         -2.3045         -43.2593
     270         -2.6715         -39.5030
     271         -2.2591         -42.4590
     272         -1.7949         -41.6126
     273         -2.4348         -40.2220
     274         -2.5994         -40.7150
     275         -2.2766         -41.6536
     276         -2.5527         -40.6024
     277         -2.6260         -40.8902
     278         -1.6840         -41.8518
     279         -2.4999         -40.5512
     280         -2.2347         -41.1823
     281         -2.6738         -40.4884
     282         -2.4167         -42.5956
     283         -2.5390         -40.6185
     284         -2.3558         -41.4701
     285         -1.8773         -41.9156
     286         -2.0757         -39.9837
     287         -2.5957         -39.8018
     288         -2.4351         -41.1956
     289         -2.6489         -39.4257
     290         -2.5668         -40.0935
     291         -2.6136         -39.9859
     292         -2.5181         -41.1256
     293         -2.0029         -42.3695
     294         -2.6770         -40.6612
     295         -1.9084         -40.9047
     296         -2.6110         -40.9455
     297         -1.7552         -41.1025
     298         -2.3978         -42.1431
     299         -1.8379         -42.7737
     300         -2.4160         -41.8904
     301         -2.4449         -41.2013
     302         -2.3664         -41.0959
     303         -0.7937         -43.2880
     304         -2.5480         -40.7732
     305         -2.4899         -39.3187
     306         -2.2332         -40.8469
     307         -2.4766         -40.8035
     308         -2.6661         -41.4216
     309         -2.3305         -39.0852
     310         -1.6295         -39.3996
     311         -2.6298         -40.4850
     312         -1.5998         -42.9089
     313         -2.1321         -43.4860
     314         -1.6360         -42.0902
     315         -2.5681         -39.8705
     316         -2.1594         -41.9388
     317         -1.5155         -41.9751
     318         -2.4187         -40.6622
     319         -2.3837         -41.6094
     320         -2.3454         -39.1349
     321         -2.5717         -41.1086
     322         -2.4711         -40.2861
     323         -2.6416         -40.9026
     324         -2.0678         -39.9678
     325         -2.2983         -41.7303
     326         -1.6964         -42.9139
     327         -1.9565         -41.8556
     328         -2.2386         -41.5500
     329         -2.2092         -42.0372
     330         -1.8007         -43.8974
     331         -2.4022         -40.4361
     332         -1.7405         -42.1521
     333         -2.1263         -42.5186
     334         -2.0875         -42.7372
     335         -2.1442         -42.7871
     336         -1.4870         -41.3227
     337         -1.3604         -43.0005
     338         -1.8543         -42.5086
     339         -2.2736         -40.7163
     340         -2.0653         -42.0779
     341         -2.5640         -38.8087
     342         -2.4256         -40.4384
     343         -1.5899         -42.9440
     344         -2.0466         -42.0361
     345         -2.5619         -39.3578
     346         -2.4962         -41.3234
     347         -1.6178         -42.6687
     348         -2.5785         -42.6101
     349         -2.1148         -41.4248
     350         -1.8240         -42.4398
     351         -2.3866         -40.2886
     352         -2.3364         -41.2333
     353         -2.4399         -38.6835
     354         -1.7737         -42.6744
     355         -2.1636         -39.8433
     356         -2.6530         -39.8988
     357         -1.4237         -42.4199
     358         -2.4729         -40.6844
     359         -2.4036         -41.5963
     360         -2.0588         -42.6111
     361         -2.4181         -42.5819
     362         -2.5409         -39.9237
     363         -2.0461         -40.9397
     364         -1.6526         -41.3363
     365         -2.5479         -40.8097
     366         -2.6018         -41.0485
     367         -1.7843         -43.8947
     368         -1.7738         -42.5944
     369         -1.5978         -42.1801
     370         -1.4560         -39.7931
     371         -2.5734         -39.7875
     372         -2.6801         -39.2663
     373         -1.7145         -42.8287
     374         -2.0922         -42.1780
     375         -2.3692         -40.5803
     376         -2.4318         -41.4912
     377         -1.6523         -41.8755
     378         -2.6591         -40.5068
     379         -2.1632         -39.0386
     380         -2.1959         -41.3058
     381         -2.3308         -41.3127
     382         -2.3016         -42.2685
     383         -1.8822         -43.3155
     384         -2.3187         -41.0594
     385         -2.3070         -42.6253
     386         -2.3003         -42.4297
     387         -1.9509         -42.4498
     388         -2.5387         -40.4533
     389         -2.6395         -40.9310
     390         -2.2617         -41.6094
     391         -2.4590         -40.9121
     392         -2.3467         -43.5906
     393         -1.5027         -43.4885
     394         -2.4283         -39.2361
     395         -1.4564         -41.7086
     396         -2.6596         -40.8732
     397         -2.0786         -41.0595
     398         -1.5880         -42.3511
     399         -2.3700         -43.1731
     400         -2.7426         -41.0417
     401         -2.0382         -41.7792
     402         -2.0199         -40.2557
     403         -2.5305         -40.8560
     404         -2.3323         -39.6933
     405         -2.4449         -41.5401
     406         -2.5000         -41.0743
     407         -1.6715         -43.1715
     408         -2.5357         -42.4055
     409         -2.3783         -41.3380
     410         -2.3503         -41.5526
     411         -1.7952         -43.4121
     412         -1.4952         -42.4410
     413         -1.9759         -41.6196
     414         -1.4031         -42.7582
     415         -2.2220         -39.9085
     416         -1.9593         -41.5982
     417         -1.7706         -43.0650
     418         -2.5957         -40.1481
     419         -1.6275         -43.5041
     420         -2.0321         -42.7602
     421         -2.1713         -43.8160
     422         -2.0494         -42.3691
     423         -2.2048         -42.3207
     424         -2.0449         -42.1345
     425         -2.6914         -40.2467
     426         -2.2371         -39.2859
     427         -2.4983         -40.6374
     428         -2.3670         -39.8669
     429         -1.4855         -42.1130
     430         -1.8677         -40.8386
     431         -2.0431         -41.9060
     432         -2.4080         -40.9446
     433         -1.9204         -42.1672
     434         -2.4045         -42.1954
     435         -2.4919         -41.6420
     436         -2.1721         -41.3558
     437         -2.1579         -41.4369
     438         -2.5694         -40.0153
     439         -1.7783         -41.2235
     440         -2.1532         -42.2542
     441         -1.4037         -41.0917
     442         -1.9704         -40.8852
     443         -1.7434         -41.3691
     444         -2.1464         -40.7974
     445         -1.1536         -43.6401
     446         -2.1110         -43.0699
     447         -1.8667         -43.1957
     448         -2.4015         -41.1766
     449         -2.3498         -40.8836
     450         -2.0806         -42.3495
     451         -2.6570         -41.4262
     452         -2.3213         -40.7254
     453         -1.9710         -44.1033
     454         -2.0768         -40.1185
     455         -2.7126         -41.1079
     456         -2.5099         -41.2628
     457         -2.3163         -41.9712
     458         -2.0132         -42.3781
     459         -1.5343         -42.7947
     460         -1.8285         -41.5290
     461         -2.4028         -41.8595
     462         -2.2755         -41.3983
     463         -2.4082         -41.1862
     464         -2.3981         -40.5302
     465         -2.3122         -40.1185
     466         -2.2609         -42.2806
     467         -2.3613         -38.4736
     468         -2.4725         -40.4693
     469         -2.2236         -42.3826
     470         -2.5154         -39.7845
     471         -2.3428         -40.2992
     472         -1.8928         -42.3117
     473         -1.5435         -42.4377
     474         -1.8991         -43.0839
     475         -2.2127         -42.3567
     476         -2.0591         -42.9389
     477         -2.3443         -41.9213
     478         -2.3621         -42.0050
     479         -2.1161         -42.4381
     480         -2.4829         -39.3240
     481         -2.6091         -40.8056
     482         -2.0921         -42.8069
     483         -2.3478         -40.4340
     484         -2.1985         -42.3008
     485         -1.7326         -42.9472
     486         -2.5490         -39.2075
     487         -1.0213         -42.7746
     488         -2.5054         -40.2623
     489         -1.7621         -42.9572
     490         -2.4024         -40.6662
     491         -2.3078         -42.1047
     492         -2.5285         -41.5529
     493         -1.9834         -42.4955
     494         -2.6690         -40.1857
     495         -2.0778         -42.3258
     496         -2.2133         -41.8293
     497         -2.5527         -41.6548
     498         -1.8826         -41.7989
     499         -2.6762         -41.3940
     500         -2.4039         -40.3126
     501         -2.4172         -41.4720
     502         -2.2929         -41.6490
     503         -2.6797         -40.2731
     504         -0.7740         -42.7432
     505         -1.8775         -41.6201
     506         -2.0503         -40.4434
     507         -2.6008         -39.8498
     508         -2.4899         -39.8761
     509         -2.6006         -42.1529
     510         -2.3929         -42.0848
     511         -0.9389         -44.3534
     512         -2.4528         -39.9512
     513         -2.6859         -37.8225
     514         -2.1775         -38.5284
     515         -2.3774         -41.3076
     516         -2.5456         -41.2730
     517         -2.4845         -39.8107
     518         -2.2617         -41.4230
     519         -1.8278         -40.9521
     520         -2.6195         -40.7420
     521         -1.4666         -42.3464
     522         -2.0610         -41.3894
     523         -2.4619         -41.5048
     524         -2.0532         -41.8264
     525         -2.4748         -40.6986
     526         -1.3336         -40.9740
     527         -2.1023         -41.4308
     528         -1.3869         -43.1460
     529         -2.3251         -41.5894
     530         -1.8828         -41.6116
     531         -2.4536         -40.4964
     532         -2.1397         -40.9215
     533         -2.2168         -42.6896
     534         -2.6581         -39.9216
     535         -2.6830         -40.1835
     536         -1.7338         -43.0690
     537         -2.6607         -40.8406
     538         -1.1868         -43.6248
     539         -2.1811         -40.8831
     540         -2.0170         -40.8952
     541         -2.2057         -41.7407
     542         -1.9882         -41.7690
     543         -2.2227         -41.7342
     544         -2.2432         -41.1304
     545         -2.3115         -42.0792
     546         -2.2794         -40.8864
     547         -2.4737         -41.0095
     548         -2.2081         -42.7383
     549         -2.5040         -39.9169
     550         -2.3837         -41.4684
     551         -2.3997         -42.4699
     552         -2.5351         -41.1790
     553         -1.9548         -40.5012
     554         -2.4345         -40.1243
     555         -2.2393         -41.8737
     556         -2.2620         -41.9118
     557         -2.5385         -38.1084
     558         -1.5228         -42.2474
     559         -2.1168         -42.8384
     560         -2.4175         -41.2192
     561         -1.8009         -40.0835
     562         -1.9377         -40.3727
     563         -2.3452         -41.5586
     564         -2.4016         -40.8293
     565         -2.5178         -42.1507
     566         -2.4325         -41.2532
     567         -2.3553         -41.5793
     568         -2.3357         -40.5237
     569         -2.0780         -43.2403
     570         -1.6310         -41.4078
     571         -2.4789         -39.7848
     572         -2.2927         -40.1510
     573         -2.0674         -43.1892
     574         -2.3793         -40.7658
     575         -2.5484         -38.7007
     576         -1.8155         -39.5363
     577         -2.0147         -41.4399
     578         -2.2982         -41.3242
     579         -2.2710         -40.6227
     580         -2.1977         -40.7931
     581         -2.2670         -41.9171
     582         -2.4321         -39.9269
     583         -2.0771         -40.9551
     584         -2.5863         -40.5326
     585         -2.3524         -39.4420
     586         -1.6054         -42.7812
     587         -1.8503         -40.2289
     588         -2.2804         -42.6623
     589         -2.4739         -41.9553
     590         -1.9873         -40.8255
     591         -2.3906         -40.1267
     592         -2.7116         -41.5318
     593         -2.4556         -41.3181
     594         -1.9622         -41.8787
     595         -2.7014         -40.0824
     596         -2.1880         -41.4545
     597         -1.9142         -41.2457
     598         -1.8718         -42.9851
     599         -2.6987         -42.0229
     600         -2.5454         -40.7688
     601         -2.0317         -40.9153
     602         -1.7057         -40.5504
     603         -1.6387         -42.0127
     604         -1.7935         -42.5702
     605         -2.4422         -41.9256
     606         -2.3291         -42.5992
     607         -2.1567         -41.2250
     608         -2.5277         -41.6692
     609         -2.5689         -41.8442
     610         -1.6522         -42.7457
     611         -2.3822         -41.4910
     612         -2.2245         -42.5104
     613         -1.7868         -42.0799
     614         -2.4706         -42.5910
     615         -1.8889         -41.8478
     616         -2.0906         -42.2725
     617         -2.4667         -42.0262
     618         -2.1729         -42.0042
     619         -2.3468         -42.1849
     620         -1.9177         -42.9521
     621         -2.5746         -39.1741
     622         -2.2540         -41.4081
     623         -2.7715         -40.0889
     624         -2.1275         -41.0870
     625         -2.4232         -39.8565
     626         -2.3313         -42.6470
     627         -1.1777         -40.7763
     628         -2.3386         -41.0325
     629         -2.5874         -41.6231
     630         -2.4790         -40.6582
     631         -2.3290         -41.1331
     632         -2.0294         -41.8787
     633         -2.2130         -43.3731
     634         -2.4428         -40.8406
     635         -0.9794         -41.3873
     636         -2.1497         -40.5566
     637         -2.4357         -41.0568
     638         -2.2538         -40.9301
     639         -2.5326         -41.1620
     640         -2.1343         -42.6648
     641         -2.4360         -40.0081
     642         -1.8701         -41.8553
     643         -1.6244         -42.0040
     644         -2.5756         -40.2081
     645         -2.4098         -41.6099
     646         -2.6337         -40.3041
     647         -2.5331         -40.4780
     648         -2.3352         -41.6534
     649         -2.3851         -42.0512
     650         -2.5867         -40.2194
     651         -2.2207         -42.6160
     652         -2.5256         -41.1151
     653         -1.9453         -41.2667
     654         -2.4877         -41.7748
     655         -2.4182         -41.4749
     656         -2.4885         -41.7997
     657         -2.3195         -39.3962
     658         -1.8688         -41.0756
     659         -2.5995         -41.0845
     660         -2.4437         -41.0404
     661         -1.7362         -41.9682
     662         -2.5387         -41.5973
     663         -2.0216         -40.0103
     664         -2.2252         -42.8885
     665         -2.1890         -40.7445
     666         -2.4136         -40.6532
     667         -2.0915         -41.0863
     668         -2.1806         -42.2193
     669         -2.3694         -41.0545
     670         -2.2092         -42.0732
     671         -1.7797         -42.9243
     672         -1.8132         -41.7073
     673         -1.6636         -43.3827
     674         -2.2508         -42.5263
     675         -1.8527         -41.9708
     676         -2.0032         -40.8914
     677         -2.5808         -41.4918
     678         -1.7163         -41.9035
     679         -2.5395         -42.1485
     680         -0.2396         -41.4275
     681         -2.2640         -43.9115
     682         -2.5786         -41.7208
     683         -1.8584         -42.3264
     684         -1.1738         -41.3295
     685         -1.9507         -40.5944
     686         -2.5494         -40.3219
     687         -1.4929         -42.6552
     688         -1.6442         -42.4236
     689         -2.5786         -40.6561
     690         -2.4813         -39.5955
     691         -2.2327         -41.2778
     692         -2.7024         -39.9602
     693         -2.3765         -42.3651
     694         -2.6012         -41.3663
     695         -2.4368         -40.7846
     696         -2.4221         -41.6567
     697         -2.0276         -42.2708
     698         -2.3425         -42.9788
     699         -2.2917         -40.3854
     700         -2.6142         -41.5860
     701         -2.5697         -41.3284
     702         -2.5024         -39.6874
     703         -2.3725         -41.5109
     704         -1.5210         -39.5901
     705         -2.3123         -42.0797
     706         -1.3038         -42.3100
     707         -2.1910         -40.3564
     708         -2.4286         -42.8902
     709         -2.0550         -41.6361
     710         -2.3687         -40.6757
     711         -1.9022         -43.0152
     712         -2.4641         -40.8860
     713         -2.4321         -40.7078
     714         -2.4418         -41.4532
     715         -2.4773         -42.9156
     716         -2.4011         -41.6479
     717         -2.5552         -41.6204
     718         -2.3671         -42.1539
     719         -2.2792         -41.5428
     720         -2.1511         -42.9160
     721         -1.7901         -42.2505
     722         -2.2114         -41.9990
     723         -2.0032         -41.2910
     724         -2.3335         -40.5179
     725         -2.2817         -39.3155
     726         -1.4053         -42.8855
     727         -2.2794         -41.7925
     728         -2.2120         -42.0435
     729         -2.5552         -40.6103
     730         -2.5892         -38.1065
     731         -2.2494         -42.0187
     732         -2.4112         -41.6755
     733         -2.2660         -39.4218
     734         -2.5463         -41.8967
     735         -1.8066         -42.0356
     736         -2.4679         -40.8022
     737         -2.3855         -41.1289
     738         -2.5990         -38.8183
     739         -2.2945         -41.1274
     740         -2.1745         -42.9745
     741         -2.5054         -42.4254
     742         -2.4709         -42.7938
     743         -2.5094         -39.5818
     744         -2.5736         -39.5857
     745         -2.4440         -41.5105
     746         -2.2058         -40.8680
     747         -2.0285         -40.7334
     748         -1.3972         -43.2083
     749         -2.1731         -42.2892
     750         -0.4944         -42.1814
     751         -2.3865         -41.1361
     752         -2.5595         -40.3514
     753         -2.4781         -41.6406
     754         -2.3670         -41.5129
     755         -2.1409         -42.1713
     756         -2.4304         -40.5123
     757         -2.3067         -41.0419
     758         -1.6951         -42.7439
     759         -2.0444         -42.8633
     760         -2.3984         -41.8412
     761         -2.4233         -40.7959
     762         -2.3869         -40.2686
     763         -2.3942         -42.1071
     764         -2.6155         -40.8639
     765         -2.0107         -41.0943
     766         -2.2065         -42.3152
     767         -2.3932         -42.2528
     768         -2.4638         -40.7992
     769         -2.4606         -42.1544
     770         -2.3536         -41.3520
     771         -2.3265         -40.9936
     772         -1.9055         -43.7149
     773         -2.0169         -43.3075
     774         -2.0741         -41.8581
     775         -2.1265         -43.0769
     776         -2.5433         -40.1183
     777         -2.4456         -40.6285
     778         -2.5751         -39.2508
     779         -1.4027         -41.0750
     780         -1.8767         -43.5568
     781         -2.2707         -39.8251
     782         -2.5366         -41.8178
     783          0.2128         -41.0312
     784         -2.2381         -41.6583
     785         -2.6512         -40.6649
     786         -2.6076         -41.3460
     787         -1.9661         -40.9983
     788         -2.1581         -41.2374
     789         -2.0333         -42.0574
     790         -1.3653         -41.0645
     791         -1.3910         -41.6454
     792         -2.3576         -39.9278
     793         -2.1856         -41.0860
     794         -2.4658         -42.1219
     795         -2.0677         -42.8274
     796         -2.6807         -39.9913
     797         -2.5899         -40.3102
     798         -2.3099         -41.5545
     799         -1.9831         -41.6122
     800         -2.5180         -40.3656
     801         -2.2776         -41.5102
     802         -2.5389         -40.7348
     803         -1.9484         -42.0445
     804         -2.4083         -39.5478
     805         -1.7025         -42.6119
     806         -2.0572         -41.5042
     807         -2.3243         -42.3544
     808         -2.3253         -41.1821
     809         -2.2610         -41.5022
     810         -2.3230         -42.8423
     811         -2.3147         -41.2943
     812         -2.1372         -42.8232
     813         -1.9729         -40.6864
     814         -2.5664         -41.0863
     815         -2.3390         -40.5736
     816         -1.8434         -41.5737
     817         -2.3257         -42.0659
     818         -2.5635         -40.3465
     819         -2.6218         -41.1080
     820         -1.9215         -42.8611
     821         -2.5445         -40.8074
     822         -1.3907         -41.4773
     823         -2.5094         -39.1165
     824         -2.3277         -41.5995
     825         -2.3261         -40.1995
     826         -2.4750         -40.9497
     827         -2.2766         -41.9037
     828         -1.0566         -41.7465
     829         -2.3028         -41.4125
     830         -1.6185         -41.4149
     831         -1.9627         -42.1852
     832         -2.1476         -40.5847
     833         -2.7638         -40.9799
     834         -2.3973         -42.4581
     835         -2.3803         -39.7208
     836         -1.8920         -40.9394
     837         -2.4866         -40.7074
     838         -2.6023         -39.9519
     839         -2.5674         -42.0808
     840         -2.0122         -42.3378
     841         -2.0046         -41.5937
     842         -2.5070         -40.6903
     843         -2.2798         -40.5662
     844         -2.4741         -40.2935
     845         -2.5218         -38.7639
     846         -1.6515         -41.5034
     847         -2.3702         -40.9637
     848         -2.3665         -40.5149
     849         -2.5602         -41.2191
     850         -2.4195         -39.7022
     851         -2.3529         -41.3102
     852         -2.4355         -40.7482
     853         -2.6355         -39.9276
     854         -2.3621         -40.8739
     855         -2.4117         -40.7994
     856         -1.5758         -42.8933
     857         -1.6414         -40.4070
     858         -1.4967         -41.9264
     859         -2.3802         -43.7121
     860         -2.3019         -37.1756
     861         -1.7687         -43.6605
     862         -2.4792         -41.5271
     863         -2.4726         -42.0162
     864         -2.3855         -40.1189
     865         -2.4997         -40.7374
     866         -2.5858         -40.1675
     867         -2.2358         -40.2040
     868         -2.6565         -41.1201
     869         -2.4689         -41.4063
     870         -2.0976         -42.5475
     871         -2.4492         -41.2178
     872         -1.7398         -41.9599
     873         -2.0076         -41.7090
     874         -2.4775         -40.1230
     875         -1.4426         -43.8990
     876         -2.0980         -40.5016
     877         -2.1797         -42.0593
     878         -2.4749         -40.2269
     879         -2.3937         -40.0056
     880         -1.8848         -41.4485
     881         -2.1111         -40.2766
     882         -2.4657         -40.1345
     883         -2.2510         -41.7172
     884         -2.1266         -42.6643
     885         -1.8624         -40.2238
     886         -2.1356         -41.1461
     887         -1.9869         -42.0410
     888         -2.3064         -41.7335
     889         -2.3935         -41.0582
     890         -2.4702         -40.7615
     891         -2.6268         -40.9845
     892         -2.1846         -40.2597
     893         -2.1653         -40.8513
     894         -2.5888         -41.2817
     895         -2.7091         -40.4706
     896         -1.4258         -44.9792
     897         -1.8155         -42.9000
     898         -2.3008         -42.1360
     899         -2.5662         -41.0609
     900         -2.1793         -42.2581
     901         -2.3450         -40.5173
     902         -2.4170         -41.5993
     903         -2.2461         -40.4271
     904         -1.9222         -43.1145
     905         -2.2296         -42.0003
     906         -1.7246         -41.8303
     907         -2.4543         -40.9384
     908         -2.5573         -40.7477
     909         -2.2255         -42.5197
     910         -2.2789         -39.2005
     911         -1.8110         -39.6728
     912         -2.2121         -41.1235
     913         -1.6845         -42.7414
     914         -2.5260         -39.9991
     915         -2.2143         -41.5070
     916         -2.1047         -41.3733
     917         -2.4042         -41.9666
     918         -2.1112         -41.6210
     919         -2.2366         -41.4133
     920         -2.4435         -39.8198
     921         -2.2636         -43.0931
     922         -2.5687         -38.5172
     923         -2.5727         -41.4936
     924         -2.4805         -40.6666
     925         -2.3833         -41.7329
     926         -2.1934         -40.3361
     927         -2.3124         -39.6312
     928         -2.3519         -41.1943
     929         -2.1887         -40.6545
     930         -2.1557         -39.6721
     931         -2.3408         -40.4456
     932         -2.5312         -39.8385
     933         -1.3407         -41.3058
     934         -2.5553         -41.4412
     935         -2.3168         -41.2112
     936         -2.5098         -41.8327
     937         -2.4756         -41.0179
     938         -2.4713         -40.1737
     939         -2.3805         -40.6475
     940         -2.6238         -38.8949
     941         -1.9442         -42.0439
     942         -2.1579         -41.0953
     943         -2.7828         -42.8848
     944         -2.2656         -40.0434
     945         -1.7921         -42.6273
     946         -1.9729         -43.2614
     947         -2.3833         -42.4950
     948         -2.1124         -43.2045
     949         -1.7344         -42.5575
     950         -2.6414         -39.3917
     951         -2.3516         -41.7640
     952         -2.3093         -40.1931
     953         -2.3729         -40.8177
     954         -2.5680         -40.0271
     955         -2.6375         -40.0185
     956         -2.3189         -42.4086
     957         -1.4092         -42.4659
     958         -2.2090         -42.0683
     959         -2.3112         -41.5274
     960         -2.1338         -40.4990
     961         -2.5172         -39.8864
     962         -2.4874         -40.6532
     963         -2.5600         -42.8082
     964         -2.5467         -40.5203
     965         -2.6389         -40.0637
     966         -1.8061         -41.3090
     967         -2.3341         -41.4937
     968         -2.1144         -42.9309
     969         -2.0784         -43.2441
     970         -2.4573         -42.0475
     971         -2.5738         -40.8149
     972         -0.6130         -43.4164
     973         -2.1337         -43.7807
     974         -2.1973         -42.0817
     975         -2.4284         -39.6945
     976         -2.5601         -40.5192
     977         -2.4444         -40.3218
     978         -2.2537         -39.3815
     979         -2.3790         -43.0404
     980         -1.6111         -43.0060
     981         -2.0638         -43.5207
     982         -2.3512         -40.8925
     983         -1.8183         -41.7008
     984         -2.4355         -38.8138
     985         -2.3806         -39.8627
     986         -1.4407         -41.4343
     987         -2.5623         -41.5824
     988         -2.0971         -40.0470
     989         -2.2040         -43.3092
     990         -2.2364         -42.5906
     991         -2.2287         -41.0492
     992         -2.0683         -42.5149
     993         -2.0794         -41.3669
     994         -2.3162         -40.4034
     995         -2.1021         -42.1704
     996         -2.2258         -41.3243
     997         -2.4184         -42.1372
     998         -0.6634         -43.9648
     999         -2.4451         -40.9882
    1000         -1.8415         -40.3586
