GENERALIZED BORN:
Frame #,BOND,ANGLE,DIHED,UB,IMP,CMAP,VDWAALS,EEL,1-4 VDW,1-4 EEL,EGB,ESURF,ESCF,G gas,G solv,TOTAL
0,469.8432,1438.5972,-1098.3463,0.0,0.0,0.0,-1268.4403,-16222.6482,608.3996,11608.2209,-1756.5623,56.361770639999996,1.2719,-4464.373899999999,-1700.20052936,-6163.3025293599985
1,498.5928,1383.4788,-1111.5032,0.0,0.0,0.0,-1298.2183,-16078.5285,606.849,11509.7329,-1797.29,54.516511439999995,-5.945,-4489.5965,-1742.77348856,-6238.31498856
2,524.8021,1440.8115,-1087.4494,0.0,0.0,0.0,-1266.3441,-16044.6793,606.3534,11501.4907,-1853.7605,54.84193848,-3.6749,-4325.015099999999,-1798.9185615200001,-6127.608561519999
3,536.9863,1451.5493,-1075.5273,0.0,0.0,0.0,-1320.36,-15992.3818,599.1712,11507.779,-1886.8508,54.00835128,-5.6863,-4292.783299999997,-1832.84244872,-6131.312048719998
4,524.0481,1415.2917,-1075.4587,0.0,0.0,0.0,-1276.8804,-16194.5152,605.4424,11554.2521,-1779.9969,55.68002712,2.7278,-4447.8200000000015,-1724.3168728800001,-6169.409072880002
5,519.8848,1451.3548,-1087.6923,0.0,0.0,0.0,-1302.7752,-15928.1348,596.0077,11473.3285,-1930.6964,56.199006,0.7376,-4278.0265,-1874.497394,-6151.7862939999995
6,505.3025,1416.9924,-1099.1022,0.0,0.0,0.0,-1301.6368,-15889.6571,591.9666,11493.1058,-1959.5061,56.78727624,5.2856,-4283.028800000002,-1902.71882376,-6180.462023760002
7,478.0587,1415.3402,-1109.8537,0.0,0.0,0.0,-1288.5021,-15933.1038,613.3201,11540.5397,-1961.1566,56.59588224,-0.7555,-4284.200900000002,-1904.56071776,-6189.517117760002
8,472.9345,1418.8775,-1121.6997,0.0,0.0,0.0,-1279.2125,-15982.7245,594.0385,11538.4725,-1891.9636,56.49700032,-3.5054,-4359.313700000001,-1835.46659968,-6198.285699680001
9,479.5486,1413.9692,-1074.7274,0.0,0.0,0.0,-1275.7713,-15944.5677,603.3511,11451.519,-1890.3864,55.858039919999996,-4.1703,-4346.678499999998,-1834.52836008,-6185.377160079998
10,529.9074,1465.8128,-1097.8852,0.0,0.0,0.0,-1276.907,-15935.4911,593.3125,11474.4621,-1894.0262,56.1330288,3.8571,-4246.788499999999,-1837.8931712,-6080.824571199999
11,501.8097,1449.9902,-1079.2121,0.0,0.0,0.0,-1275.1545,-16058.2047,609.4138,11502.6585,-1841.3014,55.90353312,-7.6951,-4348.699100000002,-1785.39786688,-6141.792066880002
12,479.4276,1354.4603,-1072.6731,0.0,0.0,0.0,-1272.2005,-15956.408,621.4109,11507.1334,-1896.4144,54.9519192,-4.036,-4338.849399999999,-1841.4624807999999,-6184.347880799999
13,500.7776,1400.4729,-1065.903,0.0,0.0,0.0,-1295.7054,-16022.5504,594.9339,11517.1351,-1875.436,54.403862399999994,7.9028,-4370.8393,-1821.0321376,-6183.968637599999
14,510.854,1403.5789,-1070.2317,0.0,0.0,0.0,-1292.2036,-15937.4756,594.6209,11493.5927,-1899.8417,55.78008551999999,-1.9668,-4297.2644,-1844.06161448,-6143.29281448
15,492.1526,1452.8639,-1096.1293,0.0,0.0,0.0,-1265.6197,-15867.748,607.2277,11454.3201,-1932.2296,56.17477368,11.6847,-4222.932699999999,-1876.0548263199998,-6087.302826319999
16,531.4949,1427.6319,-1118.6321,0.0,0.0,0.0,-1285.3145,-15885.3301,587.2636,11519.7155,-1954.9295,55.711471679999995,2.6225,-4223.170799999998,-1899.21802832,-6119.766328319998
17,506.1367,1404.5477,-1092.2634,0.0,0.0,0.0,-1295.7494,-16045.7536,611.4387,11590.5325,-1875.4241,54.34386552,7.2982,-4321.110799999999,-1821.08023448,-6134.892834479999
18,484.6959,1382.9003,-1111.031,0.0,0.0,0.0,-1278.7775,-15782.1444,634.3481,11554.3044,-2097.3675,58.35910536,-3.4931,-4115.704199999998,-2039.0083946399998,-6158.205694639998
19,527.0898,1432.6119,-1090.2995,0.0,0.0,0.0,-1297.5068,-15992.819,605.5094,11530.1291,-1916.0157,55.5770808,3.5925,-4285.285099999997,-1860.4386192,-6142.131219199998
20,496.329,1447.4112,-1093.1556,0.0,0.0,0.0,-1274.4279,-15850.6448,605.1768,11502.1377,-2004.9817,57.869911439999996,-0.4885,-4167.173600000002,-1947.1117885600002,-6114.773888560003
21,476.9953,1390.0747,-1103.8296,0.0,0.0,0.0,-1293.2111,-15995.8664,613.7515,11536.3505,-1877.3555,56.00302344,7.3386,-4375.7351,-1821.3524765599998,-6189.748976559999
22,517.5087,1415.3874,-1119.0825,0.0,0.0,0.0,-1292.0371,-15948.5973,607.5096,11507.7655,-1884.3903,57.410880479999996,-5.1866,-4311.545700000002,-1826.97941952,-6143.711719520003
23,513.0976,1413.6404,-1078.31,0.0,0.0,0.0,-1289.5278,-16055.5692,614.8475,11546.8145,-1833.8684,55.80914904,1.0112,-4335.007000000001,-1778.05925096,-6112.055050960002
24,520.8851,1398.8704,-1121.0729,0.0,0.0,0.0,-1291.1034,-16047.4426,608.917,11482.4514,-1794.3954,54.97751664,4.8178,-4448.495000000003,-1739.4178833600001,-6183.095083360003
25,529.5772,1458.7053,-1082.8658,0.0,0.0,0.0,-1275.0701,-16157.6386,621.1727,11549.0737,-1784.7873,54.30360096,1.5858,-4357.045600000001,-1730.48369904,-6085.943499040001
26,523.7035,1413.4243,-1064.2316,0.0,0.0,0.0,-1288.4061,-15949.2687,597.457,11505.8437,-1917.1957,56.2680756,-5.4219,-4261.477900000002,-1860.9276244,-6127.827424400002
27,504.0313,1431.9192,-1071.9893,0.0,0.0,0.0,-1252.6334,-16094.8659,604.3703,11543.3798,-1828.4965,56.454994799999994,-0.1085,-4335.7880000000005,-1772.0415052,-6107.938005200001
28,538.9042,1372.812,-1120.6419,0.0,0.0,0.0,-1283.4126,-16069.9344,603.4341,11554.8302,-1829.0948,56.06396424,9.4741,-4404.008400000001,-1773.0308357600002,-6167.56513576
29,472.5391,1387.5124,-1071.4249,0.0,0.0,0.0,-1266.2475,-16007.444,625.5301,11581.1424,-1914.705,56.039197679999994,4.0735,-4278.392399999997,-1858.66580232,-6132.984702319996
30,515.7326,1452.7507,-1102.4658,0.0,0.0,0.0,-1297.3268,-15937.1274,600.9552,11477.7244,-1903.9837,55.23636096,2.9137,-4289.757099999999,-1848.74733904,-6135.590739039999
31,506.358,1398.2694,-1096.3565,0.0,0.0,0.0,-1264.4744,-15944.7891,603.8995,11495.3881,-1913.0384,57.75463224,-5.0181,-4301.705000000002,-1855.2837677599998,-6162.006867760001
32,459.6361,1403.2428,-1088.8665,0.0,0.0,0.0,-1253.3261,-16069.577,588.3756,11545.71,-1849.6915,56.1298932,3.9291,-4414.805100000001,-1793.5616068,-6204.437606800001
33,496.4085,1463.4876,-1103.2021,0.0,0.0,0.0,-1277.8758,-15983.4778,600.5574,11512.7827,-1917.1875,55.999592639999996,-0.1014,-4291.3195,-1861.18790736,-6152.608807359999
34,475.7016,1438.1373,-1067.8849,0.0,0.0,0.0,-1276.2606,-16140.0891,617.4726,11615.2176,-1853.3205,55.96074864,7.3006,-4337.7055,-1797.35975136,-6127.76465136
35,513.0363,1402.9249,-1080.8628,0.0,0.0,0.0,-1289.4336,-15968.9066,623.5897,11534.0486,-1894.4088,56.29907592,-0.3954,-4265.603499999999,-1838.10972408,-6104.10862408
36,507.4791,1418.0881,-1062.3775,0.0,0.0,0.0,-1263.3458,-16046.4342,611.2601,11471.8038,-1839.8119,56.827919519999995,-1.8162,-4363.526400000001,-1782.98398048,-6148.32658048
37,467.3431,1403.3906,-1112.8064,0.0,0.0,0.0,-1262.4864,-15963.9966,582.2569,11497.1058,-1910.338,57.5490024,7.2447,-4389.193000000001,-1852.7889976,-6234.737297600001
38,530.0102,1386.1106,-1079.9646,0.0,0.0,0.0,-1272.6054,-16038.3956,599.8515,11513.9745,-1868.3445,54.7326144,2.7957,-4361.018799999998,-1813.6118855999998,-6171.834985599999
39,523.2819,1427.6982,-1127.8883,0.0,0.0,0.0,-1276.3164,-15980.9661,618.1013,11488.6636,-1832.8325,56.16889416,1.9977,-4327.425799999999,-1776.66360584,-6102.09170584
40,490.0474,1375.5723,-1095.4955,0.0,0.0,0.0,-1270.8737,-16079.1488,618.8797,11519.2828,-1794.134,56.55928752,7.7065,-4441.7358,-1737.57471248,-6171.60401248
41,479.3082,1476.8926,-1086.6715,0.0,0.0,0.0,-1293.4574,-15961.0795,600.8136,11478.9563,-1871.7072,55.10520576,5.3624,-4305.2377000000015,-1816.60199424,-6116.477294240001
42,499.7227,1407.6767,-1076.8558,0.0,0.0,0.0,-1266.1259,-15958.0898,616.2503,11494.2942,-1908.7973,58.18815864,0.508,-4283.1276,-1850.60914136,-6133.22874136
43,489.2278,1385.4935,-1092.398,0.0,0.0,0.0,-1288.6899,-15806.9318,596.8781,11521.3555,-2040.5981,57.82980888,2.4232,-4195.0648,-1982.76829112,-6175.40989112
44,493.5111,1411.4803,-1089.0824,0.0,0.0,0.0,-1299.2632,-16019.3662,583.2678,11506.2905,-1863.0114,55.51670591999999,-1.118,-4413.162100000003,-1807.49469408,-6221.774794080004
45,490.0947,1370.3799,-1077.621,0.0,0.0,0.0,-1298.2606,-15721.8111,600.6495,11490.3034,-2063.3817,56.52387648,3.1575,-4146.265200000002,-2006.85782352,-6149.965523520002
46,512.7311,1431.0071,-1099.6029,0.0,0.0,0.0,-1275.0671,-16134.4605,616.3268,11533.6891,-1767.661,54.68819544,0.8797,-4415.376399999999,-1712.97280456,-6127.469504559999
47,496.5489,1419.7724,-1102.5127,0.0,0.0,0.0,-1284.9561,-16009.9697,610.4865,11526.5688,-1866.3266,56.12436216,3.9554,-4344.061900000002,-1810.2022378400002,-6150.308737840003
48,492.5122,1430.1604,-1115.8362,0.0,0.0,0.0,-1271.0696,-16042.6944,599.5183,11562.2872,-1850.5528,54.003379679999995,1.4805,-4345.122099999999,-1796.5494203199999,-6140.191020319999
49,523.4512,1340.5406,-1105.1489,0.0,0.0,0.0,-1253.408,-16043.3066,599.6213,11516.8509,-1859.5377,56.41966368,4.723,-4421.3994999999995,-1803.11803632,-6219.79453632
50,492.1169,1406.4918,-1097.0104,0.0,0.0,0.0,-1298.0516,-15865.508,601.3555,11468.2208,-1956.5921,56.23810992,-2.7965,-4292.385,-1900.3539900800001,-6195.53549008
51,504.3431,1409.5279,-1074.1959,0.0,0.0,0.0,-1285.3914,-16051.1701,594.923,11498.2884,-1841.57,54.718853759999995,0.8513,-4403.674999999999,-1786.85114624,-6189.674846239999
52,514.2559,1371.3571,-1102.1527,0.0,0.0,0.0,-1260.4962,-15988.0631,606.849,11494.0632,-1896.7727,56.1026088,-7.37,-4364.186799999998,-1840.6700912,-6212.226891199997
53,521.3213,1406.3557,-1099.0073,0.0,0.0,0.0,-1289.6719,-15962.3302,616.9214,11554.8675,-1939.3378,55.4856588,-1.3522,-4251.5435,-1883.8521412,-6136.7478412
54,517.9228,1436.7143,-1082.1638,0.0,0.0,0.0,-1258.5833,-15949.379,599.6897,11526.6884,-1952.6195,56.87360712,-1.3354,-4209.1109000000015,-1895.74589288,-6106.192192880001
55,477.9619,1403.8729,-1106.8499,0.0,0.0,0.0,-1275.0561,-15888.6032,595.9373,11518.0531,-1972.9475,56.4159096,-4.8942,-4274.684000000001,-1916.5315904,-6196.109790400001
56,495.3096,1383.5712,-1062.9103,0.0,0.0,0.0,-1273.2143,-15975.5644,589.9017,11523.8481,-1895.302,53.39768256,0.8961,-4319.0584,-1841.9043174399999,-6160.066617439999
57,496.1861,1368.82,-1066.6021,0.0,0.0,0.0,-1298.4481,-15985.505,603.9156,11558.9224,-1926.1812,56.62182384,-4.9331,-4322.7111,-1869.55937616,-6197.203576160001
58,499.9478,1389.1987,-1092.5475,0.0,0.0,0.0,-1272.1249,-15850.5434,591.9203,11488.8934,-1985.4291,57.38763672,0.268,-4245.2556,-1928.04146328,-6173.029063280001
59,529.8847,1403.9694,-1117.4159,0.0,0.0,0.0,-1286.62,-15989.1527,602.4019,11550.0788,-1879.3507,55.697004719999995,-7.4937,-4306.853800000001,-1823.65369528,-6138.0011952800005
60,472.5308,1352.2998,-1067.5887,0.0,0.0,0.0,-1287.7397,-16117.1203,599.5412,11557.406,-1801.9743,54.796625999999996,-5.7351,-4490.670899999999,-1747.177674,-6243.583673999999
61,493.1295,1398.8292,-1074.9236,0.0,0.0,0.0,-1278.1301,-16105.4984,601.907,11529.7706,-1771.24,55.15917912,3.2144,-4434.9158000000025,-1716.08082088,-6147.782220880003
62,516.8592,1460.5183,-1110.0075,0.0,0.0,0.0,-1270.1656,-15985.7717,602.4453,11496.4517,-1877.3254,57.833773199999996,-4.7249,-4289.6703,-1819.4916268,-6113.8868268
63,516.0773,1377.3956,-1085.9428,0.0,0.0,0.0,-1269.0154,-16161.9563,602.653,11522.4312,-1739.156,54.37829736,3.184,-4498.357399999997,-1684.77770264,-6179.951102639997
64,518.8116,1438.0049,-1105.8294,0.0,0.0,0.0,-1291.8667,-16056.8632,612.4179,11549.3871,-1851.3759,53.9199396,1.119,-4335.9378,-1797.4559604,-6132.2747604
65,530.7169,1370.8067,-1087.9445,0.0,0.0,0.0,-1293.9661,-16092.0071,599.7798,11599.8634,-1842.3179,56.18280024,-0.1289,-4372.750900000001,-1786.13509976,-6159.014899760001
66,512.9541,1399.4459,-1088.5998,0.0,0.0,0.0,-1272.079,-15859.1844,613.4787,11490.2018,-1948.2845,56.82746448,8.0813,-4203.7827,-1891.4570355199999,-6087.158435519999
67,548.4468,1358.0382,-1077.0224,0.0,0.0,0.0,-1278.075,-16028.9908,613.2895,11509.6701,-1849.858,55.42961184,-3.2769,-4354.643599999998,-1794.42838816,-6152.348888159998
68,501.0355,1460.1203,-1099.2248,0.0,0.0,0.0,-1308.2408,-16219.3775,606.5104,11503.9794,-1667.1788,54.79878168,3.9849,-4555.197500000002,-1612.3800183199999,-6163.592618320002
69,476.8184,1418.8985,-1102.8423,0.0,0.0,0.0,-1305.7885,-16225.297,603.0008,11492.7235,-1620.1841,52.87655376,-3.3348,-4642.486600000002,-1567.30754624,-6213.128946240002
70,519.5283,1453.6215,-1090.9743,0.0,0.0,0.0,-1274.1531,-16204.007,608.1664,11544.8032,-1720.8049,56.01282911999999,5.1518,-4443.014999999999,-1664.7920708800002,-6102.65527088
71,485.9059,1438.9335,-1102.6383,0.0,0.0,0.0,-1295.3566,-16194.4339,611.832,11499.5198,-1703.2801,54.49205232,14.0641,-4556.2376,-1648.7880476799999,-6190.961547680001
72,533.735,1358.162,-1081.7167,0.0,0.0,0.0,-1290.625,-16041.1592,598.123,11589.4001,-1899.3746,56.247220799999994,-0.5815,-4334.080800000002,-1843.1273792000002,-6177.789679200002
73,511.4919,1449.5942,-1109.1589,0.0,0.0,0.0,-1306.5392,-15934.8538,592.1532,11519.4962,-1921.6539,56.093058719999995,-3.8451,-4277.8164000000015,-1865.56084128,-6147.222341280001
74,529.2151,1406.0778,-1097.5734,0.0,0.0,0.0,-1289.598,-15918.5925,599.6045,11471.5651,-1923.1215,55.947675600000004,14.6088,-4299.301400000002,-1867.1738244,-6151.866424400002
75,482.5096,1378.0667,-1084.5203,0.0,0.0,0.0,-1322.1987,-15966.5507,624.2282,11534.157,-1926.6226,55.01199312,-0.5307,-4354.308200000001,-1871.61060688,-6226.4495068800015
76,496.475,1369.4299,-1104.9709,0.0,0.0,0.0,-1298.2199,-15821.339,595.0072,11468.5104,-1967.7368,54.59564448,-2.4027,-4295.1073000000015,-1913.14115552,-6210.65115552
77,514.6312,1468.1672,-1075.1437,0.0,0.0,0.0,-1270.548,-16106.0148,606.8278,11525.5663,-1817.4182,55.954308239999996,-6.3931,-4336.514000000001,-1761.46389176,-6104.370991760002
78,531.8981,1397.4294,-1087.0061,0.0,0.0,0.0,-1306.1653,-16077.6611,610.1514,11503.2927,-1803.8198,55.873831679999995,2.9124,-4428.0609,-1747.94596832,-6173.0944683200005
79,535.9543,1461.4309,-1081.1377,0.0,0.0,0.0,-1285.8386,-16129.8374,594.1814,11513.3474,-1763.4096,54.93644784,4.3291,-4391.899700000002,-1708.47315216,-6096.0437521600015
80,512.6735,1446.4421,-1094.4407,0.0,0.0,0.0,-1276.0364,-16138.5304,603.3135,11528.0316,-1761.3603,54.64702656,1.0637,-4418.546799999998,-1706.71327344,-6124.196373439999
81,507.4346,1407.5903,-1084.4258,0.0,0.0,0.0,-1297.8485,-15919.2661,595.7818,11476.2776,-1928.4147,55.78395984,-0.1018,-4314.456100000001,-1872.63074016,-6187.188640160002
82,504.3705,1417.9043,-1078.6622,0.0,0.0,0.0,-1276.6495,-15997.1126,592.6139,11503.0533,-1852.778,54.19244952,-3.6428,-4334.4823,-1798.58555048,-6136.7106504799995
83,496.7713,1372.1814,-1096.3153,0.0,0.0,0.0,-1269.7201,-16100.5121,614.8443,11548.8869,-1798.7705,55.67631048,-2.6118,-4433.863599999999,-1743.09418952,-6179.569589519999
84,516.8968,1431.734,-1069.2998,0.0,0.0,0.0,-1284.1439,-16001.058,591.4055,11524.932,-1898.8085,55.24090056,0.0612,-4289.5334,-1843.56759944,-6133.03979944
85,479.9963,1427.8921,-1094.3946,0.0,0.0,0.0,-1260.8354,-15999.7476,596.9474,11457.7365,-1860.8872,57.418752239999996,-3.4135,-4392.4053,-1803.46844776,-6199.28724776
86,493.1205,1410.9661,-1086.2339,0.0,0.0,0.0,-1301.2712,-16115.0124,620.9501,11594.8052,-1847.811,54.89860176,1.5969,-4382.675599999999,-1792.91239824,-6173.991098239999
87,494.9284,1438.1012,-1106.2536,0.0,0.0,0.0,-1295.5825,-15981.6777,590.0905,11474.8625,-1840.2633,54.21376152,1.4885,-4385.531199999999,-1786.0495384800001,-6170.09223848
88,512.8038,1445.0072,-1103.5976,0.0,0.0,0.0,-1267.6512,-15965.0851,609.8999,11529.0694,-1942.5397,56.027753999999995,0.3252,-4239.553599999999,-1886.511946,-6125.740346
89,501.085,1405.0637,-1056.9924,0.0,0.0,0.0,-1250.3861,-16184.8007,617.2766,11575.2541,-1786.6845,55.1493828,2.3917,-4393.499800000001,-1731.5351172,-6122.643217200001
90,510.6338,1384.0545,-1118.0698,0.0,0.0,0.0,-1281.8396,-16048.8049,613.604,11538.7436,-1854.9992,56.998707839999994,0.3231,-4401.678399999999,-1798.00049216,-6199.3557921599995
91,470.9677,1428.9671,-1094.5664,0.0,0.0,0.0,-1261.092,-15971.6903,615.8387,11546.6413,-1950.3471,57.52467144,1.0327,-4264.9339,-1892.82242856,-6156.72362856
92,508.5804,1427.1292,-1084.9889,0.0,0.0,0.0,-1288.3804,-16061.5469,595.8772,11582.7863,-1899.904,55.74294216,5.7851,-4320.543099999997,-1844.16105784,-6158.919057839998
93,478.644,1388.5975,-1107.4236,0.0,0.0,0.0,-1303.0471,-15995.3565,613.821,11497.5598,-1836.3292,55.8308232,-1.4883,-4427.204899999999,-1780.4983768,-6209.191576799999
94,513.1786,1464.263,-1106.997,0.0,0.0,0.0,-1275.2597,-15905.2957,597.5477,11492.6793,-1938.2942,56.203601039999995,1.4798,-4219.883800000001,-1882.09059896,-6100.494598960002
95,510.2677,1405.3793,-1096.6583,0.0,0.0,0.0,-1299.8396,-15853.3671,582.3824,11524.3665,-1998.366,57.35003904,0.2344,-4227.469099999998,-1941.01596096,-6168.250660959998
96,523.1329,1414.6662,-1073.544,0.0,0.0,0.0,-1312.8406,-16017.4143,608.5162,11519.9301,-1854.1223,55.477333439999995,-4.1457,-4337.553500000002,-1798.64496656,-6140.344166560002
97,519.4467,1440.5451,-1118.2706,0.0,0.0,0.0,-1267.201,-16015.9698,609.9349,11510.8178,-1853.1647,55.51553952,-1.2252,-4320.696899999999,-1797.64916048,-6119.571260479999
98,491.4509,1465.5897,-1109.8481,0.0,0.0,0.0,-1307.3172,-16117.9036,603.5889,11566.5483,-1805.7266,56.9834496,10.2284,-4407.891099999997,-1748.7431503999999,-6146.405850399997
99,507.9181,1429.639,-1076.2806,0.0,0.0,0.0,-1328.9938,-16012.8827,599.7662,11533.7447,-1882.8339,54.8332992,10.5484,-4347.089099999999,-1828.0006008,-6164.5413008
100,501.8255,1406.2551,-1121.84,0.0,0.0,0.0,-1268.7595,-15909.3349,592.0691,11557.1452,-2013.5818,56.75744304,-3.4663,-4242.639499999999,-1956.82435696,-6202.930156959999
101,485.9371,1415.9164,-1096.4128,0.0,0.0,0.0,-1279.4272,-16063.5077,619.9517,11543.2392,-1863.5232,56.116947599999996,1.6323,-4374.303300000001,-1807.4062524,-6180.077252400001
102,522.2011,1420.0091,-1091.8139,0.0,0.0,0.0,-1274.9413,-15956.0412,585.7655,11522.4894,-1932.9794,56.04871032,1.7089,-4272.3313,-1876.93068968,-6147.55308968
103,520.9976,1414.8748,-1087.937,0.0,0.0,0.0,-1301.9312,-15960.051,598.8199,11497.4514,-1908.5276,54.94990392,-11.7082,-4317.7755,-1853.57769608,-6183.061396079999
104,509.2607,1388.1995,-1077.8667,0.0,0.0,0.0,-1305.8513,-16120.2605,598.9147,11528.1636,-1777.3259,54.036740159999994,11.0752,-4479.4400000000005,-1723.2891598400001,-6191.65395984
105,506.6776,1432.6557,-1120.2726,0.0,0.0,0.0,-1291.1256,-16009.1364,609.9776,11520.3179,-1844.3369,55.147944960000004,4.127,-4350.9058,-1789.18895504,-6135.96775504
106,443.2722,1380.1214,-1044.4744,0.0,0.0,0.0,-1288.146,-15963.8292,609.9628,11517.9398,-1913.5821,57.0000492,10.6041,-4345.153400000001,-1856.5820508000002,-6191.131350800001
107,488.7595,1407.829,-1094.2817,0.0,0.0,0.0,-1314.3349,-15937.252,604.5127,11585.7105,-1965.8106,56.45248776,-4.0588,-4259.056900000001,-1909.35811224,-6172.473812240001
108,519.2536,1396.5568,-1069.4868,0.0,0.0,0.0,-1262.7742,-16103.4763,610.8471,11589.1611,-1907.7809,56.621342160000005,1.0916,-4319.9187,-1851.15955784,-6169.986657840001
109,479.2997,1426.0751,-1070.8896,0.0,0.0,0.0,-1294.4641,-16018.8081,615.8971,11526.3072,-1879.3484,57.267568080000004,1.7156,-4336.582700000001,-1822.08083192,-6156.94793192
110,500.9557,1419.4077,-1086.7988,0.0,0.0,0.0,-1313.4437,-15906.8079,614.1334,11568.8608,-1994.3629,55.7587152,3.9756,-4203.692799999997,-1938.6041848,-6138.321384799998
111,493.9156,1379.8712,-1071.5474,0.0,0.0,0.0,-1295.9151,-15865.135,594.2495,11507.7831,-2015.4806,56.89302192,-4.5789,-4256.7780999999995,-1958.5875780800002,-6219.94457808
112,479.7795,1438.3346,-1082.2346,0.0,0.0,0.0,-1266.7082,-15955.4116,590.2262,11498.5221,-1945.8146,56.18546856,-8.2812,-4297.492000000002,-1889.62913144,-6195.402331440002
113,523.3205,1366.6487,-1060.1763,0.0,0.0,0.0,-1314.3982,-16041.4095,614.0992,11586.911,-1883.9613,55.7598456,-4.8539,-4325.0046,-1828.2014543999999,-6158.059954400001
114,529.2782,1369.397,-1077.7353,0.0,0.0,0.0,-1278.4648,-16100.9873,590.0085,11527.6546,-1823.4509,55.48549824,-1.2861,-4440.849100000001,-1767.96540176,-6210.100601760001
115,535.2505,1411.1478,-1096.058,0.0,0.0,0.0,-1300.9979,-16047.6238,609.7821,11540.7737,-1823.549,54.27143496,8.3029,-4347.7256,-1769.27756504,-6108.70026504
116,488.6829,1383.4865,-1092.3544,0.0,0.0,0.0,-1266.786,-15955.2513,608.1034,11500.1326,-1899.6869,55.62074952,1.2294,-4333.9863000000005,-1844.06615048,-6176.82305048
117,487.2354,1344.4567,-1119.2899,0.0,0.0,0.0,-1270.0085,-16119.7033,624.8384,11559.8295,-1813.9839,55.177982639999996,-3.9944,-4492.6417,-1758.80591736,-6255.44201736
118,517.9965,1426.4989,-1082.2477,0.0,0.0,0.0,-1285.6213,-16091.4865,602.9077,11524.272,-1777.3542,54.5184036,-2.1968,-4387.680400000001,-1722.8357964,-6112.7129964000005
119,504.4955,1344.1564,-1080.8462,0.0,0.0,0.0,-1268.92,-16019.7067,597.678,11525.5822,-1886.4995,55.33434072,6.0635,-4397.560799999999,-1831.16515928,-6222.662459279999
120,502.7978,1428.409,-1099.0415,0.0,0.0,0.0,-1275.2441,-16011.4049,596.6794,11516.6408,-1894.7584,54.6741036,9.9492,-4341.163500000001,-1840.0842963999999,-6171.2985964
121,508.776,1368.5655,-1069.39,0.0,0.0,0.0,-1292.1863,-15932.7261,605.5632,11546.6774,-1988.7668,57.15985319999999,12.9864,-4264.720299999997,-1931.6069468,-6183.340846799998
122,491.3161,1423.2492,-1106.939,0.0,0.0,0.0,-1281.4767,-15968.8002,604.6806,11541.2797,-1917.2282,55.918902239999994,13.1294,-4296.690300000002,-1861.30929776,-6144.870197760002
123,479.1706,1392.6167,-1073.2937,0.0,0.0,0.0,-1260.2056,-15974.9428,599.4343,11546.6527,-1955.1157,56.96635968,5.3337,-4290.567799999999,-1898.14934032,-6183.383440319999
124,496.8963,1430.5145,-1114.2864,0.0,0.0,0.0,-1263.8497,-15941.6242,606.0961,11510.4686,-1926.711,57.84673392,-11.8663,-4275.784799999999,-1868.86426608,-6156.51536608
125,521.0094,1440.3193,-1059.8435,0.0,0.0,0.0,-1284.2019,-15853.7377,601.0661,11493.0533,-1983.7067,56.2808412,6.262,-4142.334999999999,-1927.4258588,-6063.498858799999
126,469.0703,1417.4755,-1102.6233,0.0,0.0,0.0,-1277.7634,-16029.6518,613.9312,11530.5977,-1885.603,54.98528328,9.9041,-4378.9637999999995,-1830.61771672,-6199.67741672
127,480.7466,1408.1914,-1094.9791,0.0,0.0,0.0,-1276.2108,-15981.7743,624.9204,11512.3386,-1849.5347,56.45639016,3.4356,-4326.767200000002,-1793.07830984,-6116.409909840002
128,494.9724,1408.5472,-1097.7712,0.0,0.0,0.0,-1272.8802,-15978.2916,593.636,11429.9127,-1830.9954,56.4548256,1.7967,-4421.8746999999985,-1774.5405744,-6194.618574399999
129,534.0725,1425.6424,-1095.6666,0.0,0.0,0.0,-1278.9315,-15860.4083,595.4803,11443.345,-1927.0206,55.72808208,13.3551,-4236.466200000001,-1871.2925179200001,-6094.403617920001
130,511.3045,1392.1554,-1084.727,0.0,0.0,0.0,-1256.2805,-16008.2685,621.4251,11561.0815,-1889.4815,57.16251936,1.7382,-4263.309499999999,-1832.31898064,-6093.890280639999
131,503.2348,1366.8058,-1077.4401,0.0,0.0,0.0,-1285.5222,-15977.0652,602.6879,11509.9291,-1905.4649,56.253295439999995,-5.819,-4357.3699,-1849.2116045599998,-6212.40050456
132,511.5611,1392.4127,-1093.178,0.0,0.0,0.0,-1310.059,-16019.1027,595.1586,11564.1687,-1888.2147,55.576617119999995,4.754,-4359.0386,-1832.63808288,-6186.92268288
133,511.4015,1382.3865,-1132.2853,0.0,0.0,0.0,-1300.8373,-15954.3416,603.163,11499.2049,-1888.4574,55.907173439999994,8.8761,-4391.308299999997,-1832.55022656,-6214.982426559996
134,491.4638,1367.9254,-1090.183,0.0,0.0,0.0,-1299.4112,-15986.2981,612.1052,11533.5708,-1897.6233,54.75255552,-0.748,-4370.827100000002,-1842.87074448,-6214.445844480002
135,498.1716,1364.3472,-1101.9909,0.0,0.0,0.0,-1259.4287,-16089.7423,581.4266,11503.1025,-1818.6566,54.848685599999996,22.9197,-4504.114,-1763.8079144,-6245.0022143999995
136,508.0069,1390.0539,-1106.4215,0.0,0.0,0.0,-1255.5258,-15969.1452,590.8892,11493.2512,-1869.3045,56.988563039999995,6.2141,-4348.891299999999,-1812.31593696,-6154.993136959999
137,458.982,1423.4349,-1098.8883,0.0,0.0,0.0,-1286.2929,-15946.128,589.8766,11521.2336,-1926.1845,56.86972272,9.384,-4337.7821,-1869.31477728,-6197.712877280001
138,537.972,1382.2379,-1108.0748,0.0,0.0,0.0,-1281.4058,-16010.3114,577.2859,11507.214,-1872.7228,55.194845040000004,11.4817,-4395.082199999999,-1817.52795496,-6201.128454959999
139,475.7376,1440.8783,-1072.5099,0.0,0.0,0.0,-1271.855,-15969.3975,606.051,11571.8103,-1965.828,57.21446664,-3.9369,-4219.2852,-1908.61353336,-6131.8356333599995
140,524.673,1443.2665,-1084.0741,0.0,0.0,0.0,-1269.5034,-15989.4071,614.1535,11527.2654,-1877.1838,56.97166968,-5.2084,-4233.626200000001,-1820.21213032,-6059.046730320001
141,492.6864,1446.8683,-1092.7115,0.0,0.0,0.0,-1283.0924,-16025.0986,608.4231,11492.2202,-1822.199,55.25860248,6.6064,-4360.7045,-1766.94039752,-6121.03849752
142,481.4933,1444.1525,-1098.9948,0.0,0.0,0.0,-1287.5886,-15908.405,593.9221,11503.0798,-1933.8957,56.037430799999996,3.3933,-4272.340700000001,-1877.8582692,-6146.805669200001
143,503.6604,1449.7773,-1096.3106,0.0,0.0,0.0,-1302.2647,-15973.0483,596.6489,11486.5727,-1840.9162,53.73140328,2.5924,-4334.9643,-1787.18479672,-6119.556696719998
144,499.8501,1450.0895,-1113.5469,0.0,0.0,0.0,-1264.492,-16000.1059,598.1009,11501.1922,-1833.0916,57.23929295999999,-4.1484,-4328.912100000001,-1775.85230704,-6108.912807040001
145,491.7135,1423.2594,-1098.3609,0.0,0.0,0.0,-1269.8519,-15904.4972,582.5452,11493.9084,-1953.5333,56.544130079999995,3.4933,-4281.2835,-1896.98916992,-6174.779369919999
146,527.2661,1397.6244,-1099.3275,0.0,0.0,0.0,-1275.4994,-15856.2152,606.6068,11444.0988,-1932.0285,55.777407839999995,7.7383,-4255.446000000002,-1876.2510921599999,-6123.958792160002
147,507.9621,1385.3218,-1064.7835,0.0,0.0,0.0,-1288.7631,-16026.5653,593.5334,11551.3687,-1894.8316,56.99016288,-1.8299,-4341.9259,-1837.84143712,-6181.59723712
148,474.8665,1375.2062,-1095.2568,0.0,0.0,0.0,-1258.6627,-15916.0494,596.8326,11506.6581,-1947.8189,56.972463839999996,0.2707,-4316.405499999999,-1890.84643616,-6206.981236159999
149,474.6523,1407.6554,-1071.4659,0.0,0.0,0.0,-1258.0756,-15956.0559,608.272,11491.5003,-1926.2374,58.95567071999999,3.8502,-4303.517399999997,-1867.28172928,-6166.948929279997
150,497.8486,1421.6893,-1098.582,0.0,0.0,0.0,-1306.2416,-15974.4646,590.4994,11508.953,-1891.463,57.14897472,-4.0962,-4360.2979,-1834.31402528,-6198.708125279999
151,509.6792,1425.5411,-1095.7482,0.0,0.0,0.0,-1275.5188,-15859.4262,600.0636,11475.9979,-1973.6916,56.70197424,4.608,-4219.411400000001,-1916.98962576,-6131.793025760001
152,522.7871,1403.3842,-1076.286,0.0,0.0,0.0,-1269.5034,-15928.8142,598.1304,11505.5567,-1949.8145,55.78091136,9.9398,-4244.745200000001,-1894.03358864,-6128.838988640002
153,513.3812,1437.3517,-1114.1906,0.0,0.0,0.0,-1299.5474,-15938.6402,592.4828,11546.0803,-1959.2086,56.17306512,-6.0682,-4263.082200000001,-1903.03553488,-6172.185934880001
154,505.2698,1410.6618,-1084.4363,0.0,0.0,0.0,-1282.6511,-16036.8952,586.9771,11526.36,-1860.8027,57.46769064,1.524,-4374.713899999999,-1803.33500936,-6176.524909359999
155,514.8253,1458.6777,-1101.2354,0.0,0.0,0.0,-1295.617,-15954.2101,587.2574,11480.8337,-1891.6908,56.68627608,-4.1199,-4309.4684,-1835.00452392,-6148.592823919999
156,488.5003,1402.7619,-1113.2723,0.0,0.0,0.0,-1277.4958,-15895.6001,626.3239,11600.6841,-2040.8153,56.895904079999994,-3.2962,-4168.098,-1983.91939592,-6155.31359592
157,478.8003,1436.812,-1080.4394,0.0,0.0,0.0,-1273.3139,-15844.5533,603.0499,11497.1939,-2023.1308,55.23708456,-6.6504,-4182.450499999999,-1967.8937154399998,-6156.9946154399995
158,507.6795,1394.137,-1075.6326,0.0,0.0,0.0,-1294.3257,-16017.5361,597.2578,11507.6831,-1885.738,55.717497359999996,-0.465,-4380.736999999999,-1830.0205026400001,-6211.222502639999
159,478.5229,1376.5533,-1083.8689,0.0,0.0,0.0,-1275.7213,-16019.8001,608.5999,11529.6267,-1893.988,55.827938159999995,8.7941,-4386.0875,-1838.16006184,-6215.45346184
160,512.6778,1361.0186,-1074.3602,0.0,0.0,0.0,-1292.7625,-15857.8499,592.7221,11477.0538,-1951.0425,56.70286488,0.0918,-4281.500299999998,-1894.33963512,-6175.748135119998
161,540.0768,1402.7124,-1073.7316,0.0,0.0,0.0,-1269.6365,-15858.9703,586.5075,11428.982,-1948.3413,54.886355280000004,4.9064,-4244.059700000002,-1893.45494472,-6132.6082447200015
162,541.3979,1445.0992,-1100.5316,0.0,0.0,0.0,-1265.2233,-15988.7324,596.9509,11537.925,-1928.1849,56.15854704,-3.5726,-4233.114300000001,-1872.02635296,-6108.713252960002
163,530.2826,1374.4012,-1076.1651,0.0,0.0,0.0,-1275.6418,-16015.8538,599.0548,11522.0854,-1881.5883,56.68385616,5.7163,-4341.836700000002,-1824.9044438399999,-6161.024843840001
164,543.2952,1391.6371,-1050.0603,0.0,0.0,0.0,-1292.1869,-15898.064,587.4513,11513.6695,-1967.9458,55.79258184,0.5233,-4204.258099999999,-1912.15321816,-6115.888018159999
165,496.3512,1401.7132,-1067.5368,0.0,0.0,0.0,-1265.8577,-15999.2125,589.0822,11536.1848,-1885.5194,57.006120960000004,3.612,-4309.275599999999,-1828.5132790399998,-6134.176879039999
166,512.6917,1464.1097,-1085.6948,0.0,0.0,0.0,-1262.3245,-15919.9181,594.917,11540.0314,-1980.6385,54.887204159999996,-8.1513,-4156.187600000001,-1925.75129584,-6090.090195840002
167,488.9259,1390.4145,-1070.3397,0.0,0.0,0.0,-1293.4339,-15973.6825,596.7117,11567.6017,-1939.6662,57.17035223999999,3.0999,-4293.802300000003,-1882.4958477599998,-6173.198247760002
168,497.3522,1396.8173,-1059.8163,0.0,0.0,0.0,-1288.2508,-15944.8168,600.9753,11495.7279,-1914.3071,56.552477759999995,0.1104,-4302.011200000001,-1857.75462224,-6159.655422240001
169,505.262,1452.6457,-1074.4452,0.0,0.0,0.0,-1302.9958,-16068.0512,603.2535,11545.6293,-1853.3635,53.92472688,3.3685,-4338.7017,-1799.43877312,-6134.7719731199995
170,507.9323,1438.7643,-1097.2139,0.0,0.0,0.0,-1259.831,-16012.2855,592.5288,11486.0397,-1869.1397,57.78513072,-2.0813,-4344.0653,-1811.3545692799999,-6157.50116928
171,489.5942,1383.8143,-1094.2788,0.0,0.0,0.0,-1310.066,-15968.5614,595.5613,11543.099,-1911.7207,56.39312448,12.056,-4360.8374,-1855.32757552,-6204.108975520001
172,471.045,1458.1594,-1087.5478,0.0,0.0,0.0,-1292.4361,-16048.3448,604.2449,11562.2886,-1891.95,56.01561624,-1.0106,-4332.5908,-1835.93438376,-6169.5357837599995
173,507.6181,1408.0582,-1109.6133,0.0,0.0,0.0,-1269.7132,-15976.0597,602.6795,11487.3713,-1884.3226,57.418124399999996,-2.5012,-4349.659099999997,-1826.9044756,-6179.064775599996
174,477.9772,1351.6822,-1111.3778,0.0,0.0,0.0,-1267.9734,-15973.0843,610.4819,11529.9057,-1908.9611,55.68314328,-0.8018,-4382.388499999999,-1853.27795672,-6236.46825672
175,540.7894,1396.0547,-1119.4157,0.0,0.0,0.0,-1266.4105,-15974.0198,612.1965,11540.1571,-1935.4873,57.8722716,-5.4914,-4270.648299999999,-1877.6150284,-6153.754728399998
176,508.4108,1355.677,-1084.1259,0.0,0.0,0.0,-1279.0025,-16023.9526,596.7453,11457.6254,-1781.121,55.37013192,1.8655,-4468.6224999999995,-1725.7508680800001,-6192.50786808
177,512.7467,1398.6497,-1068.7215,0.0,0.0,0.0,-1267.475,-15964.4526,610.4558,11557.2671,-1975.505,58.99603607999999,-0.0605,-4221.529800000002,-1916.50896392,-6138.099263920002
178,509.078,1418.6083,-1084.2293,0.0,0.0,0.0,-1267.0742,-15968.3819,599.951,11524.1019,-1884.2723,56.39769072,-5.7651,-4267.9462,-1827.8746092800002,-6101.58590928
179,524.6374,1436.4849,-1087.7722,0.0,0.0,0.0,-1270.6843,-15840.9858,604.8823,11533.626,-2037.8822,58.3501572,-2.859,-4099.8117,-1979.5320428,-6082.202742800001
180,515.0979,1414.0598,-1088.7333,0.0,0.0,0.0,-1266.3064,-15907.2948,598.0207,11541.51,-2013.6053,57.03351192,0.4491,-4193.6461,-1956.57178808,-6149.76878808
181,499.5213,1399.4575,-1067.5332,0.0,0.0,0.0,-1300.8398,-15938.393,618.2875,11539.9958,-1927.6678,56.44822248,-2.6837,-4249.503899999998,-1871.21957752,-6123.407177519997
182,507.1509,1403.5473,-1094.299,0.0,0.0,0.0,-1264.302,-15935.0665,614.24,11541.7706,-1940.6556,57.05849736,1.329,-4226.958700000001,-1883.59710264,-6109.226802640002
183,527.6292,1424.8871,-1106.4813,0.0,0.0,0.0,-1270.9732,-15833.2446,589.4754,11460.3612,-1995.5195,57.89077631999999,-6.395,-4208.346200000002,-1937.6287236800001,-6152.369923680002
184,476.1226,1416.6688,-1068.3393,0.0,0.0,0.0,-1262.8376,-15984.3611,612.5127,11524.1054,-1889.8419,56.93963976,-2.3319,-4286.128499999999,-1832.9022602399998,-6121.362660239998
185,498.5147,1435.0992,-1105.5736,0.0,0.0,0.0,-1283.6621,-15791.3679,584.0138,11509.007,-2049.5351,58.79395656,8.5543,-4153.968899999998,-1990.74114344,-6136.155743439998
186,504.8533,1432.4997,-1119.1854,0.0,0.0,0.0,-1254.5122,-15740.1961,613.4851,11474.4432,-2075.4779,59.46409151999999,2.4924,-4088.6124,-2016.0138084799999,-6102.13380848
187,507.4644,1369.7807,-1090.4044,0.0,0.0,0.0,-1279.2649,-15902.0282,616.9083,11542.6128,-1951.3983,57.92779728,0.8078,-4234.931300000002,-1893.47050272,-6127.594002720002
188,508.2052,1394.7493,-1105.2541,0.0,0.0,0.0,-1303.511,-15714.7735,587.5057,11486.2603,-2085.6388,58.38372792,2.3692,-4146.8181,-2027.2550720800002,-6171.703972080001
189,490.9329,1439.0532,-1116.5559,0.0,0.0,0.0,-1233.8651,-15900.0726,619.8231,11504.6275,-1937.4891,59.28752736,9.4963,-4196.0569,-1878.20157264,-6064.762172639999
190,519.7527,1407.7579,-1075.4444,0.0,0.0,0.0,-1270.4795,-16042.3439,602.4863,11475.1084,-1820.8412,55.953558,-4.0775,-4383.1625,-1764.8876420000001,-6152.127642
191,565.4678,1383.5091,-1109.2662,0.0,0.0,0.0,-1271.8519,-15880.2333,600.8208,11405.178,-1906.1736,58.60637568,6.9275,-4306.3757000000005,-1847.5672243200002,-6147.01542432
192,507.9705,1375.2919,-1094.2143,0.0,0.0,0.0,-1256.9691,-15882.7108,607.8947,11489.2922,-1945.1825,56.83788432,7.3782,-4253.4449,-1888.3446156799998,-6134.41131568
193,489.1681,1426.117,-1108.1426,0.0,0.0,0.0,-1263.969,-15952.737,603.9624,11490.9365,-1884.0832,57.431386079999996,-5.3832,-4314.6646,-1826.65181392,-6146.69961392
194,529.2224,1432.0948,-1082.9212,0.0,0.0,0.0,-1283.3377,-15969.6534,590.7765,11549.6807,-1897.1318,56.57926248,-0.9969,-4234.137899999998,-1840.5525375200002,-6075.687337519998
195,513.529,1413.661,-1075.9105,0.0,0.0,0.0,-1278.99,-15857.8932,608.6308,11478.3682,-1989.9234,56.28086928,3.0633,-4198.604699999998,-1933.64253072,-6129.183930719998
196,513.8177,1426.9261,-1083.9162,0.0,0.0,0.0,-1295.2216,-15859.7688,601.1854,11489.659,-1969.8331,55.93136184,-8.8139,-4207.3184,-1913.9017381600001,-6130.03403816
197,475.8472,1372.1927,-1098.0725,0.0,0.0,0.0,-1280.8772,-15855.059,583.9038,11537.3408,-1993.3175,57.69732744,4.7297,-4264.724199999999,-1935.6201725600001,-6195.614672559999
198,523.4952,1429.1681,-1089.7828,0.0,0.0,0.0,-1287.7418,-16006.2332,581.0675,11473.6335,-1823.3328,56.22536664,-0.4894,-4376.3935,-1767.10743336,-6143.9903333600005
199,509.8323,1406.9581,-1074.2403,0.0,0.0,0.0,-1287.269,-15875.0806,591.4299,11540.9489,-1993.669,56.243093759999994,-3.8007,-4187.420700000001,-1937.4259062400001,-6128.64730624
200,502.0697,1401.0877,-1070.9691,0.0,0.0,0.0,-1288.6653,-15870.5084,589.5633,11502.5166,-1944.7514,54.425401199999996,0.361,-4234.905500000001,-1890.3259988000002,-6124.870498800001
201,522.606,1425.9129,-1073.0829,0.0,0.0,0.0,-1290.6488,-16116.8014,595.863,11503.3389,-1734.5934,52.66782288,8.1887,-4432.812300000001,-1681.92557712,-6106.549177120001
202,526.8067,1417.5461,-1085.793,0.0,0.0,0.0,-1258.988,-16042.2063,602.6688,11515.2648,-1854.3676,54.46873944,-0.9104,-4324.7009,-1799.89886056,-6125.510160559999
203,490.3468,1366.696,-1099.9614,0.0,0.0,0.0,-1264.5446,-16054.9051,620.7352,11518.0096,-1806.6939,53.50747176,-0.4844,-4423.6235,-1753.18642824,-6177.29432824
204,520.104,1411.516,-1083.2344,0.0,0.0,0.0,-1283.4156,-15989.7295,615.699,11509.515,-1858.5721,54.194579999999995,2.6166,-4299.5455,-1804.37752,-6101.30642
205,513.3054,1472.981,-1098.6179,0.0,0.0,0.0,-1296.7556,-15945.0709,592.1626,11513.685,-1943.0228,54.895667759999995,1.1593,-4248.310400000002,-1888.12713224,-6135.278232240002
206,483.7701,1497.8845,-1125.8598,0.0,0.0,0.0,-1290.508,-15817.3068,601.294,11480.3811,-1997.8158,56.45422656,8.0798,-4170.3449,-1941.36157344,-6103.62667344
207,509.9436,1397.5246,-1070.5349,0.0,0.0,0.0,-1298.725,-16105.5447,601.7306,11496.5558,-1759.8388,55.36581696,1.9284,-4469.049999999999,-1704.47298304,-6171.594583039999
208,532.4301,1384.975,-1095.5769,0.0,0.0,0.0,-1279.9168,-16017.4301,591.7186,11527.5933,-1858.5418,54.155268719999995,3.9583,-4356.2068,-1804.3865312799999,-6156.63503128
209,471.7985,1424.2903,-1090.6219,0.0,0.0,0.0,-1290.4977,-15991.1885,620.0248,11534.55,-1880.7304,54.99972792,4.9091,-4321.644500000002,-1825.73067208,-6142.466072080003
210,520.2227,1422.8547,-1102.0015,0.0,0.0,0.0,-1300.6789,-15936.873,624.8441,11527.7907,-1928.8034,54.172247760000005,4.5062,-4243.841199999999,-1874.6311522400001,-6113.966152239999
211,513.6883,1403.8091,-1073.6794,0.0,0.0,0.0,-1275.9799,-16020.0795,591.2152,11495.8643,-1837.0524,54.576892799999996,5.5494,-4365.161899999999,-1782.4755072,-6142.0880072
212,493.4749,1429.4168,-1123.4671,0.0,0.0,0.0,-1288.6212,-16019.0335,609.1106,11478.0475,-1809.5946,53.49486168,-7.2398,-4421.072,-1756.09973832,-6184.411538320001
213,488.343,1428.9118,-1104.0194,0.0,0.0,0.0,-1279.4299,-15947.5775,620.9826,11529.223,-1936.9549,55.22591808,-1.6513,-4263.5664000000015,-1881.72898192,-6146.9466819200015
214,509.1039,1398.011,-1081.9231,0.0,0.0,0.0,-1296.0351,-16052.6774,598.6812,11589.5685,-1860.9399,53.924807519999995,-1.9127,-4335.2710000000025,-1807.01509248,-6144.198792480002
215,499.4773,1385.5379,-1084.4332,0.0,0.0,0.0,-1299.0789,-15824.4343,605.6893,11438.5419,-1939.8581,55.37380896,-7.7213,-4278.700000000001,-1884.48429104,-6170.90559104
216,486.4309,1453.8648,-1112.8244,0.0,0.0,0.0,-1278.4746,-16000.5267,588.6213,11513.9309,-1844.8611,53.9786016,4.2203,-4348.977799999999,-1790.8824984,-6135.639998399999
217,495.7383,1399.2283,-1108.356,0.0,0.0,0.0,-1261.5766,-15920.2885,586.7029,11436.1048,-1886.0681,54.96490728,-9.9461,-4372.4468,-1831.10319272,-6213.49609272
218,504.8407,1388.9598,-1082.6075,0.0,0.0,0.0,-1295.4491,-15966.324,594.5257,11558.1176,-1933.8922,53.99960184,7.6006,-4297.9367999999995,-1879.89259816,-6170.22879816
219,508.0576,1389.6748,-1117.3192,0.0,0.0,0.0,-1279.4314,-16095.5011,595.5483,11533.9212,-1773.4123,53.3984292,-1.6441,-4465.049799999999,-1720.0138708,-6186.7077708
220,512.4402,1354.9067,-1077.0485,0.0,0.0,0.0,-1290.6053,-15976.3172,583.7684,11520.9447,-1890.2639,55.17091008,-1.8978,-4371.911,-1835.09298992,-6208.90178992
221,517.1045,1433.6614,-1099.7458,0.0,0.0,0.0,-1306.236,-15997.8326,601.5542,11524.9963,-1858.5192,53.55028944,-0.3333,-4326.498,-1804.96891056,-6131.80021056
222,499.2649,1413.8998,-1101.7059,0.0,0.0,0.0,-1288.7201,-16144.8655,598.7233,11555.3906,-1798.2859,55.328150879999995,-1.479,-4468.012899999998,-1742.95774912,-6212.449649119998
223,516.6514,1467.6088,-1091.3716,0.0,0.0,0.0,-1306.4757,-15961.6553,605.9152,11475.9688,-1841.3738,53.30509056,2.8323,-4293.358400000001,-1788.06870944,-6078.594809440001
224,477.9498,1372.2156,-1105.277,0.0,0.0,0.0,-1283.1226,-16066.4539,598.5642,11487.062,-1757.7441,53.754047279999995,-5.4821,-4519.061899999999,-1703.99005272,-6228.534052719999
225,444.0843,1398.9144,-1071.2289,0.0,0.0,0.0,-1296.2898,-15976.6578,617.9767,11549.3998,-1901.7978,56.5554492,-3.5851,-4333.801300000003,-1845.2423508000002,-6182.628750800003
226,491.1931,1391.615,-1102.8364,0.0,0.0,0.0,-1292.2947,-16093.6938,610.0982,11494.5124,-1756.0126,53.85893976,3.8547,-4501.406199999998,-1702.1536602400001,-6199.705160239998
227,491.0395,1414.5729,-1083.2514,0.0,0.0,0.0,-1282.3046,-15903.697,616.3046,11507.949,-1963.3789,55.570987439999996,-2.1774,-4239.387000000001,-1907.80791256,-6149.37231256
228,514.7309,1371.6989,-1067.8278,0.0,0.0,0.0,-1264.6043,-15923.9463,604.1891,11550.7777,-1975.9072,56.15213328,-3.3387,-4214.9818,-1919.75506672,-6138.075566719999
229,486.885,1399.687,-1073.7862,0.0,0.0,0.0,-1300.6417,-15955.706,586.6179,11525.5083,-1909.4138,54.67352328,-1.9752,-4331.435700000002,-1854.74027672,-6188.151176720002
230,510.7092,1430.162,-1093.3459,0.0,0.0,0.0,-1292.5178,-15945.5448,597.9911,11475.6196,-1858.5119,53.72364456,6.1338,-4316.926600000001,-1804.78825544,-6115.5810554400005
231,516.0437,1461.8852,-1107.3047,0.0,0.0,0.0,-1278.9089,-15839.9325,600.6939,11497.1051,-1997.2896,56.44555128,7.5412,-4150.4182,-1940.84404872,-6083.721048720001
232,511.4405,1351.2675,-1097.0613,0.0,0.0,0.0,-1292.572,-15994.8943,597.2819,11528.7852,-1861.1594,55.98396288,3.0923,-4395.752499999999,-1805.17543712,-6197.835637119999
233,495.6296,1401.8019,-1100.6023,0.0,0.0,0.0,-1296.1837,-15934.5856,597.0204,11509.7005,-1900.6341,55.45452888,1.2297,-4327.2192,-1845.17957112,-6171.16907112
234,499.2644,1363.9175,-1108.1506,0.0,0.0,0.0,-1292.7167,-15951.3452,608.9334,11552.5179,-1906.5231,54.32319576,8.5391,-4327.579299999998,-1852.19990424,-6171.240104239998
235,500.1856,1451.0563,-1108.6585,0.0,0.0,0.0,-1331.0401,-15834.1053,598.4387,11475.7475,-1980.0009,54.25076592,-0.0432,-4248.3758,-1925.75013408,-6174.16913408
236,519.3266,1426.8828,-1115.5732,0.0,0.0,0.0,-1287.4927,-15803.9509,589.4638,11506.2737,-2029.5346,56.595271679999996,2.209,-4165.0699,-1972.93932832,-6135.80022832
237,483.5942,1450.2366,-1088.8382,0.0,0.0,0.0,-1314.7243,-15891.7622,607.5422,11487.589,-1936.4321,55.1257848,5.9143,-4266.3627,-1881.3063152,-6141.7547152
238,511.5541,1414.4341,-1088.7625,0.0,0.0,0.0,-1264.9534,-15885.3588,609.6119,11544.5053,-2004.6893,56.43705096,0.6072,-4158.969299999999,-1948.25224904,-6106.614349039998
239,514.6694,1437.2983,-1101.8204,0.0,0.0,0.0,-1273.7455,-15882.9767,598.6542,11459.3959,-1956.0268,54.65771496,5.5749,-4248.524799999999,-1901.36908504,-6144.3189850399995
240,512.1409,1427.6741,-1100.8022,0.0,0.0,0.0,-1309.3978,-15855.6631,598.8842,11557.5743,-2009.6714,54.68387616,0.0612,-4169.589599999999,-1954.98752384,-6124.515923839999
241,487.1433,1419.4964,-1044.9439,0.0,0.0,0.0,-1251.1822,-16038.4304,603.4713,11497.9193,-1870.1157,55.38827664,2.6743,-4326.5262,-1814.72742336,-6138.579323360001
242,485.7811,1454.3149,-1098.8703,0.0,0.0,0.0,-1272.2253,-16043.4484,600.4724,11467.3404,-1822.3429,54.844068959999994,3.2013,-4406.635200000001,-1767.4988310400001,-6170.93273104
243,523.3087,1372.5231,-1088.2605,0.0,0.0,0.0,-1259.471,-16007.529,605.6204,11490.5947,-1851.8944,56.3611896,-3.1383,-4363.213600000001,-1795.5332104,-6161.8851104000005
244,486.2171,1418.4729,-1085.2807,0.0,0.0,0.0,-1265.4359,-15959.217,606.2269,11481.1712,-1862.234,57.16040184,1.7647,-4317.845500000001,-1805.0735981599998,-6121.154398160002
245,505.259,1400.5774,-1087.6933,0.0,0.0,0.0,-1289.7748,-15987.0742,610.4045,11519.4375,-1906.3472,56.75157359999999,5.1047,-4328.8639,-1849.5956264,-6173.354826400001
246,524.7686,1403.8126,-1094.3306,0.0,0.0,0.0,-1278.091,-16076.7104,596.5634,11532.9142,-1848.6259,55.08618912,-3.7052,-4391.0732000000025,-1793.53971088,-6188.318110880003
247,507.3513,1416.9689,-1070.9075,0.0,0.0,0.0,-1264.77,-16079.3433,587.8286,11511.2346,-1802.8963,56.282351039999995,-8.8318,-4391.6374,-1746.61394896,-6147.08314896
248,470.8703,1474.1324,-1065.0927,0.0,0.0,0.0,-1262.26,-16104.2123,599.1762,11573.3384,-1855.1952,56.937222,-5.8873,-4314.047699999997,-1798.257978,-6118.192977999998
249,479.5209,1403.3714,-1080.7936,0.0,0.0,0.0,-1284.9844,-16077.5016,597.0539,11538.6395,-1848.2607,55.1798748,-3.3998,-4424.693899999998,-1793.0808252,-6221.174525199998
250,496.9446,1370.7666,-1077.8365,0.0,0.0,0.0,-1276.172,-16192.507,605.5189,11575.7091,-1812.6968,54.9916416,-5.1093,-4497.576300000001,-1757.7051583999998,-6260.390758400001
251,512.3999,1413.0861,-1094.2625,0.0,0.0,0.0,-1272.1113,-16187.3431,614.9115,11566.7379,-1757.4816,56.0098512,-3.9889,-4446.581499999998,-1701.4717488000001,-6152.042148799998
252,525.3255,1384.7214,-1064.2266,0.0,0.0,0.0,-1273.2531,-16113.6608,618.6602,11584.0531,-1828.995,56.180083679999996,0.445,-4338.380300000001,-1772.8149163199998,-6110.750216320001
253,486.7139,1449.5202,-1081.591,0.0,0.0,0.0,-1269.0101,-15893.3717,575.1437,11490.8716,-1983.9733,58.55160816,3.014,-4241.723399999999,-1925.4216918400002,-6164.131091839999
254,499.5538,1373.8683,-1098.9703,0.0,0.0,0.0,-1261.6541,-15933.8301,593.2814,11486.9775,-1920.6265,56.47073616,-6.7037,-4340.773499999999,-1864.15576384,-6211.632963839999
255,490.762,1403.7633,-1076.7258,0.0,0.0,0.0,-1251.756,-16035.4109,600.3031,11539.8001,-1871.8392,56.81609855999999,-1.1863,-4329.2642,-1815.02310144,-6145.4736014400005
256,506.8612,1427.0933,-1072.1499,0.0,0.0,0.0,-1291.8378,-16084.7598,582.0222,11590.6923,-1833.2114,56.139934319999995,-2.1926,-4342.078499999998,-1777.0714656799998,-6121.342565679998
257,491.5175,1403.6681,-1086.0557,0.0,0.0,0.0,-1266.7365,-16074.6755,601.0107,11537.594,-1857.0186,56.69829504,-4.4702,-4393.6774000000005,-1800.3203049600002,-6198.467904960001
258,520.1457,1372.3083,-1096.6078,0.0,0.0,0.0,-1288.2875,-15990.6153,617.821,11548.0318,-1904.7888,56.74518072,1.7465,-4317.203799999999,-1848.04361928,-6163.50091928
259,531.6607,1456.9651,-1116.1589,0.0,0.0,0.0,-1262.8231,-15875.5133,587.8277,11533.3746,-1999.6046,55.74585888,6.8706,-4144.667200000002,-1943.8587411199999,-6081.655341120001
260,489.8718,1407.8392,-1070.64,0.0,0.0,0.0,-1306.8728,-15854.7802,590.3561,11460.0229,-1933.6002,53.839595519999996,-4.0829,-4284.203000000001,-1879.76060448,-6168.046504480001
261,488.0103,1409.6101,-1056.7506,0.0,0.0,0.0,-1304.7348,-15975.5499,587.6135,11489.8787,-1873.179,54.90290376,-4.3043,-4361.922700000001,-1818.27609624,-6184.503096240001
262,492.0614,1446.0381,-1072.3529,0.0,0.0,0.0,-1276.2783,-15962.5451,588.1747,11519.415,-1936.1217,55.550044799999995,2.6679,-4265.4870999999985,-1880.5716552,-6143.3908551999975
263,531.6775,1423.9118,-1089.41,0.0,0.0,0.0,-1308.7163,-15917.2057,588.8797,11496.6092,-1933.1393,56.35845576,1.1388,-4274.2538,-1876.78084424,-6149.895844240001
264,547.3117,1397.8196,-1090.8436,0.0,0.0,0.0,-1291.2003,-15946.8107,601.6262,11513.7791,-1930.6407,54.44572536,7.5274,-4268.317999999999,-1876.1949746399998,-6136.985574639999
265,504.7856,1402.206,-1105.9636,0.0,0.0,0.0,-1278.1026,-15865.9481,628.5952,11456.973,-1960.5766,56.0381544,-5.5097,-4257.4545,-1904.5384456000002,-6167.5026456
266,493.7367,1428.1466,-1086.9472,0.0,0.0,0.0,-1258.5683,-15880.9016,619.9,11437.7397,-1911.3262,55.08188064,1.1101,-4246.8940999999995,-1856.24431936,-6102.028319359999
267,490.6288,1418.3569,-1085.0111,0.0,0.0,0.0,-1287.1959,-15961.3913,611.2547,11534.4295,-1922.2949,57.52527624,-8.6107,-4278.928400000001,-1864.76962376,-6152.308723760001
268,495.7301,1442.1919,-1083.3815,0.0,0.0,0.0,-1264.3744,-15975.5131,580.2328,11531.7472,-1938.9649,55.382392079999995,-2.4938,-4273.367000000002,-1883.58250792,-6159.443307920003
269,490.3534,1474.6691,-1085.3563,0.0,0.0,0.0,-1287.5017,-15884.8597,594.0296,11499.213,-1985.7887,57.402503280000005,-7.5755,-4199.4526000000005,-1928.38619672,-6135.4142967200005
270,498.7919,1388.2335,-1088.2508,0.0,0.0,0.0,-1277.2727,-16063.8207,608.1646,11505.8634,-1808.1362,55.95219504,-0.3376,-4428.290800000001,-1752.1840049599998,-6180.81240496
271,466.2327,1497.6246,-1111.9258,0.0,0.0,0.0,-1278.5366,-16023.9557,573.3793,11483.5133,-1794.9002,56.41827984,-0.5945,-4393.668199999998,-1738.48192016,-6132.744620159999
272,485.0057,1427.4656,-1068.3701,0.0,0.0,0.0,-1270.0625,-16097.3977,597.7178,11510.5705,-1798.6776,55.96267392,9.9837,-4415.0707,-1742.71492608,-6147.80192608
273,474.1995,1376.6623,-1095.0916,0.0,0.0,0.0,-1292.6435,-16019.3726,620.3912,11590.2359,-1877.7822,59.26881024000001,-3.6579,-4345.618800000002,-1818.51338976,-6167.790089760002
274,466.5844,1416.3994,-1104.899,0.0,0.0,0.0,-1281.9,-15837.3029,598.2777,11487.0833,-2005.4349,56.501630639999995,9.5763,-4255.757099999999,-1948.93326936,-6195.114069359999
275,502.2141,1376.3361,-1085.4381,0.0,0.0,0.0,-1250.9578,-15926.0399,616.1815,11513.7292,-1983.1624,58.92309144,2.8348,-4253.974899999999,-1924.23930856,-6175.37940856
276,494.3881,1409.6942,-1118.103,0.0,0.0,0.0,-1279.2076,-16037.7259,592.5297,11532.6657,-1845.1642,57.32456112,1.0334,-4405.758800000001,-1787.83963888,-6192.565038880001
277,502.4357,1435.4037,-1070.2266,0.0,0.0,0.0,-1281.8527,-15972.7313,627.9519,11563.8866,-1945.9281,56.52705312,0.3459,-4195.1327,-1889.4010468800002,-6084.18784688
278,482.7643,1360.8513,-1094.9323,0.0,0.0,0.0,-1300.6186,-15939.2701,607.3978,11588.0449,-1960.2681,56.44010232,-8.0783,-4295.7626999999975,-1903.82799768,-6207.668997679998
279,542.198,1428.1576,-1088.3702,0.0,0.0,0.0,-1254.2901,-15938.1544,616.2127,11564.8643,-2007.1367,56.4924564,-0.7153,-4129.382100000001,-1950.6442436,-6080.7416436
280,502.6492,1445.5859,-1060.1984,0.0,0.0,0.0,-1272.4398,-15939.1019,586.089,11526.7863,-1967.0923,55.33709544,-1.1002,-4210.6296999999995,-1911.75520456,-6123.48510456
281,510.8407,1410.6137,-1088.7431,0.0,0.0,0.0,-1282.1789,-15916.1802,597.3775,11537.6622,-1971.0285,56.02372128,-7.8484,-4230.6080999999995,-1915.0047787199999,-6153.461278719999
282,510.326,1399.4743,-1102.9649,0.0,0.0,0.0,-1281.5903,-16055.8505,602.67,11581.6263,-1912.3951,56.95771536,-3.5818,-4346.3091,-1855.43738464,-6205.32828464
283,492.69,1423.4565,-1090.8678,0.0,0.0,0.0,-1278.2107,-16097.4715,591.1587,11551.3373,-1825.2317,56.86514784,1.4961,-4407.907500000001,-1768.36655216,-6174.777952160001
284,492.1003,1382.3943,-1121.9202,0.0,0.0,0.0,-1254.0938,-15980.1515,621.3669,11603.6983,-2007.4063,58.50899208,4.8516,-4256.6057,-1948.89730792,-6200.651407920001
285,487.7329,1419.7929,-1106.3989,0.0,0.0,0.0,-1285.7393,-15922.9094,599.6864,11570.1436,-1973.8156,57.069778320000005,-4.9983,-4237.691800000002,-1916.7458216799998,-6159.435921680002
286,485.5128,1439.3123,-1109.0831,0.0,0.0,0.0,-1241.4794,-15869.7491,597.0741,11487.3814,-2001.1941,58.22795591999999,8.7647,-4211.031000000001,-1942.96614408,-6145.232444080001
287,517.1324,1345.8189,-1062.7804,0.0,0.0,0.0,-1255.6383,-15921.913,619.103,11638.221,-2062.4714,58.982291999999994,14.0263,-4120.056400000001,-2003.489108,-6109.5192080000015
288,462.8199,1426.4364,-1068.1381,0.0,0.0,0.0,-1303.898,-15874.0207,610.2079,11534.0382,-2005.551,55.19532168,-1.8697,-4212.554399999999,-1950.35567832,-6164.7797783199985
289,505.0586,1453.2716,-1084.0482,0.0,0.0,0.0,-1250.5761,-15869.6041,599.2651,11540.2078,-2077.5663,57.91026168,7.4296,-4106.425299999999,-2019.6560383199999,-6118.651738319999
290,493.1401,1395.4224,-1123.6108,0.0,0.0,0.0,-1292.7894,-15863.4196,615.474,11502.5525,-1971.2501,55.86630192,2.3978,-4273.2307999999975,-1915.38379808,-6186.216798079998
291,487.209,1422.8456,-1122.5415,0.0,0.0,0.0,-1291.35,-15938.5953,596.7512,11455.4534,-1893.0888,54.5692788,-3.8516,-4390.227599999998,-1838.5195212,-6232.598721199998
292,524.6086,1401.6115,-1099.3117,0.0,0.0,0.0,-1275.8272,-15880.3596,591.8329,11479.7588,-1967.5361,55.204269839999995,2.4959,-4257.6867,-1912.33183016,-6167.5226301600005
293,520.6107,1407.775,-1084.7011,0.0,0.0,0.0,-1294.1425,-15852.7542,607.8346,11520.373,-2009.3284,55.023997679999994,2.2552,-4175.004499999999,-1954.30440232,-6127.0537023199995
294,495.7588,1407.889,-1073.4141,0.0,0.0,0.0,-1262.8933,-15843.8427,615.8792,11498.0503,-1996.4835,57.198726719999996,13.2768,-4162.5728,-1939.28477328,-6088.58077328
295,487.8957,1435.0609,-1091.0849,0.0,0.0,0.0,-1319.543,-15973.7907,612.0927,11530.3995,-1917.5382,54.754495920000004,0.6532,-4318.969800000001,-1862.78370408,-6181.100304080001
296,525.2188,1423.4818,-1068.0714,0.0,0.0,0.0,-1315.9495,-15845.7507,592.0065,11531.2623,-2012.8105,55.53423144,5.9168,-4157.8022,-1957.27626856,-6109.161668559999
297,506.5277,1406.1445,-1108.6205,0.0,0.0,0.0,-1304.5475,-16064.8377,596.0438,11566.6569,-1899.233,54.758111039999996,1.9016,-4402.632800000001,-1844.47488896,-6245.206088960002
298,569.5708,1402.3444,-1107.7155,0.0,0.0,0.0,-1261.9996,-16009.6959,582.2654,11514.7857,-1893.3314,56.04305976,10.4451,-4310.4447,-1837.28834024,-6137.28794024
299,503.6255,1372.141,-1070.0026,0.0,0.0,0.0,-1281.8749,-15992.2488,619.3255,11606.2465,-1959.6929,55.2776004,9.6117,-4242.787799999998,-1904.4152996,-6137.591399599998
300,533.3385,1416.8705,-1090.9577,0.0,0.0,0.0,-1290.7653,-15893.0574,605.3102,11461.5954,-1941.1321,54.60162696,4.5095,-4257.665800000001,-1886.53047304,-6139.68677304
301,494.1437,1417.1114,-1064.7833,0.0,0.0,0.0,-1284.7123,-15947.9346,614.7739,11581.0519,-1985.6694,57.76062623999999,5.1621,-4190.3493,-1927.90877376,-6113.09597376
302,531.5036,1402.8867,-1077.9477,0.0,0.0,0.0,-1282.3537,-15831.7368,581.4578,11443.261,-1965.0138,57.875414400000004,0.35,-4232.929099999999,-1907.1383856,-6139.717485599998
303,507.0078,1369.2052,-1082.4233,0.0,0.0,0.0,-1254.6606,-15914.9209,611.893,11506.735,-1983.4325,55.40289048,-1.8237,-4257.163799999998,-1928.02960952,-6187.0171095199985
304,493.8956,1402.1701,-1053.0794,0.0,0.0,0.0,-1300.4124,-15949.9934,622.8515,11503.5129,-1917.6355,55.56076848,2.5325,-4281.0551,-1862.0747315200001,-6140.59733152
305,505.9945,1430.9,-1091.3911,0.0,0.0,0.0,-1284.6156,-15906.7934,630.0869,11561.3248,-1988.8083,57.33418968,-0.9607,-4154.4938999999995,-1931.47411032,-6086.928710319999
306,479.3255,1438.6497,-1071.1734,0.0,0.0,0.0,-1302.5282,-15859.7468,606.213,11544.8067,-2013.0019,56.4114348,1.4427,-4164.453500000001,-1956.5904652,-6119.601265200002
307,500.6306,1396.0806,-1097.3899,0.0,0.0,0.0,-1289.9407,-15966.272,595.8161,11550.5141,-1930.7265,56.190057839999994,0.7572,-4310.5612,-1874.53644216,-6184.34044216
308,518.1045,1428.2668,-1084.974,0.0,0.0,0.0,-1243.6149,-15900.9712,607.4235,11535.8016,-2025.3392,57.98647368,7.5074,-4139.963699999998,-1967.3527263199999,-6099.809026319998
309,503.6628,1427.1277,-1092.9627,0.0,0.0,0.0,-1258.6283,-15999.2271,590.7946,11563.5495,-1936.1105,56.9873952,-3.0971,-4265.683500000003,-1879.1231048,-6147.903704800003
310,502.191,1388.8954,-1077.2293,0.0,0.0,0.0,-1283.1018,-16174.0088,591.9739,11628.3433,-1841.8071,55.795780799999996,-0.1588,-4422.936299999998,-1786.0113192,-6209.106419199998
311,496.4757,1398.1951,-1088.3352,0.0,0.0,0.0,-1273.2976,-16115.1231,597.3106,11536.9639,-1795.6638,57.19596335999999,1.7177,-4447.810599999999,-1738.46783664,-6184.560736639999
312,494.8511,1434.366,-1104.5597,0.0,0.0,0.0,-1267.8548,-16023.6257,603.8796,11524.4869,-1877.2581,56.16295416,2.1697,-4338.456600000001,-1821.09514584,-6157.382045840001
313,509.0907,1385.3233,-1105.1044,0.0,0.0,0.0,-1292.6188,-15840.0345,583.7154,11497.3502,-2020.8201,58.05170568,10.695,-4262.2780999999995,-1962.76839432,-6214.35149432
314,508.422,1434.357,-1123.899,0.0,0.0,0.0,-1279.5966,-15985.4054,589.9647,11549.8785,-1923.446,56.19687552,-7.589,-4306.278799999998,-1867.2491244799999,-6181.1169244799985
315,493.9734,1444.9428,-1093.0227,0.0,0.0,0.0,-1286.5024,-15863.9135,591.6241,11453.1716,-1974.0725,57.75738048,2.107,-4259.726700000001,-1916.31511952,-6173.934819520001
316,486.1749,1389.0979,-1093.097,0.0,0.0,0.0,-1266.4061,-16006.0155,602.4147,11550.9818,-1919.3175,57.159362879999996,-5.393,-4336.849300000002,-1862.1581371200002,-6204.400437120002
317,508.1575,1385.6168,-1083.6577,0.0,0.0,0.0,-1287.4301,-15944.2262,606.4528,11558.868,-1956.3478,56.83947552,5.6016,-4256.218899999998,-1899.50832448,-6150.125624479998
318,500.418,1421.6277,-1091.2028,0.0,0.0,0.0,-1242.5217,-16000.9947,611.9842,11575.1514,-1955.2301,57.44387664,8.9462,-4225.537899999999,-1897.78622336,-6114.377923359999
319,515.7785,1343.5303,-1080.2775,0.0,0.0,0.0,-1283.6964,-16042.9894,614.1388,11579.829,-1898.8047,57.33151488,-2.605,-4353.6867,-1841.47318512,-6197.764885119999
320,504.2412,1423.4846,-1068.9927,0.0,0.0,0.0,-1289.5516,-16004.8003,600.7657,11521.2503,-1904.3634,55.95294816,-2.9912,-4313.602800000001,-1848.41045184,-6165.004451840001
321,502.8652,1392.0271,-1096.5256,0.0,0.0,0.0,-1276.2318,-15917.2929,611.6231,11518.4881,-1954.2345,58.25007504,-2.0398,-4265.046799999998,-1895.98442496,-6163.071024959998
322,499.3854,1463.5147,-1086.7431,0.0,0.0,0.0,-1287.4422,-15995.8468,596.3651,11517.1152,-1901.9778,57.73029336,-6.2561,-4293.6516999999985,-1844.24750664,-6144.155306639997
323,531.7549,1386.1254,-1090.2943,0.0,0.0,0.0,-1297.3419,-15973.5133,606.522,11529.2528,-1912.4106,55.8962388,1.5657,-4307.494400000001,-1856.5143612,-6162.4430612000015
324,493.7288,1426.4764,-1074.8762,0.0,0.0,0.0,-1265.1581,-15804.7145,607.4447,11477.1075,-2034.3866,57.30329808,7.5845,-4139.991400000001,-1977.08330192,-6109.490201920001
325,502.7802,1355.1899,-1063.4154,0.0,0.0,0.0,-1261.778,-16036.2288,621.5015,11570.3313,-1872.3079,55.829203199999995,-0.271,-4311.619300000002,-1816.4786968,-6128.368996800002
326,497.381,1396.2152,-1083.4209,0.0,0.0,0.0,-1279.3148,-15936.8304,607.8938,11570.3348,-1984.1168,57.222701279999995,-0.6611,-4227.7413,-1926.89409872,-6155.296498719999
327,517.3586,1415.7111,-1081.8122,0.0,0.0,0.0,-1264.5813,-15998.4081,610.4618,11533.9516,-1899.8997,56.456174159999996,-6.9374,-4267.318499999998,-1843.44352584,-6117.699425839997
328,511.1762,1395.003,-1099.7128,0.0,0.0,0.0,-1279.5484,-15824.8336,594.1953,11453.1741,-2007.6806,54.80831088,1.7414,-4250.546200000001,-1952.87228912,-6201.67708912
329,499.7556,1448.9656,-1092.1859,0.0,0.0,0.0,-1285.8947,-15906.9056,608.5146,11542.3454,-1995.1378,57.03534144,-3.0758,-4185.404999999999,-1938.10245856,-6126.583258559999
330,494.2516,1440.2357,-1075.1946,0.0,0.0,0.0,-1262.3546,-15861.0625,589.0212,11495.4452,-1991.6599,57.1213368,1.7784,-4179.658000000001,-1934.5385632,-6112.418163200002
331,507.2112,1403.9452,-1072.2466,0.0,0.0,0.0,-1261.0667,-15971.0564,588.8674,11532.4149,-1931.113,58.64470272,6.3989,-4271.9310000000005,-1872.4682972800001,-6138.0003972800005
332,484.0892,1420.5706,-1104.2558,0.0,0.0,0.0,-1255.5461,-16069.4808,619.6653,11545.874,-1779.2438,55.930359599999996,-5.697,-4359.083599999998,-1723.3134404,-6088.094040399998
333,506.6441,1438.8128,-1071.9073,0.0,0.0,0.0,-1269.8499,-16101.6817,613.6295,11516.1018,-1823.0608,54.75198024,-5.1336,-4368.2507000000005,-1768.30881976,-6141.693119760001
334,513.9429,1380.4491,-1105.0948,0.0,0.0,0.0,-1289.9235,-16025.1362,602.5953,11542.2753,-1845.3596,56.188494,6.085,-4380.8919000000005,-1789.171106,-6163.978006
335,526.8623,1395.192,-1087.0861,0.0,0.0,0.0,-1253.3573,-16043.8249,614.2066,11517.1049,-1842.4361,57.461217839999996,8.1188,-4330.9025,-1784.9748821599999,-6107.75858216
336,468.6953,1415.3223,-1090.5887,0.0,0.0,0.0,-1292.2721,-15961.3887,608.0941,11529.3219,-1888.9476,55.75603176,-1.0805,-4322.815899999998,-1833.19156824,-6157.087968239997
337,481.4685,1448.7828,-1112.9178,0.0,0.0,0.0,-1278.3716,-15803.1363,602.6038,11500.6958,-1998.1096,57.49896384,-6.6257,-4160.8748,-1940.61063616,-6108.111136159999
338,488.5313,1416.9306,-1081.0031,0.0,0.0,0.0,-1276.5134,-15987.3686,618.0715,11506.23,-1831.3649,56.47653288,-0.8479,-4315.1217000000015,-1774.88836712,-6090.857967120001
339,528.5669,1439.7868,-1092.6074,0.0,0.0,0.0,-1272.4084,-16047.7016,601.4256,11547.323,-1859.7866,55.718868959999995,-4.8448,-4295.615100000001,-1804.06773104,-6104.52763104
340,485.6045,1415.0593,-1092.6478,0.0,0.0,0.0,-1278.6845,-16066.3831,609.7485,11522.4778,-1836.4215,55.5792048,2.8616,-4404.825299999999,-1780.8422951999999,-6182.8059951999985
341,476.5185,1403.5033,-1116.8783,0.0,0.0,0.0,-1277.9222,-15954.9795,602.3591,11552.5133,-1926.612,54.33235128,-3.2536,-4314.8858,-1872.27964872,-6190.41904872
342,502.79,1406.4882,-1069.3492,0.0,0.0,0.0,-1313.4547,-16029.0991,619.1602,11533.893,-1895.696,56.183806080000004,-1.0332,-4349.5715999999975,-1839.5121939199998,-6190.116993919997
343,504.6733,1436.9854,-1112.6942,0.0,0.0,0.0,-1279.7193,-15998.7485,597.4634,11523.4282,-1877.2689,56.87261135999999,0.7245,-4328.6116999999995,-1820.39628864,-6148.28348864
344,503.1272,1419.7394,-1095.7438,0.0,0.0,0.0,-1268.9563,-15965.2507,610.8339,11509.2789,-1903.7336,55.93458528,9.5288,-4286.971400000002,-1847.79901472,-6125.241614720002
345,454.7045,1449.5399,-1123.1079,0.0,0.0,0.0,-1248.9445,-15980.41,610.9337,11497.16,-1880.9377,55.06978536,7.5377,-4340.124300000001,-1825.86791464,-6158.454514640001
346,527.1314,1373.6707,-1085.3706,0.0,0.0,0.0,-1255.541,-16074.9533,612.3803,11517.4228,-1830.1515,58.02651648,-2.2482,-4385.259699999999,-1772.12498352,-6159.632883519998
347,497.7225,1434.2728,-1089.1394,0.0,0.0,0.0,-1249.7266,-15945.7304,599.0903,11457.7614,-1894.4827,57.14581752,10.4548,-4295.749400000001,-1837.33688248,-6122.631482480001
348,495.9776,1431.1585,-1083.2587,0.0,0.0,0.0,-1255.6243,-15999.0149,593.9362,11504.4743,-1873.7442,56.20320144,-1.4566,-4312.3513,-1817.5409985600002,-6131.348898560001
349,517.5464,1481.8727,-1114.8445,0.0,0.0,0.0,-1278.7479,-15976.257,589.7939,11464.7911,-1839.7056,55.932408,0.7016,-4315.845299999999,-1783.773192,-6098.916891999999
350,533.1196,1421.6019,-1106.436,0.0,0.0,0.0,-1251.8506,-16082.3552,620.3498,11471.0234,-1781.3178,56.79513504,-5.2464,-4394.547100000002,-1724.52266496,-6124.3161649600015
351,502.8002,1416.7363,-1085.8991,0.0,0.0,0.0,-1272.785,-16086.0985,596.577,11485.9005,-1770.0704,55.66085208,6.2372,-4442.768600000001,-1714.40954792,-6150.940947920002
352,509.8437,1432.7157,-1114.0313,0.0,0.0,0.0,-1271.5997,-15966.8032,602.3915,11494.0185,-1887.4502,55.02004992,5.3221,-4313.464800000002,-1832.43015008,-6140.572850080001
353,460.2979,1365.3472,-1100.6674,0.0,0.0,0.0,-1280.1927,-16068.0037,608.6702,11551.4419,-1802.3724,54.3924396,-1.4328,-4463.106599999997,-1747.9799604,-6212.519360399997
354,488.0248,1430.6297,-1098.3904,0.0,0.0,0.0,-1290.3194,-15927.9013,595.1159,11480.2987,-1898.7174,55.84608576,-1.3787,-4322.541999999998,-1842.87131424,-6166.792014239997
355,474.0431,1419.5087,-1107.1807,0.0,0.0,0.0,-1259.4446,-15945.7512,599.8036,11508.9583,-1931.5502,57.881625119999995,3.8894,-4310.0628000000015,-1873.6685748799998,-6179.8419748800015
356,491.4126,1426.8275,-1088.9024,0.0,0.0,0.0,-1276.5343,-16039.6834,604.4306,11572.2874,-1897.7313,56.520522,-3.5043,-4310.162000000002,-1841.210778,-6154.877078000001
357,522.719,1426.9375,-1103.5902,0.0,0.0,0.0,-1226.5004,-15914.1482,618.9759,11517.563,-1958.312,56.939009760000005,5.3535,-4158.0434000000005,-1901.3729902399998,-6054.06289024
358,514.0465,1409.5122,-1075.5133,0.0,0.0,0.0,-1277.7171,-16105.5829,598.7441,11495.1356,-1773.9939,55.1080368,1.9156,-4441.374900000001,-1718.8858632,-6158.3451632
359,491.5222,1448.8197,-1063.8187,0.0,0.0,0.0,-1282.4109,-16028.7404,595.7526,11547.4941,-1867.8383,55.88757216,-5.6866,-4291.381400000002,-1811.95072784,-6109.018727840002
360,528.443,1420.0285,-1108.9899,0.0,0.0,0.0,-1278.3242,-16027.6766,621.7484,11548.6832,-1858.995,56.28508488,-3.769,-4296.087600000003,-1802.70991512,-6102.566515120003
361,485.6858,1439.9491,-1093.4329,0.0,0.0,0.0,-1320.5642,-15875.6576,602.1969,11519.9388,-1995.2257,55.895742,5.4631,-4241.884099999999,-1939.329958,-6175.750958
362,484.5289,1404.3703,-1072.234,0.0,0.0,0.0,-1275.8804,-15946.5537,610.398,11503.5234,-1890.9416,58.05040176,-1.5146,-4291.8475,-1832.89119824,-6126.253298240001
363,482.6951,1455.9374,-1094.5654,0.0,0.0,0.0,-1237.9416,-15904.8374,599.3397,11504.6225,-1947.7283,57.90342527999999,-0.4004,-4194.7497,-1889.82487472,-6084.97497472
364,504.677,1427.4821,-1084.9384,0.0,0.0,0.0,-1285.2186,-15722.2991,596.8914,11490.6859,-2097.1975,57.350216159999995,-2.8085,-4072.7196999999996,-2039.8472838400003,-6115.37548384
365,478.4101,1370.8995,-1071.1225,0.0,0.0,0.0,-1275.1504,-15903.1317,611.575,11625.3872,-2025.4404,58.4347572,-5.849,-4163.132800000001,-1967.0056428,-6135.987442800001
366,481.5089,1438.3259,-1084.1772,0.0,0.0,0.0,-1291.5612,-15974.645,602.4395,11476.0775,-1855.8332,56.62833408,0.372,-4352.031600000002,-1799.20486592,-6150.864465920002
367,527.73,1383.1666,-1097.1765,0.0,0.0,0.0,-1279.3258,-16029.3272,601.0375,11497.1387,-1780.2827,56.16255312,-4.8707,-4396.7567,-1724.12014688,-6125.74754688
368,519.4559,1421.4918,-1096.7762,0.0,0.0,0.0,-1288.4226,-15946.1409,603.0136,11503.5016,-1883.0962,56.720462399999995,-1.6147,-4283.8768,-1826.3757375999999,-6111.8672376
369,519.1597,1463.9409,-1105.6645,0.0,0.0,0.0,-1263.1985,-15851.3603,599.9961,11511.0007,-2000.0175,57.526687439999996,13.1737,-4126.125899999999,-1942.49081256,-6055.443012559998
370,510.7523,1464.2701,-1121.4038,0.0,0.0,0.0,-1270.2233,-15944.4182,608.3389,11447.0262,-1881.3811,57.76360992,6.4875,-4305.657799999999,-1823.6174900800002,-6122.7877900799995
371,505.1053,1432.6463,-1114.0932,0.0,0.0,0.0,-1273.8407,-15733.7339,599.8858,11494.8295,-2108.6746,57.69990144,0.7683,-4089.2009,-2050.97469856,-6139.4072985600005
372,512.8825,1380.2513,-1106.874,0.0,0.0,0.0,-1250.6203,-15916.3487,594.4847,11497.5037,-1945.2156,56.508156719999995,-0.6321,-4288.720800000001,-1888.70744328,-6178.06034328
373,506.0807,1444.4354,-1087.3151,0.0,0.0,0.0,-1267.2485,-15872.5335,589.235,11462.1261,-1961.1991,58.621589279999995,4.8409,-4225.2199,-1902.57751072,-6122.95651072
374,496.9749,1427.9623,-1090.6873,0.0,0.0,0.0,-1306.2151,-15926.3201,597.0722,11508.6662,-1939.9935,56.10346992,-6.9357,-4292.546899999999,-1883.89003008,-6183.37263008
375,497.1215,1402.3137,-1087.4694,0.0,0.0,0.0,-1309.0271,-15792.6003,599.7879,11482.0705,-1992.4369,57.31607088,13.6355,-4207.8032,-1935.1208291199998,-6129.28852912
376,486.3942,1396.7234,-1089.6786,0.0,0.0,0.0,-1275.8642,-15923.8139,606.7946,11519.9142,-1974.7794,58.258717919999995,-2.6041,-4279.5303,-1916.52068208,-6198.655082079999
377,546.58,1393.1455,-1090.0568,0.0,0.0,0.0,-1290.7808,-15906.9781,579.5215,11544.4296,-1983.067,57.2154732,1.9158,-4224.1391,-1925.8515268,-6148.074826800001
378,502.3485,1349.8261,-1097.8479,0.0,0.0,0.0,-1265.8967,-15923.6785,612.5664,11500.0404,-1922.9438,56.59583328,-3.8292,-4322.641700000002,-1866.34796672,-6192.818866720002
379,553.1801,1427.5612,-1088.855,0.0,0.0,0.0,-1249.9284,-16000.1447,607.2974,11528.9933,-1905.1101,56.143392479999996,1.0337,-4221.896100000002,-1848.96670752,-6069.829107520001
380,511.8918,1333.9009,-1086.0597,0.0,0.0,0.0,-1277.7205,-15956.3693,600.7738,11567.5605,-1951.1469,55.514080799999995,-1.363,-4306.022500000001,-1895.6328191999999,-6203.018319200001
381,510.5301,1419.4394,-1089.3731,0.0,0.0,0.0,-1295.7687,-16019.2866,595.9189,11507.3483,-1819.4433,56.337881759999995,-2.6841,-4371.191699999998,-1763.1054182399998,-6136.981218239998
382,527.5565,1387.4233,-1099.9379,0.0,0.0,0.0,-1271.3642,-16051.473,607.4505,11553.9787,-1849.864,56.550605759999996,-2.9058,-4346.3660999999975,-1793.31339424,-6142.585294239998
383,461.3335,1397.9664,-1087.2544,0.0,0.0,0.0,-1263.7034,-15957.3444,615.148,11546.4659,-1941.3227,55.75548672,0.8321,-4287.388400000002,-1885.56721328,-6172.123513280002
384,491.9207,1391.0787,-1120.992,0.0,0.0,0.0,-1284.0349,-15955.1561,606.8836,11498.4107,-1891.0556,56.666161439999996,10.6831,-4371.889300000001,-1834.38943856,-6195.59563856
385,493.0457,1473.6876,-1103.6007,0.0,0.0,0.0,-1247.9793,-15987.9383,602.9784,11436.1752,-1868.6099,58.49160048,-5.4606,-4333.6314,-1810.11829952,-6149.21029952
386,534.0338,1398.3092,-1082.7787,0.0,0.0,0.0,-1285.1823,-15889.2192,609.1262,11464.6092,-1942.1973,57.155316479999996,-2.1631,-4251.101799999999,-1885.04198352,-6138.306883519998
387,513.4052,1459.8198,-1076.4235,0.0,0.0,0.0,-1280.0338,-15883.1035,594.1887,11466.7362,-1920.3474,56.809061279999995,-0.0208,-4205.410899999999,-1863.5383387200002,-6068.97003872
388,487.0206,1441.1445,-1093.0282,0.0,0.0,0.0,-1271.6816,-16052.3144,595.7185,11545.3708,-1860.1952,56.46519504,-4.2421,-4347.769799999998,-1803.73000496,-6155.7419049599985
389,499.3697,1418.2695,-1091.3604,0.0,0.0,0.0,-1309.7418,-16045.096,592.752,11525.4771,-1827.4914,56.512424159999995,5.7097,-4410.329900000001,-1770.9789758400002,-6175.5991758400005
390,513.9491,1443.105,-1089.9098,0.0,0.0,0.0,-1249.2745,-16170.5289,607.0113,11528.3446,-1775.7893,56.68676568,-0.9566,-4417.3032,-1719.10253432,-6137.3623343200015
391,502.9835,1389.8775,-1097.6561,0.0,0.0,0.0,-1261.3168,-16022.1414,604.3963,11530.2466,-1849.7992,56.36005488,8.7692,-4353.6104,-1793.43914512,-6138.28034512
392,516.5065,1411.2312,-1092.085,0.0,0.0,0.0,-1252.7929,-15927.2038,608.4052,11494.6614,-1916.116,57.847625279999995,5.587,-4241.277399999999,-1858.2683747199999,-6093.9587747199985
393,499.1111,1409.9178,-1102.7622,0.0,0.0,0.0,-1254.4206,-15928.2766,588.5045,11518.0597,-1946.3504,57.4548804,-6.227,-4269.8663,-1888.8955196,-6164.9888196
394,492.0481,1416.5925,-1091.354,0.0,0.0,0.0,-1284.7789,-15936.0104,586.4083,11486.2831,-1913.4506,57.655283759999996,2.3253,-4330.811300000001,-1855.79531624,-6184.281316240001
395,521.6219,1434.0709,-1108.9336,0.0,0.0,0.0,-1285.9782,-15933.8966,589.1421,11517.8939,-1935.7173,56.28726072,0.256,-4266.079600000001,-1879.43003928,-6145.253639280001
396,522.1582,1421.7313,-1076.6383,0.0,0.0,0.0,-1280.9163,-16024.6658,594.6093,11533.6026,-1871.5104,56.83439448,0.3589,-4310.119000000001,-1814.67600552,-6124.436105520001
397,520.2038,1416.782,-1097.3635,0.0,0.0,0.0,-1282.4565,-16023.7152,610.1037,11523.2041,-1879.0765,55.803708,-2.4078,-4333.241599999999,-1823.272792,-6158.922191999999
398,506.7462,1377.5374,-1086.3639,0.0,0.0,0.0,-1275.5266,-15963.518,599.6306,11494.5643,-1899.3319,56.32744968,-0.7904,-4346.9299999999985,-1843.00445032,-6190.724850319998
399,534.4826,1400.525,-1084.8994,0.0,0.0,0.0,-1289.1662,-15993.1844,592.6057,11523.3023,-1920.4691,56.99618279999999,11.353,-4316.3344,-1863.4729172,-6168.4543172
400,467.2682,1402.2143,-1095.9857,0.0,0.0,0.0,-1260.2004,-16085.9739,603.6996,11503.1881,-1792.9171,55.92546504,1.7363,-4465.789800000002,-1736.9916349599998,-6201.0451349600025

