#Residue         Para         Anti         3-10        Alpha           Pi         Turn         Bend
       1       0.0000       0.0000       0.0000       0.0000       0.0000       0.0000       0.0000
       2       0.0000       0.0000       0.0000       0.0000       0.0000       0.0000       0.0000
       3       0.0000       0.0000       0.0000       0.0000       0.0000       0.0000       0.0210
       4       0.0002       0.0000       0.0000       0.0000       0.0000       0.0000       0.0962
       5       0.0000       0.9730       0.0000       0.0000       0.0000       0.0000       0.0000
       6       0.0000       1.0000       0.0000       0.0000       0.0000       0.0000       0.0000
       7       0.0000       1.0000       0.0000       0.0000       0.0000       0.0000       0.0000
       8       0.0000       1.0000       0.0000       0.0000       0.0000       0.0000       0.0000
       9       0.0000       0.9999       0.0000       0.0000       0.0000       0.0000       0.0000
      10       0.0000       0.9998       0.0000       0.0000       0.0000       0.0000       0.0000
      11       0.0000       1.0000       0.0000       0.0000       0.0000       0.0000       0.0000
      12       0.0000       0.9963       0.0000       0.0000       0.0000       0.0000       0.0035
      13       0.0000       0.0000       0.0000       0.0000       0.0000       0.9914       0.0086
      14       0.0000       0.0000       0.0000       0.0000       0.0000       0.9914       0.0086
      15       0.0000       0.9914       0.0000       0.0000       0.0000       0.0000       0.0079
      16       0.0000       0.9761       0.0000       0.0000       0.0000       0.0000       0.0000
      17       0.0000       0.0000       0.0000       0.0000       0.0000       0.0000       0.0001
      18       0.0000       0.9955       0.0000       0.0000       0.0000       0.0000       0.0000
      19       0.0000       0.9993       0.0000       0.0000       0.0000       0.0000       0.0000
      20       0.0000       1.0000       0.0000       0.0000       0.0000       0.0000       0.0000
      21       0.0000       1.0000       0.0000       0.0000       0.0000       0.0000       0.0000
      22       0.0000       1.0000       0.0000       0.0000       0.0000       0.0000       0.0000
      23       0.0000       1.0000       0.0000       0.0000       0.0000       0.0000       0.0000
      24       0.0000       1.0000       0.0000       0.0000       0.0000       0.0000       0.0000
      25       0.0000       0.0000       0.0000       0.0000       0.0000       0.0000       0.0000
      26       0.0000       0.0000       0.0024       0.0000       0.0000       0.9976       0.0000
      27       0.0000       0.0000       0.0024       0.0000       0.0000       0.9976       0.0000
      28       0.0000       0.0000       0.0024       0.0000       0.0000       0.9972       0.0004
      29       0.0000       0.0000       0.0000       0.0000       0.0000       0.0000       0.3454
      30       0.0000       0.0000       0.0000       0.9864       0.0000       0.0124       0.0002
      31       0.0000       0.0000       0.0000       0.9875       0.0000       0.0125       0.0000
      32       0.0000       0.0000       0.0000       0.9999       0.0000       0.0001       0.0000
      33       0.0000       0.0000       0.0000       1.0000       0.0000       0.0000       0.0000
      34       0.0000       0.0000       0.0000       0.9999       0.0000       0.0001       0.0000
      35       0.0000       0.0000       0.0000       1.0000       0.0000       0.0000       0.0000
      36       0.0000       0.0000       0.0000       1.0000       0.0000       0.0000       0.0000
      37       0.0000       0.0000       0.0000       1.0000       0.0000       0.0000       0.0000
      38       0.0000       0.0000       0.0000       1.0000       0.0000       0.0000       0.0000
      39       0.0000       0.0000       0.0000       0.9980       0.0000       0.0020       0.0000
      40       0.0000       0.0000       0.0000       0.9969       0.0000       0.0031       0.0000
      41       0.0000       0.0000       0.0000       0.9265       0.0000       0.0709       0.0026
      42       0.0000       0.0000       0.0000       0.0000       0.0000       0.9373       0.0000
      43       0.0953       0.0000       0.0000       0.0000       0.0000       0.9001       0.0014
      44       0.0000       0.0000       0.0000       0.0000       0.0000       0.9954       0.0046
      45       0.0000       0.0000       0.0000       0.0000       0.0000       0.1866       0.8134
      46       0.0953       0.0000       0.0000       0.0000       0.0000       0.0000       0.0009
      47       0.0000       0.0000       0.0000       0.0000       0.0000       0.0000       0.4016
      48       0.0000       0.0000       0.0000       0.0000       0.0000       0.0000       0.9948
      49       0.0001       0.0000       0.0000       0.0000       0.0000       0.9987       0.0012
      50       0.0000       0.0000       0.0000       0.0000       0.0000       0.9988       0.0012
      51       0.0000       0.1019       0.0000       0.0000       0.0000       0.0000       0.0000
      52       0.0000       0.9974       0.0000       0.0000       0.0000       0.0000       0.0000
      53       0.0000       0.3445       0.0000       0.0000       0.0000       0.0000       0.0000
      54       0.0000       0.0000       0.0000       0.0000       0.0000       0.0000       0.0581
      55       0.0000       0.9577       0.0000       0.0000       0.0000       0.0000       0.0002
      56       0.0000       0.9996       0.0000       0.0000       0.0000       0.0000       0.0000
      57       0.0000       0.9950       0.0000       0.0000       0.0000       0.0000       0.0000
      58       0.0000       0.0000       0.0000       0.0000       0.0000       0.9999       0.0001
      59       0.0000       0.0000       0.0000       0.0000       0.0000       0.9999       0.0001
      60       0.0000       0.0001       0.0000       0.0000       0.0000       0.9953       0.0046
      61       0.0000       1.0000       0.0000       0.0000       0.0000       0.0000       0.0000
      62       0.0000       1.0000       0.0000       0.0000       0.0000       0.0000       0.0000
      63       0.0000       1.0000       0.0000       0.0000       0.0000       0.0000       0.0000
      64       0.0000       0.9992       0.0000       0.0000       0.0000       0.0000       0.0000
      65       0.0000       0.0000       0.0000       0.0000       0.0000       0.0000       0.0000
      66       0.0000       0.0578       0.0000       0.0000       0.0000       0.0000       0.0000
      67       0.0000       0.0000       0.0000       0.0000       0.0000       0.0009       0.1731
      68       0.0000       0.0000       0.0000       0.0000       0.0000       0.0009       0.9991
      69       0.0000       0.0000       0.0000       0.0000       0.0000       0.0009       0.9991
      70       0.0000       0.0000       0.0000       0.0000       0.0000       0.0000       0.9928
      71       0.0000       0.0000       0.0000       0.0000       0.0000       0.0000       1.0000
      72       0.0000       0.0000       0.0000       0.0000       0.0000       0.0000       1.0000
      73       0.0000       0.0000       0.0000       0.0000       0.0000       0.0000       0.9983
      74       0.0000       0.0000       0.0000       0.0000       0.0000       0.0000       0.0003
      75       0.0000       0.0000       0.0000       0.0000       0.0000       0.0000       0.0001
      76       0.0000       0.0000       0.0000       0.0000       0.0000       0.0000       0.0000
      77       0.0000       0.3866       0.0000       0.0000       0.0000       0.0000       0.0000
      78       0.0000       0.0000       0.0000       0.0000       0.0000       0.6940       0.3060
      79       0.0000       0.0000       0.0000       0.0000       0.0000       0.6940       0.3060
      80       0.0000       0.3866       0.0000       0.0000       0.0000       0.0098       0.5776
      81       0.0000       0.0000       0.0000       0.0000       0.0000       0.0127       0.9872
      82       0.0000       0.0000       0.0000       0.0000       0.0000       0.0000       0.0189
      83       0.0000       0.9924       0.0000       0.0000       0.0000       0.0000       0.0000
      84       0.0000       0.0000       0.0000       0.0000       0.0000       0.0000       0.0000
      85       0.0000       0.0000       0.0000       0.0000       0.0000       0.0000       0.0000
      86       0.0000       0.0000       0.0000       0.0000       0.0000       0.0000       0.0000
      87       0.0000       0.0000       0.0000       0.0000       0.0000       0.0000       0.0017
      88       0.0000       0.0000       0.0000       0.0000       0.0000       0.0988       0.1500
      89       0.0000       0.0000       0.0000       0.0000       0.0000       0.0988       0.0010
      90       0.0000       0.0001       0.0000       0.0000       0.0000       0.0000       0.9317
      91       0.0000       0.0000       0.0000       0.0000       0.0000       0.0000       0.0000
      92       0.0000       0.0000       0.0000       0.0000       0.0000       0.0003       0.0026
      93       0.0000       0.0371       0.0000       0.0000       0.0000       0.0003       0.0000
      94       0.0000       0.0126       0.0000       0.0000       0.0000       0.0000       0.9873
      95       0.0000       0.0312       0.0000       0.0000       0.0000       0.8353       0.1335
      96       0.0000       0.0000       0.0000       0.0000       0.0000       0.8618       0.1359
      97       0.0000       0.9958       0.0000       0.0000       0.0000       0.0000       0.0000
      98       0.0000       1.0000       0.0000       0.0000       0.0000       0.0000       0.0000
      99       0.0000       1.0000       0.0000       0.0000       0.0000       0.0000       0.0000
     100       0.0000       0.9165       0.0000       0.0000       0.0000       0.0000       0.0000
     101       0.0000       0.0031       0.0000       0.0000       0.0000       0.0000       0.0000
     102       0.0000       0.0054       0.0000       0.0000       0.0000       0.0000       0.0000
     103       0.0000       0.0000       0.0000       0.0000       0.0000       0.0000       0.9721
     104       0.0000       0.0001       0.0000       0.0000       0.0000       0.0000       0.9999
     105       0.0000       0.0000       0.0000       0.0000       0.0000       0.9035       0.0965
     106       0.0000       0.0000       0.0000       0.0000       0.0000       0.9035       0.0965
     107       0.0000       0.0001       0.0000       0.0000       0.0000       0.0000       0.0000
     108       0.0000       0.9926       0.0000       0.0000       0.0000       0.0000       0.0000
     109       0.0000       0.0000       0.0000       0.0000       0.0000       0.0000       0.7460
     110       0.0000       0.0000       0.0000       0.0000       0.0000       0.0000       1.0000
     111       0.0000       0.0031       0.0000       0.0000       0.0000       0.0000       0.0000
     112       0.0000       0.9998       0.0000       0.0000       0.0000       0.0000       0.0000
     113       0.0000       1.0000       0.0000       0.0000       0.0000       0.0000       0.0000
     114       0.0000       1.0000       0.0000       0.0000       0.0000       0.0000       0.0000
     115       0.0000       0.9954       0.0000       0.0000       0.0000       0.0000       0.0000
     116       0.0000       0.0313       0.0000       0.0000       0.0000       0.0000       0.7437
     117       0.0000       0.0126       0.0000       0.0000       0.0000       0.0000       0.9874
     118       0.0000       0.0371       0.0000       0.0000       0.0000       0.0000       0.0000
     119       0.0000       0.0000       0.0000       0.0000       0.0000       0.0000       0.0000
     120       0.0000       0.0000       0.9312       0.0000       0.0000       0.0687       0.0001
     121       0.0000       0.0000       0.9312       0.0000       0.0000       0.0688       0.0000
     122       0.0000       0.0000       0.9312       0.0000       0.0000       0.0217       0.0438
     123       0.0128       0.0000       0.0000       0.0000       0.0000       0.9849       0.0000
     124       0.0000       0.0000       0.0000       0.0000       0.0000       0.9977       0.0023
     125       0.0000       0.0000       0.0000       0.0000       0.0000       0.9960       0.0040
     126       0.0128       0.0000       0.0000       0.0000       0.0000       0.0000       0.7038
     127       0.0000       0.0800       0.0000       0.0000       0.0000       0.0000       0.0000
     128       0.0000       0.9929       0.0000       0.0000       0.0000       0.0000       0.0000
     129       0.0000       0.0000       0.0000       0.0000       0.0000       0.0000       0.0000
     130       0.0000       1.0000       0.0000       0.0000       0.0000       0.0000       0.0000
     131       0.0000       1.0000       0.0000       0.0000       0.0000       0.0000       0.0000
     132       0.0000       0.9985       0.0000       0.0000       0.0000       0.0000       0.0000
     133       0.0000       0.0000       0.0000       0.0000       0.0000       0.0000       0.5865
     134       0.0000       0.9521       0.0000       0.0000       0.0000       0.0003       0.0476
     135       0.0000       0.0000       0.0000       0.0000       0.0000       0.0003       0.0002
     136       0.0000       0.0000       0.0032       0.9727       0.0000       0.0212       0.0013
     137       0.0000       0.0000       0.0032       0.9938       0.0000       0.0030       0.0000
     138       0.0000       0.0000       0.0032       0.9959       0.0000       0.0009       0.0000
     139       0.0000       0.0000       0.0000       0.9994       0.0000       0.0006       0.0000
     140       0.0000       0.0000       0.0024       0.9880       0.0000       0.0095       0.0001
     141       0.0000       0.0000       0.0065       0.9804       0.0000       0.0124       0.0007
     142       0.0000       0.0000       0.0164       0.9733       0.0000       0.0059       0.0040
     143       0.0000       0.0000       0.2058       0.7676       0.0000       0.0263       0.0002
     144       0.0000       0.0000       0.2057       0.3104       0.0000       0.4836       0.0003
     145       0.0000       0.0000       0.2007       0.1607       0.0000       0.6206       0.0177
     146       0.0000       0.0347       0.0000       0.0000       0.0000       0.0000       0.0579
     147       0.0000       0.0076       0.0000       0.0000       0.0000       0.0000       0.0000
     148       0.0000       0.0000       0.0000       0.0000       0.0000       0.8133       0.1867
     149       0.0000       0.0000       0.0000       0.0000       0.0000       0.8133       0.1867
     150       0.0000       0.0029       0.0000       0.0000       0.0000       0.0089       0.4870
     151       0.0000       0.3249       0.0000       0.0000       0.0000       0.0000       0.0089
     152       0.0000       0.0347       0.0000       0.0000       0.0000       0.0000       0.0000
     153       0.0000       0.0000       0.0000       0.0000       0.0000       0.0000       0.9189
     154       0.0000       0.0000       0.0000       0.0000       0.0000       0.0000       0.9936
     155       0.0000       0.0000       0.0000       0.0000       0.0000       0.0000       0.0000
     156       0.0000       0.8933       0.0000       0.0000       0.0000       0.0000       0.0000
     157       0.0000       1.0000       0.0000       0.0000       0.0000       0.0000       0.0000
     158       0.0000       0.9901       0.0000       0.0000       0.0000       0.0000       0.0000
     159       0.0000       0.0000       0.0000       0.0000       0.0000       0.0000       0.0847
     160       0.0000       0.9798       0.0000       0.0000       0.0000       0.0000       0.0061
     161       0.0000       0.9996       0.0000       0.0000       0.0000       0.0000       0.0000
     162       0.0000       0.9996       0.0000       0.0000       0.0000       0.0000       0.0000
     163       0.0000       0.9943       0.0000       0.0000       0.0000       0.0000       0.0000
     164       0.0002       0.0756       0.0000       0.0000       0.0000       0.0000       0.0000
     165       0.0000       0.2060       0.0000       0.0000       0.0000       0.0000       0.0000
