POISSON BOLTZMANN:
Frame #,BOND,ANGLE,DIHED,UB,IMP,CMAP,VDWAALS,EEL,1-4 VDW,1-4 EEL,EPB,ENPOLAR,EDISPER,G gas,G solv,TOTAL
0,492.476,1390.2753,-1102.4485,0.0,0.0,0.0,-1254.8675,-16187.172,627.2165,11764.9645,-1897.3585,1234.078,-744.9211,-4269.555700000001,-1408.2016,-5677.757300000001
1,502.3116,1443.8611,-1113.4336,0.0,0.0,0.0,-1239.7556,-16124.173,606.8911,11702.081,-1923.7008,1247.9223,-758.6333,-4222.2173999999995,-1434.4118,-5656.629199999999
2,512.3007,1460.8901,-1123.431,0.0,0.0,0.0,-1273.8085,-16157.6588,626.3167,11766.9876,-1924.5342,1235.7129,-749.9676,-4188.403200000001,-1438.7889,-5627.1921
3,490.8179,1389.021,-1069.1325,0.0,0.0,0.0,-1246.9449,-16272.8626,610.1427,11762.0246,-1828.1282,1240.8206,-750.7385,-4336.933799999999,-1338.0461,-5674.979899999999
4,491.6666,1453.3709,-1067.4059,0.0,0.0,0.0,-1257.8826,-16268.0046,611.3045,11748.3905,-1857.997,1232.0463,-741.3982,-4288.560600000001,-1367.3489,-5655.909500000001
5,512.0422,1414.2763,-1096.6362,0.0,0.0,0.0,-1280.6839,-16114.233,622.0226,11782.2588,-1937.7683,1239.3181,-742.3122,-4160.9532,-1440.7624,-5601.7155999999995
6,504.6323,1436.4543,-1070.7569,0.0,0.0,0.0,-1267.1162,-16234.2686,603.9276,11750.1505,-1858.9884,1224.3256,-729.7599,-4276.976999999999,-1364.4227,-5641.399699999999
7,491.0098,1410.2511,-1106.6837,0.0,0.0,0.0,-1281.7278,-16103.6867,604.0674,11731.027,-1977.7624,1231.6966,-740.545,-4255.742899999999,-1486.6108,-5742.353699999999
8,494.9138,1456.6021,-1086.6402,0.0,0.0,0.0,-1291.5855,-16265.7235,622.2062,11777.0853,-1798.6893,1229.8964,-733.0501,-4293.141799999999,-1301.8429999999998,-5594.9848
9,529.0791,1445.6577,-1119.6183,0.0,0.0,0.0,-1281.6251,-16208.3932,603.734,11800.4459,-1895.2249,1221.8781,-729.4285,-4230.719899999998,-1402.7753,-5633.4951999999985
10,490.6746,1461.1136,-1116.0897,0.0,0.0,0.0,-1294.236,-16231.5411,614.4584,11832.0656,-1917.1851,1226.7259,-733.7428,-4243.554600000001,-1424.202,-5667.756600000001
11,485.7788,1442.9594,-1112.6426,0.0,0.0,0.0,-1284.1582,-16198.301,632.1907,11744.1525,-1892.8861,1218.9533,-730.3077,-4290.020400000001,-1404.2404999999999,-5694.260900000001
12,487.8995,1436.3049,-1060.7995,0.0,0.0,0.0,-1266.7729,-16231.1208,638.7011,11751.5055,-1855.1552,1225.9936,-737.3021,-4244.2822,-1366.4636999999998,-5610.7459
13,478.9425,1420.6487,-1113.5339,0.0,0.0,0.0,-1275.7485,-16129.1634,604.1593,11779.2713,-1943.3854,1234.5411,-738.3302,-4235.423999999999,-1447.1745,-5682.5985
14,517.7188,1460.2842,-1114.0946,0.0,0.0,0.0,-1235.5631,-16248.1943,616.0637,11747.1537,-1862.4542,1232.533,-735.3831,-4256.631599999997,-1365.3043,-5621.935899999998
15,500.6463,1455.0538,-1105.9211,0.0,0.0,0.0,-1299.8141,-16225.2576,612.4537,11818.7893,-1902.5354,1229.1073,-739.8945,-4244.049700000001,-1413.3226,-5657.372300000002
16,523.1862,1402.1677,-1071.4784,0.0,0.0,0.0,-1290.8132,-16161.5722,604.7468,11748.5814,-1868.1399,1230.9501,-734.5848,-4245.181700000001,-1371.7745999999997,-5616.956300000001
17,515.1013,1403.6098,-1065.9101,0.0,0.0,0.0,-1267.7084,-16238.8549,606.184,11692.1176,-1769.9417,1226.3905,-736.9661,-4355.460700000003,-1280.5173,-5635.978000000003
18,525.2764,1415.5224,-1115.6709,0.0,0.0,0.0,-1267.8208,-16265.7768,622.2718,11760.31,-1823.4997,1228.3183,-735.0767,-4325.8879000000015,-1330.2581,-5656.146000000002
19,464.1578,1460.2833,-1081.4668,0.0,0.0,0.0,-1264.2999,-16281.5492,631.7543,11795.9561,-1879.2051,1230.9595,-742.3384,-4275.164399999998,-1390.5839999999998,-5665.748399999998
20,513.2685,1409.7632,-1094.0888,0.0,0.0,0.0,-1284.1002,-16203.1246,604.7311,11728.2094,-1818.4178,1229.5704,-740.5163,-4325.3413999999975,-1329.3636999999999,-5654.705099999998
21,486.8928,1452.6849,-1066.2796,0.0,0.0,0.0,-1285.2211,-16202.9322,613.9439,11730.5505,-1870.6501,1231.5029,-743.9952,-4270.360799999999,-1383.1424000000002,-5653.503199999998
22,504.4585,1425.5305,-1092.0125,0.0,0.0,0.0,-1281.5592,-16322.3191,604.1205,11752.0661,-1771.8769,1227.6284,-738.5401,-4409.715199999999,-1282.7885999999999,-5692.503799999999
23,518.7264,1464.0104,-1078.1337,0.0,0.0,0.0,-1301.3078,-16072.3772,617.2872,11713.3046,-1939.6397,1234.1678,-734.6983,-4138.490100000001,-1440.1702,-5578.6603000000005
24,491.1799,1469.9674,-1094.5739,0.0,0.0,0.0,-1285.2223,-16084.8746,616.3729,11696.3318,-1920.812,1233.7378,-739.131,-4190.818799999999,-1426.2051999999999,-5617.023999999999
25,537.2164,1455.806,-1100.6363,0.0,0.0,0.0,-1259.3278,-16401.1688,614.9716,11750.6587,-1723.4105,1219.6857,-732.4675,-4402.480199999998,-1236.1923,-5638.672499999998
26,519.0043,1364.2375,-1082.666,0.0,0.0,0.0,-1267.741,-16302.1526,620.6608,11742.8747,-1812.6341,1224.2028,-738.5933,-4405.782300000001,-1327.0246,-5732.806900000001
27,499.1291,1422.2169,-1108.2539,0.0,0.0,0.0,-1258.8748,-16345.0706,629.3675,11790.3591,-1752.1976,1226.8204,-742.9659,-4371.126699999999,-1268.3431,-5639.469799999998
28,502.0941,1394.9077,-1083.8385,0.0,0.0,0.0,-1241.3081,-16023.0805,634.8329,11745.1376,-2057.6879,1235.0183,-752.7922,-4071.254799999999,-1575.4618,-5646.716599999999
29,497.2876,1429.4081,-1069.4049,0.0,0.0,0.0,-1254.9135,-16092.2186,610.0279,11773.3064,-2000.3055,1241.449,-745.0181,-4106.507,-1503.8745999999999,-5610.3816
30,489.645,1406.661,-1101.1683,0.0,0.0,0.0,-1277.5766,-16108.5849,615.9459,11771.7998,-1978.1495,1232.5708,-744.5133,-4203.278099999998,-1490.092,-5693.370099999997
31,486.6227,1439.9698,-1077.8154,0.0,0.0,0.0,-1252.704,-16179.1962,619.8658,11750.2623,-1896.9797,1236.5303,-751.2116,-4212.995000000001,-1411.661,-5624.656
32,507.1196,1409.5124,-1124.8125,0.0,0.0,0.0,-1294.9442,-16128.9236,625.8127,11735.404,-1951.8568,1229.2207,-743.562,-4270.831599999998,-1466.1981,-5737.029699999997
33,521.1506,1466.8521,-1100.0663,0.0,0.0,0.0,-1275.8905,-16199.2754,617.6195,11753.3073,-1882.9502,1236.0625,-742.8237,-4216.3027,-1389.7114000000001,-5606.0141
34,533.5023,1425.0495,-1108.3529,0.0,0.0,0.0,-1248.0441,-16228.071,625.5305,11753.122,-1880.2059,1232.0416,-747.9497,-4247.2636999999995,-1396.114,-5643.3777
35,479.0394,1435.1931,-1106.4015,0.0,0.0,0.0,-1248.6624,-16212.985,608.5799,11735.4889,-1847.6908,1236.639,-744.5996,-4309.747599999999,-1355.6514000000002,-5665.398999999999
36,505.4334,1390.0906,-1092.3653,0.0,0.0,0.0,-1273.9995,-16236.8762,615.515,11689.5337,-1807.3908,1227.6615,-738.0583,-4402.668300000001,-1317.7876,-5720.455900000001
37,533.41,1388.9396,-1072.025,0.0,0.0,0.0,-1293.9349,-16161.1882,606.7252,11753.0474,-1926.4805,1236.8422,-743.841,-4245.025900000001,-1433.4793,-5678.5052000000005
38,494.2115,1409.8583,-1061.3374,0.0,0.0,0.0,-1286.0215,-16299.1387,626.6804,11826.3221,-1867.0951,1214.9749,-728.1596,-4289.425299999999,-1380.2798,-5669.705099999999
39,530.9235,1412.4402,-1107.7453,0.0,0.0,0.0,-1273.083,-16286.5167,628.5206,11765.0548,-1862.3208,1230.9784,-742.61,-4330.4059,-1373.9524000000001,-5704.358299999999
40,542.604,1459.5477,-1108.0521,0.0,0.0,0.0,-1290.7535,-16146.9283,595.8489,11737.9696,-1930.2343,1224.0658,-737.8044,-4209.7636999999995,-1443.9729,-5653.736599999999
41,473.8759,1426.0771,-1082.8558,0.0,0.0,0.0,-1258.9897,-16249.5352,640.5346,11851.263,-1940.6405,1223.6783,-732.3622,-4199.6301,-1449.3244,-5648.9545
42,535.3187,1476.7089,-1082.742,0.0,0.0,0.0,-1276.4928,-16218.1276,591.605,11727.7811,-1883.2074,1224.7603,-732.8172,-4245.948700000001,-1391.2643,-5637.213000000002
43,490.8908,1398.2184,-1091.2108,0.0,0.0,0.0,-1296.5102,-16252.7132,616.6767,11773.254,-1839.8521,1230.6524,-734.8304,-4361.3943,-1344.0301000000002,-5705.4244
44,503.4792,1385.8932,-1096.6189,0.0,0.0,0.0,-1302.7475,-16298.888,604.9686,11729.2784,-1766.4309,1219.8983,-721.6956,-4474.635000000002,-1268.2282,-5742.8632000000025
45,522.4097,1400.9649,-1096.3987,0.0,0.0,0.0,-1300.0572,-16254.4751,595.5202,11758.8072,-1843.2754,1230.4256,-730.0061,-4373.229000000001,-1342.8559,-5716.084900000001
46,509.5449,1418.9336,-1123.682,0.0,0.0,0.0,-1293.1379,-16088.2518,606.9107,11648.0648,-1879.4369,1230.4681,-731.9808,-4321.617699999999,-1380.9496,-5702.567299999999
47,507.9346,1427.8187,-1090.0915,0.0,0.0,0.0,-1260.0842,-16241.6788,623.7437,11747.4456,-1856.8396,1236.2988,-746.9455,-4284.911900000003,-1367.4863,-5652.398200000003
48,504.9402,1454.5711,-1100.4196,0.0,0.0,0.0,-1246.6671,-16261.8619,615.9141,11742.3074,-1823.547,1229.8255,-741.3747,-4291.215800000002,-1335.0962,-5626.312000000003
49,533.055,1400.7526,-1117.7693,0.0,0.0,0.0,-1274.1951,-16126.69,607.4792,11794.4935,-1969.1981,1236.209,-743.5827,-4182.874099999999,-1476.5718000000002,-5659.445899999999
50,510.6522,1415.6935,-1111.3257,0.0,0.0,0.0,-1255.5707,-16183.5022,615.6776,11747.677,-1929.0474,1229.6554,-737.543,-4260.698300000004,-1436.935,-5697.633300000003
51,510.8234,1414.5036,-1108.6159,0.0,0.0,0.0,-1287.7038,-16209.9361,616.044,11799.1294,-1930.3922,1226.2298,-732.3529,-4265.755400000002,-1436.5153,-5702.270700000002
52,515.7288,1435.7082,-1070.6486,0.0,0.0,0.0,-1255.9386,-15993.262,593.5744,11686.0973,-2024.5908,1236.8705,-742.8602,-4088.7405000000017,-1530.5805,-5619.321000000002
53,529.2864,1418.6297,-1084.7994,0.0,0.0,0.0,-1282.6418,-16158.8836,598.394,11721.1006,-1901.0083,1231.2336,-737.7572,-4258.9141,-1407.5319,-5666.446
54,498.7364,1439.409,-1102.3094,0.0,0.0,0.0,-1266.6257,-16312.6595,612.9336,11785.659,-1828.8968,1218.6698,-727.0763,-4344.856599999999,-1337.3033,-5682.1599
55,497.893,1408.0685,-1105.1776,0.0,0.0,0.0,-1263.9591,-16125.0138,615.1227,11742.811,-1952.3475,1223.4184,-735.8919,-4230.2553000000025,-1464.821,-5695.0763000000015
56,499.7848,1414.785,-1100.5658,0.0,0.0,0.0,-1304.0534,-16140.4552,645.4989,11787.2553,-1965.6567,1230.4256,-735.0169,-4197.750399999999,-1470.248,-5667.998399999998
57,493.9448,1446.2197,-1112.9865,0.0,0.0,0.0,-1304.796,-16108.3345,618.2901,11828.4714,-1994.4483,1230.6666,-737.1196,-4139.190999999999,-1500.9013,-5640.092299999998
58,515.5873,1444.3342,-1068.9528,0.0,0.0,0.0,-1288.8509,-16053.1076,615.8171,11737.2365,-2032.9183,1226.2582,-728.4781,-4097.936199999998,-1535.1382,-5633.074399999999
59,486.8756,1397.5249,-1097.7116,0.0,0.0,0.0,-1293.3883,-16092.1634,617.4078,11792.6989,-1999.3077,1229.5893,-733.6712,-4188.756099999999,-1503.3896,-5692.145699999998
60,530.8784,1415.2126,-1089.2581,0.0,0.0,0.0,-1246.9528,-16269.3843,620.7026,11752.9782,-1859.1123,1230.4729,-741.0047,-4285.823399999999,-1369.6441,-5655.467499999999
61,508.5236,1390.9005,-1093.1253,0.0,0.0,0.0,-1280.7369,-16196.7136,620.4208,11795.738,-1886.5372,1224.3823,-729.7135,-4254.992899999999,-1391.8683999999998,-5646.861299999999
62,504.8007,1391.3194,-1072.8412,0.0,0.0,0.0,-1260.9716,-16124.2879,601.0454,11791.3992,-1983.0896,1235.2735,-743.2293,-4169.536,-1491.0454,-5660.5814
63,492.3312,1437.1601,-1089.5514,0.0,0.0,0.0,-1289.6602,-16083.8936,612.5165,11804.849,-1982.8539,1235.3018,-742.048,-4116.2484,-1489.6001,-5605.8485
64,521.036,1394.8316,-1083.3094,0.0,0.0,0.0,-1274.8079,-16109.4288,618.7361,11830.6556,-1997.507,1237.2013,-739.8485,-4102.286799999998,-1500.1542,-5602.440999999998
65,540.4951,1411.3936,-1102.8698,0.0,0.0,0.0,-1304.5083,-16094.2484,601.7012,11779.7602,-1965.1527,1232.5755,-732.8189,-4168.276399999999,-1465.3961000000002,-5633.6725
66,526.3332,1422.7816,-1080.6845,0.0,0.0,0.0,-1299.6153,-15985.6033,610.1528,11787.674,-2114.157,1225.3793,-732.9837,-4018.9614999999994,-1621.7614,-5640.7229
67,474.0483,1423.7483,-1085.1539,0.0,0.0,0.0,-1267.9004,-16120.5885,607.0333,11789.56,-2004.32,1231.4935,-733.1372,-4179.252900000001,-1505.9636999999998,-5685.216600000001
68,484.1386,1422.0857,-1107.2526,0.0,0.0,0.0,-1272.6728,-16100.1749,603.6548,11738.7703,-1931.4088,1236.724,-742.4303,-4231.4509,-1437.1151,-5668.566
69,521.6694,1415.7036,-1104.5351,0.0,0.0,0.0,-1287.094,-16250.3929,611.8784,11812.4741,-1875.2709,1231.9045,-735.2609,-4280.296500000002,-1378.6272999999999,-5658.923800000001
70,513.119,1441.8722,-1103.3247,0.0,0.0,0.0,-1286.6728,-16219.2248,622.6927,11822.4255,-1901.2716,1229.8114,-738.197,-4209.112900000002,-1409.6572,-5618.770100000002
71,513.7358,1434.9439,-1114.2645,0.0,0.0,0.0,-1254.4655,-16226.9247,607.3946,11781.5083,-1874.8399,1239.4598,-747.4395,-4258.072099999999,-1382.8195999999998,-5640.8917
72,514.3051,1456.332,-1057.8634,0.0,0.0,0.0,-1260.1871,-16158.8445,613.7796,11679.966,-1875.6684,1237.995,-743.8606,-4212.5123,-1381.534,-5594.046300000001
73,562.5837,1470.4715,-1094.2684,0.0,0.0,0.0,-1276.1792,-16181.7354,600.6579,11676.8918,-1827.6566,1229.5846,-727.5447,-4241.578099999999,-1325.6167,-5567.194799999999
74,483.8562,1390.6506,-1080.9316,0.0,0.0,0.0,-1249.9849,-16340.815,617.3199,11784.037,-1816.3968,1225.9794,-734.2994,-4395.867799999998,-1324.7168000000001,-5720.584599999998
75,553.3402,1440.4585,-1117.6865,0.0,0.0,0.0,-1274.8172,-16334.5311,600.4241,11774.5489,-1773.6293,1223.9287,-726.6093,-4358.263100000002,-1276.3099000000002,-5634.573000000002
76,507.9281,1398.2766,-1093.0928,0.0,0.0,0.0,-1283.7835,-16063.0931,608.5979,11766.5695,-1940.0837,1227.7796,-732.2098,-4158.597299999999,-1444.5139,-5603.111199999999
77,480.5404,1424.4957,-1072.5215,0.0,0.0,0.0,-1248.1617,-16155.0149,626.1019,11727.505,-1891.8094,1235.7412,-742.4243,-4217.055100000001,-1398.4925000000003,-5615.547600000001
78,476.3867,1457.0814,-1100.4357,0.0,0.0,0.0,-1267.2518,-16163.5659,607.4985,11792.9383,-1876.8443,1240.4143,-752.1521,-4197.3485,-1388.5821,-5585.930600000001
79,512.3469,1424.2312,-1084.5294,0.0,0.0,0.0,-1290.4309,-16182.4972,619.77,11791.8246,-1891.766,1237.1682,-740.1633,-4209.284799999998,-1394.7611000000002,-5604.045899999997
80,508.1371,1469.1303,-1085.805,0.0,0.0,0.0,-1277.2023,-16118.666,608.903,11754.5326,-1944.2936,1230.7942,-736.0088,-4140.970299999997,-1449.5081999999998,-5590.4784999999965
81,496.1748,1452.7324,-1089.9946,0.0,0.0,0.0,-1283.6462,-16169.1124,616.5655,11788.1087,-1947.4144,1232.2117,-735.777,-4189.1718,-1450.9796999999999,-5640.1515
82,527.5088,1385.3913,-1113.9956,0.0,0.0,0.0,-1262.8125,-16194.2485,624.1572,11841.2778,-1943.064,1231.3423,-743.949,-4192.7215000000015,-1455.6707000000001,-5648.392200000001
83,510.5498,1388.6794,-1091.2946,0.0,0.0,0.0,-1267.8604,-16306.8395,612.488,11835.2871,-1870.0546,1233.5914,-738.3565,-4318.9902,-1374.8197,-5693.809899999999
84,490.98,1401.7047,-1074.1816,0.0,0.0,0.0,-1282.905,-16163.8774,610.3345,11796.1006,-1969.4646,1237.9998,-737.7396,-4221.844199999998,-1469.2044,-5691.048599999997
85,518.6007,1400.4423,-1070.8361,0.0,0.0,0.0,-1258.3658,-16254.0461,607.1532,11849.3907,-1941.1862,1232.7078,-739.1341,-4207.6610999999975,-1447.6125000000002,-5655.273599999998
86,527.0143,1504.7937,-1081.2296,0.0,0.0,0.0,-1278.5109,-16102.065,592.0487,11742.4512,-1965.8178,1234.7395,-735.0347,-4095.4976000000024,-1466.1130000000003,-5561.610600000003
87,494.4537,1363.2455,-1108.4482,0.0,0.0,0.0,-1288.2563,-16215.3127,611.5236,11814.1271,-1952.2111,1234.3615,-741.0004,-4328.667299999999,-1458.85,-5787.5172999999995
88,473.312,1436.7558,-1058.1956,0.0,0.0,0.0,-1292.0456,-16188.0959,611.5438,11805.8939,-1940.5311,1231.8762,-735.953,-4210.831600000001,-1444.6079,-5655.439500000002
89,492.5368,1469.4911,-1109.453,0.0,0.0,0.0,-1282.1745,-16295.7481,617.8685,11777.2253,-1815.2097,1228.6632,-738.0683,-4330.2539000000015,-1324.6148000000003,-5654.868700000002
90,505.9601,1434.3788,-1116.3695,0.0,0.0,0.0,-1238.7514,-16153.1378,614.7275,11703.6467,-1895.0669,1233.1945,-741.0725,-4249.5455999999995,-1402.9449,-5652.4905
91,468.0827,1386.0935,-1066.9751,0.0,0.0,0.0,-1277.4023,-16278.6854,619.4071,11836.6564,-1870.8356,1223.8295,-733.7489,-4312.823100000001,-1380.755,-5693.578100000002
92,518.4314,1461.3366,-1118.8619,0.0,0.0,0.0,-1254.0684,-16250.4168,612.2106,11793.924,-1904.1813,1229.5042,-742.274,-4237.444500000001,-1416.9510999999998,-5654.395600000002
93,531.8238,1406.6467,-1073.2433,0.0,0.0,0.0,-1245.4002,-16259.0313,598.5353,11823.4069,-1906.6705,1235.7743,-749.8141,-4217.262100000002,-1420.7103,-5637.972400000002
94,528.1913,1423.1931,-1096.7173,0.0,0.0,0.0,-1248.0601,-16189.6759,616.2072,11761.7339,-1915.0301,1232.0321,-745.6765,-4205.127799999998,-1428.6745,-5633.802299999998
95,492.0923,1451.6286,-1081.8292,0.0,0.0,0.0,-1261.0263,-16165.604,611.6829,11677.5789,-1856.9666,1236.7666,-748.7259,-4275.4768,-1368.9259000000002,-5644.402700000001
96,512.2586,1378.6156,-1118.5526,0.0,0.0,0.0,-1285.068,-16210.7011,614.6789,11771.4659,-1874.0904,1242.12,-750.7874,-4337.302699999998,-1382.7578000000003,-5720.060499999999
97,521.9186,1389.1783,-1109.3221,0.0,0.0,0.0,-1295.7911,-16143.6695,604.8093,11749.6299,-1882.5594,1236.4783,-741.015,-4283.246599999999,-1387.0961000000002,-5670.342699999999
98,538.1951,1443.6973,-1106.5672,0.0,0.0,0.0,-1269.6535,-16139.9343,618.5114,11714.0737,-1892.2377,1234.3332,-745.4271,-4201.677500000002,-1403.3316,-5605.009100000001
99,489.456,1449.5003,-1094.5324,0.0,0.0,0.0,-1290.8363,-16228.2964,624.5051,11814.2728,-1930.0987,1226.7732,-733.1931,-4235.930899999999,-1436.5185999999999,-5672.449500000001
100,481.6541,1485.1745,-1087.4332,0.0,0.0,0.0,-1277.2476,-16259.7072,611.8319,11791.0827,-1876.8697,1231.4746,-739.2289,-4254.644800000002,-1384.6239999999998,-5639.268800000002
101,473.1638,1391.5212,-1099.341,0.0,0.0,0.0,-1285.3645,-16257.6195,619.217,11805.092,-1855.2998,1224.9824,-735.0034,-4353.330999999998,-1365.3208,-5718.651799999998
102,516.2298,1433.7267,-1091.592,0.0,0.0,0.0,-1276.4835,-16196.6526,604.3247,11739.2878,-1863.8286,1234.5316,-742.1294,-4271.159100000001,-1371.4264,-5642.5855
103,513.1005,1409.7761,-1107.2954,0.0,0.0,0.0,-1297.8483,-16025.3519,617.6143,11726.8622,-2011.5593,1226.3243,-730.3719,-4163.1425,-1515.6068999999998,-5678.7494
104,536.043,1386.1303,-1086.3131,0.0,0.0,0.0,-1265.6706,-16100.6581,603.6155,11739.5657,-1952.3108,1238.8645,-744.4784,-4187.2873,-1457.9247,-5645.212
105,468.6855,1421.7507,-1107.1754,0.0,0.0,0.0,-1266.7077,-16244.3416,599.1456,11755.6608,-1836.5972,1233.4496,-741.7641,-4372.982099999999,-1344.9117,-5717.8938
106,505.6342,1460.1686,-1090.2078,0.0,0.0,0.0,-1269.5165,-16263.1131,604.4496,11783.1199,-1843.144,1229.8397,-738.2964,-4269.465099999999,-1351.6007,-5621.065799999999
107,523.4642,1451.2988,-1102.7164,0.0,0.0,0.0,-1263.7789,-16212.022,593.869,11706.5649,-1827.9334,1234.0166,-739.9992,-4303.3204000000005,-1333.916,-5637.236400000001
108,484.5826,1421.3831,-1135.6792,0.0,0.0,0.0,-1271.3543,-16220.5164,627.2478,11769.994,-1892.6014,1234.4702,-743.7474,-4324.342400000001,-1401.8786,-5726.221000000001
109,520.8783,1414.5609,-1105.8254,0.0,0.0,0.0,-1263.9269,-16185.3801,608.1679,11752.0685,-1880.8707,1238.8125,-748.6819,-4259.456800000002,-1390.7401,-5650.196900000001
110,519.344,1463.0579,-1087.7188,0.0,0.0,0.0,-1282.2782,-16071.8725,601.6646,11698.9923,-1933.6603,1239.9418,-743.678,-4158.8107,-1437.3964999999998,-5596.207199999999
111,504.0437,1412.0397,-1084.0722,0.0,0.0,0.0,-1309.4248,-16179.4733,604.482,11743.9127,-1863.9189,1237.7683,-748.3365,-4308.492200000001,-1374.4870999999998,-5682.979300000001
112,525.9659,1469.055,-1150.2102,0.0,0.0,0.0,-1256.3572,-16169.0957,606.2872,11755.7937,-1886.4618,1240.2441,-746.658,-4218.561299999998,-1392.8757,-5611.436999999998
113,499.0243,1364.8094,-1120.9452,0.0,0.0,0.0,-1274.2894,-16220.1972,620.7709,11787.9854,-1879.3683,1228.7199,-742.4609,-4342.8418,-1393.1093,-5735.9511
114,509.585,1452.4334,-1099.6143,0.0,0.0,0.0,-1273.9633,-16108.641,611.1644,11693.6673,-1949.447,1234.6356,-740.8286,-4215.3685000000005,-1455.6399999999999,-5671.008500000001
115,489.0386,1414.8297,-1105.7719,0.0,0.0,0.0,-1271.6151,-16212.3086,605.3932,11795.4807,-1873.8811,1233.7284,-742.4144,-4284.9534,-1382.5671000000002,-5667.5205000000005
116,529.5975,1346.565,-1074.7964,0.0,0.0,0.0,-1252.431,-16205.8382,623.5635,11782.9051,-1890.3254,1229.4617,-739.8556,-4250.434499999999,-1400.7192999999997,-5651.153799999999
117,543.4041,1416.0467,-1114.7933,0.0,0.0,0.0,-1270.1346,-16216.5345,613.991,11749.8068,-1848.715,1235.8641,-739.0846,-4278.213799999998,-1351.9355,-5630.149299999998
118,534.0538,1392.8515,-1113.5714,0.0,0.0,0.0,-1271.0903,-15920.711,602.1022,11737.9608,-2110.0416,1241.9263,-751.3967,-4038.4043999999994,-1619.512,-5657.9164
119,519.7082,1487.974,-1093.2092,0.0,0.0,0.0,-1267.8116,-16023.4752,596.024,11737.2073,-2027.1873,1237.1635,-745.4567,-4043.5825000000004,-1535.4805,-5579.062999999999
120,488.9203,1434.8193,-1106.164,0.0,0.0,0.0,-1269.7779,-16089.4579,616.6535,11782.6423,-1996.3983,1239.3228,-743.79,-4142.364399999999,-1500.8655,-5643.229899999998
121,493.1252,1463.9706,-1094.9494,0.0,0.0,0.0,-1291.9014,-16045.8895,610.9665,11802.4055,-2051.5443,1236.1712,-739.5316,-4062.2724999999973,-1554.9047,-5617.177199999997
122,556.6839,1407.1854,-1104.0326,0.0,0.0,0.0,-1280.2473,-16023.7944,584.5473,11730.2044,-2002.3249,1244.3644,-745.9602,-4129.453300000001,-1503.9207000000001,-5633.374
123,506.2644,1443.0084,-1109.3013,0.0,0.0,0.0,-1262.4941,-16140.9589,609.4127,11770.1119,-1973.8206,1234.6356,-741.2931,-4183.956899999997,-1480.4780999999998,-5664.434999999997
124,473.7987,1511.3842,-1105.2138,0.0,0.0,0.0,-1280.2793,-16099.0591,612.3104,11703.5284,-1955.8919,1231.1816,-730.9935,-4183.530499999999,-1455.7038000000002,-5639.2343
125,495.1323,1419.1268,-1104.1915,0.0,0.0,0.0,-1269.7945,-16163.6645,612.5058,11805.7029,-1947.0392,1238.477,-745.1449,-4205.182699999999,-1453.7070999999999,-5658.8898
126,513.353,1386.4399,-1096.1259,0.0,0.0,0.0,-1251.822,-16016.2391,597.366,11784.0985,-2080.4569,1257.3628,-758.9719,-4082.9296000000013,-1582.066,-5664.995600000002
127,501.7857,1434.2108,-1105.1696,0.0,0.0,0.0,-1285.1361,-16078.428,609.1941,11707.5619,-1917.8534,1238.1604,-736.0536,-4215.981199999998,-1415.7466,-5631.727799999999
128,492.2484,1452.9871,-1095.2228,0.0,0.0,0.0,-1266.9004,-16038.9379,622.6321,11753.5842,-2001.0326,1244.1187,-754.4126,-4079.6093,-1511.3265000000001,-5590.9358
129,505.9175,1422.3885,-1090.9182,0.0,0.0,0.0,-1258.3632,-16233.8859,624.6379,11809.2934,-1910.1943,1229.2349,-736.6485,-4220.93,-1417.6079000000002,-5638.5379
130,509.0705,1417.5865,-1098.4353,0.0,0.0,0.0,-1283.9155,-15983.2955,601.6375,11737.1336,-2048.6759,1225.899,-730.9423,-4100.218200000001,-1553.7192000000005,-5653.937400000002
131,516.4506,1410.8558,-1109.3292,0.0,0.0,0.0,-1286.569,-16048.786,614.7011,11780.8455,-2004.9108,1236.4452,-735.8793,-4121.831199999999,-1504.3449,-5626.176099999998
132,536.0333,1392.8262,-1127.5504,0.0,0.0,0.0,-1293.1261,-16232.0194,616.0072,11795.0905,-1844.5239,1225.0013,-733.8133,-4312.7387,-1353.3359,-5666.0746
133,519.1294,1402.9694,-1109.3102,0.0,0.0,0.0,-1289.3167,-16189.3872,636.7896,11769.1689,-1858.9643,1228.4458,-734.0949,-4259.9568,-1364.6134000000002,-5624.5702
134,522.0762,1388.6534,-1095.138,0.0,0.0,0.0,-1306.2068,-16043.9954,606.0899,11765.6934,-2015.2637,1235.5192,-737.1451,-4162.827300000001,-1516.8896,-5679.7169
135,516.4953,1421.1797,-1089.236,0.0,0.0,0.0,-1227.1049,-16261.1871,595.396,11750.661,-1885.3307,1227.8221,-736.6503,-4293.7959999999985,-1394.1589,-5687.954899999999
136,497.17,1414.4293,-1102.4291,0.0,0.0,0.0,-1256.9242,-16135.981,632.7233,11824.0484,-1988.3491,1234.7773,-741.0193,-4126.963300000001,-1494.5911,-5621.554400000001
137,532.9355,1435.6929,-1074.9817,0.0,0.0,0.0,-1253.6235,-16111.4469,616.5439,11771.5255,-2011.4647,1238.4203,-746.0132,-4083.354299999999,-1519.0576,-5602.4119
138,501.8924,1431.202,-1094.2312,0.0,0.0,0.0,-1263.9999,-16222.977,616.1417,11719.0206,-1823.8805,1235.4388,-743.7152,-4312.951400000002,-1332.1569,-5645.108300000002
139,489.0563,1396.2697,-1104.9012,0.0,0.0,0.0,-1270.4073,-16096.1298,619.9784,11735.0124,-1914.4928,1234.3237,-741.7269,-4231.121500000001,-1421.8960000000002,-5653.017500000001
140,545.0217,1442.7102,-1113.8539,0.0,0.0,0.0,-1263.0967,-16083.7175,588.2929,11687.2692,-1940.5597,1239.6961,-744.2492,-4197.374099999999,-1445.1128,-5642.486899999999
141,487.5933,1440.9506,-1113.2931,0.0,0.0,0.0,-1275.1259,-15936.3802,594.0249,11756.7369,-2089.5267,1246.7599,-755.7329,-4045.4935000000005,-1598.4996999999998,-5643.993200000001
142,490.662,1401.3334,-1122.5158,0.0,0.0,0.0,-1249.3969,-16049.472,626.0243,11812.3003,-2072.1756,1232.0699,-746.3517,-4091.064699999997,-1586.4574000000002,-5677.522099999997
143,517.224,1476.9334,-1115.0186,0.0,0.0,0.0,-1257.0918,-16123.0998,602.8565,11744.7277,-1929.2978,1234.2576,-736.048,-4153.468600000002,-1431.0882000000001,-5584.556800000002
144,534.4963,1441.0412,-1124.4579,0.0,0.0,0.0,-1277.2376,-15996.2711,591.0773,11704.0029,-2036.076,1232.9629,-740.8025,-4127.348900000001,-1543.9156,-5671.264500000001
145,501.0396,1412.8246,-1099.6832,0.0,0.0,0.0,-1268.3654,-16030.7867,628.7779,11783.7977,-2045.0333,1236.6484,-743.6716,-4072.3954999999987,-1552.0565000000001,-5624.451999999998
146,505.8111,1411.5385,-1078.2948,0.0,0.0,0.0,-1247.9313,-16040.1271,618.3385,11774.1042,-2066.6322,1238.9023,-751.802,-4056.5609000000004,-1579.5319,-5636.0928
147,510.6269,1449.6586,-1107.7503,0.0,0.0,0.0,-1247.4094,-16010.6336,608.9672,11707.3794,-2034.0096,1246.5946,-759.4318,-4089.1612000000005,-1546.8468000000003,-5636.008000000002
148,502.7285,1430.6534,-1102.0984,0.0,0.0,0.0,-1273.0459,-16120.0763,614.2114,11721.5706,-1924.9484,1241.8318,-751.5406,-4226.056700000001,-1434.6572,-5660.713900000002
149,483.6069,1413.2664,-1096.3552,0.0,0.0,0.0,-1266.636,-16151.232,617.714,11824.5284,-1987.0161,1235.8972,-751.4886,-4175.107500000002,-1502.6075,-5677.715000000001
150,528.5214,1420.4427,-1094.807,0.0,0.0,0.0,-1302.0809,-15958.7728,604.364,11745.3765,-2068.6392,1228.5592,-736.2649,-4056.9560999999994,-1576.3449,-5633.3009999999995
151,525.2752,1471.6127,-1079.4414,0.0,0.0,0.0,-1259.9333,-16047.9833,607.5408,11755.6389,-2046.8356,1243.1926,-758.1962,-4027.290399999998,-1561.8392,-5589.129599999998
152,491.8657,1434.8929,-1093.9478,0.0,0.0,0.0,-1290.9855,-16057.6817,621.772,11738.3271,-1988.0652,1231.3139,-747.8704,-4155.757299999999,-1504.6217,-5660.378999999999
153,511.8636,1386.4009,-1099.945,0.0,0.0,0.0,-1274.8146,-16114.8723,617.9667,11712.7298,-1930.4167,1229.2113,-741.9583,-4260.670899999999,-1443.1637,-5703.834599999999
154,518.0088,1421.9702,-1118.0362,0.0,0.0,0.0,-1282.7563,-16081.3107,609.3956,11681.615,-1933.8749,1234.8955,-753.0546,-4251.113599999999,-1452.034,-5703.147599999999
155,530.3188,1416.1133,-1113.2372,0.0,0.0,0.0,-1284.7535,-16030.1732,599.599,11728.4416,-1990.9279,1234.9805,-736.0154,-4153.6911999999975,-1491.9628,-5645.653999999998
156,516.5362,1456.5483,-1109.6625,0.0,0.0,0.0,-1272.2757,-15947.8205,604.5479,11684.8402,-2067.6285,1237.8628,-750.9118,-4067.2860999999994,-1580.6774999999998,-5647.963599999999
157,502.3631,1480.5275,-1115.7621,0.0,0.0,0.0,-1273.8369,-16120.8578,605.0126,11667.4461,-1865.1161,1236.2421,-754.566,-4255.107500000002,-1383.44,-5638.5475000000015
158,531.0846,1398.6211,-1093.3989,0.0,0.0,0.0,-1274.6462,-16146.6201,608.7115,11753.9216,-1929.7417,1236.1287,-748.8232,-4222.326400000002,-1442.4362,-5664.762600000002
159,495.7108,1420.107,-1082.9492,0.0,0.0,0.0,-1263.2494,-16239.8815,604.6674,11823.1187,-1945.9173,1227.1512,-746.8292,-4242.476199999997,-1465.5953,-5708.071499999997
160,496.2743,1387.767,-1104.0127,0.0,0.0,0.0,-1278.1759,-16086.887,611.94,11831.3387,-2051.4554,1229.32,-742.1694,-4141.755599999999,-1564.3048,-5706.0603999999985
161,510.6628,1429.3436,-1105.9151,0.0,0.0,0.0,-1279.4245,-16050.7267,605.2791,11746.4519,-2035.0011,1233.2512,-742.3556,-4144.3289,-1544.1055000000001,-5688.4344
162,530.0637,1449.2479,-1096.5264,0.0,0.0,0.0,-1311.0729,-16123.7196,604.5333,11779.8989,-1986.8331,1232.859,-748.2602,-4167.575100000002,-1502.2343,-5669.809400000001
163,530.7762,1494.3946,-1100.2836,0.0,0.0,0.0,-1270.8023,-16167.378,598.2287,11688.5452,-1857.1153,1235.6609,-744.5108,-4226.519199999999,-1365.9651999999999,-5592.4843999999985
164,486.2011,1392.5667,-1114.3178,0.0,0.0,0.0,-1298.5095,-16151.9907,624.7586,11803.2175,-1927.9361,1233.1945,-742.3896,-4258.074100000002,-1437.1311999999998,-5695.205300000001
165,493.9639,1390.6223,-1108.7852,0.0,0.0,0.0,-1277.5382,-16197.7188,614.7908,11825.2907,-1934.5377,1235.9397,-748.7027,-4259.374500000002,-1447.3007000000002,-5706.6752000000015
166,522.9018,1437.0634,-1078.1612,0.0,0.0,0.0,-1278.2902,-16303.8367,611.7136,11817.5937,-1861.0015,1228.6726,-741.0614,-4271.015600000001,-1373.3903,-5644.405900000002
167,501.022,1462.6149,-1111.3205,0.0,0.0,0.0,-1279.1768,-16116.9132,600.5042,11730.0942,-1898.3963,1221.793,-727.3632,-4213.1752000000015,-1403.9665000000002,-5617.141700000002
168,497.544,1410.9665,-1125.0072,0.0,0.0,0.0,-1281.828,-16200.229,650.6257,11854.4719,-1942.0679,1227.0567,-738.8438,-4193.456099999999,-1453.855,-5647.311099999999
169,508.4264,1382.8579,-1105.1989,0.0,0.0,0.0,-1264.5249,-16111.8948,597.7931,11781.8587,-1993.2303,1233.5394,-745.9953,-4210.682499999997,-1505.6862,-5716.368699999997
170,519.9756,1427.7115,-1091.732,0.0,0.0,0.0,-1267.1374,-16115.8824,600.6609,11712.4726,-1905.4272,1233.6103,-741.2271,-4213.931199999999,-1413.0439999999999,-5626.975199999999
171,513.6157,1449.876,-1094.5062,0.0,0.0,0.0,-1300.4627,-16104.5993,615.5763,11777.9418,-1978.9111,1235.3538,-743.0237,-4142.558399999998,-1486.581,-5629.139399999998
172,535.7855,1413.1071,-1098.211,0.0,0.0,0.0,-1283.9931,-16162.9575,617.4709,11787.7227,-1926.5771,1237.0595,-742.2772,-4191.0754,-1431.7948,-5622.870199999999
173,513.999,1416.5265,-1088.6714,0.0,0.0,0.0,-1289.9871,-16070.6663,630.6662,11773.109,-2023.2061,1226.896,-739.3001,-4115.024100000002,-1535.6102,-5650.634300000003
174,510.4831,1382.2988,-1094.1907,0.0,0.0,0.0,-1260.1285,-16099.3768,619.2079,11797.7935,-1993.005,1238.9495,-749.6932,-4143.912700000003,-1503.7487,-5647.661400000003
175,490.7623,1477.6078,-1095.2702,0.0,0.0,0.0,-1265.3779,-16054.192,621.3898,11760.0509,-2025.1314,1238.0187,-758.5222,-4065.0292999999965,-1545.6349,-5610.6641999999965
176,495.5462,1437.0703,-1086.707,0.0,0.0,0.0,-1272.3093,-16222.3412,614.6344,11757.5756,-1901.1386,1228.7908,-735.2743,-4276.531000000001,-1407.6221,-5684.153100000001
177,511.3925,1432.6705,-1111.4631,0.0,0.0,0.0,-1276.7114,-16132.9009,606.9425,11820.1807,-2029.4305,1229.9248,-744.0699,-4149.8892,-1543.5756,-5693.4648
178,516.5908,1443.1145,-1081.4268,0.0,0.0,0.0,-1285.2056,-16157.9061,595.4877,11731.0153,-1909.4094,1230.7375,-737.9787,-4238.330200000002,-1416.6506,-5654.980800000002
179,530.3074,1482.3084,-1115.4062,0.0,0.0,0.0,-1285.9289,-15985.9411,603.7179,11730.7138,-2004.9181,1230.213,-736.5432,-4040.2287000000015,-1511.2483000000002,-5551.477000000002
180,453.1221,1435.109,-1085.408,0.0,0.0,0.0,-1269.5406,-16349.354,611.8409,11847.0127,-1832.395,1235.1789,-752.7037,-4357.2179,-1349.9198,-5707.1377
181,484.5281,1447.3916,-1080.7178,0.0,0.0,0.0,-1252.0955,-16199.2977,608.5302,11782.0746,-1906.3141,1244.6337,-755.2273,-4209.586499999999,-1416.9077,-5626.494199999999
182,522.1852,1405.4826,-1095.1971,0.0,0.0,0.0,-1276.8492,-16053.7562,608.4046,11745.0722,-1992.1776,1234.6214,-751.882,-4144.657899999998,-1509.4382,-5654.096099999998
183,516.7664,1434.6416,-1078.9902,0.0,0.0,0.0,-1262.8598,-16275.6215,601.458,11744.3976,-1855.2411,1232.0888,-748.7047,-4320.207899999999,-1371.857,-5692.064899999999
184,491.9134,1447.1724,-1108.4977,0.0,0.0,0.0,-1249.1856,-16249.4656,617.7787,11792.0084,-1917.3871,1227.6898,-746.2681,-4258.275999999998,-1435.9653999999998,-5694.241399999998
185,495.2438,1448.4277,-1105.1969,0.0,0.0,0.0,-1279.2573,-16260.704,626.5833,11815.5247,-1854.621,1223.4232,-736.6072,-4259.378700000001,-1367.8050000000003,-5627.183700000001
186,512.0115,1486.8992,-1099.3335,0.0,0.0,0.0,-1276.2798,-16195.6923,599.4953,11740.6662,-1911.2001,1237.6171,-754.5297,-4232.233399999999,-1428.1127000000001,-5660.3461
187,499.4384,1425.8742,-1093.256,0.0,0.0,0.0,-1267.2771,-16244.0,623.8548,11763.9585,-1844.5113,1236.2704,-752.6735,-4291.4072,-1360.9143999999997,-5652.321599999999
188,477.0514,1454.0719,-1092.3624,0.0,0.0,0.0,-1273.2393,-16125.3347,598.6621,11752.9101,-1931.9936,1238.0754,-754.4186,-4208.240900000001,-1448.3368,-5656.577700000001
189,528.4448,1447.309,-1104.3704,0.0,0.0,0.0,-1258.6976,-16413.2558,603.595,11847.2658,-1776.2609,1234.8104,-753.3573,-4349.709200000001,-1294.8078,-5644.517000000001
190,506.5805,1445.3832,-1095.9538,0.0,0.0,0.0,-1258.3555,-16310.5613,607.0541,11768.141,-1846.4326,1231.0918,-738.3766,-4337.711799999999,-1353.7174000000002,-5691.429199999999
191,533.1299,1409.2013,-1079.7533,0.0,0.0,0.0,-1276.4569,-16103.8845,590.7835,11724.9814,-1922.0688,1241.3829,-752.1212,-4201.998600000001,-1432.8071,-5634.805700000001
192,496.7781,1362.6725,-1112.4369,0.0,0.0,0.0,-1257.669,-16282.4327,601.8819,11820.6152,-1844.2277,1233.7095,-751.2537,-4370.590899999999,-1361.7719,-5732.362799999999
193,506.9676,1451.45,-1121.142,0.0,0.0,0.0,-1285.5151,-16114.0955,627.5087,11772.8154,-1920.5933,1237.7352,-737.556,-4162.010899999999,-1420.4141,-5582.424999999999
194,523.3459,1394.4862,-1107.7664,0.0,0.0,0.0,-1300.0491,-16227.5076,615.8209,11772.3608,-1850.8384,1231.5549,-739.1136,-4329.309300000001,-1358.3971000000001,-5687.706400000001
195,512.7789,1412.8026,-1068.8746,0.0,0.0,0.0,-1294.3542,-16232.4575,593.1035,11802.3564,-1864.1833,1231.0257,-746.1281,-4274.644900000001,-1379.2857,-5653.930600000001
196,484.4379,1434.3103,-1085.8544,0.0,0.0,0.0,-1300.5871,-16189.1793,608.9215,11695.4039,-1800.1225,1231.5738,-741.5043,-4352.547199999999,-1310.0529999999999,-5662.600199999998
197,506.7452,1425.5617,-1069.6473,0.0,0.0,0.0,-1260.1964,-16255.4096,601.6262,11791.9246,-1819.8813,1227.3733,-742.953,-4259.3956,-1335.461,-5594.856599999999
198,531.0619,1407.6642,-1118.0925,0.0,0.0,0.0,-1251.5597,-16330.1421,607.5673,11766.8725,-1750.4974,1232.1172,-745.7457,-4386.628399999998,-1264.1259,-5650.754299999999
199,519.2433,1450.4879,-1096.9479,0.0,0.0,0.0,-1251.6656,-16294.7416,588.3101,11769.5787,-1833.3706,1229.4097,-738.61,-4315.735099999998,-1342.5709000000002,-5658.305999999998
200,519.2972,1448.8699,-1080.4376,0.0,0.0,0.0,-1248.078,-16096.1638,609.8432,11758.7538,-1999.4775,1242.772,-753.7148,-4087.9153000000024,-1510.4203,-5598.335600000002
201,507.2483,1391.2735,-1062.46,0.0,0.0,0.0,-1275.5376,-15988.4622,613.1223,11752.6514,-2058.2339,1246.5473,-760.3596,-4062.164300000002,-1572.0462000000002,-5634.210500000002
202,484.0656,1397.8103,-1095.211,0.0,0.0,0.0,-1273.2042,-16106.4338,612.0101,11711.6458,-1966.6922,1228.7719,-734.6687,-4269.3171999999995,-1472.589,-5741.906199999999
203,543.5951,1482.4958,-1082.7557,0.0,0.0,0.0,-1290.5006,-16039.8025,623.9497,11752.6506,-1999.4861,1232.944,-743.1939,-4010.3675999999996,-1509.736,-5520.1036
204,501.9729,1470.3524,-1138.3831,0.0,0.0,0.0,-1290.3291,-16188.4593,612.8512,11728.211,-1839.0865,1231.4746,-737.8526,-4303.7840000000015,-1345.4645,-5649.2485000000015
205,485.1656,1379.7096,-1102.4839,0.0,0.0,0.0,-1260.5488,-16107.3195,626.5623,11760.2074,-1971.802,1231.2572,-741.4376,-4218.7073,-1481.9823999999999,-5700.6897
206,513.263,1449.9196,-1101.0974,0.0,0.0,0.0,-1269.3888,-16088.8958,622.2978,11676.4619,-1903.7458,1227.0945,-735.1938,-4197.439700000001,-1411.8451,-5609.2848
207,471.4989,1458.7646,-1111.5713,0.0,0.0,0.0,-1295.7149,-16182.7539,613.7504,11768.4844,-1890.0396,1224.5005,-740.8246,-4277.541800000001,-1406.3636999999999,-5683.905500000001
208,502.006,1398.5278,-1111.7412,0.0,0.0,0.0,-1242.6447,-16125.6612,605.9547,11804.214,-2022.6545,1242.5736,-751.7355,-4169.3445999999985,-1531.8164000000002,-5701.160999999999
209,513.9463,1394.1042,-1096.2796,0.0,0.0,0.0,-1303.3223,-16019.5694,618.9925,11715.5281,-2035.8253,1230.78,-749.8989,-4176.600200000001,-1554.9442,-5731.544400000002
210,492.7745,1398.3715,-1102.6692,0.0,0.0,0.0,-1265.6061,-16078.1668,604.5142,11777.5252,-2018.8866,1235.0183,-746.3429,-4173.2567,-1530.2112000000002,-5703.4679
211,501.4293,1446.4635,-1109.2516,0.0,0.0,0.0,-1261.6606,-16145.3778,611.6433,11736.7509,-1963.506,1233.9174,-750.1822,-4220.003000000001,-1479.7708,-5699.773800000001
212,522.8745,1425.3787,-1119.0054,0.0,0.0,0.0,-1260.3098,-15990.7637,600.1592,11730.095,-2045.6673,1233.1472,-741.0848,-4091.571500000002,-1553.6048999999998,-5645.176400000001
213,487.5718,1421.0584,-1103.0631,0.0,0.0,0.0,-1256.4524,-15982.7647,617.693,11837.8129,-2163.9455,1244.9077,-761.4185,-3978.1441000000013,-1680.4562999999998,-5658.600400000001
214,525.8886,1458.422,-1118.6861,0.0,0.0,0.0,-1259.1287,-15976.3175,611.996,11699.1317,-2056.3584,1246.4764,-754.1584,-4058.6939999999995,-1564.0404,-5622.734399999999
215,504.2866,1427.3913,-1093.9746,0.0,0.0,0.0,-1254.7624,-15998.5717,597.1546,11751.503,-2081.3223,1250.7006,-764.4587,-4066.9731999999985,-1595.0803999999998,-5662.053599999998
216,504.9389,1413.8216,-1100.7434,0.0,0.0,0.0,-1262.4352,-15970.662,597.1999,11794.4704,-2111.3986,1241.6333,-751.6078,-4023.4097999999994,-1621.3731,-5644.7829
217,530.2738,1473.7938,-1086.9011,0.0,0.0,0.0,-1260.0725,-16053.0264,589.5509,11707.6234,-1958.4602,1234.8955,-742.8445,-4098.758100000001,-1466.4092,-5565.1673
218,489.1743,1457.142,-1100.2684,0.0,0.0,0.0,-1280.4692,-16165.8203,623.8869,11786.3197,-1951.1076,1231.9282,-745.3327,-4190.035000000002,-1464.5121,-5654.547100000002
219,507.2577,1434.2878,-1083.5688,0.0,0.0,0.0,-1265.3321,-16112.2401,598.6372,11735.2749,-1970.0026,1245.9378,-759.5878,-4185.6834,-1483.6526000000001,-5669.336
220,488.1748,1342.6755,-1101.2181,0.0,0.0,0.0,-1279.3663,-16184.7082,616.0369,11827.2532,-1966.0258,1245.1062,-752.0454,-4291.1522,-1472.965,-5764.1172
221,516.3514,1416.5496,-1079.865,0.0,0.0,0.0,-1287.0115,-16096.3398,604.4597,11797.967,-1998.6035,1236.0153,-750.812,-4127.888599999998,-1513.4002,-5641.288799999998
222,508.237,1400.3257,-1106.8932,0.0,0.0,0.0,-1267.8701,-16210.4231,613.2419,11832.8586,-1965.8064,1237.9762,-751.5822,-4230.5232,-1479.4123999999997,-5709.935599999999
223,478.8549,1420.9886,-1090.3034,0.0,0.0,0.0,-1270.2239,-16084.1064,602.433,11784.5667,-2006.0279,1243.0886,-752.1687,-4157.790499999999,-1515.108,-5672.898499999999
224,482.55,1436.0831,-1102.2637,0.0,0.0,0.0,-1258.0738,-16229.8272,610.5534,11776.2853,-1890.0419,1235.5286,-743.7637,-4284.692899999998,-1398.2769999999998,-5682.969899999998
225,499.0669,1430.619,-1103.6283,0.0,0.0,0.0,-1286.9943,-16068.5825,594.9932,11737.7032,-1996.8029,1236.4075,-740.1323,-4196.822800000002,-1500.5276999999999,-5697.350500000001
226,477.1838,1404.6592,-1101.259,0.0,0.0,0.0,-1268.4118,-16073.9487,611.6691,11717.0845,-2004.355,1233.0007,-740.4355,-4233.0229,-1511.7898,-5744.812699999999
227,511.7424,1414.3735,-1097.3937,0.0,0.0,0.0,-1243.3739,-16159.0869,624.458,11818.8205,-1986.6843,1238.9778,-748.7146,-4130.4601,-1496.4211,-5626.881200000001
228,488.3285,1463.9008,-1074.8124,0.0,0.0,0.0,-1252.9031,-16156.478,606.8583,11767.1591,-1975.3454,1236.1429,-748.8943,-4157.946799999998,-1488.0967999999998,-5646.043599999998
229,483.1969,1429.6508,-1080.0192,0.0,0.0,0.0,-1255.5373,-16200.4897,594.1731,11798.7489,-1954.9201,1251.8866,-756.4197,-4230.276499999998,-1459.4532,-5689.729699999999
230,513.7787,1427.0999,-1105.5172,0.0,0.0,0.0,-1305.1887,-16043.376,589.4495,11794.1806,-2022.7501,1233.374,-748.2449,-4129.573200000001,-1537.621,-5667.194200000001
231,511.8112,1451.2231,-1117.1997,0.0,0.0,0.0,-1275.207,-16082.7648,600.0647,11783.3602,-2029.9939,1239.4078,-749.1132,-4128.712300000001,-1539.6993,-5668.4116
232,497.6512,1429.3056,-1089.1707,0.0,0.0,0.0,-1267.7667,-16280.1216,610.3291,11825.0587,-1868.7063,1237.8486,-745.4356,-4274.714400000001,-1376.2933,-5651.0077
233,558.0735,1464.3642,-1071.2731,0.0,0.0,0.0,-1272.3727,-15962.3116,599.0739,11742.9014,-2125.2428,1244.9408,-748.4999,-3941.5444000000007,-1628.8019,-5570.3463
234,500.8216,1362.9106,-1103.5338,0.0,0.0,0.0,-1272.3793,-15974.0196,609.4715,11737.9008,-2054.967,1226.1164,-733.9393,-4138.8282,-1562.7899,-5701.618100000001
235,516.7195,1399.9631,-1112.7205,0.0,0.0,0.0,-1277.9522,-16155.043,599.5142,11779.7335,-1946.6174,1232.5424,-736.9844,-4249.785400000001,-1451.0594,-5700.844800000001
236,523.1111,1412.4898,-1082.84,0.0,0.0,0.0,-1279.6804,-16099.8012,596.7402,11771.7245,-2007.0781,1239.0109,-750.2703,-4158.255999999998,-1518.3375,-5676.593499999997
237,506.3749,1450.1768,-1085.1186,0.0,0.0,0.0,-1239.2163,-15988.4098,613.5898,11754.1277,-2107.6457,1248.6783,-757.2577,-3988.4755000000005,-1616.2251,-5604.7006
238,516.302,1391.9695,-1094.7822,0.0,0.0,0.0,-1280.3873,-16203.9444,627.4323,11842.9033,-1938.0627,1233.889,-740.7435,-4200.506800000001,-1444.9172,-5645.424000000001
239,520.9164,1418.714,-1091.5336,0.0,0.0,0.0,-1287.8779,-16176.1563,609.4221,11838.1251,-1974.283,1239.611,-745.8166,-4168.3902,-1480.4885999999997,-5648.8787999999995
240,500.7387,1391.796,-1088.583,0.0,0.0,0.0,-1231.5056,-16111.7763,624.4703,11814.3634,-2037.8258,1246.8214,-760.7488,-4100.496499999999,-1551.7532,-5652.2497
241,537.3018,1413.7787,-1098.131,0.0,0.0,0.0,-1278.6085,-16060.205,595.3635,11760.8748,-2026.08,1245.7535,-755.0205,-4129.625700000002,-1535.3469999999998,-5664.972700000002
242,495.8405,1394.9744,-1108.2251,0.0,0.0,0.0,-1276.3555,-16075.4072,629.5935,11819.136,-2024.5336,1238.2171,-746.4696,-4120.443399999998,-1532.7860999999998,-5653.229499999999
243,509.719,1444.0582,-1092.2368,0.0,0.0,0.0,-1299.5547,-16047.8109,596.0392,11818.4685,-2054.4999,1232.8684,-741.6154,-4071.317499999999,-1563.2468999999996,-5634.564399999998
244,491.7966,1451.1958,-1074.8935,0.0,0.0,0.0,-1285.3738,-16209.997,611.6704,11799.861,-1899.1258,1236.8989,-747.5372,-4215.7405,-1409.7641,-5625.504599999999
245,523.0778,1500.3906,-1122.628,0.0,0.0,0.0,-1299.6933,-15986.3184,605.1896,11756.2761,-2069.5672,1248.0262,-754.5739,-4023.705600000003,-1576.1149,-5599.8205000000025
246,492.3088,1419.5605,-1096.4345,0.0,0.0,0.0,-1271.3196,-15932.3618,620.4745,11753.3222,-2092.9349,1237.2485,-756.057,-4014.4499000000014,-1611.7434000000003,-5626.193300000002
247,517.8682,1412.1494,-1115.0013,0.0,0.0,0.0,-1284.0329,-16007.7452,628.7769,11814.5028,-2043.8434,1247.086,-754.4272,-4033.4820999999993,-1551.1846,-5584.666699999999
248,506.8084,1397.2122,-1101.4458,0.0,0.0,0.0,-1281.3451,-16135.3615,610.7893,11775.0856,-1910.6788,1237.9856,-743.763,-4228.256900000002,-1416.4562,-5644.713100000002
249,534.6315,1404.2721,-1092.0931,0.0,0.0,0.0,-1278.3072,-16131.8192,614.4807,11779.9388,-1924.8823,1231.7864,-741.7191,-4168.896400000001,-1434.815,-5603.711400000002
250,491.2447,1377.9472,-1090.9412,0.0,0.0,0.0,-1286.7386,-16216.464,609.4403,11768.1371,-1824.0873,1229.9673,-743.3066,-4347.3745,-1337.4265999999998,-5684.8011
251,521.224,1412.0245,-1108.9189,0.0,0.0,0.0,-1302.6555,-16191.0791,602.2438,11813.7845,-1909.472,1240.5702,-753.5634,-4253.376699999999,-1422.4651999999999,-5675.8418999999985
252,481.9244,1420.6106,-1090.4703,0.0,0.0,0.0,-1251.7023,-16057.9907,600.3361,11773.7264,-2024.7458,1248.7066,-762.5722,-4123.5658,-1538.6113999999998,-5662.177199999999
253,487.5667,1439.3655,-1101.974,0.0,0.0,0.0,-1275.7817,-15985.0426,593.4388,11779.296,-2036.8216,1250.3557,-760.2689,-4063.131299999999,-1546.7348,-5609.866099999999
254,532.0653,1472.049,-1123.8936,0.0,0.0,0.0,-1273.0555,-16010.0126,600.9759,11763.5742,-2082.3349,1240.0835,-755.0104,-4038.2973,-1597.2617999999998,-5635.5591
255,531.1682,1453.2661,-1116.7932,0.0,0.0,0.0,-1252.9144,-16154.9009,602.3103,11731.7579,-1905.1884,1239.2047,-752.6293,-4206.106000000002,-1418.6129999999998,-5624.719000000001
256,503.0728,1379.2777,-1082.8053,0.0,0.0,0.0,-1266.4957,-16066.4999,600.7322,11817.654,-2024.9673,1240.2631,-755.9398,-4115.064200000001,-1540.6440000000002,-5655.708200000001
257,493.0235,1376.6452,-1102.189,0.0,0.0,0.0,-1292.9097,-16200.0774,610.4706,11857.2824,-1934.9153,1235.9019,-744.7215,-4257.754399999998,-1443.7349,-5701.4892999999975
258,545.1648,1431.0023,-1080.3656,0.0,0.0,0.0,-1301.1462,-16143.2325,614.7973,11794.9552,-1960.8319,1225.5305,-732.677,-4138.824699999999,-1467.9784,-5606.803099999999
259,534.0427,1433.3102,-1094.9258,0.0,0.0,0.0,-1258.7237,-16084.4772,613.4142,11703.6292,-1961.6136,1232.3534,-740.1918,-4153.7304,-1469.4519999999998,-5623.1824
260,509.5006,1429.0975,-1133.6796,0.0,0.0,0.0,-1277.3228,-16149.6036,622.3227,11819.6201,-1940.5712,1226.2582,-735.363,-4180.0651,-1449.6760000000002,-5629.7411
261,525.3307,1377.5385,-1124.5828,0.0,0.0,0.0,-1273.6986,-16266.1075,621.6441,11770.8032,-1807.492,1232.3959,-739.5388,-4369.072400000001,-1314.6349,-5683.707300000002
262,528.4735,1410.5639,-1093.6638,0.0,0.0,0.0,-1259.5634,-16185.7591,605.1789,11804.0802,-1944.4447,1241.6664,-754.0043,-4190.689799999998,-1456.7826,-5647.472399999998
263,540.0108,1396.8517,-1089.3449,0.0,0.0,0.0,-1295.7161,-16020.7952,605.9153,11798.3479,-2052.2586,1238.3872,-748.9277,-4064.730499999998,-1562.7991000000002,-5627.529599999998
264,499.3176,1437.7988,-1096.0548,0.0,0.0,0.0,-1311.5787,-16104.9267,597.7396,11812.5827,-1968.9386,1229.4239,-730.6901,-4165.121499999999,-1470.2048,-5635.326299999999
265,507.926,1451.837,-1096.5032,0.0,0.0,0.0,-1291.8033,-15987.5645,605.6362,11753.649,-2040.9167,1243.4619,-751.3885,-4056.8228,-1548.8433,-5605.6660999999995
266,516.7861,1373.2169,-1099.8464,0.0,0.0,0.0,-1261.7381,-16031.3183,604.2418,11777.1718,-2050.2378,1244.7518,-754.7581,-4121.486199999999,-1560.2441,-5681.730299999999
267,520.0394,1396.7566,-1113.2612,0.0,0.0,0.0,-1292.4045,-16204.1271,614.2604,11868.8942,-1941.3013,1236.6484,-741.9105,-4209.842200000001,-1446.5634,-5656.405600000001
268,494.4766,1454.7364,-1115.5364,0.0,0.0,0.0,-1252.1125,-16031.0381,612.2308,11747.9285,-1975.4463,1239.8189,-743.618,-4089.314699999999,-1479.2454000000002,-5568.560099999999
269,525.5731,1436.0303,-1110.2693,0.0,0.0,0.0,-1280.3326,-16209.6434,614.8226,11780.1076,-1921.8311,1232.4952,-741.227,-4243.7117000000035,-1430.5629,-5674.274600000003
270,461.7945,1414.9955,-1125.9695,0.0,0.0,0.0,-1291.364,-16058.4694,611.4066,11776.1197,-1980.8587,1238.1841,-748.4828,-4211.486600000002,-1491.1574,-5702.644000000002
271,512.6264,1397.6868,-1089.494,0.0,0.0,0.0,-1296.1352,-16115.318,607.5543,11836.849,-1981.0075,1231.7061,-739.5149,-4146.230699999998,-1488.8163,-5635.046999999998
272,509.3449,1438.0399,-1098.8292,0.0,0.0,0.0,-1265.3865,-16076.1649,576.805,11767.9773,-2000.5195,1237.8061,-746.4716,-4148.2135,-1509.185,-5657.3985
273,515.6547,1419.2771,-1120.6637,0.0,0.0,0.0,-1283.0888,-16149.7892,606.0267,11771.7791,-1916.4443,1234.8246,-747.0771,-4240.804099999999,-1428.6968000000002,-5669.500899999999
274,499.7202,1465.3489,-1102.0314,0.0,0.0,0.0,-1262.4505,-16070.1459,610.7153,11794.6945,-2028.1814,1246.5615,-758.8788,-4064.148900000002,-1540.4986999999999,-5604.647600000002
275,543.9297,1443.4898,-1095.1275,0.0,0.0,0.0,-1251.1731,-16089.4088,598.7244,11753.745,-1996.1841,1249.0232,-760.6903,-4095.8205,-1507.8511999999998,-5603.671700000001
276,514.429,1458.7484,-1094.7786,0.0,0.0,0.0,-1241.617,-16215.1002,604.4255,11752.3519,-1872.3948,1234.3852,-745.917,-4221.541000000001,-1383.9266000000002,-5605.467600000002
277,542.7857,1426.8295,-1108.564,0.0,0.0,0.0,-1296.7004,-16220.1598,605.2209,11766.8157,-1842.3983,1222.2703,-735.192,-4283.772400000002,-1355.3200000000002,-5639.092400000001
278,504.905,1461.6449,-1107.2798,0.0,0.0,0.0,-1292.3185,-16074.8613,618.229,11784.592,-1976.6511,1230.9123,-744.0853,-4105.0887,-1489.8241,-5594.9128
279,511.4541,1420.2601,-1117.9491,0.0,0.0,0.0,-1286.8769,-16075.2271,611.9572,11766.7945,-1967.3425,1231.8526,-742.9268,-4169.587199999998,-1478.4167,-5648.003899999998
280,523.5134,1423.9496,-1094.5562,0.0,0.0,0.0,-1303.2329,-16057.3178,599.2358,11748.015,-1987.6306,1235.3632,-743.7091,-4160.393099999999,-1495.9765,-5656.3696
281,509.5385,1387.4392,-1079.305,0.0,0.0,0.0,-1264.204,-16110.5205,629.27,11786.7934,-1992.2262,1240.0552,-746.8046,-4140.9884,-1498.9756000000002,-5639.964000000001
282,516.5657,1445.8038,-1106.813,0.0,0.0,0.0,-1280.3558,-16197.9962,599.344,11766.2256,-1907.0098,1238.8267,-740.6978,-4257.2258999999995,-1408.8809,-5666.1068
283,498.1817,1401.4863,-1080.7146,0.0,0.0,0.0,-1294.8266,-16197.7966,602.6665,11788.6377,-1909.8282,1229.0034,-730.1991,-4282.365600000001,-1411.0239,-5693.389500000001
284,538.0009,1389.0577,-1085.1322,0.0,0.0,0.0,-1294.8845,-16228.2362,601.7363,11782.9856,-1874.9955,1234.9994,-733.0851,-4296.472399999999,-1373.0812,-5669.553599999999
285,504.1487,1435.1628,-1105.5833,0.0,0.0,0.0,-1278.2024,-16308.2687,623.832,11807.044,-1830.2835,1223.0121,-728.3373,-4321.866900000001,-1335.6087000000002,-5657.475600000001
286,509.1218,1390.2021,-1067.9735,0.0,0.0,0.0,-1298.9015,-16274.7094,613.0706,11795.903,-1847.6254,1226.055,-734.4909,-4333.286900000001,-1356.0612999999998,-5689.3482
287,501.4592,1455.2302,-1075.0188,0.0,0.0,0.0,-1286.1805,-16259.2287,594.1449,11821.87,-1934.2368,1234.7254,-748.3589,-4247.7237000000005,-1447.8702999999998,-5695.594
288,494.2038,1474.3885,-1082.6263,0.0,0.0,0.0,-1268.5675,-16179.633,603.2962,11818.1484,-1974.0047,1242.9327,-750.0787,-4140.789899999998,-1481.1507,-5621.940599999997
289,501.6647,1440.619,-1106.8027,0.0,0.0,0.0,-1273.5952,-16076.5871,624.9602,11792.4622,-2027.6378,1241.4727,-755.5026,-4097.278900000001,-1541.6677,-5638.946600000001
290,488.7416,1462.9571,-1091.4814,0.0,0.0,0.0,-1279.9243,-16300.7594,624.3077,11839.5545,-1869.363,1235.3065,-751.3367,-4256.604200000002,-1385.3932,-5641.997400000002
291,550.7204,1443.0858,-1132.2972,0.0,0.0,0.0,-1265.2584,-16216.8495,615.9263,11767.8241,-1904.5931,1233.4165,-743.9676,-4236.848500000002,-1415.1442,-5651.992700000002
292,537.6426,1424.8671,-1105.7018,0.0,0.0,0.0,-1295.0536,-16259.8711,597.366,11769.4727,-1845.7877,1228.0348,-737.483,-4331.2780999999995,-1355.2359000000001,-5686.513999999999
293,482.5823,1407.6039,-1082.4474,0.0,0.0,0.0,-1294.1734,-16252.8078,611.5841,11823.0281,-1881.421,1228.975,-738.0924,-4304.6302,-1390.5384000000001,-5695.168599999999
294,502.8752,1413.8754,-1098.9783,0.0,0.0,0.0,-1309.6869,-16243.992,617.6843,11795.1206,-1895.6218,1222.5821,-728.4301,-4323.101700000001,-1401.4697999999999,-5724.5715
295,509.1883,1375.1959,-1102.0906,0.0,0.0,0.0,-1282.9086,-16152.8714,617.1274,11786.1667,-1972.0699,1228.3939,-739.0624,-4250.192300000002,-1482.7384,-5732.930700000003
296,490.5642,1441.98,-1096.688,0.0,0.0,0.0,-1293.1666,-16271.2775,609.1678,11796.9735,-1849.8781,1222.7475,-737.3059,-4322.446599999999,-1364.4364999999998,-5686.8831
297,492.4338,1460.1781,-1081.9685,0.0,0.0,0.0,-1290.6783,-16217.2922,612.6773,11735.2288,-1868.8749,1220.0637,-733.3297,-4289.4209999999985,-1382.1409,-5671.561899999999
298,485.3482,1440.7891,-1082.9926,0.0,0.0,0.0,-1282.4613,-16103.9436,596.239,11752.3653,-1940.3618,1235.3443,-741.3827,-4194.655900000002,-1446.4002,-5641.056100000002
299,512.4994,1390.3431,-1096.0222,0.0,0.0,0.0,-1256.1441,-16179.5157,614.0193,11761.3965,-1956.5048,1238.4676,-750.1021,-4253.423699999998,-1468.1392999999998,-5721.562999999997
300,509.4405,1403.5059,-1113.3164,0.0,0.0,0.0,-1295.6507,-16168.5806,618.3312,11815.681,-1962.8356,1234.0024,-741.6013,-4230.589099999997,-1470.4345,-5701.023599999998
301,539.2206,1436.7019,-1094.5294,0.0,0.0,0.0,-1295.0096,-16235.5958,599.3795,11786.4877,-1873.5362,1232.4715,-744.7996,-4263.3451000000005,-1385.8643,-5649.209400000002
302,535.7012,1408.1318,-1081.23,0.0,0.0,0.0,-1282.6965,-16202.782,607.2721,11817.2756,-1920.9469,1241.9877,-745.8988,-4198.327799999997,-1424.8580000000002,-5623.1857999999975
303,523.0822,1428.3033,-1085.1551,0.0,0.0,0.0,-1304.2187,-16248.5805,611.6499,11794.5777,-1890.4023,1232.9346,-734.3921,-4280.341200000001,-1391.8598,-5672.201
304,489.9353,1422.9672,-1114.0915,0.0,0.0,0.0,-1244.8151,-16151.3271,624.4607,11792.6943,-1973.1232,1239.6724,-746.2359,-4180.176200000002,-1479.6867000000002,-5659.862900000002
305,517.3656,1424.0976,-1115.6077,0.0,0.0,0.0,-1262.8032,-16272.1657,617.2596,11803.8409,-1911.7759,1231.0493,-738.5245,-4288.0129,-1419.2511000000002,-5707.264000000001
306,516.3527,1439.3242,-1082.1736,0.0,0.0,0.0,-1284.7856,-16156.6377,609.1117,11798.5584,-1981.4251,1242.3043,-745.1581,-4160.249899999999,-1484.2788999999998,-5644.528799999999
307,501.2887,1437.9689,-1077.2583,0.0,0.0,0.0,-1310.9419,-16295.6343,610.8607,11828.1413,-1884.3398,1221.0134,-725.4924,-4305.574900000001,-1388.8188,-5694.393700000001
308,517.8462,1461.8766,-1087.541,0.0,0.0,0.0,-1299.3308,-16272.3424,638.5033,11793.7693,-1872.0431,1226.0125,-729.5407,-4247.218799999999,-1375.5713,-5622.790099999998
309,547.619,1398.6696,-1080.1499,0.0,0.0,0.0,-1273.7038,-16240.022,606.7554,11797.5164,-1876.5853,1234.0922,-740.6648,-4243.3153,-1383.1579,-5626.4732
310,516.3518,1426.3911,-1120.5337,0.0,0.0,0.0,-1291.0853,-16148.668,623.1919,11832.1733,-1996.7889,1219.6715,-726.4784,-4162.178899999999,-1503.5958,-5665.774699999998
311,502.649,1437.8164,-1085.4727,0.0,0.0,0.0,-1293.6399,-16144.8031,594.7031,11778.0537,-1952.9448,1229.3672,-740.1843,-4210.693499999999,-1463.7619,-5674.4554
312,502.9012,1432.1545,-1112.928,0.0,0.0,0.0,-1288.2741,-16213.9909,605.6085,11765.385,-1881.5725,1226.7543,-735.7828,-4309.143800000002,-1390.6009999999999,-5699.744800000001
313,475.9999,1406.045,-1112.3535,0.0,0.0,0.0,-1271.5042,-16233.2976,614.5233,11790.9855,-1916.8768,1233.4638,-747.1713,-4329.6016,-1430.5843,-5760.1859
314,512.2462,1393.4535,-1079.5553,0.0,0.0,0.0,-1283.0171,-16068.9459,619.937,11816.3271,-2084.8184,1243.9627,-746.6767,-4089.5544999999984,-1587.5324,-5677.086899999998
315,485.8206,1412.9723,-1100.2136,0.0,0.0,0.0,-1265.2272,-16279.3397,611.8606,11828.1993,-1932.701,1235.2215,-747.7373,-4305.9277,-1445.2168,-5751.144499999999
316,506.5454,1466.5963,-1079.0112,0.0,0.0,0.0,-1263.202,-16190.0876,606.2435,11779.0953,-1982.054,1232.7976,-743.7213,-4173.820299999999,-1492.9777,-5666.798
317,508.5992,1429.4737,-1078.9601,0.0,0.0,0.0,-1268.7165,-16088.0743,599.8693,11726.105,-2001.4475,1233.6197,-738.5121,-4171.7037,-1506.3399,-5678.0436
318,520.6151,1390.811,-1096.0275,0.0,0.0,0.0,-1273.2128,-16281.1643,606.8193,11818.3088,-1937.1832,1231.7439,-740.1573,-4313.850400000001,-1445.5965999999999,-5759.447000000001
319,523.7575,1402.7145,-1099.8325,0.0,0.0,0.0,-1271.4022,-16250.5624,604.839,11765.1103,-1890.7827,1226.9055,-742.4723,-4325.375800000002,-1406.3494999999998,-5731.725300000002
320,514.944,1471.9876,-1115.4793,0.0,0.0,0.0,-1300.2806,-16155.5212,614.0952,11820.587,-1985.0278,1228.7482,-736.47,-4149.667300000001,-1492.7496,-5642.416900000001
321,525.3908,1415.0301,-1083.8389,0.0,0.0,0.0,-1266.1175,-16213.501,616.6935,11757.5314,-1905.7408,1234.8151,-748.3989,-4248.811600000003,-1419.3246,-5668.136200000003
322,522.691,1465.6154,-1086.2946,0.0,0.0,0.0,-1279.3254,-16010.1486,610.6785,11732.2595,-2031.5084,1231.1722,-740.4453,-4044.5242000000017,-1540.7815,-5585.305700000002
323,493.5593,1420.8854,-1104.8105,0.0,0.0,0.0,-1273.0666,-16235.6336,602.5023,11747.9264,-1855.9582,1232.6275,-740.6192,-4348.6372999999985,-1363.9499,-5712.587199999999
324,495.9832,1420.4509,-1091.4116,0.0,0.0,0.0,-1274.5671,-16194.5798,597.0908,11749.3091,-1915.535,1224.1225,-733.6012,-4297.7245,-1425.0137,-5722.738200000001
325,479.9221,1452.203,-1087.4369,0.0,0.0,0.0,-1274.0199,-16207.6415,612.6354,11748.9546,-1911.0812,1230.8698,-737.3981,-4275.383200000002,-1417.6095,-5692.9927000000025
326,505.0995,1408.6375,-1078.1585,0.0,0.0,0.0,-1274.4695,-16177.9883,620.1196,11776.297,-1947.0168,1226.1306,-738.1475,-4220.4627,-1459.0337000000002,-5679.496400000001
327,518.9804,1415.6211,-1096.1171,0.0,0.0,0.0,-1278.3457,-16204.1446,615.239,11769.2052,-1880.1073,1229.7027,-735.6854,-4259.5617,-1386.0899999999997,-5645.6517
328,525.6293,1412.3155,-1079.0495,0.0,0.0,0.0,-1293.6657,-16149.517,618.3022,11784.4005,-1974.1346,1232.9866,-733.8138,-4181.584700000001,-1474.9618,-5656.546500000001
329,521.3335,1393.3177,-1077.4198,0.0,0.0,0.0,-1308.8254,-16024.4173,615.843,11840.3183,-2044.3811,1231.2997,-732.1873,-4039.8499999999967,-1545.2687,-5585.118699999997
330,517.5076,1435.56,-1092.869,0.0,0.0,0.0,-1300.3031,-16074.2909,598.4721,11774.0105,-2009.8775,1228.5592,-734.826,-4141.912800000002,-1516.1443000000002,-5658.057100000003
331,521.2859,1472.3442,-1068.5181,0.0,0.0,0.0,-1278.942,-16112.6732,608.6893,11754.1785,-1996.4596,1230.1988,-732.9952,-4103.635399999999,-1499.2559999999999,-5602.8913999999995
332,483.0487,1420.992,-1079.1334,0.0,0.0,0.0,-1251.1325,-16169.0365,596.8724,11776.3603,-1939.0796,1242.3657,-748.4222,-4222.028999999999,-1445.1361,-5667.165099999998
333,521.3529,1400.658,-1061.1654,0.0,0.0,0.0,-1274.0973,-16019.5712,621.8343,11844.0958,-2105.4832,1231.106,-734.9964,-3966.8929000000007,-1609.3736000000001,-5576.2665000000015
334,517.576,1399.1258,-1115.511,0.0,0.0,0.0,-1290.3393,-16090.2906,617.3896,11742.5087,-1941.8241,1228.9372,-733.746,-4219.540799999999,-1446.6329,-5666.1736999999985
335,486.9024,1434.2034,-1081.7451,0.0,0.0,0.0,-1289.5842,-16035.5565,622.1738,11799.6107,-2046.4345,1236.5398,-743.6437,-4063.995499999999,-1553.5384,-5617.533899999999
336,479.2922,1407.9893,-1111.2564,0.0,0.0,0.0,-1297.143,-16045.5247,616.6348,11800.2012,-2034.7281,1234.56,-742.6198,-4149.8066,-1542.7879000000003,-5692.594500000001
337,479.5205,1424.4673,-1083.7162,0.0,0.0,0.0,-1291.3401,-16123.8157,617.3552,11822.6697,-2005.7643,1228.1151,-734.7755,-4154.8593,-1512.4247,-5667.284
338,522.7741,1419.0814,-1110.1669,0.0,0.0,0.0,-1286.9473,-16202.8922,582.7938,11785.0562,-1894.8525,1225.0722,-734.1263,-4290.3009,-1403.9065999999998,-5694.2075
339,516.7794,1371.0186,-1076.3388,0.0,0.0,0.0,-1260.995,-16236.7744,632.0305,11840.3776,-1917.5125,1225.0675,-735.3806,-4213.902099999999,-1427.8256,-5641.7276999999995
340,516.7554,1464.4891,-1087.2739,0.0,0.0,0.0,-1263.6422,-16065.8611,619.1544,11762.7922,-2014.9145,1236.9367,-749.9684,-4053.5861000000004,-1527.9462,-5581.5323
341,521.2364,1354.8724,-1089.6327,0.0,0.0,0.0,-1308.6851,-16015.8442,609.3467,11784.9898,-2080.5966,1233.5583,-739.1016,-4143.716699999999,-1586.1399,-5729.856599999999
342,510.7098,1421.6524,-1104.8824,0.0,0.0,0.0,-1295.1593,-16165.398,600.1134,11773.8502,-1929.0065,1230.1327,-742.4792,-4259.1138999999985,-1441.3529999999998,-5700.466899999998
343,514.172,1384.3519,-1104.3064,0.0,0.0,0.0,-1288.5603,-16068.3033,594.4423,11725.7829,-1956.9856,1233.9883,-740.114,-4242.420899999997,-1463.1113,-5705.532199999998
344,484.1777,1398.682,-1089.2195,0.0,0.0,0.0,-1281.1599,-16108.6801,598.0074,11702.4897,-1932.3517,1237.8391,-746.3851,-4295.702699999998,-1440.8977,-5736.6003999999975
345,539.1215,1393.829,-1099.4446,0.0,0.0,0.0,-1266.7257,-16230.3281,607.1543,11754.992,-1858.9444,1219.714,-732.5774,-4301.401600000001,-1371.8078,-5673.209400000002
346,511.1298,1360.4004,-1076.1677,0.0,0.0,0.0,-1284.4109,-16208.4459,602.4995,11770.56,-1864.7452,1234.749,-738.3862,-4324.434800000003,-1368.3824,-5692.817200000003
347,519.8336,1399.1924,-1057.7607,0.0,0.0,0.0,-1285.0109,-16164.2864,599.7764,11802.7532,-1924.417,1230.1799,-738.476,-4185.502399999999,-1432.7131,-5618.215499999998
348,499.9046,1393.4411,-1106.7019,0.0,0.0,0.0,-1285.5413,-16185.1571,605.7069,11846.8117,-1957.9051,1228.4222,-737.9266,-4231.536,-1467.4095,-5698.9455
349,494.3742,1444.2197,-1105.7085,0.0,0.0,0.0,-1267.9483,-16163.4059,622.245,11795.4828,-1969.4885,1231.5218,-742.837,-4180.740999999998,-1480.8037,-5661.544699999997
350,486.385,1423.5099,-1093.6476,0.0,0.0,0.0,-1261.5743,-16134.4411,606.8981,11707.9862,-1909.7592,1227.2362,-739.7064,-4264.883800000001,-1422.2294,-5687.113200000002
351,509.7409,1418.041,-1105.2646,0.0,0.0,0.0,-1287.8715,-16219.3379,611.8848,11854.4955,-1957.5557,1230.643,-740.0418,-4218.3117999999995,-1466.9544999999998,-5685.266299999999
352,471.532,1407.6842,-1097.75,0.0,0.0,0.0,-1275.4592,-16249.3677,625.3141,11817.6882,-1906.5231,1226.9527,-742.8736,-4300.358400000001,-1422.444,-5722.802400000001
353,543.4659,1386.9371,-1112.3741,0.0,0.0,0.0,-1286.925,-16261.8566,615.8838,11814.3279,-1897.9373,1233.3079,-742.8454,-4300.540999999997,-1407.4748,-5708.015799999997
354,491.9691,1431.144,-1098.3457,0.0,0.0,0.0,-1286.9898,-16164.3371,618.9141,11853.9836,-1969.075,1227.2551,-742.7563,-4153.6618,-1484.5762,-5638.237999999999
355,502.3883,1353.3735,-1059.7489,0.0,0.0,0.0,-1267.5525,-16171.067,600.4594,11727.2164,-1890.1143,1225.6912,-731.8961,-4314.9308,-1396.3192,-5711.25
356,506.2844,1383.9071,-1118.5227,0.0,0.0,0.0,-1269.2921,-16317.5737,612.4486,11795.9181,-1843.1615,1223.9004,-736.0037,-4406.8303,-1355.2648,-5762.0951
357,500.9974,1466.6931,-1084.046,0.0,0.0,0.0,-1266.8746,-16261.4818,609.0817,11765.1107,-1883.5969,1235.9586,-750.3925,-4270.5194999999985,-1398.0308,-5668.550299999999
358,487.1537,1414.6201,-1088.2812,0.0,0.0,0.0,-1266.59,-16205.5769,608.0185,11785.6769,-1947.7457,1235.264,-743.8758,-4264.978899999998,-1456.3575,-5721.336399999997
359,477.8423,1406.8925,-1085.362,0.0,0.0,0.0,-1266.2666,-16229.2536,629.2624,11777.4429,-1878.7646,1227.1181,-745.6295,-4289.442100000002,-1397.276,-5686.718100000003
360,533.088,1451.4083,-1104.4741,0.0,0.0,0.0,-1281.0198,-16106.8128,599.895,11712.8033,-1957.3676,1239.2141,-754.5452,-4195.1120999999985,-1472.6987000000001,-5667.8107999999975
361,488.9915,1478.691,-1086.2126,0.0,0.0,0.0,-1267.0914,-16058.3601,623.4368,11782.4019,-2086.6107,1230.9312,-744.6029,-4038.142899999999,-1600.2824,-5638.425299999999
362,502.1287,1396.1525,-1100.1482,0.0,0.0,0.0,-1281.6916,-16039.6851,627.7956,11820.3658,-2106.7475,1230.6855,-741.0002,-4075.0823,-1617.0621999999998,-5692.1445
363,498.5654,1466.6946,-1109.3902,0.0,0.0,0.0,-1297.7364,-16174.3264,618.5918,11762.0389,-1934.705,1228.7388,-737.1211,-4235.5623,-1443.0872999999997,-5678.6496
364,527.3243,1405.171,-1102.421,0.0,0.0,0.0,-1277.1883,-15943.3042,613.0976,11732.8088,-2100.622,1238.014,-737.1013,-4044.5117999999984,-1599.7093,-5644.221099999998
365,480.1191,1431.8109,-1144.0749,0.0,0.0,0.0,-1265.7889,-15949.852,609.2515,11740.7624,-2113.0899,1234.1064,-739.3067,-4097.771900000002,-1618.2902,-5716.062100000002
366,533.9299,1418.6312,-1062.056,0.0,0.0,0.0,-1276.313,-16081.8668,618.0825,11794.1899,-2006.9646,1234.6828,-741.497,-4055.4022999999997,-1513.7788,-5569.181100000001
367,524.7197,1403.6633,-1085.2402,0.0,0.0,0.0,-1234.7507,-15962.8678,619.6874,11740.7911,-2110.0887,1239.6866,-750.2337,-3993.9972,-1620.6357999999998,-5614.633
368,492.9689,1415.1079,-1065.4404,0.0,0.0,0.0,-1259.7124,-16129.5053,621.32,11781.5755,-2016.9569,1229.4286,-738.8721,-4143.685800000001,-1526.4004,-5670.086200000002
369,506.2596,1403.4023,-1062.5163,0.0,0.0,0.0,-1266.5209,-16156.4248,619.2658,11793.8607,-1977.5718,1237.5982,-746.544,-4162.673600000002,-1486.5176000000001,-5649.191200000001
370,494.8574,1411.0086,-1107.1174,0.0,0.0,0.0,-1274.4178,-16108.7471,615.5625,11760.8124,-1972.2502,1229.32,-747.0593,-4208.0414,-1489.9895000000001,-5698.030900000001
371,535.1929,1430.4492,-1103.9052,0.0,0.0,0.0,-1294.2406,-16135.2421,610.5071,11772.2999,-1932.2926,1232.514,-740.7002,-4184.9388,-1440.4788,-5625.4176
372,492.1364,1430.8428,-1106.9038,0.0,0.0,0.0,-1279.7717,-16087.752,624.9559,11791.1459,-2052.1375,1238.9306,-750.7893,-4135.3465,-1563.9962,-5699.3427
373,527.2755,1390.2675,-1113.2621,0.0,0.0,0.0,-1310.0228,-15905.0322,610.781,11768.7505,-2068.9625,1231.4793,-736.6899,-4031.2425999999996,-1574.1731,-5605.4157
374,520.0386,1442.5953,-1093.7552,0.0,0.0,0.0,-1276.2635,-16084.7342,609.6015,11761.925,-1985.5952,1245.1818,-753.847,-4120.5925000000025,-1494.2604,-5614.852900000002
375,482.8702,1463.6664,-1068.2618,0.0,0.0,0.0,-1254.8427,-16038.5913,605.7014,11735.6597,-2035.8741,1247.2939,-756.8752,-4073.798099999998,-1545.4554,-5619.253499999999
376,479.9756,1367.2609,-1101.0097,0.0,0.0,0.0,-1283.9225,-16141.405,615.4097,11780.1612,-1947.4623,1229.0648,-743.536,-4283.529799999998,-1461.9334999999996,-5745.4632999999985
377,516.8791,1410.4932,-1089.9814,0.0,0.0,0.0,-1267.188,-16049.1147,602.8351,11760.3382,-2016.2946,1244.0856,-754.185,-4115.738500000001,-1526.3939999999998,-5642.1325000000015
378,495.3203,1393.941,-1098.9227,0.0,0.0,0.0,-1256.7687,-16070.6587,620.2822,11776.494,-2007.0702,1240.9198,-752.6359,-4140.312600000001,-1518.7863000000002,-5659.098900000002
379,506.1685,1433.5748,-1064.9071,0.0,0.0,0.0,-1293.6099,-16051.8262,602.9137,11714.7696,-1990.4376,1233.0385,-735.8291,-4152.916600000002,-1493.2282,-5646.144800000003
380,487.6186,1419.3937,-1080.4072,0.0,0.0,0.0,-1261.0162,-16178.0534,625.9424,11812.1206,-1942.6957,1246.1457,-756.0927,-4174.401500000002,-1452.6426999999999,-5627.044200000002
381,485.7344,1365.2704,-1067.4452,0.0,0.0,0.0,-1271.8023,-16076.5779,614.7717,11731.7871,-1936.9956,1228.8333,-745.8859,-4218.2618,-1454.0482,-5672.31
382,517.7245,1460.2032,-1093.9821,0.0,0.0,0.0,-1263.8745,-16222.7701,612.2013,11797.2015,-1925.2188,1235.883,-748.7553,-4193.296200000001,-1438.0911,-5631.387300000001
383,508.3083,1363.5758,-1091.3636,0.0,0.0,0.0,-1285.9216,-16230.4199,619.0696,11830.2407,-1899.7464,1226.4046,-744.4627,-4286.510699999999,-1417.8045,-5704.315199999999
384,542.0681,1428.252,-1096.0083,0.0,0.0,0.0,-1272.4999,-16187.7958,612.1834,11751.1666,-1891.7496,1241.6097,-751.2027,-4222.633899999999,-1401.3426000000002,-5623.976499999999
385,506.2008,1418.0744,-1098.7036,0.0,0.0,0.0,-1298.0121,-16179.5547,625.4439,11841.6568,-1955.7536,1226.2204,-736.3215,-4184.8945,-1465.8547,-5650.7492
386,505.4841,1446.3375,-1101.9645,0.0,0.0,0.0,-1259.3872,-16168.1478,602.5547,11819.4145,-1945.1196,1244.6006,-745.0596,-4155.708699999997,-1445.5786,-5601.287299999998
387,501.0904,1484.0467,-1087.3445,0.0,0.0,0.0,-1301.6924,-16187.5459,607.2629,11813.1375,-1916.5623,1237.0501,-747.8799,-4171.0453,-1427.3921,-5598.437399999999
388,517.3341,1392.1641,-1077.9243,0.0,0.0,0.0,-1250.9848,-16209.6827,618.2261,11795.3394,-1905.1547,1239.9796,-749.3811,-4215.5280999999995,-1414.5562,-5630.0842999999995
389,507.3335,1466.4329,-1114.7402,0.0,0.0,0.0,-1291.733,-16165.5357,599.4852,11775.4311,-1867.9742,1230.0618,-739.1775,-4223.326200000001,-1377.0899000000002,-5600.416100000002
390,515.9939,1425.2725,-1094.9223,0.0,0.0,0.0,-1265.5481,-16085.2604,597.4572,11744.8957,-1992.9664,1233.3409,-739.4265,-4162.111500000001,-1499.0520000000001,-5661.163500000001
391,484.8471,1419.0952,-1102.1498,0.0,0.0,0.0,-1276.4018,-16128.409,615.9531,11748.0185,-1945.8287,1227.9403,-737.4189,-4239.046699999999,-1455.3073,-5694.353999999998
392,514.1914,1389.7381,-1065.7499,0.0,0.0,0.0,-1244.5286,-16062.7336,602.2689,11756.7819,-2055.3193,1242.7909,-750.8394,-4110.031799999999,-1563.3678,-5673.399599999999
393,509.2254,1489.1189,-1069.6767,0.0,0.0,0.0,-1283.5625,-16153.5194,609.9502,11732.8257,-1923.0654,1227.1512,-731.9355,-4165.638400000002,-1427.8497,-5593.4881000000005
394,524.2713,1422.7371,-1052.4084,0.0,0.0,0.0,-1282.3457,-16163.7581,600.233,11731.2966,-1940.2301,1231.7108,-742.0887,-4219.974199999999,-1450.608,-5670.582199999999
395,503.3262,1412.8904,-1107.8474,0.0,0.0,0.0,-1278.66,-16093.9346,618.884,11736.9994,-1974.3047,1232.6086,-738.3593,-4208.341999999999,-1480.0553999999997,-5688.397399999998
396,517.5214,1404.8232,-1090.7421,0.0,0.0,0.0,-1258.64,-16208.622,595.2291,11739.5639,-1864.884,1236.4547,-749.6831,-4300.866499999998,-1378.1124,-5678.978899999998
397,490.1919,1406.9935,-1070.6869,0.0,0.0,0.0,-1260.5807,-16213.7484,609.8128,11835.0932,-1926.4339,1233.1803,-738.0872,-4202.924600000002,-1431.3408,-5634.265400000002
398,538.9711,1453.0209,-1091.6047,0.0,0.0,0.0,-1269.1224,-16148.6078,615.972,11732.6794,-1946.3169,1229.3578,-742.8211,-4168.691499999999,-1459.7802000000001,-5628.471699999999
399,492.2333,1431.9557,-1085.304,0.0,0.0,0.0,-1306.2083,-16045.3555,595.0916,11766.6271,-2010.7665,1231.432,-744.4632,-4150.960100000002,-1523.7977,-5674.757800000002
400,487.386,1402.636,-1124.4334,0.0,0.0,0.0,-1263.1218,-16160.9515,617.9819,11784.1798,-1948.5105,1227.463,-738.3338,-4256.323,-1459.3813,-5715.704300000001

