#Frame   pw_nb_121_F_NE1[EVDW] pw_nb_121_F_NE1[EELEC]
       1               -0.0268                 6.3006
       2               -0.0272                 6.3181
       3               -0.0270                 6.3083
       4               -0.0294                 6.4076
       5               -0.0244                 6.1933
       6               -0.0252                 6.2332
       7               -0.0281                 6.3532
       8               -0.0282                 6.3570
       9               -0.0291                 6.3953
      10               -0.0262                 6.2743
      11               -0.0284                 6.3687
      12               -0.0273                 6.3235
      13               -0.0274                 6.3275
      14               -0.0294                 6.4079
      15               -0.0273                 6.3216
      16               -0.0299                 6.4280
      17               -0.0302                 6.4395
      18               -0.0306                 6.4555
      19               -0.0318                 6.4984
      20               -0.0257                 6.2536
      21               -0.0286                 6.3737
      22               -0.0285                 6.3729
      23               -0.0335                 6.5610
      24               -0.0289                 6.3857
      25               -0.0270                 6.3084
      26               -0.0259                 6.2601
      27               -0.0306                 6.4542
      28               -0.0293                 6.4031
      29               -0.0279                 6.3472
      30               -0.0289                 6.3866
      31               -0.0255                 6.2441
      32               -0.0276                 6.3342
      33               -0.0283                 6.3631
      34               -0.0271                 6.3120
      35               -0.0287                 6.3771
      36               -0.0304                 6.4477
      37               -0.0265                 6.2898
      38               -0.0294                 6.4080
      39               -0.0295                 6.4124
      40               -0.0287                 6.3786
      41               -0.0300                 6.4323
      42               -0.0290                 6.3918
      43               -0.0287                 6.3781
      44               -0.0278                 6.3431
      45               -0.0319                 6.5043
      46               -0.0271                 6.3126
      47               -0.0259                 6.2611
      48               -0.0290                 6.3918
      49               -0.0271                 6.3149
      50               -0.0293                 6.4028
      51               -0.0307                 6.4565
      52               -0.0258                 6.2562
      53               -0.0298                 6.4235
      54               -0.0293                 6.4043
      55               -0.0257                 6.2544
      56               -0.0305                 6.4486
      57               -0.0309                 6.4640
      58               -0.0279                 6.3477
      59               -0.0312                 6.4767
      60               -0.0305                 6.4486
      61               -0.0266                 6.2925
      62               -0.0291                 6.3957
      63               -0.0289                 6.3888
      64               -0.0287                 6.3809
      65               -0.0305                 6.4488
      66               -0.0280                 6.3501
      67               -0.0251                 6.2266
      68               -0.0270                 6.3108
      69               -0.0288                 6.3828
      70               -0.0326                 6.5291
      71               -0.0276                 6.3333
      72               -0.0270                 6.3089
      73               -0.0296                 6.4159
      74               -0.0269                 6.3034
      75               -0.0284                 6.3683
      76               -0.0296                 6.4148
      77               -0.0297                 6.4186
      78               -0.0280                 6.3524
      79               -0.0284                 6.3658
      80               -0.0263                 6.2771
      81               -0.0271                 6.3148
      82               -0.0275                 6.3296
      83               -0.0286                 6.3762
      84               -0.0314                 6.4847
      85               -0.0276                 6.3348
      86               -0.0278                 6.3435
      87               -0.0282                 6.3574
      88               -0.0268                 6.2985
      89               -0.0257                 6.2518
      90               -0.0287                 6.3772
      91               -0.0297                 6.4178
      92               -0.0291                 6.3936
      93               -0.0284                 6.3683
      94               -0.0274                 6.3270
      95               -0.0299                 6.4280
      96               -0.0283                 6.3645
      97               -0.0286                 6.3768
      98               -0.0298                 6.4213
      99               -0.0266                 6.2910
     100               -0.0297                 6.4204
     101               -0.0313                 6.4824
     102               -0.0276                 6.3347
     103               -0.0279                 6.3468
     104               -0.0288                 6.3830
     105               -0.0294                 6.4060
     106               -0.0258                 6.2555
     107               -0.0285                 6.3694
     108               -0.0270                 6.3091
     109               -0.0252                 6.2312
     110               -0.0260                 6.2652
     111               -0.0304                 6.4456
     112               -0.0289                 6.3885
     113               -0.0286                 6.3759
     114               -0.0271                 6.3143
     115               -0.0294                 6.4066
     116               -0.0286                 6.3742
     117               -0.0316                 6.4904
     118               -0.0262                 6.2738
     119               -0.0295                 6.4109
     120               -0.0283                 6.3617
     121               -0.0289                 6.3868
     122               -0.0293                 6.4022
     123               -0.0289                 6.3873
     124               -0.0276                 6.3359
     125               -0.0282                 6.3606
     126               -0.0269                 6.3057
     127               -0.0313                 6.4826
     128               -0.0307                 6.4574
     129               -0.0285                 6.3710
     130               -0.0260                 6.2646
     131               -0.0264                 6.2832
     132               -0.0275                 6.3288
     133               -0.0273                 6.3222
     134               -0.0283                 6.3630
     135               -0.0240                 6.1758
     136               -0.0305                 6.4506
     137               -0.0301                 6.4358
     138               -0.0268                 6.3017
     139               -0.0272                 6.3166
     140               -0.0283                 6.3646
     141               -0.0271                 6.3122
     142               -0.0325                 6.5263
     143               -0.0298                 6.4244
     144               -0.0310                 6.4710
     145               -0.0259                 6.2599
     146               -0.0264                 6.2826
     147               -0.0310                 6.4677
     148               -0.0272                 6.3183
     149               -0.0289                 6.3886
     150               -0.0306                 6.4559
     151               -0.0293                 6.4030
     152               -0.0242                 6.1877
     153               -0.0287                 6.3802
     154               -0.0267                 6.2962
     155               -0.0280                 6.3522
     156               -0.0275                 6.3304
     157               -0.0282                 6.3588
     158               -0.0293                 6.4046
     159               -0.0280                 6.3501
     160               -0.0274                 6.3243
     161               -0.0266                 6.2914
     162               -0.0281                 6.3531
     163               -0.0321                 6.5094
     164               -0.0307                 6.4570
     165               -0.0286                 6.3758
     166               -0.0300                 6.4301
     167               -0.0296                 6.4158
     168               -0.0300                 6.4326
     169               -0.0286                 6.3753
     170               -0.0285                 6.3722
     171               -0.0293                 6.4023
     172               -0.0278                 6.3410
     173               -0.0251                 6.2245
     174               -0.0268                 6.2990
     175               -0.0268                 6.2992
     176               -0.0300                 6.4293
     177               -0.0290                 6.3926
     178               -0.0279                 6.3452
     179               -0.0261                 6.2694
     180               -0.0283                 6.3611
     181               -0.0285                 6.3714
     182               -0.0295                 6.4116
     183               -0.0252                 6.2316
     184               -0.0268                 6.2993
     185               -0.0306                 6.4527
     186               -0.0298                 6.4220
     187               -0.0317                 6.4947
     188               -0.0281                 6.3547
     189               -0.0260                 6.2656
     190               -0.0267                 6.2954
     191               -0.0262                 6.2743
     192               -0.0259                 6.2611
     193               -0.0269                 6.3042
     194               -0.0299                 6.4284
     195               -0.0319                 6.5020
     196               -0.0274                 6.3264
     197               -0.0292                 6.3991
     198               -0.0285                 6.3710
     199               -0.0264                 6.2815
     200               -0.0287                 6.3792
     201               -0.0308                 6.4629
     202               -0.0283                 6.3611
     203               -0.0280                 6.3487
     204               -0.0277                 6.3362
     205               -0.0282                 6.3590
     206               -0.0246                 6.2052
     207               -0.0285                 6.3721
     208               -0.0291                 6.3951
     209               -0.0299                 6.4262
     210               -0.0292                 6.4001
     211               -0.0263                 6.2806
     212               -0.0282                 6.3597
     213               -0.0316                 6.4915
     214               -0.0288                 6.3830
     215               -0.0284                 6.3660
     216               -0.0263                 6.2806
     217               -0.0257                 6.2534
     218               -0.0279                 6.3456
     219               -0.0256                 6.2501
     220               -0.0296                 6.4132
     221               -0.0305                 6.4506
     222               -0.0267                 6.2956
     223               -0.0280                 6.3492
     224               -0.0265                 6.2887
     225               -0.0294                 6.4061
     226               -0.0290                 6.3925
     227               -0.0313                 6.4809
     228               -0.0271                 6.3143
     229               -0.0318                 6.5003
     230               -0.0294                 6.4091
     231               -0.0265                 6.2894
     232               -0.0302                 6.4392
     233               -0.0285                 6.3730
     234               -0.0282                 6.3569
     235               -0.0286                 6.3751
     236               -0.0302                 6.4379
     237               -0.0278                 6.3406
     238               -0.0281                 6.3563
     239               -0.0280                 6.3487
     240               -0.0275                 6.3283
     241               -0.0307                 6.4568
     242               -0.0303                 6.4424
     243               -0.0249                 6.2187
     244               -0.0253                 6.2373
     245               -0.0260                 6.2643
     246               -0.0290                 6.3905
     247               -0.0300                 6.4320
     248               -0.0263                 6.2777
     249               -0.0252                 6.2315
     250               -0.0278                 6.3417
     251               -0.0267                 6.2961
     252               -0.0272                 6.3161
     253               -0.0269                 6.3036
     254               -0.0272                 6.3190
     255               -0.0294                 6.4065
     256               -0.0250                 6.2200
     257               -0.0261                 6.2688
     258               -0.0274                 6.3267
     259               -0.0309                 6.4644
     260               -0.0289                 6.3864
     261               -0.0297                 6.4172
     262               -0.0294                 6.4071
     263               -0.0275                 6.3319
     264               -0.0304                 6.4456
     265               -0.0281                 6.3549
     266               -0.0304                 6.4454
     267               -0.0267                 6.2954
     268               -0.0294                 6.4080
     269               -0.0281                 6.3549
     270               -0.0304                 6.4471
     271               -0.0278                 6.3422
     272               -0.0312                 6.4789
     273               -0.0275                 6.3290
     274               -0.0285                 6.3729
     275               -0.0306                 6.4542
     276               -0.0247                 6.2071
     277               -0.0270                 6.3094
     278               -0.0283                 6.3628
     279               -0.0251                 6.2263
     280               -0.0295                 6.4096
     281               -0.0284                 6.3658
     282               -0.0268                 6.3010
     283               -0.0308                 6.4624
     284               -0.0264                 6.2845
     285               -0.0270                 6.3095
     286               -0.0287                 6.3808
     287               -0.0295                 6.4104
     288               -0.0299                 6.4281
     289               -0.0306                 6.4544
     290               -0.0272                 6.3191
     291               -0.0305                 6.4489
     292               -0.0293                 6.4050
     293               -0.0275                 6.3301
     294               -0.0328                 6.5386
     295               -0.0281                 6.3550
     296               -0.0284                 6.3679
     297               -0.0294                 6.4061
     298               -0.0295                 6.4103
     299               -0.0269                 6.3063
     300               -0.0286                 6.3751
     301               -0.0257                 6.2548
     302               -0.0277                 6.3377
     303               -0.0266                 6.2935
     304               -0.0253                 6.2339
     305               -0.0284                 6.3652
     306               -0.0301                 6.4362
     307               -0.0316                 6.4912
     308               -0.0271                 6.3115
     309               -0.0300                 6.4304
     310               -0.0295                 6.4129
     311               -0.0264                 6.2813
     312               -0.0303                 6.4437
     313               -0.0305                 6.4509
     314               -0.0299                 6.4254
     315               -0.0312                 6.4779
     316               -0.0280                 6.3495
     317               -0.0250                 6.2240
     318               -0.0250                 6.2210
     319               -0.0282                 6.3602
     320               -0.0269                 6.3035
     321               -0.0271                 6.3117
     322               -0.0289                 6.3882
     323               -0.0257                 6.2529
     324               -0.0281                 6.3543
     325               -0.0290                 6.3895
     326               -0.0313                 6.4826
     327               -0.0266                 6.2930
     328               -0.0299                 6.4269
     329               -0.0269                 6.3044
     330               -0.0297                 6.4195
     331               -0.0265                 6.2895
     332               -0.0281                 6.3538
     333               -0.0271                 6.3123
     334               -0.0281                 6.3555
     335               -0.0253                 6.2342
     336               -0.0282                 6.3571
     337               -0.0251                 6.2281
     338               -0.0287                 6.3807
     339               -0.0281                 6.3536
     340               -0.0268                 6.2993
     341               -0.0284                 6.3684
     342               -0.0280                 6.3512
     343               -0.0299                 6.4256
     344               -0.0258                 6.2581
     345               -0.0263                 6.2798
     346               -0.0278                 6.3429
     347               -0.0286                 6.3768
     348               -0.0307                 6.4588
     349               -0.0263                 6.2778
     350               -0.0282                 6.3573
     351               -0.0262                 6.2769
     352               -0.0290                 6.3928
     353               -0.0302                 6.4397
     354               -0.0271                 6.3117
     355               -0.0289                 6.3874
     356               -0.0295                 6.4095
     357               -0.0280                 6.3522
     358               -0.0267                 6.2980
     359               -0.0275                 6.3288
     360               -0.0286                 6.3746
     361               -0.0289                 6.3874
     362               -0.0277                 6.3365
     363               -0.0277                 6.3363
     364               -0.0282                 6.3601
     365               -0.0268                 6.3011
     366               -0.0261                 6.2723
     367               -0.0266                 6.2934
     368               -0.0273                 6.3213
     369               -0.0271                 6.3133
     370               -0.0276                 6.3352
     371               -0.0281                 6.3556
     372               -0.0327                 6.5346
     373               -0.0284                 6.3680
     374               -0.0300                 6.4314
     375               -0.0317                 6.4955
     376               -0.0261                 6.2721
     377               -0.0263                 6.2796
     378               -0.0305                 6.4501
     379               -0.0297                 6.4191
     380               -0.0327                 6.5351
     381               -0.0285                 6.3691
     382               -0.0316                 6.4920
     383               -0.0274                 6.3269
     384               -0.0260                 6.2664
     385               -0.0325                 6.5272
     386               -0.0266                 6.2906
     387               -0.0252                 6.2313
     388               -0.0245                 6.2010
     389               -0.0287                 6.3775
     390               -0.0272                 6.3167
     391               -0.0300                 6.4312
     392               -0.0318                 6.5002
     393               -0.0274                 6.3250
     394               -0.0300                 6.4323
     395               -0.0290                 6.3913
     396               -0.0267                 6.2974
     397               -0.0326                 6.5299
     398               -0.0312                 6.4760
     399               -0.0263                 6.2785
     400               -0.0271                 6.3134
     401               -0.0245                 6.1994
     402               -0.0271                 6.3136
     403               -0.0275                 6.3280
     404               -0.0304                 6.4447
     405               -0.0261                 6.2720
     406               -0.0296                 6.4163
     407               -0.0337                 6.5698
     408               -0.0329                 6.5418
     409               -0.0317                 6.4969
     410               -0.0291                 6.3968
     411               -0.0270                 6.3099
     412               -0.0244                 6.1933
     413               -0.0260                 6.2654
     414               -0.0292                 6.4001
     415               -0.0293                 6.4027
     416               -0.0314                 6.4843
     417               -0.0267                 6.2973
     418               -0.0279                 6.3449
     419               -0.0302                 6.4385
     420               -0.0300                 6.4321
     421               -0.0294                 6.4052
     422               -0.0297                 6.4179
     423               -0.0253                 6.2368
     424               -0.0264                 6.2847
     425               -0.0291                 6.3954
     426               -0.0306                 6.4543
     427               -0.0310                 6.4677
     428               -0.0283                 6.3609
     429               -0.0291                 6.3947
     430               -0.0251                 6.2285
     431               -0.0314                 6.4845
     432               -0.0275                 6.3311
     433               -0.0281                 6.3559
     434               -0.0275                 6.3307
     435               -0.0286                 6.3763
     436               -0.0271                 6.3115
     437               -0.0311                 6.4720
     438               -0.0258                 6.2596
     439               -0.0279                 6.3473
     440               -0.0314                 6.4853
     441               -0.0270                 6.3085
     442               -0.0263                 6.2802
     443               -0.0281                 6.3534
     444               -0.0281                 6.3528
     445               -0.0272                 6.3175
     446               -0.0235                 6.1556
     447               -0.0262                 6.2744
     448               -0.0272                 6.3168
     449               -0.0315                 6.4875
     450               -0.0266                 6.2916
     451               -0.0286                 6.3765
     452               -0.0290                 6.3927
     453               -0.0314                 6.4851
     454               -0.0299                 6.4267
     455               -0.0288                 6.3851
     456               -0.0288                 6.3834
     457               -0.0286                 6.3761
     458               -0.0290                 6.3904
     459               -0.0273                 6.3195
     460               -0.0265                 6.2856
     461               -0.0279                 6.3462
     462               -0.0257                 6.2518
     463               -0.0266                 6.2930
     464               -0.0249                 6.2199
     465               -0.0265                 6.2864
     466               -0.0295                 6.4119
     467               -0.0267                 6.2953
     468               -0.0327                 6.5329
     469               -0.0268                 6.3001
     470               -0.0281                 6.3548
     471               -0.0288                 6.3831
     472               -0.0261                 6.2697
     473               -0.0290                 6.3905
     474               -0.0286                 6.3760
     475               -0.0269                 6.3054
     476               -0.0269                 6.3066
     477               -0.0265                 6.2865
     478               -0.0250                 6.2213
     479               -0.0276                 6.3358
     480               -0.0264                 6.2831
     481               -0.0278                 6.3438
     482               -0.0309                 6.4656
     483               -0.0268                 6.3019
     484               -0.0310                 6.4713
     485               -0.0302                 6.4378
     486               -0.0304                 6.4464
     487               -0.0274                 6.3259
     488               -0.0277                 6.3369
     489               -0.0276                 6.3351
     490               -0.0292                 6.3985
     491               -0.0287                 6.3793
     492               -0.0265                 6.2875
     493               -0.0316                 6.4923
     494               -0.0300                 6.4319
     495               -0.0307                 6.4597
     496               -0.0280                 6.3490
     497               -0.0297                 6.4208
     498               -0.0293                 6.4035
     499               -0.0309                 6.4665
     500               -0.0278                 6.3409
     501               -0.0271                 6.3120
     502               -0.0288                 6.3832
     503               -0.0262                 6.2727
     504               -0.0270                 6.3095
     505               -0.0292                 6.3997
     506               -0.0260                 6.2674
     507               -0.0296                 6.4148
     508               -0.0275                 6.3300
     509               -0.0311                 6.4723
     510               -0.0289                 6.3855
     511               -0.0279                 6.3454
     512               -0.0289                 6.3854
     513               -0.0333                 6.5550
     514               -0.0267                 6.2954
     515               -0.0274                 6.3264
     516               -0.0296                 6.4140
     517               -0.0262                 6.2730
     518               -0.0306                 6.4537
     519               -0.0308                 6.4610
     520               -0.0301                 6.4348
     521               -0.0274                 6.3259
     522               -0.0272                 6.3178
     523               -0.0290                 6.3901
     524               -0.0304                 6.4478
     525               -0.0267                 6.2966
     526               -0.0318                 6.4996
     527               -0.0280                 6.3497
     528               -0.0228                 6.1214
     529               -0.0303                 6.4438
     530               -0.0254                 6.2388
     531               -0.0306                 6.4522
     532               -0.0319                 6.5040
     533               -0.0261                 6.2723
     534               -0.0301                 6.4333
     535               -0.0278                 6.3408
     536               -0.0269                 6.3047
     537               -0.0300                 6.4300
     538               -0.0300                 6.4326
     539               -0.0269                 6.3056
     540               -0.0260                 6.2675
     541               -0.0305                 6.4519
     542               -0.0272                 6.3180
     543               -0.0288                 6.3837
     544               -0.0333                 6.5567
     545               -0.0284                 6.3682
     546               -0.0321                 6.5124
     547               -0.0261                 6.2699
     548               -0.0285                 6.3701
     549               -0.0280                 6.3511
     550               -0.0277                 6.3364
     551               -0.0295                 6.4092
     552               -0.0304                 6.4460
     553               -0.0312                 6.4778
     554               -0.0319                 6.5019
     555               -0.0280                 6.3504
     556               -0.0265                 6.2875
     557               -0.0271                 6.3147
     558               -0.0277                 6.3381
     559               -0.0274                 6.3261
     560               -0.0256                 6.2503
     561               -0.0279                 6.3451
     562               -0.0275                 6.3314
     563               -0.0299                 6.4252
     564               -0.0288                 6.3836
     565               -0.0274                 6.3262
     566               -0.0318                 6.5004
     567               -0.0278                 6.3436
     568               -0.0322                 6.5166
     569               -0.0281                 6.3565
     570               -0.0274                 6.3278
     571               -0.0252                 6.2296
     572               -0.0302                 6.4390
     573               -0.0292                 6.3999
     574               -0.0296                 6.4160
     575               -0.0290                 6.3928
     576               -0.0303                 6.4423
     577               -0.0281                 6.3549
     578               -0.0298                 6.4226
     579               -0.0265                 6.2876
     580               -0.0286                 6.3742
     581               -0.0266                 6.2902
     582               -0.0259                 6.2615
     583               -0.0311                 6.4750
     584               -0.0253                 6.2357
     585               -0.0253                 6.2336
     586               -0.0261                 6.2719
     587               -0.0245                 6.1993
     588               -0.0273                 6.3226
     589               -0.0296                 6.4164
     590               -0.0273                 6.3225
     591               -0.0271                 6.3117
     592               -0.0265                 6.2887
     593               -0.0301                 6.4345
     594               -0.0262                 6.2751
     595               -0.0254                 6.2380
     596               -0.0295                 6.4097
     597               -0.0280                 6.3499
     598               -0.0292                 6.3992
     599               -0.0295                 6.4111
     600               -0.0261                 6.2713
     601               -0.0336                 6.5646
     602               -0.0286                 6.3768
     603               -0.0326                 6.5296
     604               -0.0331                 6.5484
     605               -0.0278                 6.3421
     606               -0.0282                 6.3579
     607               -0.0277                 6.3367
     608               -0.0298                 6.4241
     609               -0.0314                 6.4851
     610               -0.0305                 6.4512
     611               -0.0291                 6.3937
     612               -0.0303                 6.4414
     613               -0.0287                 6.3776
     614               -0.0291                 6.3967
     615               -0.0276                 6.3331
     616               -0.0273                 6.3223
     617               -0.0292                 6.3975
     618               -0.0306                 6.4522
     619               -0.0294                 6.4078
     620               -0.0310                 6.4698
     621               -0.0284                 6.3667
     622               -0.0273                 6.3211
     623               -0.0290                 6.3916
     624               -0.0268                 6.3010
     625               -0.0262                 6.2729
     626               -0.0275                 6.3283
     627               -0.0276                 6.3351
     628               -0.0275                 6.3307
     629               -0.0276                 6.3326
     630               -0.0274                 6.3244
     631               -0.0293                 6.4051
     632               -0.0298                 6.4219
     633               -0.0296                 6.4152
     634               -0.0261                 6.2724
     635               -0.0239                 6.1730
     636               -0.0269                 6.3038
     637               -0.0267                 6.2946
     638               -0.0273                 6.3219
     639               -0.0293                 6.4023
     640               -0.0283                 6.3612
     641               -0.0291                 6.3933
     642               -0.0290                 6.3895
     643               -0.0265                 6.2886
     644               -0.0309                 6.4643
     645               -0.0295                 6.4097
     646               -0.0270                 6.3089
     647               -0.0296                 6.4168
     648               -0.0275                 6.3316
     649               -0.0297                 6.4204
     650               -0.0329                 6.5395
     651               -0.0241                 6.1809
     652               -0.0243                 6.1924
     653               -0.0299                 6.4283
     654               -0.0288                 6.3817
     655               -0.0267                 6.2953
     656               -0.0271                 6.3149
     657               -0.0272                 6.3159
     658               -0.0274                 6.3246
     659               -0.0309                 6.4645
     660               -0.0274                 6.3254
     661               -0.0300                 6.4320
     662               -0.0291                 6.3936
     663               -0.0333                 6.5560
     664               -0.0280                 6.3526
     665               -0.0297                 6.4178
     666               -0.0298                 6.4236
     667               -0.0325                 6.5262
     668               -0.0297                 6.4177
     669               -0.0297                 6.4182
     670               -0.0274                 6.3273
     671               -0.0311                 6.4734
     672               -0.0251                 6.2256
     673               -0.0284                 6.3654
     674               -0.0314                 6.4852
     675               -0.0300                 6.4325
     676               -0.0283                 6.3614
     677               -0.0274                 6.3262
     678               -0.0284                 6.3653
     679               -0.0304                 6.4451
     680               -0.0295                 6.4121
     681               -0.0279                 6.3479
     682               -0.0273                 6.3235
     683               -0.0303                 6.4408
     684               -0.0297                 6.4173
     685               -0.0294                 6.4054
     686               -0.0268                 6.3009
     687               -0.0308                 6.4611
     688               -0.0295                 6.4095
     689               -0.0286                 6.3745
     690               -0.0261                 6.2691
     691               -0.0284                 6.3665
     692               -0.0294                 6.4063
     693               -0.0258                 6.2573
     694               -0.0258                 6.2564
     695               -0.0294                 6.4073
     696               -0.0298                 6.4214
     697               -0.0258                 6.2575
     698               -0.0309                 6.4645
     699               -0.0236                 6.1600
     700               -0.0275                 6.3289
     701               -0.0240                 6.1774
     702               -0.0274                 6.3247
     703               -0.0262                 6.2757
     704               -0.0290                 6.3916
     705               -0.0264                 6.2830
     706               -0.0281                 6.3548
     707               -0.0304                 6.4469
     708               -0.0261                 6.2712
     709               -0.0279                 6.3477
     710               -0.0256                 6.2466
     711               -0.0278                 6.3427
     712               -0.0319                 6.5019
     713               -0.0256                 6.2495
     714               -0.0286                 6.3743
     715               -0.0294                 6.4083
     716               -0.0274                 6.3247
     717               -0.0285                 6.3720
     718               -0.0299                 6.4284
     719               -0.0268                 6.3006
     720               -0.0319                 6.5053
     721               -0.0295                 6.4127
     722               -0.0314                 6.4848
     723               -0.0297                 6.4206
     724               -0.0300                 6.4294
     725               -0.0308                 6.4620
     726               -0.0268                 6.2994
     727               -0.0282                 6.3602
     728               -0.0301                 6.4330
     729               -0.0288                 6.3833
     730               -0.0291                 6.3933
     731               -0.0275                 6.3311
     732               -0.0282                 6.3602
     733               -0.0271                 6.3146
     734               -0.0278                 6.3440
     735               -0.0253                 6.2350
     736               -0.0292                 6.3999
     737               -0.0251                 6.2277
     738               -0.0320                 6.5076
     739               -0.0287                 6.3771
     740               -0.0287                 6.3786
     741               -0.0296                 6.4156
     742               -0.0333                 6.5560
     743               -0.0295                 6.4102
     744               -0.0274                 6.3242
     745               -0.0251                 6.2262
     746               -0.0293                 6.4039
     747               -0.0291                 6.3967
     748               -0.0290                 6.3896
     749               -0.0299                 6.4283
     750               -0.0283                 6.3633
     751               -0.0291                 6.3955
     752               -0.0288                 6.3826
     753               -0.0279                 6.3463
     754               -0.0295                 6.4094
     755               -0.0264                 6.2845
     756               -0.0275                 6.3295
     757               -0.0278                 6.3422
     758               -0.0343                 6.5914
     759               -0.0283                 6.3647
     760               -0.0265                 6.2864
     761               -0.0294                 6.4071
     762               -0.0280                 6.3498
     763               -0.0312                 6.4754
     764               -0.0289                 6.3881
     765               -0.0272                 6.3160
     766               -0.0288                 6.3842
     767               -0.0289                 6.3857
     768               -0.0257                 6.2526
     769               -0.0299                 6.4255
     770               -0.0288                 6.3823
     771               -0.0240                 6.1776
     772               -0.0274                 6.3240
     773               -0.0298                 6.4212
     774               -0.0280                 6.3493
     775               -0.0312                 6.4787
     776               -0.0257                 6.2518
     777               -0.0282                 6.3582
     778               -0.0283                 6.3632
     779               -0.0280                 6.3497
     780               -0.0294                 6.4057
     781               -0.0282                 6.3581
     782               -0.0297                 6.4208
     783               -0.0283                 6.3625
     784               -0.0298                 6.4247
     785               -0.0295                 6.4099
     786               -0.0280                 6.3514
     787               -0.0285                 6.3694
     788               -0.0288                 6.3836
     789               -0.0262                 6.2745
     790               -0.0291                 6.3971
     791               -0.0305                 6.4508
     792               -0.0324                 6.5213
     793               -0.0288                 6.3814
     794               -0.0305                 6.4498
     795               -0.0292                 6.4008
     796               -0.0307                 6.4593
     797               -0.0299                 6.4271
     798               -0.0272                 6.3194
     799               -0.0287                 6.3772
     800               -0.0307                 6.4585
     801               -0.0301                 6.4349
     802               -0.0293                 6.4030
     803               -0.0287                 6.3776
     804               -0.0260                 6.2647
     805               -0.0256                 6.2478
     806               -0.0294                 6.4054
     807               -0.0271                 6.3138
     808               -0.0261                 6.2704
     809               -0.0315                 6.4888
     810               -0.0276                 6.3334
     811               -0.0266                 6.2905
     812               -0.0289                 6.3852
     813               -0.0280                 6.3522
     814               -0.0300                 6.4318
     815               -0.0285                 6.3692
     816               -0.0283                 6.3626
     817               -0.0257                 6.2545
     818               -0.0289                 6.3868
     819               -0.0286                 6.3771
     820               -0.0247                 6.2082
     821               -0.0287                 6.3780
     822               -0.0295                 6.4103
     823               -0.0269                 6.3068
     824               -0.0270                 6.3093
     825               -0.0262                 6.2762
     826               -0.0250                 6.2231
     827               -0.0317                 6.4976
     828               -0.0282                 6.3580
     829               -0.0275                 6.3310
     830               -0.0280                 6.3495
     831               -0.0277                 6.3399
     832               -0.0286                 6.3762
     833               -0.0250                 6.2211
     834               -0.0269                 6.3034
     835               -0.0295                 6.4091
     836               -0.0291                 6.3949
     837               -0.0260                 6.2649
     838               -0.0297                 6.4179
     839               -0.0268                 6.2996
     840               -0.0288                 6.3844
     841               -0.0303                 6.4409
     842               -0.0276                 6.3347
     843               -0.0291                 6.3948
     844               -0.0321                 6.5109
     845               -0.0312                 6.4766
     846               -0.0285                 6.3708
     847               -0.0297                 6.4179
     848               -0.0289                 6.3887
     849               -0.0297                 6.4197
     850               -0.0280                 6.3492
     851               -0.0272                 6.3193
     852               -0.0291                 6.3952
     853               -0.0277                 6.3380
     854               -0.0287                 6.3797
     855               -0.0265                 6.2864
     856               -0.0261                 6.2724
     857               -0.0278                 6.3413
     858               -0.0271                 6.3146
     859               -0.0270                 6.3090
     860               -0.0263                 6.2774
     861               -0.0283                 6.3637
     862               -0.0276                 6.3326
     863               -0.0285                 6.3727
     864               -0.0293                 6.4021
     865               -0.0292                 6.4006
     866               -0.0258                 6.2588
     867               -0.0245                 6.2006
     868               -0.0276                 6.3339
     869               -0.0268                 6.3021
     870               -0.0284                 6.3667
     871               -0.0319                 6.5040
     872               -0.0293                 6.4027
     873               -0.0249                 6.2190
     874               -0.0270                 6.3101
     875               -0.0290                 6.3927
     876               -0.0282                 6.3597
     877               -0.0282                 6.3597
     878               -0.0314                 6.4856
     879               -0.0256                 6.2486
     880               -0.0312                 6.4768
     881               -0.0250                 6.2230
     882               -0.0296                 6.4146
     883               -0.0249                 6.2194
     884               -0.0273                 6.3236
     885               -0.0280                 6.3507
     886               -0.0284                 6.3662
     887               -0.0302                 6.4379
     888               -0.0253                 6.2370
     889               -0.0252                 6.2303
     890               -0.0295                 6.4111
     891               -0.0280                 6.3506
     892               -0.0287                 6.3805
     893               -0.0283                 6.3626
     894               -0.0287                 6.3795
     895               -0.0263                 6.2774
     896               -0.0288                 6.3831
     897               -0.0265                 6.2895
     898               -0.0285                 6.3722
     899               -0.0275                 6.3292
     900               -0.0276                 6.3323
     901               -0.0288                 6.3851
     902               -0.0302                 6.4390
     903               -0.0307                 6.4575
     904               -0.0287                 6.3796
     905               -0.0276                 6.3341
     906               -0.0286                 6.3752
     907               -0.0319                 6.5052
     908               -0.0262                 6.2759
     909               -0.0266                 6.2906
     910               -0.0308                 6.4635
     911               -0.0276                 6.3331
     912               -0.0294                 6.4059
     913               -0.0287                 6.3780
     914               -0.0324                 6.5231
     915               -0.0286                 6.3758
     916               -0.0261                 6.2694
     917               -0.0279                 6.3481
     918               -0.0288                 6.3820
     919               -0.0305                 6.4516
     920               -0.0319                 6.5029
     921               -0.0287                 6.3795
     922               -0.0300                 6.4290
     923               -0.0282                 6.3601
     924               -0.0282                 6.3593
     925               -0.0321                 6.5097
     926               -0.0277                 6.3365
     927               -0.0263                 6.2780
     928               -0.0273                 6.3219
     929               -0.0295                 6.4099
     930               -0.0283                 6.3614
     931               -0.0263                 6.2776
     932               -0.0277                 6.3366
     933               -0.0290                 6.3916
     934               -0.0293                 6.4036
     935               -0.0293                 6.4014
     936               -0.0299                 6.4284
     937               -0.0260                 6.2656
     938               -0.0259                 6.2609
     939               -0.0309                 6.4642
     940               -0.0279                 6.3471
     941               -0.0286                 6.3739
     942               -0.0285                 6.3716
     943               -0.0293                 6.4023
     944               -0.0300                 6.4316
     945               -0.0299                 6.4286
     946               -0.0297                 6.4205
     947               -0.0274                 6.3246
     948               -0.0299                 6.4268
     949               -0.0279                 6.3450
     950               -0.0272                 6.3182
     951               -0.0277                 6.3397
     952               -0.0307                 6.4578
     953               -0.0235                 6.1523
     954               -0.0274                 6.3238
     955               -0.0302                 6.4404
     956               -0.0291                 6.3933
     957               -0.0278                 6.3428
     958               -0.0277                 6.3377
     959               -0.0275                 6.3316
     960               -0.0271                 6.3123
     961               -0.0271                 6.3141
     962               -0.0312                 6.4771
     963               -0.0277                 6.3402
     964               -0.0317                 6.4974
     965               -0.0296                 6.4134
     966               -0.0273                 6.3211
     967               -0.0284                 6.3666
     968               -0.0304                 6.4448
     969               -0.0281                 6.3544
     970               -0.0289                 6.3882
     971               -0.0274                 6.3277
     972               -0.0287                 6.3804
     973               -0.0273                 6.3233
     974               -0.0293                 6.4050
     975               -0.0293                 6.4025
     976               -0.0286                 6.3769
     977               -0.0288                 6.3832
     978               -0.0300                 6.4307
     979               -0.0298                 6.4233
     980               -0.0289                 6.3870
     981               -0.0270                 6.3071
     982               -0.0269                 6.3055
     983               -0.0291                 6.3963
     984               -0.0308                 6.4609
     985               -0.0248                 6.2136
     986               -0.0279                 6.3460
     987               -0.0281                 6.3545
     988               -0.0272                 6.3154
     989               -0.0261                 6.2708
     990               -0.0279                 6.3466
     991               -0.0264                 6.2829
     992               -0.0296                 6.4165
     993               -0.0305                 6.4508
     994               -0.0292                 6.3987
     995               -0.0261                 6.2689
     996               -0.0298                 6.4225
     997               -0.0283                 6.3623
     998               -0.0311                 6.4751
     999               -0.0321                 6.5121
    1000               -0.0297                 6.4175
