#Frame   pw_nb_121[EVDW] pw_nb_121[EELEC]
       1         -2.6996         -19.9785
       2         -1.7796         -22.2770
       3         -2.2443         -21.1879
       4         -2.5333         -20.6181
       5         -2.2666         -21.8818
       6         -2.3465         -19.6056
       7         -2.6411         -20.5614
       8         -2.5190         -18.5539
       9         -2.2828         -22.6444
      10         -2.6204         -20.1731
      11         -2.5498         -21.9631
      12         -1.7341         -22.7012
      13         -2.3047         -19.7178
      14         -2.3753         -21.8907
      15         -2.3696         -21.6299
      16         -2.5162         -22.6033
      17         -1.9336         -21.1292
      18         -2.5703         -20.5032
      19         -2.3508         -20.9683
      20         -2.6318         -21.2852
      21         -2.2655         -19.6031
      22         -2.3797         -20.5034
      23         -1.7501         -21.0116
      24         -2.1579         -20.9377
      25         -2.1685         -21.3284
      26         -2.6918         -21.9566
      27         -2.5284         -20.0523
      28         -2.2306         -19.5142
      29         -2.4670         -18.8411
      30         -2.4524         -18.9024
      31         -2.2625         -20.9030
      32         -2.2657         -22.2541
      33         -2.5301         -17.5487
      34         -2.4879         -20.4685
      35         -2.3149         -21.4121
      36         -2.7044         -19.5127
      37         -1.2090         -21.0536
      38         -2.5813         -18.9814
      39         -2.5102         -20.4194
      40         -2.5646         -19.3660
      41         -2.3859         -19.8269
      42         -2.4004         -21.2064
      43         -2.5877         -21.5794
      44         -2.4770         -21.0481
      45         -2.0226         -20.4041
      46         -2.3832         -20.0060
      47         -2.0804         -21.0949
      48         -2.6370         -21.2197
      49         -2.3096         -21.9108
      50         -2.6428         -21.3845
      51         -2.5746         -19.1523
      52         -1.2268         -24.0215
      53         -2.5067         -19.8183
      54         -2.4987         -22.4561
      55         -2.0637         -22.0093
      56         -2.5368         -21.3796
      57         -2.0339         -20.9422
      58         -2.3606         -19.9021
      59         -2.6003         -20.1773
      60         -2.6499         -18.4267
      61         -2.2719         -21.1398
      62         -2.3121         -20.9053
      63         -2.3184         -21.1305
      64         -2.5960         -22.9803
      65         -2.6411         -20.6148
      66         -2.4111         -20.0248
      67         -1.9866         -19.7765
      68         -2.5081         -21.2459
      69         -2.5469         -21.9352
      70         -2.7449         -20.1266
      71         -2.3771         -21.1776
      72         -2.1496         -23.3379
      73         -2.7140         -19.4701
      74         -2.0756         -21.9658
      75         -2.4511         -21.1706
      76         -2.3369         -19.9909
      77         -2.5439         -18.7046
      78         -1.5483         -21.7948
      79         -2.4715         -20.8677
      80         -2.2827         -22.3650
      81         -1.7702         -21.4362
      82         -2.5226         -20.9909
      83         -2.1999         -21.5218
      84         -2.4850         -18.9797
      85         -2.7466         -19.4666
      86         -2.0943         -22.8125
      87         -2.6346         -19.4257
      88         -2.3073         -21.1901
      89         -2.4306         -21.2624
      90         -2.1714         -21.4281
      91         -2.4410         -20.8493
      92         -2.5123         -20.4332
      93         -2.5533         -20.7723
      94         -2.6601         -19.3831
      95         -2.3823         -22.9153
      96         -2.5122         -21.8913
      97         -2.5508         -22.6805
      98         -1.9521         -20.6326
      99         -2.6071         -20.9821
     100         -2.5964         -20.9997
     101         -2.6259         -20.2630
     102         -2.4443         -20.5567
     103         -2.2024         -20.0802
     104         -2.5015         -19.1118
     105         -2.6555         -21.1660
     106         -2.3992         -21.6601
     107         -1.7585         -21.9146
     108         -2.5798         -21.6081
     109         -2.3087         -21.5453
     110         -2.1989         -22.7744
     111         -2.3533         -19.3372
     112         -2.5169         -19.4239
     113         -2.0183         -21.6063
     114         -2.2343         -21.1840
     115         -2.4347         -20.2457
     116         -2.5433         -19.2337
     117         -1.8247         -20.5331
     118         -1.7706         -23.8969
     119         -2.3412         -21.5224
     120         -2.4937         -20.8420
     121         -1.8946         -21.1950
     122         -2.4951         -19.7864
     123         -2.6034         -21.4770
     124         -2.3466         -21.5227
     125         -2.5321         -21.0920
     126         -1.9233         -23.8231
     127         -2.5305         -19.4688
     128         -2.2441         -20.2669
     129         -2.7525         -19.1131
     130         -2.5096         -21.7517
     131         -2.2852         -21.8848
     132         -2.0933         -21.5371
     133         -2.6476         -17.4897
     134         -2.1306         -20.6359
     135         -2.3834         -22.4417
     136         -1.9104         -22.3008
     137         -2.4289         -21.9280
     138         -2.0753         -22.2893
     139         -2.7225         -18.8165
     140         -2.6438         -19.8948
     141         -2.5273         -19.4433
     142         -2.3039         -20.7312
     143         -2.5885         -21.8186
     144         -0.9628         -21.5657
     145         -2.4205         -19.2696
     146         -1.6539         -22.1222
     147         -1.8552         -19.5910
     148         -2.5325         -21.0761
     149         -2.3079         -21.7465
     150         -2.4800         -21.4400
     151         -2.5253         -20.5553
     152         -2.5030         -19.8799
     153         -2.6161         -17.8602
     154         -1.7557         -22.6074
     155         -2.5102         -20.8676
     156         -2.3193         -21.8751
     157         -2.7001         -20.1239
     158         -1.9955         -21.7723
     159         -2.4746         -19.0394
     160         -2.5233         -20.5919
     161         -1.9690         -20.8480
     162         -1.8754         -21.8486
     163         -1.6419         -19.7744
     164         -2.6423         -19.8783
     165         -2.3202         -19.8525
     166         -2.3675         -20.4226
     167         -2.6053         -19.7507
     168         -2.6225         -19.8314
     169         -2.3076         -20.8050
     170         -2.4273         -18.8007
     171         -1.2435         -23.2946
     172         -2.2881         -19.9116
     173         -2.3968         -21.9326
     174         -2.6168         -19.1571
     175         -2.4335         -22.0729
     176         -2.5889         -20.6189
     177         -2.5168         -19.4954
     178         -2.6077         -21.2717
     179         -1.9073         -21.4834
     180         -2.5555         -20.4176
     181         -2.6030         -19.5448
     182         -2.6007         -20.7502
     183         -2.2715         -19.8863
     184         -2.4880         -18.2581
     185         -2.5647         -21.8482
     186         -2.0553         -22.7107
     187         -2.1246         -20.6025
     188         -2.5899         -20.8163
     189         -2.7415         -21.7622
     190         -2.2504         -21.0092
     191         -2.2545         -19.1090
     192         -2.1764         -22.3088
     193         -2.6614         -19.4214
     194         -2.4625         -21.4799
     195         -1.9837         -23.4075
     196         -2.6474         -21.3431
     197         -2.0473         -21.8691
     198         -2.0216         -20.2697
     199         -2.2030         -21.0186
     200         -2.1779         -19.9656
     201         -2.5751         -20.8000
     202         -2.5313         -20.1848
     203         -2.4483         -20.2792
     204         -2.5522         -19.0029
     205         -2.5671         -21.8533
     206         -1.9773         -22.1040
     207         -2.5040         -19.3145
     208         -2.3592         -21.5652
     209         -1.7300         -21.8313
     210         -2.5348         -19.9844
     211         -2.2719         -22.9583
     212         -2.3927         -21.7526
     213         -2.4364         -21.2287
     214         -2.3530         -21.6299
     215         -2.5524         -21.8804
     216         -2.3125         -22.9387
     217         -2.4695         -21.7643
     218         -2.5488         -20.3464
     219         -2.5375         -20.7252
     220         -1.9191         -20.1079
     221         -2.3539         -20.0680
     222         -2.6207         -19.8714
     223         -2.0943         -19.2908
     224         -2.4713         -21.2537
     225         -2.3621         -21.1297
     226         -2.4526         -21.5476
     227         -2.5576         -20.1203
     228         -2.4899         -21.7361
     229         -2.4636         -19.2660
     230         -2.2050         -19.2645
     231         -2.4085         -21.5900
     232         -2.5064         -21.2900
     233         -2.6249         -20.2752
     234         -2.4110         -21.3372
     235         -2.2168         -21.9178
     236         -2.4388         -21.1643
     237         -2.5760         -19.9050
     238         -2.3551         -21.1154
     239         -2.5447         -21.4467
     240         -2.3795         -22.0533
     241         -2.4714         -21.4947
     242         -2.1006         -21.1876
     243         -2.3840         -22.2049
     244         -2.5614         -20.5202
     245         -2.6123         -20.3654
     246         -1.9831         -19.8402
     247         -2.6052         -19.8216
     248         -2.5271         -20.8621
     249         -2.0912         -21.9018
     250         -2.3122         -21.2785
     251         -2.5395         -22.2284
     252         -2.2687         -21.7059
     253         -1.8770         -23.1996
     254         -1.9820         -21.0110
     255         -2.2230         -21.1151
     256         -2.0796         -22.4705
     257         -2.5328         -20.0685
     258         -2.4470         -20.0771
     259         -1.3667         -19.8358
     260         -2.4184         -20.6537
     261         -2.4315         -18.4458
     262         -2.4716         -21.0238
     263         -2.4436         -21.6258
     264         -1.9838         -21.1588
     265         -2.3934         -22.2630
     266         -1.2841         -20.6598
     267         -2.4514         -22.2278
     268         -2.6283         -22.1483
     269         -2.3101         -20.8816
     270         -2.5303         -20.4811
     271         -2.4158         -21.4750
     272         -2.3441         -22.1433
     273         -2.5130         -21.6226
     274         -2.4155         -20.8685
     275         -2.4724         -21.2898
     276         -1.3649         -22.9923
     277         -2.6578         -21.1917
     278         -2.5416         -19.8121
     279         -2.4545         -19.7513
     280         -2.7212         -20.8251
     281         -2.3418         -18.2528
     282         -2.5329         -21.2127
     283         -2.2982         -19.9105
     284         -2.4288         -21.6305
     285         -2.1842         -21.2109
     286         -2.6188         -18.9304
     287         -2.5508         -21.0834
     288         -2.5076         -20.7317
     289         -2.6100         -20.3516
     290         -2.6504         -20.2353
     291         -2.5335         -21.0732
     292         -2.6041         -20.4622
     293         -2.6096         -19.0850
     294         -2.1425         -19.3947
     295         -2.4263         -21.5701
     296         -1.8837         -20.8912
     297         -2.4319         -20.9779
     298         -2.4676         -19.8069
     299         -2.3761         -20.0584
     300         -2.1980         -21.8614
     301         -2.5310         -20.4806
     302         -2.5397         -20.1593
     303         -2.1862         -22.2665
     304         -1.6721         -22.3155
     305         -2.5218         -19.8349
     306         -2.5713         -19.2300
     307         -1.5348         -21.3874
     308         -2.5084         -19.6403
     309         -2.6829         -19.5271
     310         -2.5727         -19.9083
     311         -2.6047         -19.4802
     312         -2.2170         -17.9422
     313         -1.7330         -20.1704
     314         -2.3120         -18.4525
     315         -2.3018         -19.8551
     316         -2.4298         -21.1918
     317         -2.3481         -21.4858
     318         -1.6740         -22.1284
     319         -2.2728         -20.9143
     320         -2.6556         -20.2940
     321         -2.4574         -21.8130
     322         -2.0621         -21.0478
     323         -2.1186         -20.8805
     324         -2.6833         -20.0618
     325         -2.2909         -21.8202
     326         -2.6804         -17.8873
     327         -2.4600         -20.2246
     328         -2.5633         -21.0702
     329         -2.0399         -23.5130
     330         -2.6568         -21.8532
     331         -2.4798         -21.5958
     332         -2.3939         -20.1466
     333         -2.3195         -19.9619
     334         -2.4917         -19.3088
     335         -2.4394         -19.6157
     336         -1.0659         -21.7430
     337         -2.6120         -21.5579
     338         -2.2918         -22.2282
     339         -2.4968         -20.9799
     340         -2.5010         -20.8708
     341         -2.3676         -21.9659
     342         -2.7026         -18.8428
     343         -2.2803         -20.4126
     344         -2.6173         -21.4222
     345         -2.5443         -23.2746
     346         -2.4149         -21.4297
     347         -2.6370         -20.8503
     348         -2.4266         -19.1814
     349         -2.6359         -21.3826
     350         -2.3278         -21.5488
     351         -2.2050         -21.0706
     352         -2.5689         -19.9433
     353         -2.4237         -20.9306
     354         -2.0998         -21.7677
     355         -2.0946         -23.2389
     356         -2.0297         -20.4215
     357         -1.8514         -23.0254
     358         -2.4172         -22.0667
     359         -2.5997         -21.4146
     360         -2.4982         -20.9646
     361         -2.1648         -21.6562
     362         -2.2296         -22.7146
     363         -2.6926         -19.5038
     364         -2.5738         -21.6512
     365         -2.4374         -20.5233
     366         -2.0811         -19.5120
     367         -2.5103         -21.5178
     368         -1.8255         -24.0905
     369         -2.2283         -21.7018
     370         -2.6787         -19.1464
     371         -2.5402         -21.9728
     372         -2.5527         -20.0077
     373         -1.8412         -22.4840
     374         -2.6026         -20.2587
     375         -2.4888         -21.4128
     376         -2.7361         -21.0169
     377         -2.5479         -20.8817
     378         -2.5022         -19.1997
     379         -2.5335         -22.6944
     380         -2.0309         -20.5853
     381         -2.5465         -20.7561
     382         -2.1946         -22.3927
     383         -2.5997         -20.8234
     384         -2.5843         -19.2519
     385         -2.5061         -21.0286
     386         -0.8023         -22.8916
     387         -2.5960         -19.2241
     388         -2.0777         -23.9953
     389         -2.2021         -21.0700
     390         -2.1727         -19.5969
     391         -2.7389         -19.1647
     392         -2.4562         -21.3983
     393         -2.3634         -20.4120
     394         -2.4696         -20.9380
     395         -2.6734         -18.6676
     396         -1.9050         -22.3227
     397         -2.6273         -17.6620
     398         -2.4806         -20.5969
     399         -2.4262         -18.9636
     400         -2.5673         -20.9443
     401         -2.3402         -22.3200
     402         -2.6527         -21.0462
     403         -2.3178         -22.0080
     404         -2.5953         -20.0149
     405         -2.5153         -20.7985
     406         -2.2352         -20.3103
     407         -2.4289         -19.8266
     408         -2.8144         -19.7214
     409         -2.4914         -22.4459
     410         -2.2429         -20.9601
     411         -1.6899         -22.0160
     412         -2.4336         -21.5058
     413         -2.1156         -23.3886
     414         -2.6318         -20.2139
     415         -2.6398         -18.3721
     416         -2.3797         -21.6581
     417         -2.7211         -19.5864
     418         -1.8263         -21.2012
     419         -1.9396         -21.7937
     420         -1.7821         -18.1982
     421         -2.5599         -18.6089
     422         -2.4187         -20.9297
     423         -2.4830         -20.9552
     424         -2.5882         -21.0567
     425         -1.0521         -21.7072
     426         -2.5329         -20.2662
     427         -1.6549         -21.6672
     428         -2.3044         -20.6956
     429         -2.3867         -21.2971
     430         -2.4865         -20.1519
     431         -2.1156         -18.8980
     432         -2.5045         -20.4317
     433         -2.5399         -21.3295
     434         -2.0293         -20.4544
     435         -2.5201         -20.8953
     436         -2.2263         -20.4671
     437         -2.4126         -21.1729
     438         -2.5312         -21.8854
     439         -2.4080         -22.2476
     440         -2.6114         -20.2149
     441         -2.2939         -22.7446
     442         -2.1828         -21.2712
     443         -2.4445         -20.2426
     444         -2.7094         -20.5930
     445         -2.5800         -18.9874
     446         -2.2922         -22.4334
     447         -2.6615         -20.9682
     448         -2.4790         -20.5794
     449         -2.4072         -21.1447
     450         -1.5009         -21.6952
     451         -2.6359         -20.8681
     452         -2.6427         -18.7805
     453         -2.4992         -20.4075
     454         -2.5882         -21.1169
     455         -2.5006         -20.9386
     456         -2.2248         -21.0449
     457         -2.3370         -21.6154
     458         -2.4296         -21.5806
     459         -2.4808         -21.3756
     460         -1.8546         -19.1798
     461         -2.5973         -21.4057
     462         -1.6007         -20.4745
     463         -2.4904         -20.8206
     464         -2.4333         -20.9103
     465         -2.5375         -20.2899
     466         -2.6812         -19.7700
     467         -2.1689         -20.0339
     468         -2.6420         -19.2603
     469         -2.5942         -21.1603
     470         -2.1466         -21.2096
     471         -1.9113         -21.8218
     472         -2.1763         -22.6840
     473         -1.8745         -23.2805
     474         -2.6984         -18.1166
     475         -2.2927         -20.4325
     476         -1.8389         -21.8435
     477         -2.0300         -22.2357
     478         -2.4796         -18.8286
     479         -2.2283         -20.9612
     480         -2.2944         -21.7597
     481         -2.3419         -21.8323
     482         -2.1745         -21.4345
     483         -2.6223         -19.4541
     484         -2.3302         -20.9158
     485         -2.4610         -19.9958
     486         -2.1672         -21.7584
     487         -2.5965         -20.2314
     488         -2.4721         -20.9122
     489         -2.3013         -21.0347
     490         -2.4383         -21.3095
     491         -2.7290         -18.7440
     492         -2.4149         -19.5665
     493         -2.5750         -19.5214
     494         -2.3372         -21.4342
     495         -1.9712         -22.4231
     496         -2.1845         -21.7220
     497         -2.2089         -20.7930
     498         -2.6404         -20.0926
     499         -2.0883         -22.5435
     500         -2.6259         -19.6019
     501         -2.2631         -21.8541
     502         -2.7138         -20.6006
     503         -2.3870         -17.0589
     504         -2.4467         -22.6130
     505         -2.6084         -21.0676
     506         -2.5976         -20.4650
     507         -2.5239         -19.4681
     508         -2.5609         -21.4361
     509         -2.5404         -19.9916
     510         -1.7054         -22.5325
     511         -2.4124         -21.5924
     512         -2.4659         -18.9460
     513         -2.6909         -20.1617
     514         -2.2434         -20.5995
     515         -2.5201         -19.2407
     516         -2.3602         -21.7930
     517         -2.6652         -21.7751
     518         -2.0465         -22.0188
     519         -2.4506         -20.7935
     520         -2.5082         -20.6228
     521         -2.4621         -20.1033
     522         -2.2656         -20.8042
     523         -2.6328         -20.0747
     524         -2.1190         -21.3617
     525         -2.5609         -19.9376
     526         -1.8968         -21.5427
     527         -2.2366         -21.4039
     528         -2.5599         -19.4520
     529         -2.4080         -20.4587
     530         -2.2088         -21.8416
     531         -2.4983         -20.6094
     532         -1.8775         -21.8033
     533         -2.2740         -19.9504
     534         -2.6121         -18.1125
     535         -2.5453         -20.6227
     536         -2.5706         -21.4306
     537         -2.4944         -19.5447
     538         -1.9560         -21.9069
     539         -1.9664         -21.8580
     540         -2.5128         -19.0900
     541         -1.9991         -20.7789
     542         -2.0904         -20.7348
     543         -2.4272         -21.4069
     544         -2.5266         -20.4991
     545         -2.4463         -20.4722
     546         -1.9085         -21.4634
     547         -2.5940         -20.2358
     548         -2.2133         -20.3740
     549         -2.5039         -22.3304
     550         -2.3570         -22.2308
     551         -2.4645         -18.3301
     552         -2.7145         -21.6345
     553         -2.6551         -18.6932
     554         -2.4757         -20.3083
     555         -2.3358         -18.9061
     556         -2.0928         -19.5637
     557         -2.1949         -20.1666
     558         -2.6019         -18.2142
     559         -2.4076         -21.1568
     560         -2.2520         -21.5980
     561         -2.7468         -19.6641
     562         -2.1804         -20.5429
     563         -2.3276         -22.2619
     564         -2.2501         -21.5541
     565         -2.2881         -22.0979
     566         -2.6892         -18.9862
     567         -2.4309         -20.8388
     568         -2.4141         -21.4710
     569         -2.6328         -20.0124
     570         -1.8241         -21.5079
     571         -2.4123         -20.5085
     572         -2.3341         -20.4298
     573         -2.3463         -21.1387
     574         -2.1537         -20.7834
     575         -1.9121         -22.3140
     576         -2.4459         -18.1902
     577         -2.1804         -22.2416
     578         -2.4890         -21.2706
     579         -2.6431         -21.4603
     580         -2.6848         -18.5606
     581         -2.5673         -20.5063
     582         -1.7084         -21.0952
     583         -2.5625         -20.5579
     584         -2.6568         -21.7948
     585         -2.4586         -23.2274
     586         -2.2715         -22.2883
     587         -2.3359         -21.6854
     588         -1.3264         -21.8161
     589         -2.5884         -19.4966
     590         -2.5248         -20.8440
     591         -2.5584         -20.9750
     592         -2.7172         -20.6982
     593         -2.1261         -21.3608
     594         -2.4166         -21.5304
     595         -2.5882         -21.7755
     596         -2.6857         -20.7412
     597         -2.4331         -21.1537
     598         -2.5312         -19.7957
     599         -2.2184         -20.9545
     600         -2.5711         -21.6058
     601         -2.5602         -20.7332
     602         -1.6786         -20.1657
     603         -2.3003         -21.1164
     604         -2.4680         -19.7941
     605         -2.6043         -20.1283
     606         -1.8467         -21.5183
     607         -1.9913         -23.0845
     608         -2.5489         -18.5198
     609         -2.3047         -19.0666
     610         -2.3994         -18.2636
     611         -2.4602         -21.7874
     612         -2.6870         -18.5732
     613         -2.3027         -21.1861
     614         -2.6328         -19.6920
     615         -2.3894         -20.4160
     616         -2.4862         -18.6489
     617         -2.1848         -20.2506
     618         -2.5232         -19.7709
     619         -2.4918         -19.8835
     620         -2.5509         -21.0653
     621         -2.5214         -21.0038
     622         -1.9567         -21.9195
     623         -2.5916         -20.3731
     624         -2.1963         -22.2211
     625         -2.1557         -22.9766
     626         -2.4747         -20.8677
     627         -2.2690         -19.2028
     628         -1.9966         -22.1650
     629         -2.4782         -20.6536
     630         -2.3700         -22.3987
     631         -2.2029         -22.4054
     632         -2.0624         -22.0872
     633         -1.8739         -21.6079
     634         -2.2113         -22.6194
     635         -2.3131         -21.7340
     636         -2.4732         -22.0884
     637         -2.2874         -21.3378
     638         -2.5556         -20.4374
     639         -2.0563         -20.3760
     640         -2.4738         -21.0511
     641         -2.1606         -21.1857
     642         -2.4836         -23.1497
     643         -2.4933         -21.0670
     644         -2.2557         -21.3697
     645         -1.9572         -22.3572
     646         -2.4568         -22.2867
     647         -2.6229         -21.6012
     648         -2.3845         -21.3033
     649         -2.6160         -20.7869
     650         -2.6501         -20.7729
     651         -2.5680         -20.8149
     652         -2.1231         -20.2420
     653         -2.5753         -21.4042
     654         -2.3489         -21.2440
     655         -2.3802         -21.6849
     656         -2.2267         -21.0615
     657         -2.0797         -22.8338
     658         -2.2987         -21.1447
     659         -2.4374         -20.0320
     660         -2.6289         -20.7875
     661         -0.6092         -24.1572
     662         -2.1151         -21.6116
     663         -2.6644         -21.9013
     664         -2.1557         -21.7282
     665         -2.1577         -21.5811
     666         -2.5369         -20.1033
     667         -2.4338         -17.7005
     668         -1.5506         -21.8919
     669         -2.0991         -20.5041
     670         -2.5648         -21.8128
     671         -2.6114         -22.3483
     672         -1.8882         -23.9214
     673         -1.4911         -22.3157
     674         -2.2425         -21.5946
     675         -2.5817         -20.8783
     676         -2.4465         -21.3057
     677         -2.5119         -19.8939
     678         -2.3927         -20.9532
     679         -2.6924         -21.4341
     680         -2.1710         -21.1536
     681         -2.6099         -20.5122
     682         -2.0569         -22.2823
     683         -2.4487         -23.0790
     684         -2.0942         -22.2425
     685         -2.3247         -20.9195
     686         -2.3596         -19.9535
     687         -2.4595         -20.9820
     688         -1.8769         -21.9758
     689         -2.5563         -19.6269
     690         -2.5495         -20.3434
     691         -1.7499         -23.5840
     692         -2.6434         -19.1309
     693         -2.3391         -21.0472
     694         -2.5261         -21.2133
     695         -2.3652         -18.7216
     696         -2.3241         -22.5950
     697         -2.5913         -21.4198
     698         -2.4544         -22.2946
     699         -2.2694         -22.1423
     700         -1.6607         -22.1631
     701         -2.5807         -22.8392
     702         -2.7091         -20.0127
     703         -2.2353         -21.8395
     704         -2.6237         -21.0605
     705         -2.5842         -20.0367
     706         -2.0739         -22.9684
     707         -2.1868         -21.6258
     708         -2.1555         -21.8479
     709         -2.2497         -22.5034
     710         -2.4013         -20.8558
     711         -2.2499         -23.2274
     712         -1.2690         -21.5775
     713         -2.5475         -19.4559
     714         -1.8164         -21.5447
     715         -2.5592         -21.6744
     716         -2.0462         -19.7331
     717         -2.3914         -20.3778
     718         -2.5265         -21.5890
     719         -1.8482         -22.8074
     720         -2.2370         -20.8860
     721         -2.4959         -21.4650
     722         -2.5466         -17.8158
     723         -1.9261         -22.2224
     724         -1.8813         -21.4515
     725         -2.5672         -21.7438
     726         -2.5602         -22.0451
     727         -2.1771         -21.5451
     728         -2.6475         -19.7228
     729         -2.3137         -22.2250
     730         -2.2302         -22.4378
     731         -2.5247         -21.0929
     732         -1.8611         -23.0659
     733         -2.4441         -21.8525
     734         -2.2553         -19.2156
     735         -2.1430         -21.1960
     736         -2.2352         -21.4411
     737         -1.9789         -21.8597
     738         -2.6082         -20.2644
     739         -2.5743         -20.5005
     740         -2.0399         -20.4379
     741         -2.7946         -19.4272
     742         -2.5398         -19.1733
     743         -2.4720         -21.1336
     744         -2.4977         -21.4329
     745         -2.5088         -20.5785
     746         -2.4687         -20.4460
     747         -2.6006         -18.8677
     748         -2.4339         -19.9496
     749         -2.4360         -20.6458
     750         -2.7158         -17.9313
     751         -2.4722         -19.7498
     752         -2.5279         -22.5462
     753         -2.4813         -22.7330
     754         -2.4622         -19.5453
     755         -0.6927         -22.7084
     756         -2.5025         -21.8730
     757         -2.1743         -23.2150
     758         -2.5598         -19.0602
     759         -2.4779         -18.1998
     760         -2.5798         -20.5754
     761         -2.4334         -21.7148
     762         -2.5403         -18.0641
     763         -2.4144         -19.9786
     764         -2.6534         -19.9420
     765         -1.6615         -21.7429
     766         -2.4334         -22.6736
     767         -2.4574         -19.6318
     768         -2.5458         -20.4984
     769         -2.5953         -20.6292
     770         -2.5532         -20.3136
     771         -1.9367         -21.4987
     772         -2.6233         -19.5153
     773         -2.2868         -21.5209
     774         -2.4537         -21.2216
     775         -2.7257         -20.5162
     776         -1.4622         -19.4697
     777         -2.1007         -21.2421
     778         -1.2257         -22.0267
     779         -1.8984         -22.1945
     780         -1.9855         -21.7178
     781         -2.4175         -20.1611
     782         -2.4892         -20.2106
     783         -2.5697         -21.9641
     784         -2.6426         -18.0684
     785         -1.9071         -21.4493
     786         -2.6244         -21.0499
     787         -2.3780         -21.1673
     788         -2.7176         -20.7014
     789         -2.6272         -23.4123
     790         -2.5655         -19.5924
     791         -2.5340         -19.0267
     792         -2.4777         -19.7531
     793         -2.2909         -20.8420
     794         -2.4860         -20.1163
     795         -2.5654         -18.6282
     796         -2.5295         -21.4242
     797         -2.5673         -20.6078
     798         -2.2068         -21.1483
     799         -2.4771         -20.7114
     800         -2.4838         -22.9849
     801         -2.5301         -21.0628
     802         -2.4526         -20.4765
     803         -2.4533         -20.5422
     804         -2.0738         -22.7921
     805         -2.2567         -21.3548
     806         -2.6178         -20.5927
     807         -2.6394         -19.7429
     808         -2.4537         -21.2379
     809         -1.9504         -22.4084
     810         -2.2728         -21.0209
     811         -2.3285         -21.2573
     812         -2.2137         -21.1621
     813         -2.5785         -19.5396
     814         -2.2223         -17.1730
     815         -2.5715         -20.8051
     816         -2.7586         -22.4900
     817         -2.6068         -19.4788
     818         -2.4745         -21.1838
     819         -2.6058         -20.8699
     820         -2.6299         -20.2797
     821         -2.7238         -19.0961
     822         -2.5471         -19.4646
     823         -2.6187         -20.3185
     824         -2.4133         -22.0890
     825         -2.5550         -20.9226
     826         -2.4538         -22.2635
     827         -2.5148         -20.7635
     828         -1.7397         -22.3636
     829         -2.7248         -20.0951
     830         -1.9012         -21.0537
     831         -2.3036         -21.9417
     832         -2.2070         -22.6203
     833         -2.4798         -22.5297
     834         -2.0503         -22.5276
     835         -1.7842         -23.0169
     836         -2.4115         -20.6958
     837         -2.2666         -19.4814
     838         -2.4308         -22.1045
     839         -1.6922         -22.4902
     840         -2.3035         -22.8677
     841         -2.4301         -20.4543
     842         -2.4332         -21.1995
     843         -1.4794         -19.5039
     844         -1.6118         -21.2198
     845         -2.4821         -22.1995
     846         -1.8851         -22.0324
     847         -2.5115         -21.5654
     848         -2.3856         -22.1214
     849         -2.5567         -20.2521
     850         -2.3110         -20.0656
     851         -2.1926         -22.1447
     852         -1.8668         -22.9390
     853         -2.2618         -21.5110
     854         -2.0307         -22.2487
     855         -2.1104         -21.8271
     856         -1.6415         -20.5558
     857         -2.2582         -22.0587
     858         -2.3529         -20.3505
     859         -2.6063         -21.7369
     860         -2.4366         -22.3749
     861         -2.6096         -21.6821
     862         -1.6989         -22.6020
     863         -2.4821         -18.4861
     864         -2.4768         -20.2740
     865         -2.2455         -20.4839
     866         -2.4151         -21.7482
     867         -1.8398         -21.7366
     868         -2.0761         -19.3020
     869         -2.1353         -22.7798
     870         -2.0013         -20.3566
     871         -1.8866         -23.0491
     872         -2.5202         -20.1467
     873         -2.3564         -20.6445
     874         -2.2220         -21.5595
     875         -1.6732         -19.2885
     876         -2.3801         -20.0490
     877         -2.6169         -19.6096
     878         -2.2440         -20.3238
     879         -2.6033         -18.4191
     880         -2.5385         -21.3413
     881         -2.0735         -23.4569
     882         -2.4996         -19.0076
     883         -2.3278         -19.8005
     884         -2.5443         -20.7223
     885         -2.5861         -22.4016
     886         -1.6627         -22.6319
     887         -2.3767         -20.4186
     888         -1.5065         -21.8451
     889         -2.1027         -22.2226
     890         -2.4145         -20.8211
     891         -2.2764         -22.2593
     892         -2.5796         -19.9423
     893         -1.4840         -22.8509
     894         -2.3587         -20.8208
     895         -1.8284         -21.8106
     896         -2.1527         -22.1133
     897         -2.4085         -19.5967
     898         -2.5456         -20.3919
     899         -2.3925         -22.2251
     900         -2.3035         -22.4033
     901         -2.4728         -22.2906
     902         -2.6747         -19.5872
     903         -2.3088         -20.5373
     904         -2.6445         -18.6053
     905         -2.7254         -20.8561
     906         -2.7334         -21.0274
     907         -2.2633         -23.1256
     908         -2.4164         -19.1395
     909         -2.1762         -23.0146
     910         -2.2958         -22.8562
     911         -2.3734         -21.5006
     912         -1.4902         -22.9217
     913         -1.9612         -21.7147
     914         -2.5455         -20.5590
     915         -2.5061         -19.1649
     916         -2.5204         -21.5826
     917         -2.6540         -19.3411
     918         -1.9071         -22.1949
     919         -2.1957         -21.2686
     920         -2.6448         -20.6166
     921         -2.2661         -21.5024
     922         -2.3745         -21.6399
     923         -2.1000         -20.6515
     924         -2.3757         -21.4310
     925         -2.2416         -22.4940
     926         -2.5311         -21.1101
     927         -2.5486         -21.4630
     928         -2.6514         -20.3188
     929         -2.1669         -18.9465
     930         -2.4357         -20.9815
     931         -1.8550         -21.8512
     932         -2.5579         -21.4395
     933         -2.4056         -21.0226
     934         -2.5258         -20.4940
     935         -2.4096         -19.6865
     936         -2.4683         -20.6492
     937         -2.4309         -20.9300
     938         -2.3764         -21.9737
     939         -1.9635         -22.5661
     940         -2.4792         -19.5104
     941         -2.2917         -22.2459
     942         -2.2581         -20.7998
     943         -2.7969         -18.4485
     944         -1.6928         -22.5438
     945         -1.1709         -20.0549
     946         -2.5428         -20.6888
     947         -2.5164         -21.4578
     948         -2.0013         -19.2023
     949         -2.5878         -15.7932
     950         -1.4987         -18.5612
     951         -2.6001         -19.0633
     952         -2.5832         -19.3793
     953         -2.3601         -21.4556
     954         -2.2693         -20.0513
     955         -0.3476         -22.8351
     956         -2.6727         -20.2094
     957         -2.5449         -21.1244
     958         -2.1340         -19.4300
     959         -2.3003         -19.9419
     960         -1.8877         -22.6978
     961         -2.2899         -21.5566
     962         -2.1374         -22.7014
     963         -2.5917         -18.6579
     964         -1.1316         -19.3612
     965         -2.4695         -21.2968
     966         -2.0990         -22.7038
     967         -2.3998         -21.3890
     968         -2.4028         -20.5321
     969         -2.2839         -19.4185
     970         -2.4670         -20.0472
     971         -2.6995         -20.1579
     972         -2.5854         -19.5979
     973         -2.3147         -21.1473
     974         -2.4814         -20.8219
     975         -2.7529         -21.1542
     976         -2.6481         -19.4383
     977         -2.1458         -21.7901
     978         -1.8134         -20.0480
     979         -1.8817         -20.3747
     980         -2.4432         -20.5238
     981         -2.6046         -21.4358
     982         -2.6128         -20.4859
     983         -2.6815         -20.9440
     984         -2.6088         -18.9976
     985         -2.5134         -20.4704
     986         -2.2750         -21.0045
     987         -2.5900         -21.5377
     988         -2.5354         -20.2240
     989         -2.3714         -21.1885
     990         -2.4160         -21.0844
     991         -2.2714         -18.1567
     992         -2.5891         -20.2059
     993         -2.3050         -21.9287
     994         -2.2939         -21.3600
     995         -2.5791         -21.3737
     996         -1.7373         -20.5470
     997         -2.5416         -21.2674
     998         -2.6586         -19.6711
     999         -2.5249         -18.8169
    1000         -2.2640         -20.5830
