GENERALIZED BORN:
Frame #,BOND,ANGLE,DIHED,UB,IMP,CMAP,VDWAALS,EEL,1-4 VDW,1-4 EEL,EGB,ESURF,G gas,G solv,TOTAL
0,520.8507,1425.5373,-1089.5377,0.0,0.0,0.0,-1284.843,-16275.9187,612.9129,11836.3522,-2038.5056,55.78263432,-4254.646300000002,-1982.72296568,-6237.369265680002
1,529.4981,1383.224,-1070.1761,0.0,0.0,0.0,-1306.7008,-16354.2992,624.8984,11870.2613,-1954.5352,54.657584639999996,-4323.294299999998,-1899.87761536,-6223.171915359998
2,554.88,1460.9188,-1093.5606,0.0,0.0,0.0,-1289.8605,-16055.3193,587.7364,11708.6312,-2080.8293,54.767172959999996,-4126.573999999999,-2026.06212704,-6152.636127039998
3,542.4929,1452.4318,-1101.3154,0.0,0.0,0.0,-1264.5797,-16240.9161,607.6667,11748.517,-1981.3045,56.82456288,-4255.702800000001,-1924.47993712,-6180.182737120002
4,498.389,1426.5561,-1106.1594,0.0,0.0,0.0,-1298.5187,-16253.2185,609.4435,11857.7932,-1992.0504,55.711676159999996,-4265.714800000003,-1936.33872384,-6202.053523840003
5,506.9815,1359.3924,-1072.5458,0.0,0.0,0.0,-1272.8494,-16410.1457,609.0933,11849.9782,-1898.468,55.47343248,-4430.095500000001,-1842.9945675200001,-6273.090067520001
6,515.0987,1381.0317,-1104.1469,0.0,0.0,0.0,-1271.8246,-16200.2238,614.0293,11806.125,-2037.4684,54.97217784,-4259.910600000001,-1982.49622216,-6242.406822160001
7,518.2334,1415.381,-1094.552,0.0,0.0,0.0,-1264.2212,-16205.0469,604.4965,11824.493,-2060.292,56.21329512,-4201.216199999999,-2004.0787048799998,-6205.294904879998
8,566.8202,1471.0765,-1108.555,0.0,0.0,0.0,-1284.9484,-16189.8564,589.2734,11733.534,-1998.7458,55.79043048,-4222.655700000001,-1942.95536952,-6165.6110695200005
9,548.4258,1406.4668,-1077.5165,0.0,0.0,0.0,-1288.2158,-16339.226,608.2051,11762.3652,-1909.6674,54.973679759999996,-4379.4954,-1854.69372024,-6234.18912024
10,501.8184,1429.9925,-1090.8501,0.0,0.0,0.0,-1280.1518,-16329.8901,606.3433,11804.5574,-1954.1158,55.75982904,-4358.180399999999,-1898.35597096,-6256.536370959999
11,498.4128,1412.2706,-1078.0131,0.0,0.0,0.0,-1277.9868,-16246.7018,618.9549,11838.2977,-2030.5206,56.24968104,-4234.7657,-1974.27091896,-6209.03661896
12,473.4833,1392.5624,-1095.3351,0.0,0.0,0.0,-1291.6837,-16316.9023,617.0992,11818.2972,-1954.7326,56.249678159999995,-4402.478999999999,-1898.48292184,-6300.961921839999
13,522.6497,1459.4184,-1096.2098,0.0,0.0,0.0,-1284.3804,-16093.9245,603.7258,11804.4527,-2128.9928,56.30682096,-4084.2680999999993,-2072.68597904,-6156.95407904
14,496.0539,1387.4713,-1099.0028,0.0,0.0,0.0,-1298.7472,-16169.0696,620.2786,11840.202,-2107.6383,56.88409248,-4222.8138,-2050.75420752,-6273.568007520001
15,516.6918,1434.0789,-1122.6977,0.0,0.0,0.0,-1290.3995,-16186.9267,612.2112,11816.9729,-2052.9282,58.2536664,-4220.069099999999,-1994.6745336,-6214.743633599999
16,525.4773,1388.0969,-1099.9692,0.0,0.0,0.0,-1284.4207,-16172.4537,618.8686,11806.4133,-2066.0278,56.68237152,-4217.987500000001,-2009.3454284799998,-6227.332928480001
17,476.2359,1433.0574,-1093.3063,0.0,0.0,0.0,-1280.2777,-16284.7817,611.3034,11843.8971,-1975.3981,57.2911092,-4293.8719,-1918.1069908000002,-6211.9788908
18,537.925,1456.1802,-1097.1807,0.0,0.0,0.0,-1287.7387,-16277.4321,603.7185,11754.6092,-1915.6828,57.269976480000004,-4309.918599999999,-1858.41282352,-6168.33142352
19,497.0618,1407.8786,-1078.5782,0.0,0.0,0.0,-1287.1689,-16182.2966,602.8021,11830.6399,-2082.3283,58.12755984,-4209.661299999998,-2024.2007401600001,-6233.862040159998
20,515.8943,1406.7453,-1086.9127,0.0,0.0,0.0,-1296.7137,-16134.1795,615.647,11811.0829,-2125.1324,57.336635519999994,-4168.4364000000005,-2067.79576448,-6236.232164480001
21,544.7722,1405.0917,-1123.783,0.0,0.0,0.0,-1255.6956,-16087.2173,619.8744,11805.1047,-2176.3229,58.68905832,-4091.8529000000017,-2117.63384168,-6209.486741680002
22,509.8866,1474.7252,-1085.0715,0.0,0.0,0.0,-1264.7497,-15976.2835,627.0349,11780.4409,-2219.3877,58.73611176,-3934.017099999999,-2160.6515882400004,-6094.668688239999
23,518.1448,1423.7221,-1055.3882,0.0,0.0,0.0,-1313.8158,-16125.9002,622.483,11849.7585,-2128.7666,56.0574144,-4080.9958000000006,-2072.7091855999997,-6153.7049856
24,550.3137,1427.7692,-1109.1648,0.0,0.0,0.0,-1281.7816,-16074.0269,614.666,11787.5208,-2160.6115,56.58781536,-4084.7036000000007,-2104.02368464,-6188.727284640001
25,502.4074,1382.8342,-1068.7619,0.0,0.0,0.0,-1279.9052,-15939.9056,608.254,11744.4152,-2228.9109,58.90043736,-4050.661899999999,-2170.01046264,-6220.672362639999
26,523.8749,1435.5483,-1079.1457,0.0,0.0,0.0,-1278.743,-15969.7285,593.9963,11776.8243,-2231.9913,58.354193519999995,-3997.3733999999986,-2173.63710648,-6171.010506479998
27,506.7176,1383.6537,-1092.6369,0.0,0.0,0.0,-1281.8921,-16116.1288,625.0492,11844.9353,-2137.2319,57.50979192,-4130.302000000003,-2079.72210808,-6210.024108080004
28,510.8019,1470.9156,-1069.0367,0.0,0.0,0.0,-1259.5797,-16056.9608,614.7363,11838.7626,-2237.1865,60.158787839999995,-3950.3608000000004,-2177.0277121599997,-6127.388512160001
29,519.3049,1395.6375,-1100.0593,0.0,0.0,0.0,-1245.3519,-15971.0041,613.3159,11823.8965,-2284.7057,60.65201304,-3964.2605000000003,-2224.05368696,-6188.31418696
30,533.8023,1437.0527,-1095.7823,0.0,0.0,0.0,-1273.8177,-16110.9613,617.5555,11836.3487,-2143.1409,59.76886248,-4055.802100000001,-2083.37203752,-6139.174137520001
31,515.2708,1397.0874,-1076.2791,0.0,0.0,0.0,-1269.4632,-16200.0892,602.439,11849.2987,-2110.4077,57.10470336,-4181.735600000002,-2053.3029966400004,-6235.038596640002
32,513.2345,1376.5851,-1084.115,0.0,0.0,0.0,-1252.3294,-16166.3677,598.3389,11824.7303,-2106.4043,60.26805864,-4189.9233,-2046.1362413600002,-6236.05954136
33,515.1055,1436.7055,-1084.7011,0.0,0.0,0.0,-1256.7931,-16127.6827,608.3119,11776.0652,-2121.6873,57.9960324,-4132.988800000001,-2063.6912676,-6196.6800676
34,519.4502,1449.8536,-1088.7127,0.0,0.0,0.0,-1243.7111,-16185.1099,598.7802,11879.8007,-2130.4629,58.354242479999996,-4069.6489999999994,-2072.10865752,-6141.75765752
35,495.6794,1419.7976,-1080.4461,0.0,0.0,0.0,-1248.8049,-16070.9763,591.4204,11804.0925,-2183.0465,61.799968799999995,-4089.2374,-2121.2465312,-6210.4839312
36,530.0757,1431.9176,-1084.2217,0.0,0.0,0.0,-1253.5939,-16118.6862,614.4736,11789.573,-2127.0728,60.9874704,-4090.4619000000002,-2066.0853296,-6156.5472296
37,497.1298,1409.1886,-1076.9703,0.0,0.0,0.0,-1273.3396,-16031.6001,617.1246,11789.6726,-2212.3103,58.31626032,-4068.7944000000007,-2153.9940396800002,-6222.788439680001
38,521.6495,1461.6884,-1071.455,0.0,0.0,0.0,-1261.1464,-16140.2436,599.6711,11734.4772,-2051.6332,57.98735856,-4155.3588,-1993.6458414400001,-6149.00464144
39,508.4567,1432.9035,-1091.3652,0.0,0.0,0.0,-1254.0016,-16207.6002,588.6974,11782.1657,-2040.3472,57.421509119999996,-4240.743700000001,-1982.9256908799998,-6223.669390880001
40,531.1538,1444.3731,-1100.2101,0.0,0.0,0.0,-1288.7768,-16138.1918,604.5212,11817.7292,-2120.8447,58.83501168,-4129.401400000001,-2062.00968832,-6191.41108832
41,524.7125,1379.7802,-1056.0202,0.0,0.0,0.0,-1262.1854,-16012.4938,614.7472,11833.6469,-2248.8136,61.455194639999995,-3977.8125999999993,-2187.35840536,-6165.171005359999
42,505.6492,1456.8893,-1085.643,0.0,0.0,0.0,-1274.6155,-16078.4149,595.2428,11730.9101,-2126.2341,58.12775568,-4149.982000000002,-2068.10634432,-6218.088344320002
43,514.955,1435.5008,-1123.6743,0.0,0.0,0.0,-1273.3631,-16034.4717,604.1619,11799.3271,-2165.793,58.1095944,-4077.5643,-2107.6834056000002,-6185.2477056
44,508.8111,1372.6683,-1100.7367,0.0,0.0,0.0,-1298.3345,-16172.5967,609.3917,11818.6245,-2032.4025,55.30593888,-4262.1723,-1977.09656112,-6239.26886112
45,564.7854,1376.1236,-1121.6208,0.0,0.0,0.0,-1286.939,-16169.282,611.0036,11754.7767,-2030.2966,55.49137056,-4271.152499999998,-1974.80522944,-6245.957729439998
46,502.648,1431.4483,-1067.6232,0.0,0.0,0.0,-1266.6366,-16119.4751,615.6112,11854.2202,-2144.2386,58.5103428,-4049.8071999999993,-2085.7282572,-6135.5354572
47,481.2581,1439.7479,-1106.8417,0.0,0.0,0.0,-1273.4209,-16132.7366,623.326,11850.2006,-2168.2272,57.205705679999994,-4118.4666,-2111.02149432,-6229.488094319999
48,495.845,1406.6164,-1080.8991,0.0,0.0,0.0,-1270.0774,-16125.2017,602.8115,11771.5698,-2085.2112,57.54694608,-4199.335499999999,-2027.6642539200002,-6226.999753919999
49,519.3774,1418.1468,-1068.5885,0.0,0.0,0.0,-1284.2054,-16096.6438,618.1577,11840.5143,-2189.4552,57.476105999999994,-4053.2414999999983,-2131.979094,-6185.2205939999985
50,486.4609,1441.7235,-1089.9392,0.0,0.0,0.0,-1259.1999,-16060.6091,626.5038,11845.6828,-2212.7559,58.6649592,-4009.377199999999,-2154.0909408,-6163.468140799999
51,502.9062,1417.9731,-1048.852,0.0,0.0,0.0,-1295.0565,-16182.1896,618.8601,11782.2015,-2081.2389,57.48502464,-4204.1572,-2023.75387536,-6227.91107536
52,488.1967,1415.8484,-1083.516,0.0,0.0,0.0,-1302.6094,-16252.2985,614.7871,11883.7748,-2062.1299,56.24266752,-4235.816900000003,-2005.88723248,-6241.704132480003
53,502.7094,1402.6206,-1107.1524,0.0,0.0,0.0,-1264.4853,-16266.3304,626.983,11852.1525,-2011.4398,56.54264472,-4253.5026,-1954.89715528,-6208.39975528
54,477.4868,1451.1872,-1096.3649,0.0,0.0,0.0,-1312.6628,-16241.6926,628.561,11822.4558,-1993.1012,55.455127919999995,-4271.029500000002,-1937.64607208,-6208.675572080003
55,537.533,1401.4096,-1093.0059,0.0,0.0,0.0,-1292.2645,-16146.0404,631.1046,11866.1081,-2137.6229,57.14549424,-4095.1555000000008,-2080.47740576,-6175.632905760001
56,493.3169,1415.197,-1121.6644,0.0,0.0,0.0,-1267.4292,-16097.1282,618.7232,11835.2631,-2147.7151,57.4274376,-4123.721599999997,-2090.2876624,-6214.009262399996
57,539.7906,1435.679,-1120.7144,0.0,0.0,0.0,-1290.8102,-16088.3867,603.1076,11820.2605,-2157.3497,56.92173984,-4101.0736,-2100.42796016,-6201.501560160001
58,508.7873,1390.4294,-1088.064,0.0,0.0,0.0,-1276.5725,-16218.0197,621.2843,11828.0776,-2090.5079,57.16895256,-4234.0776000000005,-2033.33894744,-6267.416547440001
59,519.679,1398.9607,-1101.643,0.0,0.0,0.0,-1295.5817,-16015.5782,614.4209,11730.4137,-2154.7671,57.09410064,-4149.328600000001,-2097.67299936,-6247.001599360001
60,518.9876,1448.6824,-1100.0194,0.0,0.0,0.0,-1272.9537,-16237.287,597.8221,11772.6986,-2026.9435,54.7527888,-4272.069400000002,-1972.1907112000001,-6244.260111200002
61,495.0518,1390.4926,-1070.4021,0.0,0.0,0.0,-1298.3099,-16310.159,609.321,11829.2315,-1977.7364,54.30245904,-4354.7741000000005,-1923.43394096,-6278.20804096
62,523.9301,1361.2722,-1110.1272,0.0,0.0,0.0,-1271.8995,-16188.2016,603.2358,11855.6006,-2097.9869,58.21547688,-4226.1896000000015,-2039.7714231199998,-6265.961023120001
63,504.6138,1455.442,-1100.4355,0.0,0.0,0.0,-1257.9279,-16187.3473,610.8902,11834.9417,-2102.4927,57.355462079999995,-4139.8229999999985,-2045.1372379199997,-6184.960237919999
64,491.6225,1460.4991,-1093.7603,0.0,0.0,0.0,-1297.8311,-16262.0359,596.9925,11888.2874,-2044.4107,56.69440056,-4216.225800000002,-1987.7162994399998,-6203.9420994400025
65,468.0352,1460.6546,-1111.655,0.0,0.0,0.0,-1297.3023,-16187.0117,626.6017,11815.3287,-2058.4158,55.556582399999996,-4225.348799999998,-2002.8592176000002,-6228.208017599999
66,527.5058,1435.1119,-1112.084,0.0,0.0,0.0,-1250.9561,-16102.4361,609.0121,11740.2013,-2079.9122,56.69185176,-4153.645100000002,-2023.2203482400002,-6176.8654482400025
67,485.4979,1364.7789,-1086.3134,0.0,0.0,0.0,-1332.9091,-16190.9799,589.7056,11884.4623,-2101.6084,54.98631864,-4285.7577,-2046.62208136,-6332.37978136
68,509.3715,1421.9822,-1107.8319,0.0,0.0,0.0,-1258.7816,-16111.8006,623.0802,11770.6049,-2084.8214,59.55920928,-4153.3753000000015,-2025.2621907199998,-6178.637490720002
69,499.4471,1398.1155,-1121.1285,0.0,0.0,0.0,-1285.2936,-16122.7771,610.8722,11807.7433,-2096.662,56.44360656,-4213.021099999998,-2040.2183934399998,-6253.239493439998
70,506.2883,1425.7267,-1088.6166,0.0,0.0,0.0,-1284.7444,-16263.7168,592.6448,11846.6116,-2002.3539,56.206908,-4265.8063999999995,-1946.146992,-6211.953391999999
71,522.4711,1386.1718,-1096.0248,0.0,0.0,0.0,-1263.5872,-16046.2331,608.9138,11784.3275,-2164.8227,57.81013632,-4103.9609,-2107.0125636800003,-6210.97346368
72,484.3827,1407.7419,-1093.1974,0.0,0.0,0.0,-1293.6124,-16088.1676,596.7306,11754.3697,-2104.8007,57.93502392,-4231.7525000000005,-2046.8656760799997,-6278.61817608
73,507.3942,1364.2528,-1100.7381,0.0,0.0,0.0,-1266.9953,-16219.8623,595.701,11831.1556,-2063.8469,56.754640079999994,-4289.0921,-2007.09225992,-6296.18435992
74,527.7912,1395.579,-1055.635,0.0,0.0,0.0,-1284.8635,-16071.3618,590.8114,11820.632,-2185.7971,57.18435048,-4077.046699999999,-2128.61274952,-6205.659449519999
75,528.5318,1439.389,-1076.2565,0.0,0.0,0.0,-1252.3769,-16141.1411,607.4156,11780.4311,-2091.1065,58.14848736,-4114.007,-2032.9580126399999,-6146.965012639999
76,510.2646,1423.5087,-1107.9608,0.0,0.0,0.0,-1266.7196,-15994.1618,616.3146,11806.0743,-2225.118,60.126127919999995,-4012.6799999999985,-2164.99187208,-6177.671872079999
77,512.1893,1383.7936,-1075.073,0.0,0.0,0.0,-1271.0676,-16185.6822,619.9891,11883.4865,-2112.4325,59.01369408,-4132.3642999999975,-2053.41880592,-6185.783105919997
78,494.503,1467.0771,-1118.0839,0.0,0.0,0.0,-1260.5348,-16300.987,605.926,11907.533,-2046.8622,58.48204896,-4204.566600000002,-1988.38015104,-6192.946751040002
79,481.3248,1505.5928,-1099.5444,0.0,0.0,0.0,-1271.5018,-16012.663,620.8414,11776.706,-2176.1525,57.504746159999996,-3999.244200000001,-2118.64775384,-6117.891953840001
80,518.2677,1426.8165,-1096.1951,0.0,0.0,0.0,-1297.8172,-16102.7618,624.6305,11806.0162,-2116.0646,55.63420632,-4121.043200000002,-2060.43039368,-6181.473593680002
81,511.4413,1399.1715,-1097.8338,0.0,0.0,0.0,-1274.3926,-16166.0666,617.2267,11858.9266,-2113.1398,54.830871359999996,-4151.526899999999,-2058.30892864,-6209.835828639999
82,525.0726,1415.976,-1091.6224,0.0,0.0,0.0,-1302.614,-16067.3333,609.9367,11830.2782,-2184.253,55.38965544,-4080.306200000001,-2128.8633445600003,-6209.169544560002
83,509.2529,1457.5757,-1087.2663,0.0,0.0,0.0,-1285.8075,-15959.2374,610.8351,11779.8098,-2255.0947,56.39670863999999,-3974.837699999998,-2198.6979913600003,-6173.535691359998
84,519.1085,1398.2411,-1103.1403,0.0,0.0,0.0,-1283.7385,-16031.8657,608.8564,11817.043,-2187.9317,56.50645752,-4075.495499999999,-2131.42524248,-6206.920742479999
85,475.1939,1411.0181,-1093.786,0.0,0.0,0.0,-1290.5029,-16060.0351,613.2507,11837.8563,-2182.3558,56.0096316,-4107.005000000001,-2126.3461684,-6233.3511684000005
86,480.7905,1478.8784,-1078.7634,0.0,0.0,0.0,-1280.6599,-16095.1868,609.0762,11807.4966,-2154.4129,58.47804432,-4078.368400000001,-2095.9348556799996,-6174.303255680001
87,520.6149,1415.5972,-1090.0778,0.0,0.0,0.0,-1289.2738,-16081.6972,624.542,11848.0575,-2181.5049,58.11088896,-4052.2371999999996,-2123.39401104,-6175.6312110399995
88,471.1986,1428.2324,-1083.4642,0.0,0.0,0.0,-1301.7663,-15976.6976,610.7175,11807.5622,-2239.045,57.9955284,-4044.2173999999995,-2181.0494716000003,-6225.2668716
89,486.2996,1421.0997,-1129.9489,0.0,0.0,0.0,-1282.5766,-16117.0,605.5702,11836.4318,-2150.8671,56.89462536,-4180.124199999998,-2093.9724746399997,-6274.096674639998
90,506.1806,1418.8404,-1072.3448,0.0,0.0,0.0,-1280.3134,-16084.854,596.0639,11793.0272,-2136.8412,57.1013064,-4123.400100000001,-2079.7398936,-6203.139993600001
91,527.1149,1428.0669,-1102.6115,0.0,0.0,0.0,-1279.7875,-16089.2236,609.5995,11799.0077,-2111.2837,57.09097224,-4107.8336,-2054.19272776,-6162.02632776
92,521.7354,1411.2949,-1070.0411,0.0,0.0,0.0,-1252.0819,-16029.9784,607.4548,11838.5431,-2213.0557,58.40303184,-3973.0732000000007,-2154.65266816,-6127.725868160001
93,508.3807,1414.4146,-1105.8427,0.0,0.0,0.0,-1304.0489,-16203.4879,613.3443,11827.3648,-2042.4736,55.822013999999996,-4249.875100000001,-1986.651586,-6236.526686000001
94,500.6454,1447.6085,-1101.8985,0.0,0.0,0.0,-1290.419,-16034.8294,621.1368,11797.5828,-2167.1284,56.33647128,-4060.1733999999997,-2110.79192872,-6170.965328719999
95,550.6172,1385.1649,-1107.1034,0.0,0.0,0.0,-1287.2708,-16114.2161,629.2955,11861.9782,-2155.7766,57.79519488,-4081.5344999999998,-2097.98140512,-6179.51590512
96,539.7677,1432.4101,-1127.3605,0.0,0.0,0.0,-1299.7972,-16052.1558,602.5376,11768.7267,-2130.7408,58.83180336,-4135.8714,-2071.90899664,-6207.78039664
97,532.345,1441.4801,-1094.314,0.0,0.0,0.0,-1270.3967,-16155.4386,600.31,11781.1766,-2062.8807,56.79025848,-4164.837599999999,-2006.0904415200002,-6170.928041519998
98,508.2404,1473.4808,-1082.8854,0.0,0.0,0.0,-1274.9321,-16105.6076,608.1001,11776.3446,-2119.3205,57.407712479999994,-4097.2592,-2061.9127875199997,-6159.171987520001
99,489.1198,1498.0731,-1126.0146,0.0,0.0,0.0,-1280.5724,-16072.6251,599.7958,11803.3657,-2148.2879,58.09549608,-4088.8576999999987,-2090.19240392,-6179.050103919998
100,529.2462,1427.382,-1092.2896,0.0,0.0,0.0,-1263.5651,-16096.1673,601.8685,11785.3969,-2143.5654,59.47999992,-4108.128399999998,-2084.08540008,-6192.213800079997
101,490.782,1391.6852,-1103.498,0.0,0.0,0.0,-1275.7744,-16235.8997,612.77,11803.542,-2027.6978,56.8711512,-4316.392900000001,-1970.8266488,-6287.219548800001
102,484.8083,1441.1367,-1092.8176,0.0,0.0,0.0,-1294.443,-16163.2218,596.4627,11902.0648,-2156.7784,56.24330256,-4126.009900000001,-2100.5350974400003,-6226.544997440001
103,465.5368,1424.9112,-1097.1969,0.0,0.0,0.0,-1272.5186,-16133.2308,597.899,11867.7882,-2183.1612,57.715524,-4146.811099999999,-2125.445676,-6272.256775999999
104,495.3126,1377.7533,-1064.1205,0.0,0.0,0.0,-1275.6148,-16250.4347,589.38,11845.7697,-2053.5191,57.20508792,-4281.9544000000005,-1996.3140120799999,-6278.26841208
105,533.2844,1426.0776,-1090.1118,0.0,0.0,0.0,-1272.366,-16113.8943,607.034,11768.1368,-2128.6062,57.81467952,-4141.8393,-2070.79152048,-6212.63082048
106,509.4561,1424.8412,-1084.3525,0.0,0.0,0.0,-1277.1549,-16024.8992,600.8921,11760.5642,-2196.29,57.424897439999995,-4090.6529999999984,-2138.86510256,-6229.518102559999
107,523.2668,1452.9313,-1109.3261,0.0,0.0,0.0,-1258.3725,-16064.8268,594.8853,11765.165,-2147.3573,59.09048712,-4096.277,-2088.26681288,-6184.54381288
108,503.7973,1359.7288,-1110.2425,0.0,0.0,0.0,-1283.5714,-16323.916,622.9563,11931.3843,-2045.9643,57.52544904,-4299.8632,-1988.43885096,-6288.302050959999
109,521.6308,1406.9939,-1053.3977,0.0,0.0,0.0,-1291.3713,-16202.4013,592.5642,11846.4407,-2061.3081,56.48499144,-4179.540700000001,-2004.8231085600003,-6184.363808560001
110,501.6734,1408.2607,-1091.5346,0.0,0.0,0.0,-1289.8538,-16154.6212,618.5923,11846.5462,-2093.9451,57.30949512,-4160.936999999998,-2036.6356048799998,-6197.572604879998
111,518.5249,1437.4388,-1110.6426,0.0,0.0,0.0,-1266.7296,-16192.5241,595.2399,11793.7555,-2030.8235,57.52891224,-4224.9372,-1973.29458776,-6198.231787760001
112,533.2864,1423.7591,-1061.243,0.0,0.0,0.0,-1283.8647,-16282.1135,607.0823,11795.5648,-1958.6227,56.31190272,-4267.5286,-1902.3107972799999,-6169.8393972799995
113,534.8676,1415.2382,-1135.0281,0.0,0.0,0.0,-1255.5129,-16100.3608,612.4805,11827.6357,-2147.7306,58.74637248,-4100.679800000002,-2088.98422752,-6189.664027520002
114,497.4181,1441.4008,-1085.4225,0.0,0.0,0.0,-1257.7224,-16119.6409,598.0765,11852.4844,-2153.7661,58.123719359999996,-4073.406000000001,-2095.64238064,-6169.048380640001
115,512.5232,1415.2056,-1104.2639,0.0,0.0,0.0,-1268.4642,-16042.4617,608.4652,11827.0935,-2186.1499,57.7595988,-4051.902299999998,-2128.3903012,-6180.292601199998
116,500.5976,1454.5576,-1092.25,0.0,0.0,0.0,-1269.2561,-16133.4085,619.7549,11785.7057,-2078.8746,58.498326,-4134.298799999999,-2020.3762740000002,-6154.675073999999
117,520.9332,1419.7754,-1091.3878,0.0,0.0,0.0,-1264.7269,-16109.6002,621.2953,11800.8101,-2099.0747,59.380552079999994,-4102.900900000001,-2039.6941479200002,-6142.595047920001
118,534.7832,1478.5702,-1087.6783,0.0,0.0,0.0,-1286.831,-15983.4716,585.7432,11730.558,-2160.5434,58.6756728,-4028.326299999999,-2101.8677272,-6130.194027199999
119,510.3577,1435.1174,-1093.9552,0.0,0.0,0.0,-1276.1762,-16027.7841,604.7155,11715.7403,-2118.699,59.747194799999995,-4131.9846,-2058.9518052,-6190.9364052
120,505.9427,1422.9126,-1077.9628,0.0,0.0,0.0,-1256.875,-16080.1857,620.8026,11832.8752,-2146.913,59.002074719999996,-4032.4904000000006,-2087.91092528,-6120.401325280001
121,522.6742,1500.8005,-1069.6344,0.0,0.0,0.0,-1238.5244,-15856.0273,593.6798,11684.3513,-2267.3491,60.439505759999996,-3862.6803,-2206.90959424,-6069.589894239999
122,499.7189,1451.1469,-1068.2126,0.0,0.0,0.0,-1280.6738,-15988.8499,603.426,11834.6251,-2232.5549,58.731842879999995,-3948.819400000002,-2173.82305712,-6122.642457120002
123,545.7957,1419.2983,-1081.0769,0.0,0.0,0.0,-1277.7753,-16030.3848,613.2226,11822.079,-2175.6585,60.4301436,-3988.8413999999993,-2115.2283564,-6104.069756399999
124,489.2926,1387.4241,-1069.8463,0.0,0.0,0.0,-1268.2864,-16035.6295,613.0378,11812.7791,-2173.3253,59.61974544,-4071.2286000000004,-2113.70555456,-6184.934154560001
125,503.5473,1421.9166,-1108.3079,0.0,0.0,0.0,-1285.6548,-16033.4683,582.542,11816.7594,-2157.1087,58.63118976,-4102.665700000001,-2098.4775102400004,-6201.143210240002
126,514.8577,1441.748,-1105.7324,0.0,0.0,0.0,-1239.3564,-16139.6898,598.2794,11765.6252,-2077.1121,60.112131839999996,-4164.268300000002,-2016.9999681599998,-6181.268268160002
127,482.699,1413.2507,-1092.3755,0.0,0.0,0.0,-1260.0488,-16180.9676,622.4278,11828.4944,-2058.158,59.27947704,-4186.520000000002,-1998.8785229599998,-6185.398522960002
128,479.4581,1409.6795,-1071.5668,0.0,0.0,0.0,-1282.6479,-16076.8888,616.4294,11758.3908,-2092.8033,56.159652959999995,-4167.145699999999,-2036.6436470400001,-6203.789347039999
129,514.9099,1403.2803,-1091.8751,0.0,0.0,0.0,-1269.4354,-16024.4606,612.0021,11824.348,-2206.682,58.04725824,-4031.230800000001,-2148.63474176,-6179.865541760001
130,492.8984,1362.8664,-1061.1334,0.0,0.0,0.0,-1294.0735,-16110.7997,610.3662,11803.4929,-2089.7655,58.01874984,-4196.3827,-2031.74675016,-6228.12945016
131,512.5385,1421.7014,-1119.7962,0.0,0.0,0.0,-1245.4467,-16206.8084,598.8354,11807.2768,-2053.926,57.93748488,-4231.699199999999,-1995.9885151199999,-6227.687715119999
132,488.3659,1398.9113,-1072.2231,0.0,0.0,0.0,-1268.2603,-16221.593,608.421,11829.1223,-2050.9616,58.05643608,-4237.2559,-1992.9051639200002,-6230.161063920001
133,528.6881,1450.2827,-1105.4058,0.0,0.0,0.0,-1261.3969,-16191.9483,608.4256,11829.6681,-2073.2141,58.9789368,-4141.6865,-2014.2351632000002,-6155.9216632
134,512.2369,1391.6126,-1108.1896,0.0,0.0,0.0,-1279.3592,-16104.8596,615.7228,11814.4127,-2123.8733,58.9069404,-4158.4234,-2064.9663596,-6223.3897596
135,501.5388,1402.0851,-1091.0263,0.0,0.0,0.0,-1299.3547,-15999.9133,610.6786,11824.8587,-2256.294,59.10240528,-4051.133099999999,-2197.19159472,-6248.324694719999
136,501.2973,1404.0221,-1106.0345,0.0,0.0,0.0,-1290.5168,-16111.749,607.8709,11832.205,-2125.6126,57.07110024,-4162.904999999999,-2068.54149976,-6231.446499759999
137,506.8252,1484.6557,-1076.6828,0.0,0.0,0.0,-1285.5895,-16165.8396,604.6572,11827.7147,-2116.035,57.07450728,-4104.259100000001,-2058.96049272,-6163.219592720001
138,493.9682,1422.206,-1104.927,0.0,0.0,0.0,-1277.3497,-16078.5831,619.9581,11853.9687,-2162.7032,57.81253968,-4070.7588000000014,-2104.89066032,-6175.649460320002
139,505.5862,1410.8085,-1108.4323,0.0,0.0,0.0,-1291.8715,-16142.2948,585.6789,11829.7995,-2094.5309,56.58221376,-4210.7255000000005,-2037.9486862400001,-6248.67418624
140,486.4927,1425.582,-1102.7754,0.0,0.0,0.0,-1265.99,-16197.3848,611.2622,11817.1209,-2071.1113,58.61538936,-4225.6924,-2012.49591064,-6238.18831064
141,521.3223,1447.3856,-1100.5956,0.0,0.0,0.0,-1277.8281,-16249.867,594.1345,11827.1266,-2037.6768,57.338596800000005,-4238.3217,-1980.3382032,-6218.6599032
142,485.7931,1371.5784,-1063.5272,0.0,0.0,0.0,-1253.2408,-16168.6719,610.6139,11874.3351,-2139.2997,59.09763528,-4143.1194,-2080.20206472,-6223.321464719999
143,518.1449,1374.579,-1098.2772,0.0,0.0,0.0,-1272.7028,-16186.4101,624.5194,11913.8974,-2131.3264,57.72603888,-4126.249400000001,-2073.60036112,-6199.849761120001
144,503.42,1404.0888,-1077.3605,0.0,0.0,0.0,-1285.4602,-16168.235,603.6613,11872.8398,-2135.1217,56.35596888,-4147.045800000002,-2078.76573112,-6225.811531120002
145,497.771,1422.2726,-1095.1586,0.0,0.0,0.0,-1299.9428,-16126.0998,599.3641,11871.8522,-2190.6922,58.17257712,-4129.941299999999,-2132.51962288,-6262.460922879998
146,527.9253,1428.9487,-1089.5035,0.0,0.0,0.0,-1255.0596,-16215.1028,589.8709,11847.655,-2083.018,57.700339199999995,-4165.266,-2025.3176608,-6190.5836608
147,501.7192,1425.3089,-1092.9718,0.0,0.0,0.0,-1271.8949,-16176.8638,592.8028,11847.2788,-2106.5378,58.93485552,-4174.620799999999,-2047.6029444800001,-6222.2237444799985
148,508.0311,1393.8291,-1105.0025,0.0,0.0,0.0,-1234.3946,-16339.7656,600.2082,11869.5649,-2007.2225,56.602991519999996,-4307.529400000001,-1950.6195084800001,-6258.148908480001
149,500.9532,1446.5301,-1086.5071,0.0,0.0,0.0,-1288.4209,-16119.3954,608.1166,11915.0814,-2195.7718,57.14844336,-4023.6421000000028,-2138.62335664,-6162.265456640003
150,503.9381,1396.6244,-1093.2907,0.0,0.0,0.0,-1238.1312,-16209.0601,611.3235,11853.3909,-2085.8533,58.418891280000004,-4175.205099999999,-2027.4344087200002,-6202.63950872
151,493.732,1484.9637,-1083.2587,0.0,0.0,0.0,-1267.6099,-16078.8008,602.7663,11780.02,-2156.416,58.482733679999996,-4068.1874000000025,-2097.9332663200003,-6166.120666320003
152,555.3851,1429.1276,-1084.1305,0.0,0.0,0.0,-1294.1273,-16113.8921,593.8237,11815.3218,-2140.4588,59.60954376,-4098.491699999997,-2080.8492562399997,-6179.3409562399975
153,499.8825,1427.7486,-1079.374,0.0,0.0,0.0,-1292.506,-16296.2776,602.9749,11901.7415,-2036.7409,57.1901544,-4235.810100000001,-1979.5507456,-6215.3608456
154,520.9229,1461.6806,-1091.6696,0.0,0.0,0.0,-1262.8696,-16149.5146,609.855,11814.5269,-2097.6413,58.81747104,-4097.0684,-2038.8238289599997,-6135.89222896
155,505.9079,1436.4477,-1104.6993,0.0,0.0,0.0,-1287.5323,-16037.9692,601.0455,11784.0014,-2156.9113,59.59453032,-4102.7983,-2097.31676968,-6200.1150696800005
156,545.7774,1394.0001,-1078.0079,0.0,0.0,0.0,-1266.9776,-16300.2445,627.8549,11788.634,-1981.1478,58.252299119999996,-4288.963599999999,-1922.8955008799999,-6211.859100879999
157,522.9334,1366.2827,-1104.1874,0.0,0.0,0.0,-1292.5915,-16023.801,592.0935,11789.0387,-2148.5196,57.40454664,-4150.231600000001,-2091.1150533600003,-6241.34665336
158,518.9466,1343.2076,-1120.8,0.0,0.0,0.0,-1263.3252,-16101.8943,607.4252,11945.9394,-2252.5745,59.94439416,-4070.5007000000023,-2192.6301058400004,-6263.130805840003
159,515.4803,1366.8039,-1084.6057,0.0,0.0,0.0,-1285.1553,-16237.3457,608.566,11908.3074,-2085.6375,59.427597600000006,-4207.949099999998,-2026.2099024,-6234.159002399998
160,543.905,1446.0448,-1103.0686,0.0,0.0,0.0,-1256.2668,-16108.1392,609.63,11818.4683,-2202.3519,58.85277624,-4049.4264999999996,-2143.49912376,-6192.925623759999
161,516.652,1462.0453,-1094.3381,0.0,0.0,0.0,-1271.9181,-16186.9053,604.548,11774.0334,-2025.8079,56.144786399999994,-4195.882800000001,-1969.6631136,-6165.545913600001
162,500.8048,1430.8664,-1090.7652,0.0,0.0,0.0,-1274.5345,-16176.7625,610.1095,11847.0312,-2096.7322,57.27647736,-4153.2503,-2039.45572264,-6192.70602264
163,527.1463,1408.0394,-1096.7677,0.0,0.0,0.0,-1232.7244,-16243.8579,596.7858,11846.305,-2099.5488,57.75347016,-4195.0735,-2041.79532984,-6236.868829840001
164,501.5424,1414.1497,-1081.5359,0.0,0.0,0.0,-1273.4654,-16019.5937,607.4451,11849.7506,-2263.6041,59.2477848,-4001.7072000000007,-2204.3563152,-6206.063515200001
165,523.3456,1412.4984,-1076.557,0.0,0.0,0.0,-1271.1836,-16188.1698,621.7928,11902.4669,-2124.0134,58.643148239999995,-4075.806700000001,-2065.37025176,-6141.1769517600005
166,534.6457,1488.2192,-1080.5939,0.0,0.0,0.0,-1249.955,-16079.3202,603.5823,11768.4012,-2159.0851,60.08971535999999,-4015.020699999999,-2098.99538464,-6114.0160846399995
167,514.0696,1461.0995,-1073.304,0.0,0.0,0.0,-1268.5359,-16044.665,593.9301,11787.9286,-2191.5898,59.28734448,-4029.477100000002,-2132.30245552,-6161.779555520002
168,470.5727,1406.0954,-1111.1297,0.0,0.0,0.0,-1272.5415,-16208.5377,616.0431,11899.5733,-2105.4921,57.6782172,-4199.924400000002,-2047.8138827999999,-6247.738282800001
169,479.6757,1405.6266,-1119.2657,0.0,0.0,0.0,-1274.5387,-16075.293,603.1587,11814.8494,-2148.8801,56.8975932,-4165.787,-2091.9825068,-6257.7695068
170,514.1226,1361.5266,-1072.2474,0.0,0.0,0.0,-1258.3792,-16138.3699,592.3968,11837.5493,-2135.9271,58.58319168,-4163.4012,-2077.34390832,-6240.74510832
171,530.0915,1376.1819,-1086.4322,0.0,0.0,0.0,-1266.5033,-16148.2499,610.9018,11845.1702,-2141.0757,57.31869456,-4138.84,-2083.75700544,-6222.5970054399995
172,525.0389,1360.3436,-1097.2013,0.0,0.0,0.0,-1260.4324,-16158.2375,630.7435,11882.1394,-2155.5452,59.13819648,-4117.6057999999975,-2096.40700352,-6214.012803519998
173,496.4221,1454.2615,-1075.0096,0.0,0.0,0.0,-1254.2095,-16137.173,603.1771,11826.2226,-2141.1516,59.32020168,-4086.3088000000007,-2081.83139832,-6168.140198320001
174,486.5451,1403.649,-1103.3998,0.0,0.0,0.0,-1251.3909,-16089.837,608.2698,11838.4153,-2197.7647,59.86173383999999,-4107.7485,-2137.9029661600002,-6245.6514661599995
175,490.7069,1374.9865,-1094.5953,0.0,0.0,0.0,-1237.413,-16131.6778,620.4028,11884.784,-2206.2693,59.38239888,-4092.8058999999994,-2146.88690112,-6239.692801119999
176,515.0219,1437.3185,-1080.352,0.0,0.0,0.0,-1238.2348,-16042.1231,609.7876,11829.9141,-2243.2184,60.33778848,-3968.667800000001,-2182.88061152,-6151.548411520001
177,506.8091,1416.7206,-1065.5616,0.0,0.0,0.0,-1259.808,-16132.8157,596.2458,11830.8922,-2175.7024,59.7713328,-4107.517599999997,-2115.9310672,-6223.4486671999975
178,516.4058,1412.4722,-1061.9633,0.0,0.0,0.0,-1276.6954,-16087.084,622.733,11829.1798,-2172.9636,59.689748879999996,-4044.951900000002,-2113.27385112,-6158.225751120002
179,497.2019,1433.2704,-1070.372,0.0,0.0,0.0,-1265.7022,-16158.3457,611.5142,11841.4101,-2133.0223,56.6322948,-4111.023300000001,-2076.3900052,-6187.413305200002
180,500.4913,1441.6766,-1094.0787,0.0,0.0,0.0,-1231.4431,-16168.4602,632.1981,11834.0062,-2131.4642,60.69604968,-4085.6098,-2070.7681503199997,-6156.37795032
181,505.4638,1431.2131,-1077.4046,0.0,0.0,0.0,-1255.1907,-16045.987,603.916,11837.5544,-2219.358,58.94851104,-4000.4349999999995,-2160.40948896,-6160.84448896
182,553.8381,1414.4459,-1086.216,0.0,0.0,0.0,-1264.4998,-16200.8076,613.0252,11845.4835,-2143.0001,59.01926256,-4124.730699999998,-2083.9808374400004,-6208.711537439998
183,534.6465,1431.129,-1094.2437,0.0,0.0,0.0,-1248.9573,-16365.1889,617.5777,11868.5932,-1993.254,57.769879679999995,-4256.443499999999,-1935.4841203199999,-6191.92762032
184,516.9421,1398.2984,-1062.7937,0.0,0.0,0.0,-1269.4153,-16123.8303,608.336,11868.75,-2180.753,57.66266736,-4063.712800000001,-2123.0903326400003,-6186.803132640001
185,505.9174,1405.9773,-1111.6339,0.0,0.0,0.0,-1243.3667,-16079.1663,615.7621,11866.6989,-2245.7937,60.344649360000005,-4039.8112,-2185.44905064,-6225.26025064
186,518.9809,1454.5604,-1097.5228,0.0,0.0,0.0,-1251.7285,-16149.1402,600.9669,11891.5988,-2170.0162,59.28004512,-4032.2845000000016,-2110.73615488,-6143.0206548800015
187,518.9895,1417.0532,-1103.5421,0.0,0.0,0.0,-1286.2982,-16102.1649,606.7599,11879.83,-2180.8617,58.724601119999996,-4069.3726000000006,-2122.13709888,-6191.50969888
188,521.0367,1432.2733,-1074.3854,0.0,0.0,0.0,-1261.3896,-16201.0107,597.568,11847.0878,-2121.1037,58.96786824,-4138.8199,-2062.13583176,-6200.95573176
189,499.6727,1468.8065,-1094.4241,0.0,0.0,0.0,-1256.1248,-16058.3941,593.9848,11849.1871,-2241.3238,59.845844879999994,-3997.2918999999983,-2181.47795512,-6178.769855119998
190,488.8724,1390.9428,-1099.2157,0.0,0.0,0.0,-1271.5551,-16121.8147,614.3119,11901.6996,-2187.5268,58.79497392,-4096.7588,-2128.7318260800002,-6225.490626079999
191,490.778,1442.2469,-1087.917,0.0,0.0,0.0,-1267.6896,-16027.9022,602.8166,11833.442,-2231.6344,59.55233616,-4014.2253,-2172.08206384,-6186.30736384
192,478.2045,1394.5608,-1114.7788,0.0,0.0,0.0,-1265.2648,-16122.8525,616.2141,11886.4845,-2180.9315,60.2478072,-4127.432199999999,-2120.6836928000002,-6248.1158927999995
193,532.4321,1385.9922,-1068.2262,0.0,0.0,0.0,-1277.5589,-16097.1348,613.5373,11854.4778,-2175.8541,59.83242768,-4056.480499999998,-2116.02167232,-6172.502172319998
194,530.3174,1385.8495,-1079.074,0.0,0.0,0.0,-1279.372,-16069.9749,606.9812,11861.2814,-2199.8458,60.0774552,-4043.991400000001,-2139.7683448000002,-6183.759744800001
195,526.8828,1433.7745,-1086.9934,0.0,0.0,0.0,-1222.396,-16188.3402,606.0577,11852.3293,-2140.7729,61.3920492,-4078.685300000001,-2079.3808507999997,-6158.066150800001
196,512.1148,1413.611,-1082.4167,0.0,0.0,0.0,-1287.9895,-16145.0678,597.4715,11857.1611,-2117.6396,59.710700159999995,-4135.115600000003,-2057.9288998399998,-6193.0444998400035
197,499.802,1376.0773,-1096.2423,0.0,0.0,0.0,-1238.398,-16012.33,621.2388,11884.3869,-2293.5369,61.41904992,-3965.4653000000017,-2232.11785008,-6197.583150080001
198,504.2119,1399.9848,-1108.2719,0.0,0.0,0.0,-1241.8366,-16007.8813,585.9703,11874.74,-2287.722,60.79307616,-3993.0827999999983,-2226.92892384,-6220.011723839998
199,509.0289,1481.897,-1103.7318,0.0,0.0,0.0,-1279.7828,-16085.147,610.1228,11818.4206,-2172.0357,59.8448736,-4049.1923000000024,-2112.1908264,-6161.383126400003
200,498.4887,1341.3848,-1090.1651,0.0,0.0,0.0,-1271.9734,-16093.8254,600.813,11807.7926,-2111.4378,58.8907764,-4207.4848,-2052.5470236,-6260.0318236
201,513.275,1449.0467,-1104.6102,0.0,0.0,0.0,-1269.483,-15989.0229,596.8269,11822.5075,-2265.5986,63.27416232,-3981.459999999999,-2202.32443768,-6183.7844376799985
202,512.3043,1398.3035,-1101.2814,0.0,0.0,0.0,-1262.3778,-16109.2324,611.0019,11907.6723,-2227.8012,60.22923047999999,-4043.6096000000016,-2167.57196952,-6211.181569520001
203,506.3399,1473.1592,-1095.2605,0.0,0.0,0.0,-1248.4977,-16115.8069,610.2893,11814.1137,-2163.2332,59.188872239999995,-4055.6629999999986,-2104.04432776,-6159.707327759999
204,516.6048,1440.744,-1078.2365,0.0,0.0,0.0,-1240.0374,-16219.0926,601.3368,11822.2638,-2086.5753,60.85991448,-4156.417099999999,-2025.71538552,-6182.132485519999
205,507.6419,1401.4363,-1102.2616,0.0,0.0,0.0,-1252.7098,-16135.7045,623.4274,11850.893,-2155.7949,61.245711359999994,-4107.277299999998,-2094.54918864,-6201.8264886399975
206,502.8024,1422.2533,-1091.465,0.0,0.0,0.0,-1288.3817,-16185.0685,611.2523,11841.7375,-2070.5301,57.17540736,-4186.869699999999,-2013.35469264,-6200.22439264
207,498.4002,1472.3038,-1104.2412,0.0,0.0,0.0,-1266.3528,-16159.4502,603.1111,11809.1439,-2109.6535,58.388572079999996,-4147.0851999999995,-2051.26492792,-6198.35012792
208,527.9504,1411.2052,-1096.0785,0.0,0.0,0.0,-1269.0755,-16172.9879,609.8402,11868.908,-2143.9572,58.963537439999996,-4120.2381000000005,-2084.99366256,-6205.23176256
209,498.8219,1460.7699,-1089.3935,0.0,0.0,0.0,-1278.2521,-16186.4669,613.2528,11843.8521,-2133.5187,59.16524616,-4137.415800000001,-2074.35345384,-6211.7692538400015
210,533.8305,1383.3443,-1115.1258,0.0,0.0,0.0,-1253.931,-16238.8745,618.716,11825.1013,-2058.34,58.34652911999999,-4246.939199999999,-1999.9934708800001,-6246.932670879999
211,499.2185,1411.2663,-1084.4877,0.0,0.0,0.0,-1279.315,-16152.2209,611.852,11789.1741,-2094.1393,59.04722016,-4204.512700000001,-2035.0920798399998,-6239.604779840001
212,529.196,1430.1676,-1124.0827,0.0,0.0,0.0,-1243.5701,-16184.7979,613.6903,11808.0241,-2070.6371,59.64810048,-4171.3727,-2010.9889995199999,-6182.36169952
213,527.5765,1399.3831,-1106.3395,0.0,0.0,0.0,-1276.4088,-16090.9841,587.0295,11839.4318,-2209.695,59.28606792,-4120.311499999998,-2150.4089320800003,-6270.720432079997
214,543.3435,1445.7855,-1107.2443,0.0,0.0,0.0,-1254.2001,-15999.3908,610.5183,11781.6587,-2223.4277,61.91528472,-3979.529199999999,-2161.5124152800004,-6141.041615279999
215,511.9352,1420.0468,-1106.3886,0.0,0.0,0.0,-1222.4849,-16072.9765,627.7768,11766.3671,-2160.6652,63.342299520000005,-4075.724100000003,-2097.32290048,-6173.047000480003
216,488.0297,1450.8058,-1072.1167,0.0,0.0,0.0,-1272.5172,-16179.4425,605.1163,11857.5651,-2117.8842,57.786535439999994,-4122.559500000001,-2060.09766456,-6182.657164560002
217,509.6115,1470.9196,-1103.2531,0.0,0.0,0.0,-1265.6529,-16012.1922,597.7236,11744.9565,-2187.8157,59.95510416,-4057.8870000000006,-2127.8605958400003,-6185.747595840001
218,497.9757,1397.8649,-1111.2447,0.0,0.0,0.0,-1279.7859,-16121.0104,606.875,11805.5138,-2126.9044,59.812184880000004,-4203.811599999997,-2067.0922151199998,-6270.903815119997
219,530.3865,1332.2266,-1099.7962,0.0,0.0,0.0,-1264.5196,-16178.6879,623.0082,11850.7443,-2104.3787,58.366559519999996,-4206.638100000002,-2046.0121404800002,-6252.650240480002
220,488.7216,1380.2804,-1104.58,0.0,0.0,0.0,-1272.8082,-16197.8583,623.4886,11860.7712,-2109.7628,59.579832960000005,-4221.984700000001,-2050.1829670399998,-6272.167667040001
221,486.9991,1385.9639,-1103.0673,0.0,0.0,0.0,-1289.0343,-16102.5085,596.0868,11826.1564,-2132.3184,56.63159855999999,-4199.4038999999975,-2075.68680144,-6275.090701439997
222,511.1177,1459.469,-1124.6896,0.0,0.0,0.0,-1269.9312,-16169.6545,612.1964,11839.9631,-2109.0288,57.42713952,-4141.5291,-2051.60166048,-6193.1307604799995
223,507.8753,1375.9213,-1096.1331,0.0,0.0,0.0,-1234.7208,-16105.0972,605.2598,11837.6544,-2171.6624,61.98846624,-4109.240300000001,-2109.67393376,-6218.9142337600015
224,532.9641,1397.0278,-1094.3341,0.0,0.0,0.0,-1271.5158,-15964.6227,593.5241,11727.891,-2209.1665,58.70775528,-4079.0656,-2150.4587447199997,-6229.524344719999
225,539.8738,1455.1571,-1101.9088,0.0,0.0,0.0,-1258.6546,-15952.4091,615.9451,11771.926,-2255.8239,60.850961999999996,-3930.0705000000016,-2194.972938,-6125.043438000001
226,509.5419,1417.3266,-1129.2348,0.0,0.0,0.0,-1266.2678,-15936.9899,596.8555,11722.6923,-2223.9015,59.70566375999999,-4086.0761999999995,-2164.19583624,-6250.27203624
227,495.694,1436.2016,-1076.8348,0.0,0.0,0.0,-1245.5081,-16072.7766,609.046,11842.2531,-2192.7317,58.18121496,-4011.9248000000007,-2134.55048504,-6146.475285040001
228,500.4988,1426.6262,-1077.772,0.0,0.0,0.0,-1228.9794,-16210.9679,613.6282,11924.6056,-2162.9689,59.589899280000004,-4052.3605000000007,-2103.37900072,-6155.73950072
229,508.2543,1421.449,-1088.3185,0.0,0.0,0.0,-1273.9223,-16168.398,604.1819,11854.0759,-2108.1536,60.251930640000005,-4142.6777,-2047.9016693600001,-6190.57936936
230,513.7179,1435.659,-1115.7894,0.0,0.0,0.0,-1261.3389,-16167.9048,602.8017,11788.2472,-2071.808,58.823525520000004,-4204.6073000000015,-2012.98447448,-6217.591774480002
231,501.3363,1435.3651,-1139.3059,0.0,0.0,0.0,-1253.8505,-16097.1571,612.1093,11785.6739,-2127.1519,59.66577792,-4155.828900000002,-2067.48612208,-6223.315022080002
232,491.0063,1415.0227,-1102.4158,0.0,0.0,0.0,-1233.9311,-16215.7187,610.2746,11839.097,-2050.8445,60.162765840000006,-4196.664999999999,-1990.6817341600001,-6187.346734159999
233,519.5686,1447.6276,-1119.0345,0.0,0.0,0.0,-1238.277,-16202.5558,617.1031,11820.6374,-2068.1999,59.807337839999995,-4154.9306,-2008.3925621600001,-6163.323162159999
234,513.6545,1429.8116,-1103.5954,0.0,0.0,0.0,-1252.2439,-16061.9455,607.3958,11737.6582,-2128.9161,59.64955344,-4129.2647,-2069.26654656,-6198.53124656
235,522.8476,1371.0008,-1117.0295,0.0,0.0,0.0,-1254.9296,-16060.2608,594.1507,11837.1649,-2181.9062,60.75020664,-4107.055900000001,-2121.1559933599997,-6228.21189336
236,491.1329,1429.9554,-1114.4605,0.0,0.0,0.0,-1285.3403,-16203.9917,598.5182,11874.1049,-2073.4309,58.05871992,-4210.081099999999,-2015.37218008,-6225.453280079999
237,516.1435,1412.2884,-1116.8988,0.0,0.0,0.0,-1218.7824,-15987.9733,592.9166,11725.858,-2197.8296,61.486149600000005,-4076.4480000000003,-2136.3434504,-6212.7914504
238,511.7708,1395.673,-1101.0847,0.0,0.0,0.0,-1252.0415,-16041.818,615.5822,11860.2619,-2231.8542,61.83016343999999,-4011.6563000000006,-2170.0240365600002,-6181.68033656
239,512.1454,1418.6941,-1099.7637,0.0,0.0,0.0,-1254.8659,-16123.2798,595.9568,11771.2521,-2087.6037,60.272004239999994,-4179.860999999999,-2027.3316957600002,-6207.192695759999
240,516.0408,1418.8484,-1091.7744,0.0,0.0,0.0,-1258.2801,-16087.9312,609.4832,11807.9274,-2120.5088,59.53921776000001,-4085.6858999999986,-2060.96958224,-6146.6554822399985
241,486.0259,1404.9711,-1088.0566,0.0,0.0,0.0,-1265.4712,-16142.5184,593.4524,11871.2274,-2150.6104,58.58041824,-4140.369400000001,-2092.02998176,-6232.399381760001
242,533.0895,1415.4045,-1084.5537,0.0,0.0,0.0,-1288.2017,-16045.6201,595.1639,11794.1993,-2192.5073,58.6190592,-4080.5182999999997,-2133.8882408000004,-6214.4065408
243,523.0274,1400.6092,-1100.2685,0.0,0.0,0.0,-1276.2008,-16148.6494,595.8993,11838.2805,-2164.1187,58.60503936,-4167.302299999999,-2105.51366064,-6272.8159606399995
244,502.2184,1424.3008,-1087.847,0.0,0.0,0.0,-1251.5476,-16014.6624,611.043,11823.2314,-2230.3942,60.999672239999995,-3993.263399999998,-2169.39452776,-6162.6579277599985
245,512.6339,1441.5405,-1122.1356,0.0,0.0,0.0,-1254.6618,-16236.3428,612.9954,11817.6778,-2051.0766,58.33015776,-4228.2926000000025,-1992.7464422399999,-6221.039042240003
246,524.8899,1466.8939,-1083.3178,0.0,0.0,0.0,-1259.715,-16110.1574,579.6407,11734.021,-2095.3181,58.58073144,-4147.744699999999,-2036.73736856,-6184.48206856
247,507.0557,1458.1277,-1080.6712,0.0,0.0,0.0,-1243.9368,-16009.3447,616.2843,11812.9323,-2279.6535,61.548357599999996,-3939.5527,-2218.1051423999997,-6157.657842400001
248,502.2364,1434.3398,-1065.8643,0.0,0.0,0.0,-1297.8812,-15996.1028,597.0574,11810.1895,-2228.0354,59.14589832,-4016.025200000002,-2168.88950168,-6184.9147016800025
249,528.0153,1420.378,-1086.3223,0.0,0.0,0.0,-1250.6412,-16053.1071,602.848,11819.0959,-2217.2077,60.039377280000004,-4019.733399999999,-2157.16832272,-6176.901722719999
250,522.9382,1408.9437,-1075.6231,0.0,0.0,0.0,-1267.326,-16196.8361,600.1471,11926.6107,-2173.2385,57.97261224,-4081.1455000000024,-2115.2658877599997,-6196.411387760002
251,485.7028,1406.6135,-1102.1628,0.0,0.0,0.0,-1266.1237,-15960.8501,609.9134,11865.0902,-2303.7488,60.48993744,-3961.8166999999994,-2243.2588625599997,-6205.075562559999
252,485.5788,1454.3864,-1061.9865,0.0,0.0,0.0,-1263.5487,-15981.1085,592.9052,11794.0446,-2262.0488,60.268093199999996,-3979.7287000000015,-2201.7807068,-6181.509406800002
253,511.1721,1439.7708,-1119.0539,0.0,0.0,0.0,-1234.7209,-16103.6026,603.0622,11835.6212,-2180.4937,59.457259439999994,-4067.7510999999995,-2121.03644056,-6188.78754056
254,488.5383,1395.0098,-1087.8137,0.0,0.0,0.0,-1262.9787,-15993.8779,616.7963,11837.6002,-2283.7489,60.67400904,-4006.7256999999972,-2223.07489096,-6229.800590959998
255,499.5848,1336.9803,-1085.6234,0.0,0.0,0.0,-1268.3616,-16080.9662,600.4267,11849.2814,-2185.6141,58.96224648,-4148.678,-2126.65185352,-6275.329853519999
256,522.8136,1413.8421,-1104.472,0.0,0.0,0.0,-1271.7611,-16134.0875,614.2278,11914.5869,-2226.3658,60.55962623999999,-4044.850199999999,-2165.80617376,-6210.656373759998
257,509.5387,1356.6347,-1070.2297,0.0,0.0,0.0,-1268.3888,-16055.6004,601.8231,11836.0548,-2205.7992,59.82533712,-4090.1676000000007,-2145.97386288,-6236.14146288
258,476.582,1408.0402,-1127.8424,0.0,0.0,0.0,-1267.6066,-16079.2909,607.2968,11835.0196,-2194.2227,60.554302559999996,-4147.801299999999,-2133.66839744,-6281.469697439999
259,541.5185,1407.2248,-1119.2314,0.0,0.0,0.0,-1276.4215,-16052.7074,586.4696,11767.0977,-2155.928,60.60935807999999,-4146.049699999998,-2095.31864192,-6241.368341919998
260,509.0801,1426.5471,-1116.9949,0.0,0.0,0.0,-1256.2661,-16152.2415,603.723,11825.8361,-2143.5545,60.66050544,-4160.316199999999,-2082.89399456,-6243.21019456
261,475.9029,1459.0024,-1119.5141,0.0,0.0,0.0,-1242.8405,-16138.6578,617.6252,11841.5494,-2130.9458,59.61199824,-4106.932500000001,-2071.33380176,-6178.266301760001
262,472.5303,1417.4171,-1095.7369,0.0,0.0,0.0,-1257.9922,-16073.7798,592.9786,11819.9925,-2182.0279,59.70770208,-4124.590399999999,-2122.32019792,-6246.910597919999
263,512.0431,1440.3597,-1087.7012,0.0,0.0,0.0,-1267.6359,-16226.5769,610.7697,11874.1149,-2109.1491,59.84137512,-4144.6266,-2049.30772488,-6193.9343248800005
264,540.8818,1394.6475,-1079.0795,0.0,0.0,0.0,-1234.9888,-16133.6173,616.1193,11818.0866,-2147.882,60.139687679999994,-4077.950399999998,-2087.74231232,-6165.692712319998
265,525.7183,1424.03,-1098.3552,0.0,0.0,0.0,-1244.1151,-16126.6801,606.7814,11868.4772,-2193.9156,59.86501416,-4044.1435,-2134.0505858399997,-6178.19408584
266,499.5849,1434.1634,-1055.7656,0.0,0.0,0.0,-1259.4681,-16095.4195,593.9003,11788.0816,-2136.4728,59.22837792,-4094.9230000000025,-2077.24442208,-6172.167422080002
267,494.5436,1422.4772,-1091.5843,0.0,0.0,0.0,-1233.686,-16178.6965,607.9733,11888.7966,-2164.717,61.52805647999999,-4090.1761000000006,-2103.18894352,-6193.365043520002
268,524.701,1404.4912,-1098.2427,0.0,0.0,0.0,-1245.3086,-16059.0463,606.7691,11820.8663,-2248.2399,60.27704856,-4045.7700000000004,-2187.96285144,-6233.732851440001
269,491.7061,1450.6248,-1085.5483,0.0,0.0,0.0,-1288.2989,-16016.9377,597.1692,11866.3419,-2259.8452,58.45603824,-3984.942900000002,-2201.38916176,-6186.332061760002
270,495.5956,1464.3278,-1107.5915,0.0,0.0,0.0,-1246.7534,-16096.2397,617.671,11817.0813,-2188.0706,59.80411151999999,-4055.9088999999985,-2128.26648848,-6184.175388479998
271,490.5447,1489.4475,-1091.4016,0.0,0.0,0.0,-1274.7616,-15982.3515,581.4216,11815.8906,-2280.4883,59.79008664,-3971.2103000000006,-2220.69821336,-6191.908513360001
272,523.0335,1385.9294,-1089.9969,0.0,0.0,0.0,-1257.6771,-16127.608,591.5176,11885.8578,-2184.8489,61.2167076,-4088.9437000000016,-2123.6321924,-6212.575892400002
273,530.1346,1427.3683,-1092.593,0.0,0.0,0.0,-1278.2249,-16004.9505,614.2929,11768.9419,-2195.3096,57.9762324,-4035.030700000001,-2137.3333676,-6172.364067600001
274,531.8574,1475.9684,-1086.7639,0.0,0.0,0.0,-1234.9497,-16228.3761,584.701,11802.2888,-2058.9631,59.947272719999994,-4155.274099999997,-1999.01582728,-6154.289927279997
275,518.2696,1389.8009,-1112.4485,0.0,0.0,0.0,-1274.6861,-16034.8649,599.8487,11830.0449,-2243.7818,60.30061128,-4084.035399999999,-2183.4811887200003,-6267.516588719999
276,499.4622,1450.1811,-1101.0417,0.0,0.0,0.0,-1270.7503,-15852.3396,602.9564,11826.6593,-2400.4081,61.32937679999999,-3844.872599999999,-2339.0787232000002,-6183.951323199999
277,522.5856,1468.8247,-1086.6186,0.0,0.0,0.0,-1273.6965,-15971.4907,604.0764,11811.5337,-2271.685,60.66008423999999,-3924.7854000000007,-2211.02491576,-6135.81031576
278,507.9071,1456.9419,-1108.8787,0.0,0.0,0.0,-1289.3886,-16013.5772,603.7689,11836.8186,-2222.2332,60.22996272,-4006.4080000000013,-2162.00323728,-6168.411237280002
279,528.6621,1429.312,-1103.2383,0.0,0.0,0.0,-1270.0956,-16148.2918,604.1763,11825.7097,-2137.2872,60.074156159999994,-4133.765600000002,-2077.2130438400004,-6210.978643840003
280,522.9851,1476.0175,-1085.2252,0.0,0.0,0.0,-1275.1992,-16145.9351,594.3257,11758.9439,-2048.7985,58.03089912,-4154.087300000003,-1990.76760088,-6144.854900880003
281,528.9165,1384.0287,-1090.4305,0.0,0.0,0.0,-1249.6251,-16004.6708,604.546,11774.8059,-2202.0919,58.14562392,-4052.4293000000016,-2143.9462760799997,-6196.375576080001
282,518.5437,1372.7535,-1118.5229,0.0,0.0,0.0,-1277.3022,-16256.319,609.2664,11857.7029,-2054.4886,57.456192959999996,-4293.8776,-1997.0324070400002,-6290.91000704
283,472.3405,1435.1124,-1076.8953,0.0,0.0,0.0,-1253.4206,-16242.1237,614.9831,11863.0441,-2090.9855,57.622672800000004,-4186.959500000003,-2033.3628271999999,-6220.322327200002
284,494.3081,1445.1314,-1108.865,0.0,0.0,0.0,-1282.3642,-16014.4018,606.2385,11803.5235,-2186.9511,57.3543684,-4056.429500000002,-2129.5967316,-6186.026231600003
285,515.7681,1387.7849,-1079.2372,0.0,0.0,0.0,-1250.8213,-16161.9153,608.3246,11828.1166,-2145.0516,60.1859844,-4151.979600000001,-2084.8656155999997,-6236.8452156
286,502.0162,1428.1233,-1087.2831,0.0,0.0,0.0,-1275.6213,-16232.8972,603.0781,11891.8342,-2084.1394,56.966801759999996,-4170.749800000001,-2027.17259824,-6197.922398240002
287,516.3925,1439.3757,-1131.5335,0.0,0.0,0.0,-1273.0122,-16136.3854,601.7626,11794.1541,-2096.2674,58.04425152,-4189.2462,-2038.2231484800002,-6227.46934848
288,515.8754,1427.0244,-1105.3558,0.0,0.0,0.0,-1286.1105,-16110.4523,632.1752,11834.1963,-2150.8099,56.04189048,-4092.6473000000024,-2094.7680095200003,-6187.415309520003
289,520.9605,1492.2493,-1105.727,0.0,0.0,0.0,-1257.9387,-16182.3775,599.1554,11776.2523,-2077.6644,57.368291039999995,-4157.4257,-2020.29610896,-6177.721808959999
290,496.3746,1379.6006,-1131.1427,0.0,0.0,0.0,-1233.3725,-16097.126,623.5473,11798.148,-2154.7302,60.1177104,-4163.970700000002,-2094.6124896,-6258.583189600002
291,518.136,1440.4666,-1105.6535,0.0,0.0,0.0,-1226.5767,-16226.5065,606.5752,11822.1189,-2090.3941,61.612344719999996,-4171.4400000000005,-2028.78175528,-6200.22175528
292,521.0717,1420.7134,-1086.6,0.0,0.0,0.0,-1270.3096,-16225.5041,600.2027,11824.2867,-2067.083,59.10126048,-4216.1392,-2007.98173952,-6224.12093952
293,518.1134,1458.0005,-1094.4441,0.0,0.0,0.0,-1285.374,-16119.6551,610.1605,11847.3308,-2151.4354,57.93018624,-4065.8680000000004,-2093.50521376,-6159.373213760001
294,513.0023,1440.3179,-1062.7561,0.0,0.0,0.0,-1254.3592,-16045.2748,598.9059,11765.7803,-2184.8444,59.635251360000005,-4044.3836999999985,-2125.20914864,-6169.592848639998
295,497.4733,1433.1375,-1091.3612,0.0,0.0,0.0,-1299.1922,-16239.8784,610.7782,11821.8961,-2030.6796,57.95860248,-4267.146699999999,-1972.7209975199999,-6239.867697519999
296,491.7644,1435.6166,-1058.2129,0.0,0.0,0.0,-1276.5623,-16253.7463,602.5649,11831.0755,-2058.284,59.18463936,-4227.500100000001,-1999.0993606400002,-6226.599460640001
297,518.9811,1418.4668,-1098.6974,0.0,0.0,0.0,-1276.4028,-16146.3624,593.6864,11793.9122,-2115.2727,57.73893192,-4196.416099999999,-2057.53376808,-6253.949868079998
298,515.281,1415.0262,-1071.8471,0.0,0.0,0.0,-1248.9421,-16161.8425,611.7637,11816.8149,-2111.5897,59.798630159999995,-4123.7459000000035,-2051.79106984,-6175.536969840004
299,477.9591,1376.6114,-1100.4291,0.0,0.0,0.0,-1236.3029,-16095.3449,603.3344,11821.8494,-2201.2721,60.04040544,-4152.3225999999995,-2141.23169456,-6293.55429456
300,526.4112,1443.8666,-1098.0557,0.0,0.0,0.0,-1285.0166,-16147.1359,598.1862,11796.2545,-2086.9635,56.702773439999994,-4165.489699999998,-2030.2607265599997,-6195.750426559998
301,540.5888,1423.8401,-1058.572,0.0,0.0,0.0,-1288.7342,-15989.6047,607.2015,11763.4609,-2200.0328,58.001508,-4001.8196000000007,-2142.031292,-6143.850892
302,522.8452,1441.0716,-1101.9435,0.0,0.0,0.0,-1268.6276,-16054.6231,599.8766,11816.26,-2207.221,59.67820152,-4045.140799999999,-2147.54279848,-6192.683598479999
303,498.2822,1437.0886,-1083.6271,0.0,0.0,0.0,-1290.0155,-16124.5478,618.7047,11806.5803,-2131.0689,57.58911936,-4137.534599999999,-2073.47978064,-6211.014380639999
304,487.9202,1437.3098,-1129.5841,0.0,0.0,0.0,-1310.8308,-16100.1802,611.2874,11837.2715,-2183.4584,57.18531384,-4166.806199999999,-2126.27308616,-6293.079286159998
305,536.9566,1395.9396,-1085.1426,0.0,0.0,0.0,-1268.3246,-16145.0834,599.5531,11834.4262,-2146.5982,57.57889248,-4131.6751,-2089.01930752,-6220.694407520001
306,530.2324,1406.6947,-1119.0435,0.0,0.0,0.0,-1294.5116,-16076.3881,593.3545,11789.7915,-2156.2083,59.942857679999996,-4169.870100000002,-2096.2654423199997,-6266.135542320002
307,525.9378,1373.2748,-1053.268,0.0,0.0,0.0,-1276.91,-16128.5086,605.8982,11825.7134,-2158.0513,57.92312232,-4127.862399999998,-2100.12817768,-6227.990577679998
308,472.7948,1477.3691,-1092.1713,0.0,0.0,0.0,-1258.6433,-16005.1759,606.8641,11838.1742,-2289.2345,60.914792160000005,-3960.7883,-2228.31970784,-6189.108007840001
309,511.4987,1474.1186,-1115.5064,0.0,0.0,0.0,-1234.3631,-15954.7267,583.6147,11816.2261,-2316.0276,62.04021984,-3919.1381,-2253.9873801599997,-6173.12548016
310,500.3104,1436.2411,-1117.9949,0.0,0.0,0.0,-1276.0291,-16095.0393,600.5767,11840.1265,-2207.7576,57.75307848,-4111.8086,-2150.00452152,-6261.81312152
311,552.2054,1435.4777,-1073.4345,0.0,0.0,0.0,-1273.6598,-16095.667,598.0796,11752.1653,-2120.9187,57.5308548,-4104.833299999998,-2063.3878452000004,-6168.221145199998
312,527.9391,1404.4439,-1071.111,0.0,0.0,0.0,-1293.494,-16109.8287,603.8718,11830.5054,-2136.9127,56.5023348,-4107.673499999999,-2080.4103652,-6188.083865199998
313,515.3208,1405.9136,-1066.7975,0.0,0.0,0.0,-1268.7542,-16120.5896,589.1793,11846.5971,-2157.2034,58.958264879999994,-4099.1304999999975,-2098.2451351199998,-6197.375635119998
314,529.3528,1404.4183,-1071.4631,0.0,0.0,0.0,-1254.653,-16233.1163,585.5861,11854.7987,-2066.4752,59.96255328,-4185.076499999999,-2006.5126467199998,-6191.589146719999
315,493.9262,1428.0829,-1127.2528,0.0,0.0,0.0,-1232.2048,-16300.7882,617.015,11881.2621,-2057.2077,61.18254792,-4239.959600000002,-1996.02515208,-6235.984752080002
316,520.0873,1406.131,-1074.8352,0.0,0.0,0.0,-1254.5023,-16182.1643,597.3627,11836.5919,-2120.9979,58.38569424,-4151.328900000002,-2062.61220576,-6213.941105760003
317,527.3853,1440.5135,-1071.7436,0.0,0.0,0.0,-1253.6032,-16225.5156,595.1158,11831.4152,-2081.2121,57.037524479999995,-4156.4326,-2024.1745755200002,-6180.607175520001
318,508.6357,1470.6345,-1085.6215,0.0,0.0,0.0,-1248.8508,-16071.886,593.165,11759.8298,-2184.4527,60.01106256,-4074.0933000000005,-2124.44163744,-6198.53493744
319,499.7044,1398.9791,-1107.8684,0.0,0.0,0.0,-1232.8383,-16146.1632,608.4703,11843.1918,-2137.1569,60.97659408,-4136.524300000001,-2076.18030592,-6212.704605920001
320,507.2862,1379.7792,-1067.4398,0.0,0.0,0.0,-1220.259,-16200.6325,616.0692,11828.092,-2124.7003,59.55642216,-4157.104699999998,-2065.14387784,-6222.248577839999
321,506.6239,1435.0665,-1095.9711,0.0,0.0,0.0,-1269.7476,-16063.6222,597.5537,11774.9533,-2169.0758,60.17440536,-4115.1435,-2108.90139464,-6224.044894640001
322,505.4854,1423.9445,-1084.0804,0.0,0.0,0.0,-1250.3116,-16057.0761,603.9562,11822.1329,-2217.7103,60.72789744000001,-4035.949099999998,-2156.98240256,-6192.931502559999
323,522.2068,1389.4398,-1081.3613,0.0,0.0,0.0,-1227.482,-16087.9749,610.443,11854.0869,-2221.5438,62.801678159999994,-4020.6416999999983,-2158.74212184,-6179.383821839998
324,516.723,1466.7998,-1102.7754,0.0,0.0,0.0,-1268.6755,-16080.3552,592.3554,11776.4989,-2166.9558,59.09875416,-4099.428999999998,-2107.85704584,-6207.286045839998
325,485.765,1451.9849,-1096.7427,0.0,0.0,0.0,-1225.5739,-16162.8523,602.4549,11856.0859,-2161.1811,59.275900799999995,-4088.878200000001,-2101.9051992,-6190.7833992000005
326,495.2891,1411.904,-1082.0209,0.0,0.0,0.0,-1294.4801,-16223.5514,616.9074,11864.9113,-2098.1937,57.37305456,-4211.0406,-2040.82064544,-6251.86124544
327,523.163,1474.2775,-1107.8709,0.0,0.0,0.0,-1251.751,-16075.4729,619.5038,11851.0329,-2235.1174,59.70476448,-3967.1176000000014,-2175.41263552,-6142.530235520001
328,528.1894,1389.5812,-1087.9549,0.0,0.0,0.0,-1266.5101,-16003.0249,598.7536,11850.679,-2261.8677,59.22246456,-3990.2867000000006,-2202.64523544,-6192.93193544
329,518.83,1435.7583,-1090.6682,0.0,0.0,0.0,-1261.3911,-16193.5679,597.3292,11868.2495,-2133.1227,60.12877104,-4125.4601999999995,-2072.9939289599997,-6198.454128959999
330,486.4625,1394.9811,-1091.5392,0.0,0.0,0.0,-1270.7987,-16033.5759,611.5991,11777.2166,-2165.6523,59.11295904,-4125.654500000001,-2106.53934096,-6232.193840960001
331,498.579,1432.3577,-1113.8647,0.0,0.0,0.0,-1266.8035,-16257.9373,630.2211,11848.8464,-2076.3469,57.0492468,-4228.601299999998,-2019.2976532,-6247.898953199999
332,528.5398,1374.302,-1083.4453,0.0,0.0,0.0,-1301.4734,-16223.2284,601.5518,11873.4684,-2090.1602,57.50886672,-4230.285100000001,-2032.6513332799998,-6262.936433280001
333,502.1354,1401.406,-1060.9934,0.0,0.0,0.0,-1247.7289,-16195.2353,608.1178,11861.2709,-2142.3001,56.98254384,-4131.0275,-2085.31755616,-6216.34505616
334,519.3714,1347.3301,-1088.3729,0.0,0.0,0.0,-1286.443,-16167.4698,612.0894,11882.9947,-2145.001,56.443289039999996,-4180.500100000001,-2088.5577109600003,-6269.057810960001
335,512.3837,1435.689,-1112.0936,0.0,0.0,0.0,-1278.1407,-16133.4713,615.0764,11860.9292,-2176.0475,57.784318559999996,-4099.6273,-2118.26318144,-6217.89048144
336,539.9824,1392.574,-1095.7169,0.0,0.0,0.0,-1278.6581,-16102.2133,613.1417,11847.3668,-2164.3657,58.8993912,-4083.523399999998,-2105.4663087999998,-6188.989708799999
337,501.2441,1417.8282,-1090.7994,0.0,0.0,0.0,-1266.669,-16035.0259,605.647,11801.145,-2213.5378,56.89138752,-4066.630000000001,-2156.64641248,-6223.276412480001
338,500.0522,1426.9927,-1100.3566,0.0,0.0,0.0,-1303.3275,-16119.2083,611.9021,11805.2045,-2136.9624,57.728844,-4178.740900000001,-2079.2335559999997,-6257.974456000001
339,525.0307,1416.6613,-1097.3463,0.0,0.0,0.0,-1284.4454,-15992.2043,593.0375,11799.4635,-2236.2306,59.26888296,-4039.803,-2176.9617170399997,-6216.76471704
340,520.1367,1424.6821,-1083.4205,0.0,0.0,0.0,-1264.2005,-16061.8803,580.0806,11839.6666,-2232.8951,60.00417144,-4044.935299999999,-2172.8909285600002,-6217.8262285599985
341,524.8577,1396.5191,-1063.4134,0.0,0.0,0.0,-1251.7501,-16111.8135,605.4332,11825.2629,-2194.5425,58.48790184,-4074.9041000000016,-2136.05459816,-6210.958698160001
342,510.5855,1384.6297,-1070.2254,0.0,0.0,0.0,-1259.1356,-16097.7267,607.4614,11809.9653,-2188.1614,59.67833616000001,-4114.445799999998,-2128.48306384,-6242.928863839998
343,488.7666,1490.0948,-1076.9373,0.0,0.0,0.0,-1285.501,-16144.5718,609.5574,11839.6246,-2153.1685,58.47933312,-4078.966699999999,-2094.6891668800004,-6173.655866879999
344,521.5272,1404.0178,-1093.478,0.0,0.0,0.0,-1259.7589,-16147.3079,630.3413,11784.7856,-2124.7,58.0961952,-4159.872900000002,-2066.6038048,-6226.476704800002
345,486.2273,1423.1817,-1081.3057,0.0,0.0,0.0,-1259.3895,-16286.3587,621.9996,11887.6957,-2063.2363,58.438911600000004,-4207.9496,-2004.7973884,-6212.7469884
346,511.4686,1422.561,-1131.1605,0.0,0.0,0.0,-1255.8706,-16197.3816,598.8316,11835.3849,-2091.2958,57.35425968,-4216.1666000000005,-2033.9415403199998,-6250.1081403200005
347,483.303,1414.3923,-1102.6883,0.0,0.0,0.0,-1258.3031,-16070.8207,603.5312,11814.5582,-2164.5919,59.15669832,-4116.027400000001,-2105.43520168,-6221.46260168
348,513.6495,1460.3841,-1111.9875,0.0,0.0,0.0,-1248.3397,-16026.9629,594.6903,11741.7172,-2161.6754,59.67723383999999,-4076.849,-2101.99816616,-6178.847166160001
349,517.5098,1409.728,-1091.2017,0.0,0.0,0.0,-1243.4816,-16042.1421,575.3299,11762.7513,-2204.2758,59.278223520000004,-4111.506399999998,-2144.9975764799997,-6256.503976479998
350,549.0641,1452.6132,-1088.5892,0.0,0.0,0.0,-1286.7411,-16072.3233,595.2593,11750.8774,-2144.9103,57.72688704,-4099.839599999999,-2087.18341296,-6187.023012959999
351,523.3855,1407.0874,-1088.6269,0.0,0.0,0.0,-1237.2257,-16097.7928,600.1964,11836.0959,-2223.9012,59.031893520000004,-4056.8801999999996,-2164.86930648,-6221.74950648
352,499.4501,1399.9938,-1069.4885,0.0,0.0,0.0,-1247.1209,-16231.4703,606.7885,11825.9048,-2069.2234,58.9829076,-4215.942499999999,-2010.2404923999998,-6226.182992399999
353,505.474,1405.4495,-1086.8953,0.0,0.0,0.0,-1266.6563,-16191.58,619.2228,11851.3242,-2108.5701,58.49133912,-4163.661100000001,-2050.07876088,-6213.739860880001
354,522.7816,1436.4284,-1083.9042,0.0,0.0,0.0,-1280.5049,-16177.2659,596.2912,11853.1245,-2120.6369,58.593800879999996,-4133.049300000001,-2062.04309912,-6195.09239912
355,515.5243,1448.681,-1112.8167,0.0,0.0,0.0,-1252.6994,-16150.4266,612.3166,11794.2744,-2086.0574,59.2038864,-4145.146400000001,-2026.8535136,-6171.9999136000015
356,535.468,1418.2498,-1111.4677,0.0,0.0,0.0,-1281.1387,-16288.0192,607.6835,11810.5386,-1995.8236,57.70924632,-4308.685700000002,-1938.11435368,-6246.800053680002
357,493.0364,1427.4039,-1104.738,0.0,0.0,0.0,-1269.9554,-16152.1082,604.0496,11768.4434,-2078.8721,57.93134328,-4233.8683,-2020.94075672,-6254.809056720001
358,525.1787,1409.4973,-1123.5242,0.0,0.0,0.0,-1262.1772,-16135.9914,603.2497,11863.5271,-2164.2652,58.40307288,-4120.240000000002,-2105.86212712,-6226.102127120002
359,491.1911,1410.9684,-1064.7556,0.0,0.0,0.0,-1270.7445,-16103.854,616.4881,11817.4284,-2154.1903,58.37292288,-4103.278099999998,-2095.8173771200004,-6199.095477119998
360,490.0496,1429.0778,-1080.5176,0.0,0.0,0.0,-1269.2915,-16140.3775,628.8634,11819.6623,-2143.6002,59.339952,-4122.5335,-2084.260248,-6206.793747999999
361,480.7459,1433.7016,-1100.0519,0.0,0.0,0.0,-1281.759,-16099.1246,607.7184,11856.073,-2186.492,58.770485279999995,-4102.6965999999975,-2127.7215147200004,-6230.418114719998
362,536.1004,1398.1751,-1097.2261,0.0,0.0,0.0,-1264.0729,-16243.2989,591.7249,11815.0445,-2047.1671,57.482277839999995,-4263.553000000002,-1989.6848221599998,-6253.237822160001
363,519.284,1436.2872,-1084.819,0.0,0.0,0.0,-1283.195,-15968.5398,621.6645,11807.7877,-2275.3689,58.35725712,-3951.5303999999996,-2217.0116428799997,-6168.542042879999
364,536.0203,1413.7791,-1111.1612,0.0,0.0,0.0,-1300.8104,-16145.6167,605.1859,11802.5617,-2110.6593,58.805326799999996,-4200.041299999999,-2051.8539732,-6251.895273199998
365,503.014,1433.4002,-1099.7488,0.0,0.0,0.0,-1274.9703,-16170.0082,605.9555,11869.4702,-2139.4657,58.54418208,-4132.8874,-2080.92151792,-6213.808917920001
366,510.0114,1392.4404,-1082.3345,0.0,0.0,0.0,-1278.6104,-16356.6715,618.268,11911.2195,-2004.2373,57.4001352,-4285.677100000001,-1946.8371648,-6232.514264800001
367,471.1681,1455.6154,-1096.7119,0.0,0.0,0.0,-1283.7312,-16132.1562,592.1819,11842.0025,-2127.8235,60.4268316,-4151.6314,-2067.3966684,-6219.028068400001
368,500.666,1482.6357,-1079.4853,0.0,0.0,0.0,-1258.6775,-16066.9017,627.6293,11822.4616,-2197.9195,59.82908688,-3971.6718999999994,-2138.09041312,-6109.762313119999
369,495.2416,1373.6245,-1103.5386,0.0,0.0,0.0,-1264.5992,-16123.0299,602.6106,11824.305,-2126.1817,58.317522479999994,-4195.385999999999,-2067.86417752,-6263.250177519999
370,501.2807,1455.1783,-1083.739,0.0,0.0,0.0,-1266.2247,-16139.8793,607.5227,11817.6642,-2113.8157,59.06678256000001,-4108.197100000003,-2054.7489174400002,-6162.946017440003
371,509.1812,1433.7024,-1104.043,0.0,0.0,0.0,-1255.1981,-16120.7425,615.9924,11803.6193,-2137.6534,60.01732512,-4117.488299999999,-2077.6360748800003,-6195.124374879999
372,520.5658,1477.9143,-1109.8667,0.0,0.0,0.0,-1279.9582,-16127.1789,601.2942,11787.7103,-2114.5261,58.80911472,-4129.519200000001,-2055.7169852800002,-6185.23618528
373,508.4026,1380.9967,-1082.4617,0.0,0.0,0.0,-1244.3787,-16124.9871,614.0515,11850.4281,-2175.0062,59.80299264,-4097.948600000003,-2115.20320736,-6213.151807360003
374,500.5856,1400.4228,-1090.6494,0.0,0.0,0.0,-1247.1749,-16020.1473,599.023,11817.9742,-2228.7281,61.562191680000005,-4039.966000000002,-2167.1659083199997,-6207.131908320002
375,486.0906,1432.8597,-1063.4396,0.0,0.0,0.0,-1259.7243,-16188.3147,621.652,11873.8947,-2113.4202,61.422929999999994,-4096.981600000001,-2051.99727,-6148.978870000002
376,529.3973,1430.9691,-1094.6711,0.0,0.0,0.0,-1286.2413,-16189.6869,592.1606,11768.8214,-2024.425,56.77686216,-4249.250899999999,-1967.64813784,-6216.899037839999
377,500.7006,1396.7252,-1098.7567,0.0,0.0,0.0,-1268.463,-16119.7013,604.2304,11760.5845,-2100.3811,57.86279784,-4224.6803,-2042.51830216,-6267.1986021600005
378,519.9086,1377.636,-1087.7326,0.0,0.0,0.0,-1264.4854,-16102.2145,617.3268,11828.4112,-2160.0683,59.18839848,-4111.1499,-2100.8799015199997,-6212.029801520001
379,464.9297,1436.1578,-1092.6386,0.0,0.0,0.0,-1280.9535,-16076.6298,611.8713,11878.5613,-2214.3454,61.14779568,-4058.701799999999,-2153.19760432,-6211.899404319999
380,559.2472,1408.0709,-1100.8331,0.0,0.0,0.0,-1280.2586,-16162.9674,608.846,11863.871,-2130.7783,61.79385815999999,-4104.023999999999,-2068.98444184,-6173.008441839999
381,495.2451,1430.4337,-1117.1052,0.0,0.0,0.0,-1271.5237,-16045.3953,605.5877,11868.7836,-2259.2618,60.97009679999999,-4033.9740999999976,-2198.2917032,-6232.265803199998
382,494.504,1395.1239,-1055.5124,0.0,0.0,0.0,-1260.9033,-16202.3445,595.0748,11805.0243,-2093.8468,58.22481816,-4229.033199999998,-2035.6219818399998,-6264.655181839998
383,504.9205,1378.7404,-1084.1228,0.0,0.0,0.0,-1253.9393,-16088.084,610.2189,11888.4751,-2241.2815,59.952045600000005,-4043.7912000000033,-2181.3294544,-6225.120654400003
384,540.5462,1391.2494,-1079.5773,0.0,0.0,0.0,-1248.3012,-15991.0642,600.8081,11781.2541,-2262.4885,61.805632319999994,-4005.0849000000017,-2200.68286768,-6205.767767680001
385,525.0649,1437.3902,-1117.4838,0.0,0.0,0.0,-1266.0002,-15929.8648,614.4971,11798.7416,-2312.9579,61.27888176,-3937.654999999999,-2251.67901824,-6189.334018239998
386,524.4523,1465.4263,-1102.7998,0.0,0.0,0.0,-1273.5273,-16101.6955,596.4487,11818.4271,-2170.2052,59.91534288,-4073.2681999999986,-2110.28985712,-6183.558057119999
387,504.8974,1433.977,-1082.1574,0.0,0.0,0.0,-1259.121,-16042.1332,596.5984,11801.9423,-2223.6066,59.63709527999999,-4045.9964999999975,-2163.9695047200003,-6209.966004719998
388,487.8819,1422.4409,-1082.2178,0.0,0.0,0.0,-1272.1212,-16195.8756,625.0317,11896.469,-2120.7631,59.164680239999996,-4118.391099999999,-2061.59841976,-6179.989519759999
389,518.7326,1454.0542,-1091.6125,0.0,0.0,0.0,-1266.4824,-16001.3557,596.5399,11780.8404,-2228.4885,59.364873360000004,-4009.2834999999995,-2169.12362664,-6178.407126639999
390,478.6944,1404.2316,-1088.1159,0.0,0.0,0.0,-1296.1004,-16086.8154,614.1647,11802.0371,-2158.2473,58.662267119999996,-4171.903900000001,-2099.58503288,-6271.488932880001
391,515.7994,1418.4932,-1077.0288,0.0,0.0,0.0,-1276.4015,-16202.0512,610.8209,11874.5119,-2093.98,57.78315504,-4135.856100000001,-2036.19684496,-6172.052944960001
392,493.7812,1413.7726,-1104.8842,0.0,0.0,0.0,-1235.6458,-16099.2653,624.1491,11791.134,-2131.5768,59.5472868,-4116.9583999999995,-2072.0295131999997,-6188.9879132
393,521.8369,1395.4441,-1106.0383,0.0,0.0,0.0,-1259.1873,-16132.4036,633.3811,11874.9417,-2159.0347,59.71359887999999,-4072.0254000000004,-2099.32110112,-6171.3465011200005
394,525.5459,1423.3935,-1089.4723,0.0,0.0,0.0,-1271.9423,-16064.8223,604.6943,11876.3504,-2231.7958,60.436471680000004,-3996.252800000002,-2171.35932832,-6167.612128320002
395,487.5478,1418.0424,-1100.7401,0.0,0.0,0.0,-1266.0723,-16132.0179,615.2615,11849.7893,-2177.1141,58.72910256,-4128.189299999998,-2118.38499744,-6246.574297439998
396,501.5131,1432.8092,-1084.4596,0.0,0.0,0.0,-1284.7048,-16137.6721,594.5121,11863.313,-2139.2187,58.36418856,-4114.689100000001,-2080.85451144,-6195.543611440001
397,507.1011,1457.8104,-1098.0881,0.0,0.0,0.0,-1259.7121,-16221.0275,615.7648,11830.5585,-2092.4102,60.734016000000004,-4167.5929,-2031.6761839999997,-6199.269084
398,524.1526,1442.6308,-1107.6622,0.0,0.0,0.0,-1284.0901,-16129.4614,605.0786,11789.4453,-2135.3811,60.978767760000004,-4159.9064,-2074.40233224,-6234.308732240001
399,535.3534,1426.5446,-1075.9276,0.0,0.0,0.0,-1251.234,-16235.1556,605.7782,11868.1436,-2075.3251,59.44229568,-4126.4974,-2015.88280432,-6142.38020432
400,522.4504,1444.4649,-1076.4526,0.0,0.0,0.0,-1266.3521,-16179.7492,614.3233,11807.6428,-2098.7417,58.57940448,-4133.672500000002,-2040.16229552,-6173.834795520002
401,520.9086,1419.6078,-1091.9854,0.0,0.0,0.0,-1252.5643,-16062.6571,609.1007,11762.4457,-2158.7051,58.16358792,-4095.1440000000002,-2100.5415120800003,-6195.68551208
402,500.2271,1416.8527,-1067.5149,0.0,0.0,0.0,-1255.1657,-16169.1716,611.4179,11826.9479,-2101.1642,59.599058400000004,-4136.406599999998,-2041.5651416,-6177.9717415999985
403,494.8709,1471.2986,-1102.0086,0.0,0.0,0.0,-1262.7364,-16183.6429,616.6655,11838.7029,-2116.2818,60.16567320000001,-4126.850000000002,-2056.1161268,-6182.966126800003
404,521.3627,1417.0268,-1112.51,0.0,0.0,0.0,-1228.9692,-16063.5667,620.0418,11810.8305,-2200.5719,60.4434996,-4035.7841000000008,-2140.1284004,-6175.912500400001
405,514.9464,1427.5443,-1122.6457,0.0,0.0,0.0,-1250.0924,-15970.2564,589.4795,11797.2703,-2276.1608,61.48679832,-4013.753999999999,-2214.67400168,-6228.4280016799985
406,521.4614,1454.6861,-1151.9852,0.0,0.0,0.0,-1211.3464,-16121.9472,593.384,11768.0527,-2132.6758,59.88566808,-4147.694600000001,-2072.79013192,-6220.484731920001
407,516.6943,1500.3851,-1101.3075,0.0,0.0,0.0,-1282.6549,-16100.0732,610.4941,11784.5777,-2180.0401,60.346028159999996,-4071.884400000001,-2119.69407184,-6191.578471840001
408,520.7033,1413.0631,-1061.113,0.0,0.0,0.0,-1233.2202,-16216.9817,615.7045,11836.2782,-2109.954,60.35905512,-4125.5658,-2049.59494488,-6175.16074488
409,514.9063,1416.9663,-1072.1904,0.0,0.0,0.0,-1263.0894,-16079.3226,612.0761,11822.4608,-2200.2203,58.99563432000001,-4048.1929,-2141.22466568,-6189.41756568
410,528.2756,1490.4682,-1105.1484,0.0,0.0,0.0,-1269.5814,-16127.4718,587.0529,11787.0727,-2110.4362,59.9874264,-4109.332199999999,-2050.4487736,-6159.780973599999
411,510.5567,1434.0916,-1093.0109,0.0,0.0,0.0,-1258.0405,-15991.9044,600.6703,11815.8096,-2262.4514,60.91321104,-3981.8275999999987,-2201.53818896,-6183.365788959999
412,526.7957,1382.4385,-1070.8555,0.0,0.0,0.0,-1268.3754,-16146.8937,600.468,11816.3169,-2112.0521,58.75036344,-4160.1055,-2053.30173656,-6213.40723656
413,506.9061,1449.3955,-1120.5578,0.0,0.0,0.0,-1274.3398,-16167.2678,615.442,11839.7782,-2107.1054,59.03274887999999,-4150.643599999999,-2048.07265112,-6198.7162511199995
414,521.9393,1392.4461,-1062.7584,0.0,0.0,0.0,-1236.0778,-16071.952,616.8808,11892.0533,-2261.5876,63.432475200000006,-3947.4686999999994,-2198.1551247999996,-6145.623824799999
415,514.3701,1462.7355,-1104.2179,0.0,0.0,0.0,-1265.2857,-16257.9716,614.9503,11867.6166,-2076.0016,62.012163599999994,-4167.802700000002,-2013.9894364000002,-6181.792136400001
416,538.6768,1438.2317,-1106.4042,0.0,0.0,0.0,-1266.9806,-16147.5829,605.9823,11812.2727,-2152.5346,61.27670087999999,-4125.8042000000005,-2091.25789912,-6217.06209912
417,528.3191,1436.1931,-1078.5725,0.0,0.0,0.0,-1274.6315,-16219.0922,620.7267,11835.5628,-2061.7635,60.46307568,-4151.494500000001,-2001.30042432,-6152.794924320001
418,515.4017,1447.2428,-1075.9985,0.0,0.0,0.0,-1230.2072,-16222.516,618.6457,11784.1417,-2038.7976,59.705581679999995,-4163.289799999999,-1979.09201832,-6142.381818319998
419,483.1924,1468.2022,-1082.0357,0.0,0.0,0.0,-1275.6232,-16079.4384,619.4698,11803.7145,-2157.785,58.49785152,-4062.518399999997,-2099.28714848,-6161.805548479997
420,523.6357,1386.5697,-1109.6449,0.0,0.0,0.0,-1271.4628,-16130.3567,605.665,11813.3423,-2120.7047,59.51977344,-4182.251700000001,-2061.18492656,-6243.436626560001
421,495.8768,1467.7263,-1092.3986,0.0,0.0,0.0,-1244.496,-16099.0712,620.902,11812.1662,-2181.3833,60.09394968,-4039.294500000002,-2121.28935032,-6160.583850320001
422,522.5923,1452.4209,-1082.4694,0.0,0.0,0.0,-1281.8752,-16215.8206,631.4941,11855.4051,-2082.6101,58.9947516,-4118.252799999998,-2023.6153484,-6141.868148399998
423,500.3821,1446.8679,-1111.3246,0.0,0.0,0.0,-1256.8441,-16056.3203,616.8303,11789.0843,-2191.0563,62.50592952,-4071.3243999999977,-2128.5503704800003,-6199.874770479998
424,483.8679,1420.8549,-1083.7578,0.0,0.0,0.0,-1297.9169,-16147.848,629.872,11842.5415,-2120.4463,60.785650079999996,-4152.386399999999,-2059.66064992,-6212.047049919999
425,517.7356,1442.6902,-1131.3826,0.0,0.0,0.0,-1227.6567,-16188.2845,599.8433,11815.6171,-2117.4107,61.72841088,-4171.437600000001,-2055.68228912,-6227.119889120001
426,500.1211,1364.6409,-1098.2513,0.0,0.0,0.0,-1243.4662,-16233.1008,620.2752,11863.4976,-2070.8154,61.82351856,-4226.2835,-2008.99188144,-6235.275381439999
427,515.8186,1481.2231,-1112.0256,0.0,0.0,0.0,-1272.0313,-16172.0251,604.695,11787.6702,-2047.2267,59.04494784,-4166.6751,-1988.1817521599999,-6154.856852160001
428,516.2981,1481.3152,-1110.2478,0.0,0.0,0.0,-1231.0686,-16251.7373,598.7342,11781.6922,-1994.4624,60.212818799999994,-4215.013999999999,-1934.2495812,-6149.2635812
429,521.6583,1423.1825,-1113.9553,0.0,0.0,0.0,-1278.477,-16057.0181,586.555,11784.9157,-2158.1694,61.708392,-4133.1389,-2096.461008,-6229.599908
430,487.1539,1493.8693,-1108.1196,0.0,0.0,0.0,-1252.6487,-16136.4884,610.5822,11746.45,-2076.0907,61.544599919999996,-4159.201299999997,-2014.54610008,-6173.7474000799975
431,497.3628,1431.5524,-1101.7177,0.0,0.0,0.0,-1244.8887,-16134.1207,595.5628,11789.8655,-2108.7006,61.15233384,-4166.383600000001,-2047.5482661600001,-6213.931866160001
432,489.6273,1407.7123,-1082.0498,0.0,0.0,0.0,-1270.2108,-16154.0428,606.1285,11818.1449,-2118.6966,59.779013039999995,-4184.690399999998,-2058.9175869600003,-6243.607986959998
433,511.0856,1448.3858,-1064.4925,0.0,0.0,0.0,-1282.638,-15963.068,604.1754,11794.6215,-2263.9601,60.627157919999995,-3951.9302000000007,-2203.3329420799996,-6155.263142080001
434,528.9088,1424.9339,-1084.224,0.0,0.0,0.0,-1259.2989,-16033.0794,620.4081,11859.0976,-2285.3392,60.78482424,-3943.2539000000015,-2224.55437576,-6167.808275760002
435,517.5174,1417.5372,-1079.4188,0.0,0.0,0.0,-1248.6787,-15884.428,614.7086,11784.3166,-2315.6548,62.716348079999996,-3878.4457,-2252.93845192,-6131.3841519200005
436,517.0764,1413.8795,-1105.8974,0.0,0.0,0.0,-1268.805,-15921.8237,598.6989,11783.0433,-2267.5012,60.53026392,-3983.828000000003,-2206.9709360800002,-6190.798936080004
437,503.0987,1405.6303,-1080.3725,0.0,0.0,0.0,-1286.2317,-16060.7012,607.0785,11805.361,-2169.7524,59.908096799999996,-4106.136899999998,-2109.8443032,-6215.981203199997
438,526.3414,1439.0455,-1115.1192,0.0,0.0,0.0,-1257.5766,-16173.6444,613.9291,11822.2478,-2100.3609,59.3506548,-4144.7764000000025,-2041.0102452,-6185.786645200003
439,576.7129,1357.5798,-1092.4456,0.0,0.0,0.0,-1249.1896,-16039.2361,597.452,11788.9423,-2228.8839,60.741721440000006,-4060.184300000001,-2168.1421785599996,-6228.32647856
440,528.3135,1445.828,-1093.298,0.0,0.0,0.0,-1229.386,-16131.3518,612.9362,11815.5774,-2175.559,59.26914792,-4051.3806999999997,-2116.2898520800004,-6167.67055208
441,478.658,1481.9187,-1108.9377,0.0,0.0,0.0,-1267.5312,-16107.0756,605.9763,11842.3631,-2179.6523,58.394087279999994,-4074.628399999998,-2121.2582127200003,-6195.886612719997
442,494.852,1393.4338,-1111.2313,0.0,0.0,0.0,-1252.1992,-16161.2298,613.7934,11870.4978,-2168.9813,59.50590336,-4152.083299999998,-2109.47539664,-6261.558696639998
443,456.7752,1400.0642,-1097.2711,0.0,0.0,0.0,-1257.1697,-16206.6001,619.4783,11928.3491,-2153.619,59.860119600000004,-4156.374099999999,-2093.7588804,-6250.1329804
444,507.1299,1466.7374,-1103.284,0.0,0.0,0.0,-1261.5054,-16015.1694,596.1586,11827.4638,-2265.0587,59.2523244,-3982.469100000002,-2205.8063756,-6188.275475600001
445,503.0592,1365.4549,-1098.3343,0.0,0.0,0.0,-1252.1395,-15957.8889,614.9958,11827.9576,-2294.6721,60.00857784,-3996.895200000001,-2234.66352216,-6231.558722160001
446,513.1353,1407.2454,-1102.2237,0.0,0.0,0.0,-1261.5935,-16233.916,604.4717,11812.9475,-2051.146,57.9665232,-4259.933300000001,-1993.1794768000002,-6253.1127768000015
447,478.6023,1428.1909,-1108.3365,0.0,0.0,0.0,-1280.3634,-16171.4454,611.157,11844.8493,-2113.4235,56.73115944,-4197.345800000001,-2056.69234056,-6254.038140560001
448,506.26,1409.2808,-1094.6311,0.0,0.0,0.0,-1246.5094,-16028.1554,608.8527,11843.6372,-2243.6494,60.27452136,-4001.2652,-2183.3748786399997,-6184.64007864
449,539.118,1427.3313,-1108.4202,0.0,0.0,0.0,-1241.0097,-16128.215,602.6272,11796.3824,-2176.5847,59.98765464,-4112.185999999998,-2116.59704536,-6228.783045359997
450,505.1509,1411.1734,-1103.3726,0.0,0.0,0.0,-1262.4415,-16157.9412,594.421,11850.759,-2119.1188,58.84235784,-4162.251,-2060.27644216,-6222.527442160001
451,516.0128,1437.338,-1037.1156,0.0,0.0,0.0,-1253.6565,-15996.2185,617.9625,11802.6969,-2264.064,60.358961519999994,-3912.9804000000004,-2203.70503848,-6116.685438480001
452,489.656,1463.978,-1084.174,0.0,0.0,0.0,-1257.3489,-16131.6138,613.6167,11842.9051,-2137.7666,59.92081992,-4062.980899999997,-2077.8457800799997,-6140.826680079997
453,527.7483,1420.0121,-1097.7056,0.0,0.0,0.0,-1266.4573,-16189.257,623.0166,11759.3237,-2012.9697,59.423857919999996,-4223.3192,-1953.54584208,-6176.8650420799995
454,508.3436,1383.1114,-1084.4282,0.0,0.0,0.0,-1254.5485,-16145.4896,600.2693,11835.8271,-2120.2984,59.83221456,-4156.914900000002,-2060.46618544,-6217.381085440002
455,521.8282,1445.4108,-1099.9179,0.0,0.0,0.0,-1269.2053,-16068.9316,598.3901,11778.8913,-2117.1086,60.04560888,-4093.5344000000005,-2057.06299112,-6150.59739112
456,503.6996,1388.1213,-1082.7141,0.0,0.0,0.0,-1276.5983,-16032.8991,612.7608,11864.9794,-2252.2482,60.53915592,-4022.6503999999986,-2191.70904408,-6214.359444079999
457,509.0147,1464.4703,-1080.325,0.0,0.0,0.0,-1255.1654,-15950.9329,604.0058,11784.5901,-2286.505,58.742490239999995,-3924.3423999999995,-2227.7625097600003,-6152.10490976
458,501.6967,1422.5297,-1087.2313,0.0,0.0,0.0,-1256.0081,-16050.897,602.6586,11784.9867,-2170.2642,61.002640799999995,-4082.2646999999997,-2109.2615592,-6191.526259199999
459,530.625,1371.2263,-1060.2836,0.0,0.0,0.0,-1257.4501,-16079.201,609.3799,11840.9469,-2188.9865,60.4305108,-4044.756599999999,-2128.5559892,-6173.312589199999
460,516.9886,1357.8138,-1062.028,0.0,0.0,0.0,-1275.2414,-15966.3628,593.1619,11833.0217,-2312.3073,60.4827576,-4002.646200000001,-2251.8245424,-6254.470742400002
461,506.714,1400.6189,-1052.6419,0.0,0.0,0.0,-1284.0078,-15985.9163,608.748,11757.8741,-2217.7643,58.8638556,-4048.611000000001,-2158.9004443999997,-6207.511444400001
462,515.7687,1474.1019,-1090.3505,0.0,0.0,0.0,-1251.2489,-16116.7396,593.1627,11791.2868,-2122.6489,60.350423039999995,-4084.018900000001,-2062.2984769600002,-6146.317376960001
463,542.6983,1391.8447,-1088.2314,0.0,0.0,0.0,-1276.7255,-16075.5475,596.5001,11797.9545,-2156.093,57.258092160000004,-4111.506800000001,-2098.8349078399997,-6210.341707840001
464,489.1462,1463.3618,-1118.4478,0.0,0.0,0.0,-1263.0804,-16035.0088,613.6734,11807.0888,-2218.1619,58.932558,-4043.2667999999994,-2159.229342,-6202.496141999999
465,493.1665,1455.7731,-1092.2939,0.0,0.0,0.0,-1243.7933,-16072.8034,620.0937,11823.2462,-2186.2037,60.83616096,-4016.611100000002,-2125.36753904,-6141.978639040002
466,487.1875,1417.2074,-1088.7191,0.0,0.0,0.0,-1227.1283,-16082.6644,618.6528,11783.6012,-2165.1135,62.04141504,-4091.862900000002,-2103.0720849599998,-6194.934984960001
467,508.6884,1448.9682,-1088.0995,0.0,0.0,0.0,-1264.7543,-16043.5899,616.7587,11769.7324,-2172.5217,58.96180871999999,-4052.2960000000003,-2113.5598912799996,-6165.85589128
468,481.6797,1395.3011,-1100.7214,0.0,0.0,0.0,-1277.1404,-16117.1273,601.718,11800.7995,-2109.6593,57.98444328,-4215.490800000001,-2051.6748567199998,-6267.165656720001
469,513.4394,1414.8195,-1105.9926,0.0,0.0,0.0,-1259.094,-16118.5816,613.024,11730.8271,-2078.743,58.91373648,-4211.5581999999995,-2019.82926352,-6231.38746352
470,535.8129,1457.9818,-1079.12,0.0,0.0,0.0,-1260.5739,-16167.6252,604.7254,11804.3611,-2075.1541,59.392970639999994,-4104.437900000003,-2015.7611293600003,-6120.199029360002
471,507.4394,1476.1651,-1112.4858,0.0,0.0,0.0,-1230.9351,-16220.6657,602.0592,11800.3005,-2059.4329,60.67512,-4178.122400000002,-1998.7577799999997,-6176.880180000002
472,533.2436,1419.8559,-1101.3962,0.0,0.0,0.0,-1269.5409,-16052.2765,602.3212,11776.4976,-2158.8837,59.361920639999994,-4091.295299999998,-2099.52177936,-6190.817079359998
473,492.8685,1412.9494,-1092.2268,0.0,0.0,0.0,-1263.4477,-15936.4691,612.5205,11772.6285,-2268.0375,61.559732159999996,-4001.1767,-2206.47776784,-6207.6544678400005
474,508.5099,1420.581,-1108.0394,0.0,0.0,0.0,-1275.5912,-16061.599,613.6341,11874.604,-2243.1812,60.169632480000004,-4027.900600000001,-2183.01156752,-6210.912167520001
475,541.5937,1416.4943,-1092.9361,0.0,0.0,0.0,-1288.2517,-16187.1427,610.3643,11837.7433,-2106.6181,58.11598007999999,-4162.134900000001,-2048.50211992,-6210.637019920001
476,481.2806,1374.9765,-1072.0134,0.0,0.0,0.0,-1247.1647,-16113.0828,611.9556,11769.5517,-2122.3673,59.35282416,-4194.496499999999,-2063.0144758399997,-6257.510975839999
477,519.611,1477.2087,-1117.6506,0.0,0.0,0.0,-1243.1882,-16142.5652,608.9357,11814.3707,-2146.8983,58.29856416,-4083.277899999999,-2088.59973584,-6171.877635839999
478,503.7629,1432.322,-1096.1781,0.0,0.0,0.0,-1254.7861,-15922.2434,617.5465,11773.8127,-2285.1456,59.276142,-3945.763499999999,-2225.8694579999997,-6171.632957999999
479,484.0117,1449.3054,-1105.5594,0.0,0.0,0.0,-1265.1209,-16067.6345,610.6493,11818.243,-2168.6393,59.16919248,-4076.1053999999986,-2109.4701075199996,-6185.575507519999
480,509.4564,1456.1451,-1106.2158,0.0,0.0,0.0,-1264.6985,-16005.6579,609.3613,11790.9423,-2220.2538,59.06579184,-4010.6671000000006,-2161.1880081599998,-6171.855108160001
481,497.0195,1443.3887,-1096.5246,0.0,0.0,0.0,-1251.1631,-16103.7693,604.4451,11801.6269,-2156.1043,61.26472368,-4104.9768,-2094.83957632,-6199.81637632
482,481.2505,1412.3117,-1084.9782,0.0,0.0,0.0,-1257.0049,-16141.7436,623.8987,11819.4383,-2133.9401,61.58120904,-4146.827499999999,-2072.35889096,-6219.186390959999
483,467.4131,1393.9674,-1059.1736,0.0,0.0,0.0,-1267.165,-16172.4472,619.8871,11859.9243,-2112.7311,57.382596,-4157.593900000002,-2055.348504,-6212.942404000001
484,520.2556,1431.1613,-1073.4353,0.0,0.0,0.0,-1267.1816,-16209.1813,595.9693,11819.5122,-2053.0768,57.59918856,-4182.899800000001,-1995.47761144,-6178.377411440001
485,495.8466,1369.7147,-1089.7921,0.0,0.0,0.0,-1262.3761,-16101.5479,612.7162,11814.0016,-2148.8214,59.41496232,-4161.437,-2089.4064376799997,-6250.84343768
486,485.5213,1434.3722,-1079.3647,0.0,0.0,0.0,-1261.7855,-16085.1253,624.7207,11783.915,-2143.3251,58.55634575999999,-4097.746299999997,-2084.76875424,-6182.515054239997
487,544.8149,1389.6261,-1064.9977,0.0,0.0,0.0,-1249.2342,-16000.7958,599.0307,11822.488,-2259.8407,60.48601128,-3959.068000000001,-2199.35468872,-6158.422688720002
488,492.6941,1413.6009,-1081.6697,0.0,0.0,0.0,-1285.9442,-16076.6323,590.9089,11771.9252,-2118.3852,59.335040160000005,-4175.1170999999995,-2059.05015984,-6234.16725984
489,513.263,1424.1287,-1071.9711,0.0,0.0,0.0,-1272.7733,-16152.7183,614.227,11799.9813,-2091.1789,60.15714048,-4145.8627,-2031.02175952,-6176.88445952
490,521.0222,1388.3968,-1086.5633,0.0,0.0,0.0,-1259.9737,-15973.483,603.0993,11817.0592,-2242.75,60.53809752,-3990.442499999999,-2182.21190248,-6172.65440248
491,497.4079,1458.7391,-1108.7848,0.0,0.0,0.0,-1251.8143,-16073.4473,597.877,11785.4207,-2173.9705,61.2162108,-4094.6016999999974,-2112.7542892,-6207.355989199997
492,558.0297,1448.4055,-1137.4967,0.0,0.0,0.0,-1232.2155,-16015.7864,622.4993,11754.6556,-2174.349,59.45281056,-4001.9085000000014,-2114.89618944,-6116.804689440001
493,475.0814,1416.1011,-1131.4232,0.0,0.0,0.0,-1277.9485,-16032.43,597.9966,11757.4726,-2144.2952,59.05697544,-4195.1500000000015,-2085.23822456,-6280.388224560002
494,493.9355,1435.6435,-1101.5221,0.0,0.0,0.0,-1265.1011,-15955.4228,592.1542,11768.6686,-2246.2886,60.047861759999996,-4031.644199999999,-2186.2407382399997,-6217.8849382399985
495,531.9698,1409.6712,-1102.7952,0.0,0.0,0.0,-1201.4861,-16042.0597,596.3005,11750.163,-2170.4729,59.616300960000004,-4058.236500000001,-2110.85659904,-6169.093099040001
496,464.6465,1456.645,-1080.2331,0.0,0.0,0.0,-1267.3515,-16130.6983,599.4714,11786.3432,-2128.8251,60.63747192,-4171.176799999999,-2068.18762808,-6239.364428079999
497,503.8198,1447.2898,-1102.8705,0.0,0.0,0.0,-1229.5282,-16117.4096,611.2523,11782.6107,-2097.7539,59.34499632,-4104.835700000001,-2038.40890368,-6143.244603680001
498,501.2293,1441.5015,-1103.9093,0.0,0.0,0.0,-1242.7207,-15966.4639,612.6198,11775.4463,-2236.0999,60.72737831999999,-3982.2970000000005,-2175.3725216800003,-6157.669521680001
499,509.7263,1461.5337,-1128.1388,0.0,0.0,0.0,-1224.7261,-16027.0196,607.2404,11800.8534,-2198.0683,59.572789920000005,-4000.5306999999975,-2138.49551008,-6139.026210079997

