#Frame   pw_nb_121_F_NE1[EVDW] pw_nb_121_F_NE1[EELEC]
       1               -0.0153                 5.6625
       2               -0.0154                 5.6695
       3               -0.0144                 5.6033
       4               -0.0141                 5.5846
       5               -0.0158                 5.6982
       6               -0.0146                 5.6205
       7               -0.0146                 5.6215
       8               -0.0146                 5.6188
       9               -0.0148                 5.6333
      10               -0.0152                 5.6617
      11               -0.0158                 5.6994
      12               -0.0155                 5.6779
      13               -0.0152                 5.6556
      14               -0.0148                 5.6329
      15               -0.0159                 5.7054
      16               -0.0127                 5.4839
      17               -0.0153                 5.6630
      18               -0.0168                 5.7604
      19               -0.0144                 5.6060
      20               -0.0155                 5.6795
      21               -0.0154                 5.6716
      22               -0.0142                 5.5908
      23               -0.0145                 5.6128
      24               -0.0147                 5.6235
      25               -0.0157                 5.6887
      26               -0.0141                 5.5864
      27               -0.0162                 5.7204
      28               -0.0137                 5.5612
      29               -0.0168                 5.7588
      30               -0.0154                 5.6711
      31               -0.0160                 5.7096
      32               -0.0160                 5.7114
      33               -0.0155                 5.6758
      34               -0.0141                 5.5875
      35               -0.0151                 5.6552
      36               -0.0146                 5.6226
      37               -0.0165                 5.7403
      38               -0.0138                 5.5671
      39               -0.0161                 5.7181
      40               -0.0157                 5.6902
      41               -0.0142                 5.5940
      42               -0.0137                 5.5592
      43               -0.0151                 5.6498
      44               -0.0143                 5.5969
      45               -0.0139                 5.5731
      46               -0.0143                 5.6011
      47               -0.0157                 5.6909
      48               -0.0146                 5.6225
      49               -0.0149                 5.6413
      50               -0.0142                 5.5925
      51               -0.0153                 5.6676
      52               -0.0137                 5.5548
      53               -0.0143                 5.5994
      54               -0.0150                 5.6462
      55               -0.0153                 5.6669
      56               -0.0145                 5.6142
      57               -0.0146                 5.6172
      58               -0.0147                 5.6292
      59               -0.0161                 5.7168
      60               -0.0154                 5.6714
      61               -0.0147                 5.6244
      62               -0.0142                 5.5954
      63               -0.0156                 5.6864
      64               -0.0137                 5.5550
      65               -0.0145                 5.6109
      66               -0.0139                 5.5702
      67               -0.0152                 5.6613
      68               -0.0169                 5.7662
      69               -0.0143                 5.6013
      70               -0.0158                 5.6991
      71               -0.0151                 5.6497
      72               -0.0147                 5.6270
      73               -0.0154                 5.6685
      74               -0.0148                 5.6300
      75               -0.0151                 5.6499
      76               -0.0148                 5.6298
      77               -0.0161                 5.7169
      78               -0.0149                 5.6412
      79               -0.0164                 5.7334
      80               -0.0163                 5.7295
      81               -0.0165                 5.7376
      82               -0.0132                 5.5192
      83               -0.0152                 5.6592
      84               -0.0163                 5.7251
      85               -0.0162                 5.7196
      86               -0.0148                 5.6346
      87               -0.0163                 5.7254
      88               -0.0156                 5.6868
      89               -0.0160                 5.7121
      90               -0.0147                 5.6276
      91               -0.0150                 5.6449
      92               -0.0155                 5.6766
      93               -0.0144                 5.6027
      94               -0.0151                 5.6502
      95               -0.0144                 5.6046
      96               -0.0146                 5.6176
      97               -0.0155                 5.6801
      98               -0.0142                 5.5951
      99               -0.0143                 5.5986
     100               -0.0160                 5.7068
     101               -0.0145                 5.6099
     102               -0.0173                 5.7896
     103               -0.0137                 5.5609
     104               -0.0144                 5.6093
     105               -0.0153                 5.6673
     106               -0.0143                 5.5972
     107               -0.0151                 5.6527
     108               -0.0148                 5.6308
     109               -0.0167                 5.7498
     110               -0.0157                 5.6908
     111               -0.0154                 5.6743
     112               -0.0143                 5.6014
     113               -0.0159                 5.7059
     114               -0.0159                 5.7057
     115               -0.0152                 5.6570
     116               -0.0147                 5.6246
     117               -0.0146                 5.6203
     118               -0.0165                 5.7376
     119               -0.0147                 5.6239
     120               -0.0151                 5.6494
     121               -0.0155                 5.6765
     122               -0.0153                 5.6671
     123               -0.0158                 5.6973
     124               -0.0163                 5.7298
     125               -0.0169                 5.7633
     126               -0.0159                 5.7003
     127               -0.0138                 5.5671
     128               -0.0165                 5.7419
     129               -0.0151                 5.6513
     130               -0.0152                 5.6559
     131               -0.0160                 5.7071
     132               -0.0150                 5.6441
     133               -0.0155                 5.6799
     134               -0.0159                 5.7034
     135               -0.0160                 5.7110
     136               -0.0157                 5.6886
     137               -0.0150                 5.6480
     138               -0.0144                 5.6028
     139               -0.0158                 5.6952
     140               -0.0149                 5.6420
     141               -0.0139                 5.5685
     142               -0.0138                 5.5631
     143               -0.0144                 5.6037
     144               -0.0151                 5.6515
     145               -0.0152                 5.6584
     146               -0.0165                 5.7425
     147               -0.0148                 5.6296
     148               -0.0143                 5.5966
     149               -0.0139                 5.5690
     150               -0.0147                 5.6243
     151               -0.0153                 5.6683
     152               -0.0144                 5.6047
     153               -0.0155                 5.6802
     154               -0.0157                 5.6920
     155               -0.0145                 5.6127
     156               -0.0149                 5.6423
     157               -0.0139                 5.5716
     158               -0.0149                 5.6418
     159               -0.0167                 5.7549
     160               -0.0160                 5.7104
     161               -0.0147                 5.6266
     162               -0.0164                 5.7313
     163               -0.0139                 5.5723
     164               -0.0153                 5.6680
     165               -0.0152                 5.6599
     166               -0.0167                 5.7543
     167               -0.0169                 5.7641
     168               -0.0136                 5.5530
     169               -0.0146                 5.6162
     170               -0.0162                 5.7209
     171               -0.0144                 5.6073
     172               -0.0167                 5.7538
     173               -0.0142                 5.5921
     174               -0.0137                 5.5586
     175               -0.0149                 5.6424
     176               -0.0148                 5.6328
     177               -0.0163                 5.7255
     178               -0.0154                 5.6704
     179               -0.0142                 5.5917
     180               -0.0137                 5.5585
     181               -0.0150                 5.6452
     182               -0.0154                 5.6742
     183               -0.0146                 5.6218
     184               -0.0152                 5.6562
     185               -0.0155                 5.6757
     186               -0.0147                 5.6260
     187               -0.0127                 5.4871
     188               -0.0175                 5.7983
     189               -0.0156                 5.6814
     190               -0.0154                 5.6744
     191               -0.0148                 5.6358
     192               -0.0160                 5.7112
     193               -0.0152                 5.6567
     194               -0.0149                 5.6391
     195               -0.0150                 5.6435
     196               -0.0152                 5.6594
     197               -0.0151                 5.6509
     198               -0.0159                 5.7015
     199               -0.0148                 5.6331
     200               -0.0140                 5.5778
     201               -0.0151                 5.6538
     202               -0.0147                 5.6274
     203               -0.0162                 5.7231
     204               -0.0137                 5.5552
     205               -0.0155                 5.6799
     206               -0.0161                 5.7160
     207               -0.0171                 5.7779
     208               -0.0145                 5.6143
     209               -0.0147                 5.6258
     210               -0.0159                 5.7050
     211               -0.0161                 5.7134
     212               -0.0150                 5.6480
     213               -0.0141                 5.5873
     214               -0.0144                 5.6036
     215               -0.0153                 5.6684
     216               -0.0147                 5.6249
     217               -0.0146                 5.6173
     218               -0.0164                 5.7368
     219               -0.0147                 5.6243
     220               -0.0152                 5.6619
     221               -0.0165                 5.7383
     222               -0.0154                 5.6709
     223               -0.0160                 5.7124
     224               -0.0157                 5.6894
     225               -0.0146                 5.6221
     226               -0.0128                 5.4966
     227               -0.0161                 5.7142
     228               -0.0141                 5.5853
     229               -0.0143                 5.5993
     230               -0.0142                 5.5942
     231               -0.0160                 5.7117
     232               -0.0153                 5.6646
     233               -0.0144                 5.6041
     234               -0.0166                 5.7439
     235               -0.0160                 5.7067
     236               -0.0165                 5.7431
     237               -0.0154                 5.6693
     238               -0.0147                 5.6244
     239               -0.0156                 5.6842
     240               -0.0145                 5.6096
     241               -0.0156                 5.6868
     242               -0.0161                 5.7165
     243               -0.0151                 5.6517
     244               -0.0154                 5.6731
     245               -0.0158                 5.6945
     246               -0.0148                 5.6298
     247               -0.0155                 5.6768
     248               -0.0161                 5.7181
     249               -0.0161                 5.7161
     250               -0.0152                 5.6602
     251               -0.0163                 5.7307
     252               -0.0170                 5.7676
     253               -0.0153                 5.6672
     254               -0.0153                 5.6625
     255               -0.0143                 5.5974
     256               -0.0141                 5.5855
     257               -0.0145                 5.6156
     258               -0.0145                 5.6110
     259               -0.0150                 5.6435
     260               -0.0144                 5.6039
     261               -0.0162                 5.7227
     262               -0.0154                 5.6737
     263               -0.0149                 5.6405
     264               -0.0152                 5.6567
     265               -0.0169                 5.7630
     266               -0.0157                 5.6907
     267               -0.0142                 5.5903
     268               -0.0143                 5.6022
     269               -0.0153                 5.6649
     270               -0.0141                 5.5879
     271               -0.0141                 5.5844
     272               -0.0141                 5.5824
     273               -0.0134                 5.5368
     274               -0.0144                 5.6041
     275               -0.0151                 5.6524
     276               -0.0138                 5.5636
     277               -0.0140                 5.5816
     278               -0.0141                 5.5874
     279               -0.0163                 5.7250
     280               -0.0142                 5.5927
     281               -0.0153                 5.6657
     282               -0.0138                 5.5676
     283               -0.0169                 5.7616
     284               -0.0148                 5.6352
     285               -0.0150                 5.6445
     286               -0.0157                 5.6915
     287               -0.0152                 5.6597
     288               -0.0151                 5.6549
     289               -0.0141                 5.5885
     290               -0.0147                 5.6291
     291               -0.0166                 5.7459
     292               -0.0160                 5.7125
     293               -0.0161                 5.7147
     294               -0.0144                 5.6078
     295               -0.0161                 5.7169
     296               -0.0157                 5.6877
     297               -0.0151                 5.6514
     298               -0.0130                 5.5052
     299               -0.0135                 5.5437
     300               -0.0159                 5.7004
     301               -0.0147                 5.6272
     302               -0.0153                 5.6661
     303               -0.0139                 5.5712
     304               -0.0154                 5.6746
     305               -0.0149                 5.6417
     306               -0.0143                 5.6004
     307               -0.0146                 5.6166
     308               -0.0129                 5.5007
     309               -0.0147                 5.6272
     310               -0.0139                 5.5718
     311               -0.0139                 5.5697
     312               -0.0160                 5.7116
     313               -0.0147                 5.6244
     314               -0.0162                 5.7247
     315               -0.0141                 5.5831
     316               -0.0162                 5.7203
     317               -0.0142                 5.5912
     318               -0.0130                 5.5061
     319               -0.0154                 5.6728
     320               -0.0142                 5.5917
     321               -0.0139                 5.5710
     322               -0.0157                 5.6918
     323               -0.0157                 5.6937
     324               -0.0144                 5.6053
     325               -0.0152                 5.6617
     326               -0.0135                 5.5459
     327               -0.0160                 5.7120
     328               -0.0156                 5.6875
     329               -0.0139                 5.5743
     330               -0.0163                 5.7299
     331               -0.0152                 5.6588
     332               -0.0166                 5.7463
     333               -0.0150                 5.6466
     334               -0.0158                 5.6956
     335               -0.0156                 5.6854
     336               -0.0140                 5.5781
     337               -0.0145                 5.6132
     338               -0.0149                 5.6417
     339               -0.0144                 5.6084
     340               -0.0152                 5.6559
     341               -0.0155                 5.6775
     342               -0.0152                 5.6564
     343               -0.0146                 5.6167
     344               -0.0143                 5.5988
     345               -0.0132                 5.5217
     346               -0.0151                 5.6543
     347               -0.0155                 5.6790
     348               -0.0148                 5.6312
     349               -0.0142                 5.5943
     350               -0.0153                 5.6668
     351               -0.0150                 5.6451
     352               -0.0160                 5.7102
     353               -0.0154                 5.6697
     354               -0.0168                 5.7596
     355               -0.0145                 5.6113
     356               -0.0158                 5.6995
     357               -0.0154                 5.6694
     358               -0.0163                 5.7269
     359               -0.0147                 5.6255
     360               -0.0164                 5.7354
     361               -0.0140                 5.5761
     362               -0.0141                 5.5867
     363               -0.0144                 5.6052
     364               -0.0138                 5.5633
     365               -0.0126                 5.4805
     366               -0.0154                 5.6719
     367               -0.0164                 5.7329
     368               -0.0145                 5.6132
     369               -0.0161                 5.7132
     370               -0.0143                 5.6024
     371               -0.0135                 5.5421
     372               -0.0159                 5.7047
     373               -0.0159                 5.7020
     374               -0.0151                 5.6551
     375               -0.0142                 5.5932
     376               -0.0146                 5.6197
     377               -0.0153                 5.6649
     378               -0.0144                 5.6075
     379               -0.0141                 5.5842
     380               -0.0155                 5.6805
     381               -0.0153                 5.6653
     382               -0.0132                 5.5222
     383               -0.0145                 5.6152
     384               -0.0138                 5.5669
     385               -0.0141                 5.5873
     386               -0.0139                 5.5706
     387               -0.0136                 5.5492
     388               -0.0148                 5.6323
     389               -0.0155                 5.6794
     390               -0.0146                 5.6189
     391               -0.0162                 5.7223
     392               -0.0151                 5.6538
     393               -0.0135                 5.5423
     394               -0.0136                 5.5506
     395               -0.0159                 5.7044
     396               -0.0142                 5.5950
     397               -0.0165                 5.7383
     398               -0.0151                 5.6529
     399               -0.0144                 5.6031
     400               -0.0155                 5.6783
     401               -0.0147                 5.6231
     402               -0.0146                 5.6193
     403               -0.0149                 5.6390
     404               -0.0143                 5.6024
     405               -0.0142                 5.5930
     406               -0.0142                 5.5904
     407               -0.0145                 5.6145
     408               -0.0154                 5.6687
     409               -0.0158                 5.6983
     410               -0.0157                 5.6915
     411               -0.0150                 5.6435
     412               -0.0146                 5.6212
     413               -0.0138                 5.5640
     414               -0.0153                 5.6656
     415               -0.0149                 5.6404
     416               -0.0151                 5.6519
     417               -0.0162                 5.7201
     418               -0.0163                 5.7301
     419               -0.0161                 5.7170
     420               -0.0161                 5.7144
     421               -0.0137                 5.5579
     422               -0.0155                 5.6755
     423               -0.0163                 5.7307
     424               -0.0151                 5.6493
     425               -0.0160                 5.7104
     426               -0.0142                 5.5952
     427               -0.0161                 5.7182
     428               -0.0149                 5.6392
     429               -0.0163                 5.7283
     430               -0.0163                 5.7280
     431               -0.0161                 5.7143
     432               -0.0130                 5.5084
     433               -0.0151                 5.6521
     434               -0.0158                 5.6966
     435               -0.0157                 5.6927
     436               -0.0157                 5.6932
     437               -0.0157                 5.6930
     438               -0.0154                 5.6693
     439               -0.0145                 5.6097
     440               -0.0153                 5.6663
     441               -0.0153                 5.6665
     442               -0.0141                 5.5865
     443               -0.0147                 5.6249
     444               -0.0161                 5.7130
     445               -0.0155                 5.6794
     446               -0.0137                 5.5573
     447               -0.0151                 5.6530
     448               -0.0145                 5.6154
     449               -0.0156                 5.6860
     450               -0.0145                 5.6147
     451               -0.0151                 5.6500
     452               -0.0137                 5.5568
     453               -0.0145                 5.6160
     454               -0.0146                 5.6206
     455               -0.0143                 5.5993
     456               -0.0144                 5.6027
     457               -0.0141                 5.5887
     458               -0.0137                 5.5575
     459               -0.0148                 5.6343
     460               -0.0155                 5.6785
     461               -0.0135                 5.5439
     462               -0.0137                 5.5563
     463               -0.0156                 5.6862
     464               -0.0138                 5.5681
     465               -0.0165                 5.7383
     466               -0.0155                 5.6781
     467               -0.0151                 5.6516
     468               -0.0149                 5.6416
     469               -0.0137                 5.5583
     470               -0.0151                 5.6532
     471               -0.0147                 5.6231
     472               -0.0152                 5.6609
     473               -0.0157                 5.6910
     474               -0.0160                 5.7084
     475               -0.0144                 5.6047
     476               -0.0167                 5.7547
     477               -0.0143                 5.5985
     478               -0.0186                 5.8619
     479               -0.0155                 5.6801
     480               -0.0166                 5.7475
     481               -0.0149                 5.6387
     482               -0.0145                 5.6133
     483               -0.0159                 5.7044
     484               -0.0158                 5.6966
     485               -0.0160                 5.7120
     486               -0.0150                 5.6467
     487               -0.0134                 5.5381
     488               -0.0148                 5.6334
     489               -0.0136                 5.5512
     490               -0.0149                 5.6418
     491               -0.0144                 5.6040
     492               -0.0147                 5.6257
     493               -0.0151                 5.6512
     494               -0.0152                 5.6614
     495               -0.0142                 5.5920
     496               -0.0139                 5.5733
     497               -0.0149                 5.6403
     498               -0.0146                 5.6182
     499               -0.0142                 5.5897
     500               -0.0164                 5.7314
     501               -0.0147                 5.6237
     502               -0.0168                 5.7554
     503               -0.0162                 5.7195
     504               -0.0153                 5.6684
     505               -0.0151                 5.6538
     506               -0.0167                 5.7534
     507               -0.0137                 5.5611
     508               -0.0150                 5.6437
     509               -0.0161                 5.7173
     510               -0.0146                 5.6215
     511               -0.0142                 5.5946
     512               -0.0150                 5.6490
     513               -0.0174                 5.7954
     514               -0.0152                 5.6592
     515               -0.0143                 5.6018
     516               -0.0137                 5.5552
     517               -0.0140                 5.5793
     518               -0.0150                 5.6448
     519               -0.0150                 5.6439
     520               -0.0151                 5.6535
     521               -0.0149                 5.6409
     522               -0.0165                 5.7383
     523               -0.0143                 5.6019
     524               -0.0137                 5.5560
     525               -0.0162                 5.7213
     526               -0.0160                 5.7112
     527               -0.0135                 5.5443
     528               -0.0156                 5.6841
     529               -0.0159                 5.7029
     530               -0.0167                 5.7511
     531               -0.0163                 5.7280
     532               -0.0140                 5.5778
     533               -0.0166                 5.7451
     534               -0.0137                 5.5596
     535               -0.0157                 5.6926
     536               -0.0159                 5.7040
     537               -0.0150                 5.6479
     538               -0.0154                 5.6702
     539               -0.0146                 5.6213
     540               -0.0145                 5.6106
     541               -0.0142                 5.5905
     542               -0.0141                 5.5848
     543               -0.0157                 5.6888
     544               -0.0144                 5.6057
     545               -0.0153                 5.6629
     546               -0.0147                 5.6249
     547               -0.0156                 5.6861
     548               -0.0162                 5.7229
     549               -0.0151                 5.6501
     550               -0.0152                 5.6612
     551               -0.0163                 5.7259
     552               -0.0150                 5.6438
     553               -0.0153                 5.6677
     554               -0.0155                 5.6751
     555               -0.0158                 5.6974
     556               -0.0187                 5.8671
     557               -0.0159                 5.7018
     558               -0.0152                 5.6580
     559               -0.0180                 5.8272
     560               -0.0144                 5.6036
     561               -0.0155                 5.6753
     562               -0.0150                 5.6430
     563               -0.0145                 5.6097
     564               -0.0166                 5.7472
     565               -0.0160                 5.7109
     566               -0.0147                 5.6257
     567               -0.0140                 5.5819
     568               -0.0145                 5.6155
     569               -0.0134                 5.5387
     570               -0.0144                 5.6092
     571               -0.0143                 5.6005
     572               -0.0144                 5.6059
     573               -0.0162                 5.7229
     574               -0.0138                 5.5646
     575               -0.0145                 5.6104
     576               -0.0148                 5.6336
     577               -0.0161                 5.7179
     578               -0.0133                 5.5300
     579               -0.0156                 5.6870
     580               -0.0139                 5.5742
     581               -0.0156                 5.6867
     582               -0.0168                 5.7558
     583               -0.0150                 5.6457
     584               -0.0160                 5.7123
     585               -0.0147                 5.6237
     586               -0.0149                 5.6380
     587               -0.0132                 5.5207
     588               -0.0154                 5.6714
     589               -0.0150                 5.6429
     590               -0.0154                 5.6727
     591               -0.0147                 5.6266
     592               -0.0153                 5.6630
     593               -0.0138                 5.5659
     594               -0.0152                 5.6559
     595               -0.0153                 5.6663
     596               -0.0173                 5.7891
     597               -0.0155                 5.6762
     598               -0.0140                 5.5811
     599               -0.0156                 5.6835
     600               -0.0153                 5.6668
     601               -0.0152                 5.6569
     602               -0.0147                 5.6262
     603               -0.0154                 5.6715
     604               -0.0151                 5.6529
     605               -0.0143                 5.6007
     606               -0.0143                 5.5998
     607               -0.0141                 5.5856
     608               -0.0146                 5.6182
     609               -0.0155                 5.6773
     610               -0.0142                 5.5948
     611               -0.0153                 5.6637
     612               -0.0153                 5.6636
     613               -0.0151                 5.6511
     614               -0.0140                 5.5766
     615               -0.0163                 5.7305
     616               -0.0148                 5.6310
     617               -0.0143                 5.6005
     618               -0.0134                 5.5386
     619               -0.0147                 5.6259
     620               -0.0161                 5.7138
     621               -0.0159                 5.7020
     622               -0.0150                 5.6489
     623               -0.0171                 5.7746
     624               -0.0149                 5.6384
     625               -0.0144                 5.6073
     626               -0.0147                 5.6261
     627               -0.0143                 5.6010
     628               -0.0148                 5.6328
     629               -0.0139                 5.5706
     630               -0.0151                 5.6504
     631               -0.0152                 5.6600
     632               -0.0160                 5.7112
     633               -0.0147                 5.6263
     634               -0.0155                 5.6793
     635               -0.0162                 5.7219
     636               -0.0137                 5.5546
     637               -0.0146                 5.6219
     638               -0.0140                 5.5799
     639               -0.0166                 5.7482
     640               -0.0157                 5.6909
     641               -0.0153                 5.6630
     642               -0.0158                 5.6945
     643               -0.0148                 5.6302
     644               -0.0145                 5.6159
     645               -0.0140                 5.5801
     646               -0.0155                 5.6788
     647               -0.0142                 5.5945
     648               -0.0151                 5.6506
     649               -0.0159                 5.7033
     650               -0.0160                 5.7111
     651               -0.0144                 5.6091
     652               -0.0159                 5.7030
     653               -0.0149                 5.6416
     654               -0.0139                 5.5683
     655               -0.0168                 5.7612
     656               -0.0137                 5.5578
     657               -0.0142                 5.5913
     658               -0.0146                 5.6221
     659               -0.0164                 5.7345
     660               -0.0143                 5.5980
     661               -0.0144                 5.6063
     662               -0.0152                 5.6585
     663               -0.0133                 5.5276
     664               -0.0137                 5.5595
     665               -0.0142                 5.5899
     666               -0.0149                 5.6378
     667               -0.0144                 5.6041
     668               -0.0156                 5.6862
     669               -0.0148                 5.6348
     670               -0.0151                 5.6519
     671               -0.0147                 5.6247
     672               -0.0156                 5.6848
     673               -0.0146                 5.6212
     674               -0.0151                 5.6507
     675               -0.0153                 5.6676
     676               -0.0141                 5.5881
     677               -0.0150                 5.6467
     678               -0.0149                 5.6411
     679               -0.0154                 5.6729
     680               -0.0141                 5.5869
     681               -0.0149                 5.6411
     682               -0.0158                 5.6996
     683               -0.0152                 5.6585
     684               -0.0160                 5.7103
     685               -0.0155                 5.6776
     686               -0.0157                 5.6893
     687               -0.0142                 5.5928
     688               -0.0154                 5.6733
     689               -0.0153                 5.6654
     690               -0.0141                 5.5847
     691               -0.0161                 5.7184
     692               -0.0140                 5.5789
     693               -0.0141                 5.5853
     694               -0.0162                 5.7189
     695               -0.0124                 5.4662
     696               -0.0151                 5.6512
     697               -0.0139                 5.5701
     698               -0.0158                 5.6941
     699               -0.0153                 5.6643
     700               -0.0150                 5.6432
     701               -0.0145                 5.6099
     702               -0.0159                 5.7040
     703               -0.0164                 5.7342
     704               -0.0163                 5.7257
     705               -0.0150                 5.6460
     706               -0.0153                 5.6632
     707               -0.0153                 5.6655
     708               -0.0151                 5.6539
     709               -0.0144                 5.6068
     710               -0.0148                 5.6358
     711               -0.0152                 5.6577
     712               -0.0138                 5.5625
     713               -0.0148                 5.6349
     714               -0.0138                 5.5643
     715               -0.0149                 5.6376
     716               -0.0145                 5.6140
     717               -0.0172                 5.7796
     718               -0.0143                 5.5964
     719               -0.0146                 5.6224
     720               -0.0143                 5.5968
     721               -0.0144                 5.6036
     722               -0.0137                 5.5558
     723               -0.0148                 5.6350
     724               -0.0157                 5.6935
     725               -0.0149                 5.6361
     726               -0.0170                 5.7673
     727               -0.0158                 5.6982
     728               -0.0155                 5.6809
     729               -0.0135                 5.5445
     730               -0.0164                 5.7324
     731               -0.0152                 5.6612
     732               -0.0159                 5.7060
     733               -0.0164                 5.7311
     734               -0.0147                 5.6269
     735               -0.0136                 5.5515
     736               -0.0154                 5.6703
     737               -0.0132                 5.5202
     738               -0.0143                 5.6021
     739               -0.0133                 5.5280
     740               -0.0154                 5.6705
     741               -0.0151                 5.6548
     742               -0.0163                 5.7267
     743               -0.0162                 5.7237
     744               -0.0159                 5.7047
     745               -0.0161                 5.7154
     746               -0.0158                 5.6990
     747               -0.0151                 5.6543
     748               -0.0138                 5.5670
     749               -0.0144                 5.6063
     750               -0.0162                 5.7199
     751               -0.0146                 5.6188
     752               -0.0162                 5.7198
     753               -0.0158                 5.6971
     754               -0.0155                 5.6779
     755               -0.0144                 5.6062
     756               -0.0160                 5.7108
     757               -0.0155                 5.6777
     758               -0.0160                 5.7092
     759               -0.0153                 5.6655
     760               -0.0137                 5.5560
     761               -0.0154                 5.6733
     762               -0.0143                 5.5962
     763               -0.0163                 5.7254
     764               -0.0145                 5.6137
     765               -0.0158                 5.6995
     766               -0.0154                 5.6694
     767               -0.0159                 5.7012
     768               -0.0138                 5.5663
     769               -0.0141                 5.5840
     770               -0.0142                 5.5925
     771               -0.0153                 5.6661
     772               -0.0139                 5.5709
     773               -0.0155                 5.6787
     774               -0.0159                 5.7038
     775               -0.0138                 5.5629
     776               -0.0146                 5.6194
     777               -0.0147                 5.6251
     778               -0.0157                 5.6882
     779               -0.0162                 5.7189
     780               -0.0149                 5.6360
     781               -0.0155                 5.6795
     782               -0.0151                 5.6514
     783               -0.0131                 5.5169
     784               -0.0142                 5.5946
     785               -0.0152                 5.6618
     786               -0.0144                 5.6087
     787               -0.0136                 5.5474
     788               -0.0143                 5.5980
     789               -0.0160                 5.7069
     790               -0.0145                 5.6127
     791               -0.0151                 5.6539
     792               -0.0144                 5.6078
     793               -0.0151                 5.6534
     794               -0.0166                 5.7488
     795               -0.0159                 5.7022
     796               -0.0155                 5.6771
     797               -0.0165                 5.7397
     798               -0.0148                 5.6305
     799               -0.0156                 5.6855
     800               -0.0150                 5.6487
     801               -0.0158                 5.6967
     802               -0.0146                 5.6165
     803               -0.0147                 5.6288
     804               -0.0149                 5.6409
     805               -0.0159                 5.7034
     806               -0.0152                 5.6616
     807               -0.0137                 5.5579
     808               -0.0146                 5.6221
     809               -0.0158                 5.6984
     810               -0.0154                 5.6716
     811               -0.0157                 5.6899
     812               -0.0153                 5.6623
     813               -0.0142                 5.5895
     814               -0.0142                 5.5943
     815               -0.0146                 5.6217
     816               -0.0141                 5.5821
     817               -0.0146                 5.6198
     818               -0.0152                 5.6599
     819               -0.0157                 5.6930
     820               -0.0149                 5.6390
     821               -0.0148                 5.6296
     822               -0.0143                 5.5982
     823               -0.0152                 5.6563
     824               -0.0167                 5.7530
     825               -0.0143                 5.5975
     826               -0.0154                 5.6698
     827               -0.0151                 5.6527
     828               -0.0141                 5.5836
     829               -0.0149                 5.6409
     830               -0.0146                 5.6186
     831               -0.0155                 5.6760
     832               -0.0156                 5.6826
     833               -0.0148                 5.6314
     834               -0.0155                 5.6776
     835               -0.0145                 5.6156
     836               -0.0128                 5.4932
     837               -0.0169                 5.7640
     838               -0.0150                 5.6466
     839               -0.0163                 5.7281
     840               -0.0148                 5.6330
     841               -0.0160                 5.7124
     842               -0.0142                 5.5910
     843               -0.0150                 5.6459
     844               -0.0155                 5.6788
     845               -0.0171                 5.7737
     846               -0.0135                 5.5444
     847               -0.0155                 5.6803
     848               -0.0153                 5.6675
     849               -0.0153                 5.6680
     850               -0.0158                 5.6970
     851               -0.0152                 5.6589
     852               -0.0154                 5.6690
     853               -0.0153                 5.6678
     854               -0.0140                 5.5821
     855               -0.0138                 5.5670
     856               -0.0157                 5.6893
     857               -0.0160                 5.7099
     858               -0.0163                 5.7254
     859               -0.0141                 5.5889
     860               -0.0147                 5.6275
     861               -0.0152                 5.6568
     862               -0.0159                 5.7032
     863               -0.0155                 5.6782
     864               -0.0146                 5.6173
     865               -0.0155                 5.6758
     866               -0.0150                 5.6456
     867               -0.0150                 5.6469
     868               -0.0141                 5.5824
     869               -0.0144                 5.6041
     870               -0.0146                 5.6218
     871               -0.0145                 5.6137
     872               -0.0145                 5.6112
     873               -0.0156                 5.6870
     874               -0.0167                 5.7544
     875               -0.0169                 5.7618
     876               -0.0142                 5.5931
     877               -0.0141                 5.5824
     878               -0.0153                 5.6645
     879               -0.0146                 5.6188
     880               -0.0160                 5.7085
     881               -0.0160                 5.7109
     882               -0.0144                 5.6048
     883               -0.0165                 5.7373
     884               -0.0174                 5.7962
     885               -0.0146                 5.6203
     886               -0.0130                 5.5041
     887               -0.0154                 5.6701
     888               -0.0159                 5.7002
     889               -0.0135                 5.5451
     890               -0.0148                 5.6315
     891               -0.0142                 5.5957
     892               -0.0153                 5.6655
     893               -0.0147                 5.6267
     894               -0.0175                 5.7975
     895               -0.0143                 5.5967
     896               -0.0158                 5.6986
     897               -0.0151                 5.6552
     898               -0.0144                 5.6075
     899               -0.0151                 5.6544
     900               -0.0153                 5.6675
     901               -0.0150                 5.6450
     902               -0.0152                 5.6557
     903               -0.0173                 5.7903
     904               -0.0153                 5.6670
     905               -0.0178                 5.8149
     906               -0.0167                 5.7505
     907               -0.0158                 5.6959
     908               -0.0160                 5.7094
     909               -0.0149                 5.6381
     910               -0.0155                 5.6778
     911               -0.0143                 5.5966
     912               -0.0147                 5.6229
     913               -0.0163                 5.7282
     914               -0.0144                 5.6062
     915               -0.0161                 5.7151
     916               -0.0148                 5.6305
     917               -0.0145                 5.6141
     918               -0.0142                 5.5903
     919               -0.0159                 5.7037
     920               -0.0156                 5.6839
     921               -0.0140                 5.5772
     922               -0.0129                 5.5006
     923               -0.0157                 5.6917
     924               -0.0140                 5.5818
     925               -0.0146                 5.6215
     926               -0.0145                 5.6147
     927               -0.0131                 5.5160
     928               -0.0143                 5.6016
     929               -0.0162                 5.7200
     930               -0.0138                 5.5655
     931               -0.0142                 5.5907
     932               -0.0147                 5.6274
     933               -0.0128                 5.4966
     934               -0.0168                 5.7567
     935               -0.0159                 5.7013
     936               -0.0161                 5.7132
     937               -0.0157                 5.6892
     938               -0.0151                 5.6514
     939               -0.0165                 5.7387
     940               -0.0149                 5.6414
     941               -0.0147                 5.6277
     942               -0.0146                 5.6174
     943               -0.0138                 5.5640
     944               -0.0145                 5.6112
     945               -0.0155                 5.6792
     946               -0.0169                 5.7616
     947               -0.0148                 5.6303
     948               -0.0151                 5.6545
     949               -0.0161                 5.7136
     950               -0.0164                 5.7366
     951               -0.0149                 5.6374
     952               -0.0159                 5.7018
     953               -0.0151                 5.6554
     954               -0.0163                 5.7284
     955               -0.0147                 5.6291
     956               -0.0145                 5.6128
     957               -0.0147                 5.6289
     958               -0.0156                 5.6857
     959               -0.0166                 5.7460
     960               -0.0142                 5.5920
     961               -0.0149                 5.6404
     962               -0.0134                 5.5370
     963               -0.0161                 5.7147
     964               -0.0138                 5.5662
     965               -0.0160                 5.7111
     966               -0.0155                 5.6765
     967               -0.0152                 5.6588
     968               -0.0154                 5.6730
     969               -0.0142                 5.5923
     970               -0.0145                 5.6135
     971               -0.0151                 5.6529
     972               -0.0154                 5.6720
     973               -0.0157                 5.6931
     974               -0.0145                 5.6160
     975               -0.0156                 5.6865
     976               -0.0144                 5.6076
     977               -0.0147                 5.6244
     978               -0.0158                 5.6959
     979               -0.0157                 5.6902
     980               -0.0132                 5.5218
     981               -0.0151                 5.6540
     982               -0.0157                 5.6886
     983               -0.0162                 5.7192
     984               -0.0138                 5.5624
     985               -0.0154                 5.6688
     986               -0.0156                 5.6868
     987               -0.0149                 5.6370
     988               -0.0158                 5.6949
     989               -0.0155                 5.6763
     990               -0.0145                 5.6132
     991               -0.0152                 5.6559
     992               -0.0158                 5.6957
     993               -0.0149                 5.6425
     994               -0.0150                 5.6437
     995               -0.0151                 5.6532
     996               -0.0147                 5.6251
     997               -0.0155                 5.6771
     998               -0.0135                 5.5455
     999               -0.0156                 5.6830
    1000               -0.0155                 5.6798
