#Frame   pw_nb_121[EVDW] pw_nb_121[EELEC]
       1         -2.6630         -54.4621
       2         -2.4563         -56.7048
       3         -2.5138         -54.7004
       4         -2.5952         -52.4129
       5         -2.0592         -55.2262
       6         -2.3763         -56.7578
       7         -2.3792         -54.9169
       8         -2.1252         -54.3649
       9         -2.0438         -55.6227
      10         -2.1956         -54.5064
      11         -2.3280         -56.2032
      12         -2.8062         -54.2348
      13         -2.6324         -54.6822
      14         -2.6378         -53.8316
      15         -2.1758         -55.2119
      16         -2.3088         -56.1674
      17         -2.7936         -54.7385
      18         -0.6362         -55.3615
      19         -2.1868         -55.4922
      20         -2.5587         -56.8763
      21         -2.5809         -53.6559
      22         -0.3837         -57.8513
      23         -2.6148         -55.5060
      24         -2.6158         -55.3275
      25         -2.4287         -54.7984
      26         -2.1184         -57.6231
      27         -2.6183         -55.0156
      28         -2.4861         -55.7464
      29         -2.1804         -57.2885
      30         -2.4334         -55.4800
      31         -2.4598         -54.6664
      32         -2.6490         -54.2755
      33         -2.6174         -55.1994
      34         -1.7631         -57.3529
      35         -2.2861         -56.9401
      36         -2.4555         -54.7754
      37         -2.3973         -55.3998
      38         -2.4313         -54.6106
      39         -2.1853         -57.5101
      40         -1.9534         -55.8034
      41         -2.0900         -57.2678
      42         -2.5271         -56.9354
      43         -2.3038         -54.5001
      44         -2.3498         -54.0605
      45         -2.1972         -56.8312
      46         -2.3483         -56.4563
      47         -1.9227         -54.9891
      48         -2.3727         -57.0100
      49         -2.0089         -57.2179
      50         -1.6900         -56.4339
      51         -1.8106         -55.2851
      52         -1.0455         -56.4225
      53         -2.6215         -54.5928
      54         -2.4997         -55.0876
      55         -2.4716         -56.7828
      56         -2.2065         -56.3210
      57         -2.5786         -55.6765
      58         -1.9939         -56.4665
      59         -2.3762         -56.5946
      60         -2.0342         -55.7608
      61         -0.7116         -57.2676
      62         -2.3118         -56.1545
      63         -2.7516         -56.0224
      64         -2.3593         -51.2636
      65         -2.5453         -54.4576
      66         -2.1873         -55.8736
      67         -2.3627         -56.4687
      68         -2.5461         -55.1422
      69         -2.5878         -54.1759
      70         -2.1989         -54.4073
      71         -2.5164         -58.0045
      72         -2.6021         -56.1732
      73         -1.9694         -55.7693
      74         -2.6432         -54.3303
      75         -2.4634         -53.8381
      76         -1.8736         -57.6828
      77         -2.4335         -57.5643
      78         -2.4488         -56.3025
      79         -2.5847         -55.5225
      80         -2.1895         -55.6665
      81         -2.2271         -57.3230
      82         -2.2940         -55.5239
      83         -2.6897         -56.0570
      84         -2.4533         -54.0244
      85         -2.7072         -52.7461
      86         -1.6712         -57.1950
      87         -2.1746         -55.9484
      88         -2.4684         -57.0716
      89         -2.6712         -52.1268
      90         -2.6329         -52.1011
      91         -2.8045         -54.3432
      92         -2.2736         -55.7437
      93         -2.7913         -55.6564
      94         -2.6144         -56.8623
      95         -2.5724         -56.6203
      96         -2.5964         -55.7080
      97         -2.1557         -56.1453
      98         -1.9063         -56.1679
      99         -2.2791         -56.8890
     100         -2.5066         -55.7065
     101         -2.2776         -55.5004
     102         -2.0754         -57.7432
     103         -2.3585         -55.3294
     104         -2.5973         -54.8465
     105         -2.2395         -57.2964
     106         -2.3541         -56.3577
     107         -2.3718         -55.3462
     108         -2.1074         -56.5225
     109         -2.2810         -57.3190
     110         -1.4152         -54.9510
     111         -1.8897         -58.3844
     112         -2.4257         -55.7891
     113         -2.5841         -55.2496
     114         -2.5499         -54.1570
     115         -1.7162         -56.4540
     116         -2.4392         -55.0371
     117         -2.2478         -55.1484
     118         -1.6555         -58.0339
     119         -2.3434         -56.0196
     120         -2.3601         -56.9458
     121         -2.4778         -57.2959
     122         -2.2988         -56.1780
     123         -2.2863         -56.6932
     124         -2.1794         -55.2693
     125         -2.6148         -54.4657
     126         -2.3818         -56.8580
     127         -2.5036         -56.3715
     128         -1.8414         -56.9857
     129         -2.4648         -55.6181
     130         -2.5753         -55.6681
     131         -2.5813         -57.0612
     132         -2.4202         -56.3267
     133         -2.3410         -55.5818
     134         -2.4469         -55.5187
     135         -2.3587         -56.4650
     136         -2.6279         -56.1232
     137         -2.4372         -55.6170
     138         -2.0927         -57.1285
     139         -2.5118         -55.2710
     140         -2.6076         -53.9184
     141         -2.2798         -54.8856
     142         -2.5395         -55.2464
     143         -2.3102         -52.8326
     144         -2.6562         -55.6854
     145         -2.6404         -55.3932
     146         -2.1009         -56.0016
     147         -2.6049         -54.4746
     148         -2.5127         -53.6406
     149         -2.5429         -54.6326
     150         -2.5692         -54.2967
     151         -2.4651         -54.8555
     152         -2.5327         -54.8303
     153         -2.4887         -56.4192
     154         -2.0755         -57.4224
     155         -2.1620         -56.0403
     156         -2.4408         -56.3584
     157         -2.5809         -55.7042
     158         -2.4598         -56.0707
     159         -2.6106         -54.7490
     160         -2.5250         -54.9152
     161         -2.2284         -57.1888
     162         -2.4441         -56.7220
     163         -2.5470         -53.0097
     164         -2.5851         -56.8501
     165         -2.4600         -57.0667
     166         -2.6850         -54.5312
     167         -2.3592         -55.7546
     168         -2.6168         -55.3162
     169         -2.5526         -53.4891
     170         -2.5170         -54.9079
     171         -2.3503         -56.1573
     172         -2.5281         -55.8707
     173         -2.4029         -56.0821
     174         -2.4696         -55.0719
     175         -2.3331         -56.3618
     176         -2.5435         -54.9217
     177         -2.7585         -54.6594
     178         -2.1642         -57.6450
     179         -1.8762         -56.5399
     180         -2.4817         -53.6411
     181         -2.3859         -55.4993
     182         -2.1086         -56.3674
     183         -1.7551         -57.3202
     184         -1.1083         -56.8944
     185         -1.6229         -57.3576
     186         -2.4506         -54.8722
     187         -2.4342         -56.5525
     188         -2.2656         -54.7287
     189         -2.2546         -55.8106
     190         -2.2748         -56.8640
     191         -2.2882         -54.6227
     192         -2.0366         -56.6750
     193         -2.5150         -54.9230
     194         -2.1313         -56.6165
     195         -1.9627         -56.2696
     196         -1.9390         -57.5592
     197         -2.4720         -54.4261
     198         -2.2721         -56.6098
     199         -2.3607         -55.7521
     200         -2.5420         -53.2628
     201         -2.2326         -53.9756
     202         -1.1705         -57.4529
     203         -2.2342         -56.5972
     204         -1.4955         -56.6540
     205         -2.3229         -57.2270
     206         -2.5378         -55.9811
     207         -2.5397         -55.7024
     208         -2.3854         -55.0537
     209         -2.1861         -57.1972
     210         -2.4958         -55.0413
     211         -2.5232         -56.6740
     212         -2.5505         -54.9797
     213         -2.5387         -55.6895
     214         -2.1942         -56.8770
     215         -2.5127         -54.2765
     216         -2.2701         -54.5268
     217         -2.4786         -54.7062
     218         -2.5843         -54.1746
     219         -2.3878         -55.7675
     220         -2.5164         -55.9711
     221         -2.6424         -55.6480
     222         -2.5155         -53.3026
     223         -2.5373         -54.8582
     224         -1.8314         -55.7400
     225         -2.2728         -55.3282
     226         -2.2773         -55.7186
     227         -2.2895         -55.8263
     228         -2.5528         -55.5748
     229         -2.4992         -56.4655
     230         -2.7381         -55.1971
     231         -2.3676         -56.0681
     232         -2.4177         -54.2846
     233         -1.9668         -55.4828
     234         -2.4363         -54.8932
     235         -2.4734         -55.8712
     236         -2.5642         -55.1589
     237         -1.9713         -56.4780
     238         -2.3627         -53.5242
     239         -2.4334         -54.9046
     240         -1.9247         -52.0401
     241         -2.6228         -55.3983
     242         -2.7665         -53.9054
     243         -2.7081         -53.8586
     244         -1.7728         -55.8959
     245         -2.6701         -54.7376
     246         -2.2802         -56.6434
     247         -2.0229         -53.0742
     248         -2.3848         -56.9760
     249         -2.1333         -56.3559
     250         -1.9762         -58.3260
     251         -2.0799         -56.1777
     252         -2.5585         -56.2519
     253         -2.3948         -55.9090
     254         -2.7140         -56.2129
     255         -2.3913         -53.9046
     256         -2.0771         -54.8365
     257         -2.6513         -54.7758
     258         -2.2168         -53.7744
     259         -2.6109         -55.7835
     260         -1.5818         -52.9062
     261         -2.5816         -53.7586
     262         -2.4061         -55.6248
     263         -2.0140         -55.6965
     264         -2.4905         -53.8105
     265         -2.4644         -56.1718
     266         -2.4510         -55.2672
     267         -2.4951         -56.0685
     268         -2.5489         -55.3217
     269         -2.5975         -54.0883
     270         -2.4294         -55.9735
     271         -2.1606         -56.1856
     272         -1.5280         -56.6311
     273         -2.5019         -55.8246
     274         -2.5414         -54.7032
     275         -2.5581         -53.1693
     276         -2.3287         -56.4362
     277         -2.4916         -54.4379
     278         -2.5019         -56.2822
     279         -2.6587         -54.7959
     280         -2.4950         -54.8066
     281         -1.6190         -57.3147
     282         -2.4779         -53.4314
     283         -2.5322         -54.2014
     284         -2.2693         -56.6030
     285         -2.5062         -55.4105
     286         -2.6589         -52.4408
     287         -2.5538         -55.0154
     288         -2.6240         -53.9465
     289         -2.3462         -55.2428
     290         -2.6074         -55.4873
     291         -2.5296         -56.6898
     292         -2.6652         -56.3308
     293         -2.7817         -53.2683
     294         -2.3032         -56.1560
     295         -2.2064         -56.0040
     296         -2.5169         -54.3302
     297         -2.6901         -51.6984
     298         -1.8534         -56.9994
     299         -2.6170         -52.9249
     300         -2.5435         -53.8317
     301         -2.4278         -55.4957
     302         -2.6288         -53.6140
     303         -2.7156         -53.7960
     304         -2.3537         -58.2530
     305         -2.5513         -56.6475
     306         -2.7575         -54.5194
     307         -2.7596         -54.2707
     308         -1.1385         -58.0615
     309         -2.1303         -54.0153
     310         -2.3047         -55.2294
     311         -2.2475         -55.5419
     312         -2.1560         -56.7053
     313         -2.1210         -53.7947
     314         -2.4252         -53.9601
     315         -2.3829         -54.2877
     316         -2.5003         -54.6828
     317         -2.5713         -56.1063
     318         -2.6099         -53.1894
     319         -1.8268         -56.4142
     320         -1.9477         -55.8888
     321         -2.3795         -54.8225
     322         -2.5327         -55.7262
     323         -2.3911         -52.7857
     324         -2.2844         -55.7053
     325         -2.6568         -52.0138
     326         -2.3484         -52.5923
     327         -2.6254         -55.5690
     328         -2.6410         -55.0179
     329         -2.5736         -55.9173
     330         -2.6411         -55.4483
     331         -2.5166         -54.9991
     332         -2.6960         -55.3556
     333         -2.4211         -54.6524
     334         -2.1142         -53.7921
     335         -2.4056         -55.1387
     336         -2.4758         -53.0487
     337         -2.4552         -55.3010
     338         -2.4257         -54.6789
     339         -2.5446         -55.1394
     340         -1.3883         -55.6331
     341         -2.4269         -54.7778
     342         -2.2201         -54.9422
     343         -2.4297         -54.7871
     344         -2.1492         -57.3837
     345         -2.6188         -53.3637
     346         -2.6831         -56.0410
     347         -2.4584         -52.2040
     348         -2.5748         -55.5704
     349         -2.4327         -54.3260
     350         -2.5430         -54.3511
     351         -2.4353         -55.1551
     352         -2.6789         -56.1605
     353         -2.6015         -56.4130
     354         -2.5412         -56.3009
     355         -2.3446         -55.9342
     356         -2.4383         -54.4335
     357         -2.5529         -56.4471
     358         -2.5880         -55.8387
     359         -2.5145         -55.7478
     360         -2.3599         -57.0122
     361         -2.5286         -56.1374
     362         -2.2049         -54.8113
     363         -1.1645         -59.3675
     364         -2.3737         -54.1341
     365         -2.1992         -55.1060
     366         -2.2914         -55.5214
     367         -2.1011         -58.0155
     368         -1.8761         -55.9297
     369         -2.4776         -55.1940
     370         -1.9211         -57.6317
     371         -2.5075         -56.3049
     372         -2.4516         -54.6918
     373         -1.8388         -56.2874
     374         -2.4878         -54.2318
     375         -2.2684         -56.0957
     376         -2.5263         -56.4926
     377         -2.3821         -55.9521
     378         -2.1478         -57.0408
     379         -2.4924         -55.1652
     380         -1.8482         -56.1413
     381         -2.6070         -55.0157
     382         -2.3791         -54.2215
     383         -2.6727         -53.8180
     384         -2.4564         -55.4100
     385         -2.5887         -52.2956
     386         -2.6586         -52.1995
     387         -2.2921         -54.0622
     388         -2.4473         -55.5885
     389         -2.7107         -58.0073
     390         -2.6350         -53.0771
     391         -2.4323         -56.3038
     392         -2.7421         -56.5173
     393         -2.5808         -54.8915
     394         -2.5977         -53.9877
     395         -2.6284         -53.0225
     396         -2.5397         -54.0318
     397         -2.6767         -54.9445
     398         -2.0144         -55.1665
     399         -2.5210         -54.8174
     400         -2.4313         -56.5250
     401         -2.5469         -54.5987
     402         -2.3526         -55.0743
     403         -2.3487         -55.0777
     404         -1.9376         -55.8624
     405         -2.1392         -55.0028
     406         -2.2858         -55.1605
     407         -2.3609         -55.1187
     408         -2.6209         -56.2129
     409         -2.4280         -57.1222
     410         -2.5568         -54.3291
     411         -2.6145         -55.3337
     412         -2.5718         -56.3840
     413         -2.6075         -53.4561
     414         -2.6448         -53.5635
     415         -2.3747         -56.9713
     416         -2.4428         -55.6183
     417         -2.4506         -56.8122
     418         -1.9072         -57.1351
     419         -2.2977         -55.2146
     420         -2.2295         -56.0033
     421         -2.6117         -55.3085
     422         -2.3780         -56.5956
     423         -2.3151         -56.1737
     424         -2.2936         -55.7098
     425         -2.4713         -55.3675
     426         -2.2545         -55.2294
     427         -2.5297         -54.6035
     428         -2.5388         -54.3210
     429         -2.6574         -54.6121
     430         -1.9077         -56.7750
     431         -2.6522         -54.2111
     432         -1.7753         -56.2042
     433         -2.4645         -56.5707
     434         -2.5542         -55.4561
     435         -2.4791         -56.4577
     436         -2.3941         -54.1400
     437         -1.9521         -57.1791
     438         -2.6048         -55.8028
     439         -2.7258         -56.1432
     440         -2.1084         -56.9618
     441         -2.3528         -56.6884
     442         -2.2776         -55.2655
     443         -2.4764         -53.8737
     444         -2.7164         -55.1221
     445         -2.6535         -53.0689
     446         -2.6357         -55.3202
     447         -2.5222         -54.2682
     448         -2.6543         -55.1026
     449         -2.7741         -52.8552
     450         -2.4482         -53.2208
     451         -2.5758         -55.2941
     452         -2.7072         -51.1869
     453         -2.5025         -51.9001
     454         -0.9935         -56.8994
     455         -2.5821         -53.1681
     456         -2.2214         -56.0529
     457         -2.6168         -52.6583
     458         -2.6003         -53.9800
     459         -2.5686         -53.6158
     460         -2.6178         -54.3434
     461         -2.4606         -53.9813
     462         -2.5379         -54.8815
     463         -2.6419         -53.9845
     464         -2.5574         -53.0248
     465         -2.6142         -54.9165
     466         -2.5562         -54.5854
     467         -2.6452         -51.8489
     468         -2.5388         -54.9207
     469         -2.1497         -55.4920
     470         -2.6627         -52.9891
     471         -2.3250         -55.8042
     472         -1.8454         -53.9315
     473         -2.5670         -54.0740
     474         -1.8680         -54.9988
     475         -2.6772         -55.4951
     476         -2.4625         -54.1355
     477         -2.5639         -54.4014
     478         -2.4201         -56.5381
     479         -2.5861         -53.4745
     480         -2.4211         -55.1015
     481         -2.5983         -55.1078
     482         -2.5790         -54.3459
     483         -2.6260         -56.0938
     484         -2.6224         -55.2357
     485         -2.5558         -55.1217
     486         -2.4941         -53.4110
     487         -2.3311         -55.1929
     488         -2.6232         -55.1701
     489         -2.2348         -54.2196
     490         -2.3962         -55.0900
     491         -2.4689         -53.2583
     492         -2.5936         -55.1874
     493         -2.4158         -53.7152
     494         -2.4281         -56.7220
     495         -1.7782         -57.0986
     496         -2.7620         -56.0860
     497         -2.3909         -57.1657
     498         -2.4432         -55.5795
     499         -1.8800         -56.4816
     500         -2.4702         -53.8126
     501         -2.6089         -56.0924
     502         -2.5406         -56.9613
     503         -2.3911         -56.2674
     504         -2.3945         -55.7698
     505         -2.3526         -55.7016
     506         -2.4277         -54.3083
     507         -2.5147         -54.8213
     508         -2.4753         -56.0363
     509         -2.0191         -57.2468
     510         -2.6557         -54.7333
     511         -2.4365         -54.0427
     512         -2.5031         -53.9035
     513         -2.2254         -56.1409
     514         -2.7182         -54.8356
     515         -2.6053         -53.9101
     516         -2.6324         -53.7524
     517         -2.3672         -54.7782
     518         -2.3149         -54.0369
     519         -2.3232         -55.5903
     520         -2.5937         -53.2843
     521         -2.4610         -56.3910
     522         -2.4166         -55.9751
     523         -2.4924         -57.1664
     524         -2.5886         -52.2605
     525         -2.0858         -55.9304
     526         -2.6569         -54.4478
     527         -2.5571         -55.2672
     528         -2.4653         -55.3080
     529         -2.5803         -53.7124
     530         -2.3380         -56.2041
     531         -2.3734         -56.8709
     532         -2.2477         -54.7302
     533         -2.4106         -55.4150
     534         -2.4099         -51.9259
     535         -1.8612         -54.6149
     536         -2.5035         -55.7612
     537         -2.5524         -54.4521
     538         -2.3843         -55.8802
     539         -2.1794         -55.0636
     540         -2.4932         -56.1225
     541         -2.5378         -54.0357
     542         -2.4498         -55.1981
     543         -2.6286         -54.1887
     544         -2.5450         -53.6587
     545         -2.3396         -54.3020
     546         -2.3566         -54.6074
     547         -1.8794         -57.1592
     548         -2.6767         -54.0535
     549         -2.4766         -55.7662
     550         -2.6455         -52.0693
     551         -2.1413         -48.5069
     552         -2.2390         -54.8552
     553         -2.2026         -56.2149
     554         -2.2821         -56.8725
     555         -2.5339         -53.5608
     556         -2.2803         -56.9529
     557         -2.4102         -54.6814
     558         -2.4269         -55.3577
     559         -2.5510         -56.4410
     560         -2.5427         -54.6728
     561         -2.7259         -56.5143
     562         -1.7724         -57.2705
     563         -2.6658         -54.7959
     564         -2.6107         -54.8333
     565         -2.4208         -57.0723
     566         -2.1885         -55.8260
     567         -1.3613         -56.6498
     568         -1.7379         -56.9908
     569         -2.7487         -51.8937
     570         -2.5758         -53.8814
     571         -2.5544         -56.3085
     572         -2.5524         -51.5928
     573         -2.5859         -56.7651
     574         -2.4105         -54.5647
     575         -2.2312         -54.2322
     576         -2.1468         -56.4773
     577         -2.5358         -52.4488
     578         -2.6878         -51.6263
     579         -2.7826         -53.3532
     580         -2.5138         -53.5992
     581         -2.5063         -53.6830
     582         -2.5005         -56.0079
     583         -2.3073         -55.2949
     584         -1.9527         -56.1163
     585         -2.6153         -53.4600
     586         -2.4686         -55.2500
     587         -2.3281         -55.6951
     588         -2.5126         -55.5557
     589         -2.3531         -54.4074
     590         -2.6245         -52.5725
     591         -2.6164         -55.0415
     592         -2.5403         -54.9266
     593         -2.3988         -55.8877
     594         -2.4718         -55.2501
     595         -2.4301         -55.3770
     596         -2.7193         -54.6076
     597         -2.0069         -53.6425
     598         -1.5963         -56.1697
     599         -2.6183         -56.2497
     600         -2.3262         -52.8715
     601         -2.5970         -55.3728
     602         -2.5409         -54.4884
     603         -2.6173         -52.3481
     604         -2.6612         -53.2199
     605         -2.1446         -56.3873
     606         -2.5369         -52.3160
     607         -2.4565         -54.9484
     608         -2.3790         -55.8556
     609         -2.7133         -55.7235
     610         -2.4199         -54.2207
     611         -2.3614         -55.1734
     612         -2.0853         -56.4470
     613         -2.4863         -54.5117
     614         -2.5117         -52.3471
     615         -2.5470         -56.6120
     616         -2.4532         -54.7518
     617         -2.6087         -54.4691
     618         -2.3515         -55.2588
     619         -2.3259         -55.3324
     620         -2.4188         -53.1329
     621         -2.6626         -54.2092
     622         -2.4088         -54.1556
     623         -2.0966         -56.6974
     624         -2.6734         -54.2956
     625         -2.4603         -55.3637
     626         -2.4712         -55.9135
     627         -2.4598         -53.5925
     628         -2.5896         -53.5642
     629         -2.4645         -55.4539
     630         -2.6465         -55.3909
     631         -2.3754         -54.4962
     632         -1.8347         -56.3239
     633         -2.3088         -55.0161
     634         -2.6785         -55.6547
     635         -2.5913         -55.4483
     636         -2.1875         -55.5558
     637         -2.4388         -56.1547
     638         -2.6783         -55.4858
     639         -2.6904         -55.7279
     640         -2.4713         -56.0513
     641         -2.4171         -53.7568
     642         -2.7184         -53.6253
     643         -2.2092         -56.4952
     644         -2.1771         -56.7205
     645         -2.3537         -56.7209
     646         -2.2316         -53.3456
     647         -2.5461         -53.4022
     648         -2.7533         -54.6186
     649         -2.5099         -52.8190
     650         -1.8910         -56.0994
     651         -2.5305         -54.7564
     652         -1.6063         -58.3962
     653         -2.0001         -57.1323
     654         -2.0789         -56.4847
     655         -2.4413         -54.0031
     656         -2.5035         -54.5256
     657         -2.3175         -55.9272
     658         -2.2333         -55.3254
     659         -2.6937         -55.1978
     660         -2.6092         -54.4744
     661         -2.4730         -54.6173
     662         -2.5976         -53.2897
     663         -0.7981         -56.0480
     664         -2.4948         -55.7599
     665         -2.4590         -55.7947
     666         -1.6090         -56.2902
     667         -1.2674         -56.7428
     668         -2.4833         -55.4215
     669         -2.1138         -56.6706
     670         -2.4566         -55.2915
     671         -2.8058         -54.9094
     672         -2.2427         -54.3292
     673         -2.6186         -53.9044
     674         -2.1986         -54.9114
     675         -2.2605         -55.5700
     676         -1.5665         -56.2924
     677         -2.5514         -53.8131
     678         -2.3892         -55.8610
     679         -1.7538         -57.7554
     680         -2.3754         -54.8897
     681         -2.3102         -55.5389
     682         -2.5345         -55.6141
     683         -2.2549         -56.5654
     684         -2.1875         -54.3845
     685         -2.5938         -53.4998
     686         -2.1108         -57.2442
     687         -2.5280         -55.7159
     688         -2.1020         -54.7970
     689         -1.9402         -57.4278
     690         -2.4852         -55.6499
     691         -2.3402         -56.5537
     692         -2.5849         -54.2415
     693         -2.6323         -54.4305
     694         -2.5580         -54.8942
     695         -0.5563         -56.7434
     696         -2.0764         -55.9990
     697         -2.3834         -55.2057
     698         -2.5476         -55.6151
     699         -0.9102         -57.0181
     700         -2.4810         -54.3317
     701         -1.9062         -56.1464
     702         -2.1711         -56.1241
     703         -2.4573         -54.2422
     704         -2.2913         -56.6491
     705         -2.8299         -53.7001
     706         -2.5850         -56.4976
     707         -2.4487         -57.0788
     708         -2.5578         -54.2485
     709         -2.0628         -56.9663
     710         -2.5887         -53.6360
     711         -2.0730         -55.8456
     712         -2.3145         -55.3210
     713         -1.9886         -57.0117
     714         -2.0053         -56.8766
     715         -2.4482         -55.9721
     716         -2.6627         -52.8809
     717         -2.6397         -52.7459
     718         -2.4057         -56.3440
     719         -2.7521         -54.3938
     720         -2.6486         -55.4741
     721         -2.0956         -54.0425
     722         -2.5325         -53.3627
     723         -2.5803         -55.0522
     724         -2.6716         -55.2112
     725         -2.6434         -55.0035
     726         -2.6419         -56.8287
     727         -2.3569         -57.3398
     728         -2.0877         -55.2684
     729         -2.2379         -56.9626
     730         -2.5461         -54.9801
     731         -1.1351         -57.4289
     732         -2.5946         -55.1076
     733         -2.4451         -54.9945
     734         -2.5186         -55.1298
     735         -1.5232         -54.5894
     736         -2.4352         -56.7960
     737         -2.5784         -53.4140
     738         -2.4761         -54.9383
     739         -2.5454         -53.8026
     740         -2.4598         -55.3417
     741         -1.9901         -55.7087
     742         -2.4512         -51.5527
     743         -2.6362         -55.3573
     744         -2.0545         -55.8647
     745         -2.0971         -57.4428
     746         -2.6342         -56.4194
     747         -2.2579         -54.6005
     748         -2.5838         -54.9447
     749         -2.5621         -54.3013
     750         -2.6519         -53.9381
     751         -2.3834         -53.2639
     752         -2.0959         -53.2635
     753         -2.5684         -56.0082
     754         -2.7557         -55.0415
     755         -2.1885         -58.0215
     756         -2.5546         -55.4721
     757         -1.3352         -56.3331
     758         -2.5310         -54.5722
     759         -2.6004         -56.8020
     760         -2.5214         -52.3569
     761         -2.3540         -57.3707
     762         -2.5545         -54.7938
     763         -2.8152         -55.0993
     764         -2.7227         -50.9215
     765         -2.6350         -54.5916
     766         -2.2006         -55.9229
     767         -2.5466         -56.7787
     768         -2.4284         -55.2548
     769         -2.6028         -53.4613
     770         -2.6097         -54.1610
     771         -2.3696         -57.1987
     772         -2.6127         -54.4056
     773         -2.0505         -57.0515
     774         -2.5579         -55.3353
     775         -2.3700         -54.1936
     776         -2.0654         -54.3537
     777         -2.4772         -55.9892
     778         -2.3898         -56.4537
     779         -2.5267         -54.5563
     780         -2.5435         -55.0509
     781         -2.1554         -54.4855
     782         -2.8580         -52.2063
     783         -2.3573         -53.9367
     784         -2.3341         -55.1377
     785         -2.5217         -55.6894
     786         -2.3133         -56.7624
     787         -2.4326         -53.8370
     788         -2.6838         -51.7651
     789         -2.5589         -56.5096
     790         -2.5438         -47.7019
     791         -2.4887         -47.7060
     792         -2.5017         -51.5643
     793         -2.3613         -55.5485
     794         -2.3995         -54.8097
     795         -2.7889         -54.4394
     796         -2.3888         -54.5819
     797         -2.5920         -54.7146
     798         -2.3245         -54.4120
     799         -2.3974         -56.6108
     800         -2.6708         -56.1157
     801         -2.4005         -56.3060
     802         -2.2191         -55.5768
     803         -2.6835         -55.0363
     804         -2.6755         -50.8272
     805         -2.6128         -56.2237
     806         -2.2903         -56.4028
     807         -2.5305         -54.4882
     808         -2.6648         -53.7682
     809         -2.1848         -56.0450
     810         -2.7205         -51.4590
     811         -2.6619         -54.7088
     812         -1.4889         -47.5717
     813         -2.4634         -53.9933
     814         -2.6333         -51.7534
     815         -2.6493         -55.2332
     816         -2.0201         -57.1361
     817         -2.5248         -54.2566
     818         -2.6569         -54.2515
     819         -2.7143         -54.7920
     820         -2.0309         -54.2478
     821         -2.2335         -55.7344
     822         -2.2800         -55.3553
     823         -2.5307         -56.0495
     824         -2.7611         -52.9067
     825         -2.7023         -54.1856
     826         -2.5673         -53.3678
     827         -2.6322         -54.0669
     828         -2.4875         -55.2515
     829         -2.2781         -56.9874
     830         -2.7443         -50.0023
     831         -2.5919         -55.4575
     832         -2.1493         -56.8221
     833         -1.9757         -55.2551
     834         -2.3299         -54.3059
     835         -2.5011         -55.5877
     836         -2.3322         -56.4221
     837         -2.5727         -56.3957
     838         -2.6894         -54.9418
     839         -2.5106         -56.4274
     840         -2.3817         -56.1464
     841         -2.5648         -52.1340
     842         -2.5696         -52.8794
     843         -2.5608         -54.4113
     844         -2.7362         -53.3518
     845         -2.1184         -54.9725
     846         -1.7934         -52.0537
     847         -2.4945         -53.2985
     848         -2.6062         -54.3096
     849         -2.3854         -56.4057
     850         -2.5134         -55.6209
     851         -2.5572         -55.8779
     852         -2.6847         -52.8384
     853         -2.3194         -54.5939
     854         -2.5158         -54.4829
     855         -2.1050         -55.2799
     856         -2.0083         -56.2261
     857         -2.3098         -56.1022
     858         -2.7629         -55.0098
     859         -2.4008         -54.3863
     860         -1.3439         -57.5987
     861         -2.4396         -57.0564
     862         -1.9902         -48.2594
     863         -1.9805         -55.7419
     864         -2.5534         -55.3198
     865         -2.6180         -55.2295
     866         -2.2060         -56.0184
     867         -2.2609         -57.2901
     868         -2.3712         -56.9063
     869         -2.4221         -55.5873
     870         -2.5817         -55.1157
     871         -2.6860         -52.5791
     872         -2.3556         -53.0469
     873         -2.6084         -54.9939
     874         -2.8178         -52.0091
     875         -2.4144         -56.6917
     876         -2.3307         -54.2513
     877         -1.0835         -55.5203
     878         -2.5338         -54.7778
     879         -2.2442         -55.3883
     880         -2.2706         -56.0607
     881         -2.4265         -57.0238
     882         -2.4534         -56.7368
     883         -1.8137         -57.1155
     884         -2.5950         -52.3477
     885         -2.4783         -54.6437
     886         -2.2528         -55.5183
     887         -2.3464         -55.0628
     888         -2.5890         -54.2991
     889         -2.5348         -53.7244
     890         -1.7947         -57.1226
     891         -2.5652         -56.1360
     892         -1.4230         -56.5684
     893         -2.3290         -56.0631
     894         -2.4266         -55.7192
     895         -2.4495         -56.2679
     896         -2.2379         -53.2738
     897         -2.7088         -52.8178
     898         -2.3396         -55.7102
     899         -1.8880         -56.1750
     900         -2.5154         -54.8474
     901         -2.5271         -55.1868
     902         -2.5433         -55.3309
     903         -1.6737         -58.8952
     904         -2.5065         -56.9627
     905         -2.2439         -56.4269
     906         -1.8616         -55.8762
     907         -2.2029         -55.4193
     908         -2.3424         -54.2768
     909         -2.0579         -56.6143
     910         -2.6425         -52.0875
     911         -2.2497         -56.9439
     912         -2.5056         -55.4683
     913         -2.1637         -57.0758
     914         -1.4041         -56.7529
     915         -2.5243         -56.7303
     916         -2.6792         -55.2216
     917         -2.5220         -54.7744
     918         -2.3776         -55.7259
     919         -1.7482         -56.2541
     920         -2.5971         -55.1292
     921         -1.4211         -54.6817
     922         -2.5333         -55.7196
     923         -2.4462         -56.5994
     924         -2.6621         -55.2310
     925         -2.4601         -55.7434
     926         -2.3629         -55.3657
     927         -1.7591         -56.2845
     928         -2.4194         -55.5368
     929         -2.4806         -56.0135
     930         -2.5986         -54.4205
     931         -2.3338         -54.2605
     932         -2.4952         -54.7050
     933         -2.4495         -56.1620
     934         -1.8846         -56.3058
     935         -2.4854         -55.1838
     936         -2.4578         -56.0980
     937         -2.3495         -54.6644
     938         -2.5745         -55.2998
     939         -2.6228         -54.8187
     940         -2.6474         -55.7317
     941         -2.5375         -56.6865
     942         -2.2868         -56.5838
     943         -2.3887         -55.5951
     944         -2.3461         -55.3767
     945         -2.7116         -55.6470
     946         -2.3017         -55.7706
     947         -2.6236         -55.3222
     948         -2.2890         -55.6097
     949         -2.5979         -55.6717
     950         -2.6494         -53.0394
     951         -2.4887         -56.9459
     952         -2.6937         -53.5785
     953         -2.2735         -55.7037
     954         -2.6384         -55.4278
     955         -2.6729         -55.8080
     956         -2.0665         -56.0468
     957         -2.5709         -54.5406
     958         -2.4229         -55.7134
     959         -2.4435         -56.9042
     960         -2.3895         -55.2084
     961         -2.7018         -53.9285
     962         -1.9795         -56.9465
     963         -2.0659         -55.9613
     964         -2.3248         -56.0688
     965         -2.6718         -53.9186
     966         -2.3964         -55.8966
     967         -2.0790         -58.2653
     968         -2.2556         -55.8047
     969         -2.0973         -55.3059
     970         -2.2488         -54.9974
     971         -1.8755         -56.0409
     972         -2.1975         -55.7186
     973         -2.0878         -57.4449
     974         -2.0448         -55.4571
     975         -2.4129         -55.8906
     976         -2.3934         -55.2041
     977         -2.5260         -50.7942
     978         -2.3973         -54.7699
     979         -2.5423         -55.0407
     980         -2.3257         -54.9746
     981         -2.0583         -54.6898
     982         -0.6031         -55.6163
     983         -2.6030         -56.1953
     984         -2.1917         -53.7686
     985         -2.7479         -53.7507
     986         -2.7294         -54.4003
     987         -2.5548         -53.2726
     988         -2.2807         -57.0909
     989         -2.8285         -54.1617
     990         -2.5461         -46.8115
     991         -2.6343         -51.3325
     992         -2.5187         -53.9128
     993         -2.5686         -54.2188
     994         -0.8761         -57.8818
     995         -2.7150         -53.7366
     996         -2.5937         -53.3036
     997         -2.1459         -55.6363
     998         -2.5941         -55.5720
     999         -2.3523         -54.9200
    1000         -2.6220         -53.5905
