0.000000000000000000e+00	8.200901840743417548e-01	6.697805438156143509e+01
1.000000000000000000e+00	1.117111035791201079e+00	6.965012448996372996e+01
2.000000000000000000e+00	8.516447348068636458e-01	6.726192661244712667e+01
3.000000000000000000e+00	7.402889269974488595e-01	6.626014332442338173e+01
4.000000000000000000e+00	6.885465807917965364e-01	6.579465689195390610e+01
5.000000000000000000e+00	9.763381242290232187e-01	6.838369795161202092e+01
6.000000000000000000e+00	9.295385217654155152e-01	6.796267761547979092e+01
7.000000000000000000e+00	8.864515725977408778e-01	6.757505718995173538e+01
8.000000000000000000e+00	9.128810830262830134e-01	6.781282334134347423e+01
9.000000000000000000e+00	8.312154847491768361e-01	6.707814022808830146e+01
1.000000000000000000e+01	8.834639616803212636e-01	6.754817993274292576e+01
1.100000000000000000e+01	1.098275984296227525e+00	6.948067989441084080e+01
1.200000000000000000e+01	6.460667897479278610e-01	6.541249860507477365e+01
1.300000000000000000e+01	1.139687220319508532e+00	6.985322520660085388e+01
1.400000000000000000e+01	9.711873173680130034e-01	6.833736007005285273e+01
1.500000000000000000e+01	8.453220298658673526e-01	6.720504605749812299e+01
1.600000000000000000e+01	1.000617655102352677e+00	6.860212237642141986e+01
1.700000000000000000e+01	8.335316757300369472e-01	6.709897723212196752e+01
1.800000000000000000e+01	7.365078664978517153e-01	6.622612800637202213e+01
1.900000000000000000e+01	6.965040028847251374e-01	6.586624375055845348e+01
2.000000000000000000e+01	1.443891483118433960e+00	7.258991898676828214e+01
2.100000000000000000e+01	7.633853712705718220e-01	6.646792442125837397e+01
2.200000000000000000e+01	7.824213729977467224e-01	6.663917681281493799e+01
2.300000000000000000e+01	9.758544325363880390e-01	6.837934654629451359e+01
2.400000000000000000e+01	9.146753513654981571e-01	6.782896500536455164e+01
2.500000000000000000e+01	6.921908454570853131e-01	6.582744156219823140e+01
2.600000000000000000e+01	8.355537363616569735e-01	6.711716816969385491e+01
2.700000000000000000e+01	9.244824257717207949e-01	6.791719177537169116e+01
2.800000000000000000e+01	7.413765017175977246e-01	6.626992740484591593e+01
2.900000000000000000e+01	6.839158970507264179e-01	6.575299816148277898e+01
3.000000000000000000e+01	1.019887829794527079e+00	6.877548144357450610e+01
3.100000000000000000e+01	1.355770762127953555e+00	7.179716405684173708e+01
3.200000000000000000e+01	9.615587277074927330e-01	6.825073899119851717e+01
3.300000000000000000e+01	6.527857695370968827e-01	6.547294414265175533e+01
3.400000000000000000e+01	7.539519574620148212e-01	6.638305919071198957e+01
3.500000000000000000e+01	7.910559178315554885e-01	6.671685522837638871e+01
3.600000000000000000e+01	6.595651809877335348e-01	6.553393333780454100e+01
3.700000000000000000e+01	7.968131573640973020e-01	6.676864872224355452e+01
3.800000000000000000e+01	7.541636728534711898e-01	6.638496383264447331e+01
3.900000000000000000e+01	9.151635027579125836e-01	6.783335653120022357e+01
4.000000000000000000e+01	1.045047161048506590e+00	6.900182076151315869e+01
4.100000000000000000e+01	9.885685686617120549e-01	6.849372593379631269e+01
4.200000000000000000e+01	8.540330208677995305e-01	6.728341220093983566e+01
4.300000000000000000e+01	7.042682037236218662e-01	6.593609234488214099e+01
4.400000000000000000e+01	1.035176857118634830e+00	6.891302516369769648e+01
4.500000000000000000e+01	7.170134116592745688e-01	6.605075126176753031e+01
4.600000000000000000e+01	6.499648107109201600e-01	6.544756612722660805e+01
4.700000000000000000e+01	7.626458629908776654e-01	6.646127162918109832e+01
4.800000000000000000e+01	7.747228266679557773e-01	6.656991886204454545e+01
4.900000000000000000e+01	9.806573626467897098e-01	6.842255484600332238e+01
5.000000000000000000e+01	1.092049416699442999e+00	6.942466421383775810e+01
5.100000000000000000e+01	6.447374450447407312e-01	6.540053950447757813e+01
5.200000000000000000e+01	1.066971971839344224e+00	6.919906156534204911e+01
5.300000000000000000e+01	7.150289670973257738e-01	6.603289872729018839e+01
5.400000000000000000e+01	1.008056926761893068e+00	6.866904783069455220e+01
5.500000000000000000e+01	1.199298481369820868e+00	7.038950226545375699e+01
5.600000000000000000e+01	9.140610987883873717e-01	6.782343904332917361e+01
5.700000000000000000e+01	1.611323710302759116e+00	7.409617905859967379e+01
5.800000000000000000e+01	8.252640239172452929e-01	6.702459947329479917e+01
5.900000000000000000e+01	9.307835222112066376e-01	6.797387793511026644e+01
6.000000000000000000e+01	7.576378194784678666e-01	6.641621808060450860e+01
6.100000000000000000e+01	6.484317253560235583e-01	6.543377412734926679e+01
6.200000000000000000e+01	9.804175034058431049e-01	6.842039701531820128e+01
6.300000000000000000e+01	7.484870659243092472e-01	6.633389572882317964e+01
6.400000000000000000e+01	1.123370893619002775e+00	6.970643965735965253e+01
6.500000000000000000e+01	1.235621672904429369e+00	7.071627432128882162e+01
6.600000000000000000e+01	7.561835672501424632e-01	6.640313528225239281e+01
6.700000000000000000e+01	9.871391362427761607e-01	6.848086642034282079e+01
6.800000000000000000e+01	9.597263882575570726e-01	6.823425483042557005e+01
6.900000000000000000e+01	7.987879382542901752e-01	6.678641432003517764e+01
7.000000000000000000e+01	6.971008893237973236e-01	6.587161348269252414e+01
7.100000000000000000e+01	8.147524386062088286e-01	6.693003475590479923e+01
7.200000000000000000e+01	7.734544465793274926e-01	6.655850821359570091e+01
7.300000000000000000e+01	7.973271420289171907e-01	6.677327265033177639e+01
7.400000000000000000e+01	1.083841588185386451e+00	6.935082463961080634e+01
7.500000000000000000e+01	1.217517261850725507e+00	7.055340274063311767e+01
7.600000000000000000e+01	1.655732125173722258e+00	7.449568770337100432e+01
7.700000000000000000e+01	6.509826183611102657e-01	6.545672256652187571e+01
7.800000000000000000e+01	8.757349595643264539e-01	6.747864799448825579e+01
7.900000000000000000e+01	8.672022472382262537e-01	6.740188568834584260e+01
8.000000000000000000e+01	6.762225902574625636e-01	6.568378734682710274e+01
8.100000000000000000e+01	7.203389550457598434e-01	6.608066863970869065e+01
8.200000000000000000e+01	7.335379218795907708e-01	6.619940967938524068e+01
8.300000000000000000e+01	1.146410738805808016e+00	6.991371157537490433e+01
8.400000000000000000e+01	9.053064958354151148e-01	6.774468055642041975e+01
8.500000000000000000e+01	6.385344934044208109e-01	6.534473627865635592e+01
8.600000000000000000e+01	1.133138027431978445e+00	6.979430711230619977e+01
8.700000000000000000e+01	8.619656421088627285e-01	6.735477594519213085e+01
8.800000000000000000e+01	6.397057377827162217e-01	6.535527307119058094e+01
8.900000000000000000e+01	1.055863332871557647e+00	6.909912561148803434e+01
9.000000000000000000e+01	9.710511799652812304e-01	6.833613534565262171e+01
9.100000000000000000e+01	7.704212429213476154e-01	6.653122079326701055e+01
9.200000000000000000e+01	9.670989855841167770e-01	6.830058046656766635e+01
9.300000000000000000e+01	7.541539994312354001e-01	6.638487680824111692e+01
9.400000000000000000e+01	7.828183288232706261e-01	6.664274792167684325e+01
9.500000000000000000e+01	8.602476401727513489e-01	6.733932039184250584e+01
9.600000000000000000e+01	1.273253766500582085e+00	7.105482157086285611e+01
9.700000000000000000e+01	7.822847359720845883e-01	6.663794759368818177e+01
9.800000000000000000e+01	8.087855096226540530e-01	6.687635484594643742e+01
9.900000000000000000e+01	7.136664185932335425e-01	6.602064091741593188e+01
1.000000000000000000e+02	8.157122379708021676e-01	6.693866933888901372e+01
1.010000000000000000e+02	8.819981546959427821e-01	6.753499318506172244e+01
1.020000000000000000e+02	8.938337780782216191e-01	6.764146926332792020e+01
1.030000000000000000e+02	1.107697418489304031e+00	6.956543735349184487e+01
1.040000000000000000e+02	7.260822505736519439e-01	6.613233668999907877e+01
1.050000000000000000e+02	7.602502526099174096e-01	6.643972014936633741e+01
1.060000000000000000e+02	9.727949074937625173e-01	6.835182233253964057e+01
1.070000000000000000e+02	1.012889206153306798e+00	6.871252016350422309e+01
1.080000000000000000e+02	1.506036797053988074e+00	7.314899298707707942e+01
1.090000000000000000e+02	8.863506464932783269e-01	6.757414923475151625e+01
1.100000000000000000e+02	7.670192988333910389e-01	6.650061609647437422e+01
1.110000000000000000e+02	1.425311437652762470e+00	7.242276848600511130e+01
1.120000000000000000e+02	8.316503561874171169e-01	6.708205243480512081e+01
1.130000000000000000e+02	7.261512391332611838e-01	6.613295732746237832e+01
1.140000000000000000e+02	8.473087040772924183e-01	6.722291865043156633e+01
1.150000000000000000e+02	1.300914752900690807e+00	7.130366637250361350e+01
1.160000000000000000e+02	6.279648367936054854e-01	6.524964913806476829e+01
1.170000000000000000e+02	1.061800616870423708e+00	6.915253882812505992e+01
1.180000000000000000e+02	1.289600696017002557e+00	7.120188243030253261e+01
1.190000000000000000e+02	7.374055551901985694e-01	6.623420382700079756e+01
1.200000000000000000e+02	8.661266893515603416e-01	6.739220971421067929e+01
1.210000000000000000e+02	6.279354959298271144e-01	6.524938518068735505e+01
1.220000000000000000e+02	1.190568775766509102e+00	7.031096776101432511e+01
1.230000000000000000e+02	1.051544652474537100e+00	6.906027373718386286e+01
1.240000000000000000e+02	1.074008966360537665e+00	6.926236803895957905e+01
1.250000000000000000e+02	7.666595830308343684e-01	6.649738000770156532e+01
1.260000000000000000e+02	9.194950538008324070e-01	6.787232419289098573e+01
1.270000000000000000e+02	1.924969065212611019e+00	7.691780714514479200e+01
1.280000000000000000e+02	7.661446681275777548e-01	6.649274771096747827e+01
1.290000000000000000e+02	1.261819910937796996e+00	7.095195989129891245e+01
1.300000000000000000e+02	6.748409521778240272e-01	6.567135780259849298e+01
1.310000000000000000e+02	8.354418148162197078e-01	6.711616129689579680e+01
1.320000000000000000e+02	5.933075501571999366e-01	6.493786395825608793e+01
1.330000000000000000e+02	1.011840650961220112e+00	6.870308711202116569e+01
1.340000000000000000e+02	7.202521945307240880e-01	6.607988812151451441e+01
1.350000000000000000e+02	1.038688006754092674e+00	6.894461229952605663e+01
1.360000000000000000e+02	8.860608205335740450e-01	6.757154189160004876e+01
1.370000000000000000e+02	8.294712014591656413e-01	6.706244824143860228e+01
1.380000000000000000e+02	7.190391950305478064e-01	6.606897568998927284e+01
1.390000000000000000e+02	9.552907123534954970e-01	6.819435043675996155e+01
1.400000000000000000e+02	1.007440915596086173e+00	6.866350604797769108e+01
1.410000000000000000e+02	1.108358750808615456e+00	6.957138685606696527e+01
1.420000000000000000e+02	8.185905560863265817e-01	6.696456337210085508e+01
1.430000000000000000e+02	1.123409592004853685e+00	6.970678779722753404e+01
1.440000000000000000e+02	6.873863557043402572e-01	6.578421923157657147e+01
1.450000000000000000e+02	1.144213565902581387e+00	6.989394528622797509e+01
1.460000000000000000e+02	7.445737136012711144e-01	6.629869028211601290e+01
1.470000000000000000e+02	7.045026397183785649e-01	6.593820138675681619e+01
1.480000000000000000e+02	1.100610482883057184e+00	6.950168159801486922e+01
1.490000000000000000e+02	7.392935679522224524e-01	6.625118883810868908e+01
1.500000000000000000e+02	6.913329251430144762e-01	6.581972350734326938e+01
1.510000000000000000e+02	8.795153776086166442e-01	6.751265753285912297e+01
1.520000000000000000e+02	8.657045803663159234e-01	6.738841232155141370e+01
1.530000000000000000e+02	6.387605781153938844e-01	6.534677019039914114e+01
1.540000000000000000e+02	9.778754781392076101e-01	6.839752835242629203e+01
1.550000000000000000e+02	1.093895258872207510e+00	6.944126984831144966e+01
1.560000000000000000e+02	6.808026151716980445e-01	6.572499033846330008e+01
1.570000000000000000e+02	9.178497407760888294e-01	6.785752256624770951e+01
1.580000000000000000e+02	7.945892328410391059e-01	6.674864176917256486e+01
1.590000000000000000e+02	8.247683247803645479e-01	6.702014004615773501e+01
1.600000000000000000e+02	8.459504857906119391e-01	6.721069979622134838e+01
1.610000000000000000e+02	7.267548102639136420e-01	6.613838719666915722e+01
1.620000000000000000e+02	1.097710949750031029e+00	6.947559670946816368e+01
1.630000000000000000e+02	1.301103017126506556e+00	7.130536004218160429e+01
1.640000000000000000e+02	8.665286001249331571e-01	6.739582539895997115e+01
1.650000000000000000e+02	6.554197511347480409e-01	6.549664006653212311e+01
1.660000000000000000e+02	7.539104831963583386e-01	6.638268607837025570e+01
1.670000000000000000e+02	8.340741419293511427e-01	6.710385738685732804e+01
1.680000000000000000e+02	7.824698391560618305e-01	6.663961282588321922e+01
1.690000000000000000e+02	7.383951857200682367e-01	6.624310677823113735e+01
1.700000000000000000e+02	6.881092554152867802e-01	6.579072260902574953e+01
1.710000000000000000e+02	8.785913027942342524e-01	6.750434433641123633e+01
1.720000000000000000e+02	6.810194427297817654e-01	6.572694097066062113e+01
1.730000000000000000e+02	6.767344470333158668e-01	6.568839213192092075e+01
1.740000000000000000e+02	1.125937681148200253e+00	6.972953108744526673e+01
1.750000000000000000e+02	7.622008227543852765e-01	6.645726794154067818e+01
1.760000000000000000e+02	1.172119785991976526e+00	7.014499626836727941e+01
1.770000000000000000e+02	1.018135446869043337e+00	6.875971659068088115e+01
1.780000000000000000e+02	9.565215290231321443e-01	6.820542315577228010e+01
1.790000000000000000e+02	1.596665743355323075e+00	7.396431250746766750e+01
1.800000000000000000e+02	8.404849083086955996e-01	6.716153016341553439e+01
1.810000000000000000e+02	7.062799358634408442e-01	6.595419036488932818e+01
1.820000000000000000e+02	1.439290052846829537e+00	7.254852342745458316e+01
1.830000000000000000e+02	8.857772042313325489e-01	6.756899041200158251e+01
1.840000000000000000e+02	1.061519360284170155e+00	6.915000857709190996e+01
1.850000000000000000e+02	9.219431558827673179e-01	6.789434790051166146e+01
1.860000000000000000e+02	1.395188329238106650e+00	7.215177385010092337e+01
1.870000000000000000e+02	6.703464558392369099e-01	6.563092424633722999e+01
1.880000000000000000e+02	9.994907142814768441e-01	6.859198414920945197e+01
1.890000000000000000e+02	7.415939872245950193e-01	6.627188395610788518e+01
1.900000000000000000e+02	1.019019525633123591e+00	6.876766997316333629e+01
1.910000000000000000e+02	8.255904014166102201e-01	6.702753564277605847e+01
1.920000000000000000e+02	9.971385421788850900e-01	6.857082345046111982e+01
1.930000000000000000e+02	7.189151517188889784e-01	6.606785976690403572e+01
1.940000000000000000e+02	6.786526240001202748e-01	6.570564850737738993e+01
1.950000000000000000e+02	8.985035009935891104e-01	6.768347919948071478e+01
1.960000000000000000e+02	1.004333933636286869e+00	6.863555490052746677e+01
1.970000000000000000e+02	1.219111606150538485e+00	7.056774584052460852e+01
1.980000000000000000e+02	9.835344399049108510e-01	6.844843771616733363e+01
1.990000000000000000e+02	1.034599011521844636e+00	6.890782672750195559e+01
2.000000000000000000e+02	7.130903790410985099e-01	6.601545872882674360e+01
2.010000000000000000e+02	9.681451265400344841e-01	6.830999179900888407e+01
2.020000000000000000e+02	8.968621124222477814e-01	6.766871287815209257e+01
2.030000000000000000e+02	6.937035665407739193e-01	6.584105036025638924e+01
2.040000000000000000e+02	1.187171437320374112e+00	7.028040449766911024e+01
2.050000000000000000e+02	7.619108815753548036e-01	6.645465956184879985e+01
2.060000000000000000e+02	1.023696365193498936e+00	6.880974393234444619e+01
2.070000000000000000e+02	8.629089620911511993e-01	6.736326227574018333e+01
2.080000000000000000e+02	6.909951311137698671e-01	6.581668463204840691e+01
2.090000000000000000e+02	8.604677125821207362e-01	6.734130021549246692e+01
2.100000000000000000e+02	5.956932543077452236e-01	6.495932631926984868e+01
2.110000000000000000e+02	6.935937559170686217e-01	6.584006247781145760e+01
2.120000000000000000e+02	9.528822714249574055e-01	6.817268353029263039e+01
2.130000000000000000e+02	6.030948450036590636e-01	6.502591278664699814e+01
2.140000000000000000e+02	6.652703428628260474e-01	6.558525832869966621e+01
2.150000000000000000e+02	6.026141003325861112e-01	6.502158789343522471e+01
2.160000000000000000e+02	7.573510289683071939e-01	6.641363804507788871e+01
2.170000000000000000e+02	9.526931070560280546e-01	6.817098176271345267e+01
2.180000000000000000e+02	8.953756811577089358e-01	6.765534058954941088e+01
2.190000000000000000e+02	6.686063481203062819e-01	6.561526982411643871e+01
2.200000000000000000e+02	9.302557485072666665e-01	6.796912995755195652e+01
2.210000000000000000e+02	7.695028256304921044e-01	6.652295849324413268e+01
2.220000000000000000e+02	5.973096875552477147e-01	6.497386813657968219e+01
2.230000000000000000e+02	9.451294168875141732e-01	6.810293700999093858e+01
2.240000000000000000e+02	7.788046019191278146e-01	6.660663948140452817e+01
2.250000000000000000e+02	7.793029332340291049e-01	6.661112258824006460e+01
2.260000000000000000e+02	1.065784587224995139e+00	6.918837957141185768e+01
2.270000000000000000e+02	1.329989852330944133e+00	7.156523287073878237e+01
2.280000000000000000e+02	7.536226170544086944e-01	6.638009636620466836e+01
2.290000000000000000e+02	8.013587542799963659e-01	6.680954199143192795e+01
2.300000000000000000e+02	6.558336285302847068e-01	6.550036340585582195e+01
2.310000000000000000e+02	1.024762047132425913e+00	6.881933106010873757e+01
2.320000000000000000e+02	9.633169537278538641e-01	6.826655640996109753e+01
2.330000000000000000e+02	7.739956219250099245e-01	6.656337675550528843e+01
2.340000000000000000e+02	8.767751115355897351e-01	6.748800544860146999e+01
2.350000000000000000e+02	1.164387685573834208e+00	7.007543645705079882e+01
2.360000000000000000e+02	1.008804166151452630e+00	6.867577017367189285e+01
2.370000000000000000e+02	8.225325306870833186e-01	6.700002631161463285e+01
2.380000000000000000e+02	9.057535409881934951e-01	6.774870228076380840e+01
2.390000000000000000e+02	1.546143306702757458e+00	7.350980067100017834e+01
2.400000000000000000e+02	1.298435391372675829e+00	7.128136144748357594e+01
2.410000000000000000e+02	9.638349193065016696e-01	6.827121615129537702e+01
2.420000000000000000e+02	8.021417002366592053e-01	6.681658555916531839e+01
2.430000000000000000e+02	1.003786239489658838e+00	6.863062771393673245e+01
2.440000000000000000e+02	1.129754598551780065e+00	6.976386898271891823e+01
2.450000000000000000e+02	6.245450670022085760e-01	6.521888407701133872e+01
2.460000000000000000e+02	8.117473596223915289e-01	6.690300035182295346e+01
2.470000000000000000e+02	7.040230633488855361e-01	6.593388700386346102e+01
2.480000000000000000e+02	7.032990078695056102e-01	6.592737322884701712e+01
2.490000000000000000e+02	7.770970069473145392e-01	6.659127755157682316e+01
2.500000000000000000e+02	1.008205623613419810e+00	6.867038554287833563e+01
2.510000000000000000e+02	6.623428336596679511e-01	6.555892176078324951e+01
2.520000000000000000e+02	1.034605758085725080e+00	6.890788742119256938e+01
2.530000000000000000e+02	7.609750852681296251e-01	6.644624091606809202e+01
2.540000000000000000e+02	7.153291608364149567e-01	6.603559934144676902e+01
2.550000000000000000e+02	7.052212723477113698e-01	6.594466637652659813e+01
2.560000000000000000e+02	8.105248008765342238e-01	6.689200192305376902e+01
2.570000000000000000e+02	7.807362228144776317e-01	6.662401680163439721e+01
2.580000000000000000e+02	7.119492049269071643e-01	6.600519245552845859e+01
2.590000000000000000e+02	7.559954739125149814e-01	6.640144314992511454e+01
2.600000000000000000e+02	9.888560131818195931e-01	6.849631185295169189e+01
2.610000000000000000e+02	6.950763975323979160e-01	6.585340067383000928e+01
2.620000000000000000e+02	1.175638714303457011e+00	7.017665338301213751e+01
2.630000000000000000e+02	9.489267414767985631e-01	6.813709864365496571e+01
2.640000000000000000e+02	9.698252937207956226e-01	6.832510698191568110e+01
2.650000000000000000e+02	9.809390349061600789e-01	6.842508883653052010e+01
2.660000000000000000e+02	6.975610554908385774e-01	6.587575324679576738e+01
2.670000000000000000e+02	9.951886131345539788e-01	6.855328142577583606e+01
2.680000000000000000e+02	7.411632748598206977e-01	6.626800916540352659e+01
2.690000000000000000e+02	8.909975723965970484e-01	6.761595408357086967e+01
2.700000000000000000e+02	7.208372703872240050e-01	6.608515160284339629e+01
2.710000000000000000e+02	8.814557182400880597e-01	6.753011329790560069e+01
2.720000000000000000e+02	8.442067465498935830e-01	6.719501270396825987e+01
2.730000000000000000e+02	9.519005842675296591e-01	6.816385203952690119e+01
2.740000000000000000e+02	1.167426924715200931e+00	7.010277817402113953e+01
2.750000000000000000e+02	7.191563934836981975e-01	6.607003003510209282e+01
2.760000000000000000e+02	6.744816803323523402e-01	6.566812570776903613e+01
2.770000000000000000e+02	9.317170082920618324e-01	6.798227579754599503e+01
2.780000000000000000e+02	9.376453599574059439e-01	6.803560865678971936e+01
2.790000000000000000e+02	8.616032413257688205e-01	6.735151570169686863e+01
2.800000000000000000e+02	1.071811617767551184e+00	6.924260016926585593e+01
2.810000000000000000e+02	7.973256817760675519e-01	6.677325951355041411e+01
2.820000000000000000e+02	1.062836253795556019e+00	6.916185566381119543e+01
2.830000000000000000e+02	9.151897092914135223e-01	6.783359229139823299e+01
2.840000000000000000e+02	9.892122538916918728e-01	6.849951667896556273e+01
2.850000000000000000e+02	1.019026968705020408e+00	6.876773693280544819e+01
2.860000000000000000e+02	8.693771704517433419e-01	6.742145181400105969e+01
2.870000000000000000e+02	8.943046502423008803e-01	6.764570534112259281e+01
2.880000000000000000e+02	8.245099278459557812e-01	6.701781544598051710e+01
2.890000000000000000e+02	7.351727509911263336e-01	6.621411699025594544e+01
2.900000000000000000e+02	7.712651777030978817e-01	6.653881303095241151e+01
2.910000000000000000e+02	1.026016712613345039e+00	6.883061832869016428e+01
2.920000000000000000e+02	6.967197656409250817e-01	6.586818480354519068e+01
2.930000000000000000e+02	7.199073530030128953e-01	6.607678584525004339e+01
2.940000000000000000e+02	7.457406556223096228e-01	6.630918836962277396e+01
2.950000000000000000e+02	8.118400703514251360e-01	6.690383439955512301e+01
2.960000000000000000e+02	9.093868185769125034e-01	6.778138810865847574e+01
2.970000000000000000e+02	8.616990050088481068e-01	6.735237721452853066e+01
2.980000000000000000e+02	1.136810278820475917e+00	6.982734355775784252e+01
2.990000000000000000e+02	9.426135465652452083e-01	6.808030364318894101e+01
3.000000000000000000e+02	8.175016751517434344e-01	6.695476754066312708e+01
3.010000000000000000e+02	9.388189247947731353e-01	6.804616632472472304e+01
3.020000000000000000e+02	9.365693968884867271e-01	6.802592903753878772e+01
3.030000000000000000e+02	1.214653686758853768e+00	7.052764133916272726e+01
3.040000000000000000e+02	1.478342468122285203e+00	7.289984822810505705e+01
3.050000000000000000e+02	1.032172793139578104e+00	6.888599989083969888e+01
3.060000000000000000e+02	7.212949397148478159e-01	6.608926890478636551e+01
3.070000000000000000e+02	1.143208553854898835e+00	6.988490395921112963e+01
3.080000000000000000e+02	1.312030918614265351e+00	7.140367003874993657e+01
3.090000000000000000e+02	7.299155245371145018e-01	6.616682173276925027e+01
3.100000000000000000e+02	9.537607031079420317e-01	6.818058611029267979e+01
3.110000000000000000e+02	7.859854573843513270e-01	6.667124016223374383e+01
3.120000000000000000e+02	8.894706517937696066e-01	6.760221754326691723e+01
3.130000000000000000e+02	6.996247804907287371e-01	6.589431900691762678e+01
3.140000000000000000e+02	1.143427209506939990e+00	6.988687103737575512e+01
3.150000000000000000e+02	1.474518951481027296e+00	7.286545096452228165e+01
3.160000000000000000e+02	6.770500530879126622e-01	6.569123139892741392e+01
3.170000000000000000e+02	7.528368547872661409e-01	6.637302746227349814e+01
3.180000000000000000e+02	1.218563083772692179e+00	7.056281120296915788e+01
3.190000000000000000e+02	7.529650218735963740e-01	6.637418048381485391e+01
3.200000000000000000e+02	8.494999200642392445e-01	6.724263134974519573e+01
3.210000000000000000e+02	8.803070544818558663e-01	6.751977964599113591e+01
3.220000000000000000e+02	1.049785255013598873e+00	6.904444577986370746e+01
3.230000000000000000e+02	7.650496135238664674e-01	6.648289633973637081e+01
3.240000000000000000e+02	7.748969292033353051e-01	6.657148512979273391e+01
3.250000000000000000e+02	6.158733963877184303e-01	6.514087166911151883e+01
3.260000000000000000e+02	9.291009769273601560e-01	6.795874135822344897e+01
3.270000000000000000e+02	7.584652611053620541e-01	6.642366194195258799e+01
3.280000000000000000e+02	1.068342608190125276e+00	6.921139213540553214e+01
3.290000000000000000e+02	7.355755308983148444e-01	6.621774049393941652e+01
3.300000000000000000e+02	6.990076502818023396e-01	6.588876715702315323e+01
3.310000000000000000e+02	9.993488910317201990e-01	6.859070827357930966e+01
3.320000000000000000e+02	9.141611611263703585e-01	6.782433922788104042e+01
3.330000000000000000e+02	6.896572249979249225e-01	6.580464851095005940e+01
3.340000000000000000e+02	1.150033448102280920e+00	6.994630232840313511e+01
3.350000000000000000e+02	1.120330352595980905e+00	6.967908622835281562e+01
3.360000000000000000e+02	9.586961515058673999e-01	6.822498657598197269e+01
3.370000000000000000e+02	1.044513316243849799e+00	6.899701816689125167e+01
3.380000000000000000e+02	1.633731492636295579e+00	7.429776478910625315e+01
3.390000000000000000e+02	9.776245175000531917e-01	6.839527065092690350e+01
3.400000000000000000e+02	1.510830625894010959e+00	7.319211940959651486e+01
3.410000000000000000e+02	1.212371689610449499e+00	7.050711195096501172e+01
3.420000000000000000e+02	9.530299015751954039e-01	6.817401164617832876e+01
3.430000000000000000e+02	1.014871177746351050e+00	6.873035045056610670e+01
3.440000000000000000e+02	7.396205935321802372e-01	6.625413083787684343e+01
3.450000000000000000e+02	8.393012157620398650e-01	6.715088138420298947e+01
3.460000000000000000e+02	1.014247248340004459e+00	6.872473743347718766e+01
3.470000000000000000e+02	1.121195970590300961e+00	6.968687353336707702e+01
3.480000000000000000e+02	9.983483078035844116e-01	6.858170678927470476e+01
3.490000000000000000e+02	1.358408162266997454e+00	7.182089073473220253e+01
3.500000000000000000e+02	1.130256930439486718e+00	6.976838807965732769e+01
3.510000000000000000e+02	9.043052106736196860e-01	6.773567275735393878e+01
3.520000000000000000e+02	1.169650025126033555e+00	7.012277771318287023e+01
3.530000000000000000e+02	1.105453010361870048e+00	6.954524612505214520e+01
3.540000000000000000e+02	1.118274037178672797e+00	6.966058712659523167e+01
3.550000000000000000e+02	7.618821921271246023e-01	6.645440146476033760e+01
3.560000000000000000e+02	6.574820450072658140e-01	6.551519295189234526e+01
3.570000000000000000e+02	7.088004001160157497e-01	6.597686505977917193e+01
3.580000000000000000e+02	7.975621961746073296e-01	6.677538725323903179e+01
3.590000000000000000e+02	7.139712552579515759e-01	6.602338330043392034e+01
3.600000000000000000e+02	8.657714744386008077e-01	6.738901411650940076e+01
3.610000000000000000e+02	7.488159426266058905e-01	6.633685438172743432e+01
3.620000000000000000e+02	7.847599405804337458e-01	6.666021512207186106e+01
3.630000000000000000e+02	1.214095927016273890e+00	7.052262360008076314e+01
3.640000000000000000e+02	6.425364427949293855e-01	6.538073876561949760e+01
3.650000000000000000e+02	8.775244619056201678e-01	6.749474678246036774e+01
3.660000000000000000e+02	8.656061531502919904e-01	6.738752684694493666e+01
3.670000000000000000e+02	1.048204548314207729e+00	6.903022536706379242e+01
3.680000000000000000e+02	7.111528629146748326e-01	6.599802837369834663e+01
3.690000000000000000e+02	1.148028876028522216e+00	6.992826872205034761e+01
3.700000000000000000e+02	9.502523140523153611e-01	6.814902380929596859e+01
3.710000000000000000e+02	1.074930327978106392e+00	6.927065682684468584e+01
3.720000000000000000e+02	1.072062804124173319e+00	6.924485990137317515e+01
3.730000000000000000e+02	8.085744632947989841e-01	6.687445622306898940e+01
3.740000000000000000e+02	1.244607239669682119e+00	7.079711061349424028e+01
3.750000000000000000e+02	7.046532027956740052e-01	6.593955588795074618e+01
3.760000000000000000e+02	7.138573805320542753e-01	6.602235885636068247e+01
3.770000000000000000e+02	7.890479525731947108e-01	6.669879109612924140e+01
3.780000000000000000e+02	1.249723278054907682e+00	7.084313570958961748e+01
3.790000000000000000e+02	9.216938623937839248e-01	6.789210519709106961e+01
3.800000000000000000e+02	7.053123016322406791e-01	6.594548529758475297e+01
3.810000000000000000e+02	1.093487798473875117e+00	6.943760423781827740e+01
3.820000000000000000e+02	7.634008750219789530e-01	6.646806389668734028e+01
3.830000000000000000e+02	1.084140029838384311e+00	6.935350949158488731e+01
3.840000000000000000e+02	8.290304626192346316e-01	6.705848325018298794e+01
3.850000000000000000e+02	8.485861943211754355e-01	6.723441125600024293e+01
3.860000000000000000e+02	1.037295156298780663e+00	6.893208188610356046e+01
3.870000000000000000e+02	5.965921418143649291e-01	6.496741292471647000e+01
3.880000000000000000e+02	6.151960635083322249e-01	6.513477822169869569e+01
3.890000000000000000e+02	7.686903259128773369e-01	6.651564905285981411e+01
3.900000000000000000e+02	1.370221913898878707e+00	7.192717004953846072e+01
3.910000000000000000e+02	1.039395115360447042e+00	6.895097361644879186e+01
3.920000000000000000e+02	8.114299611451990524e-01	6.690014495975719910e+01
3.930000000000000000e+02	8.426360967510996280e-01	6.718088276543409165e+01
3.940000000000000000e+02	1.065242147249572557e+00	6.918349965259285739e+01
3.950000000000000000e+02	7.537305970159053903e-01	6.638106777957767690e+01
3.960000000000000000e+02	6.380843916843064179e-01	6.534068705670745203e+01
3.970000000000000000e+02	6.910380958481441294e-01	6.581707115300062583e+01
3.980000000000000000e+02	9.221306455658921930e-01	6.789603460221968589e+01
3.990000000000000000e+02	9.707554590945928208e-01	6.833347497048222863e+01
4.000000000000000000e+02	1.245689767753100474e+00	7.080684929317442311e+01
4.010000000000000000e+02	6.701794182147298162e-01	6.562942153620477370e+01
4.020000000000000000e+02	9.027165602129760824e-01	6.772138088059159600e+01
4.030000000000000000e+02	6.656363840384768027e-01	6.558855132203076721e+01
4.040000000000000000e+02	1.596282606985286456e+00	7.396086572170869999e+01
4.050000000000000000e+02	1.120963317786652480e+00	6.968478053350303014e+01
4.060000000000000000e+02	9.119770613654203384e-01	6.780469054782619764e+01
4.070000000000000000e+02	7.764490184802939066e-01	6.658544809346535942e+01
4.080000000000000000e+02	8.918017215678472054e-01	6.762318840045728052e+01
4.090000000000000000e+02	1.028137602274577622e+00	6.884969835567898144e+01
4.100000000000000000e+02	6.769221617675938996e-01	6.569008085824256682e+01
4.110000000000000000e+02	9.781457779989548573e-01	6.839996003414614734e+01
4.120000000000000000e+02	1.120067791596547568e+00	6.967672416725790185e+01
4.130000000000000000e+02	9.172969459110689172e-01	6.785254949238316158e+01
4.140000000000000000e+02	7.687512562322907916e-01	6.651619719648091689e+01
4.150000000000000000e+02	1.238379479356234159e+00	7.074108420295885935e+01
4.160000000000000000e+02	9.563979758307358248e-01	6.820431164191629136e+01
4.170000000000000000e+02	1.063229073279780890e+00	6.916538956116463055e+01
4.180000000000000000e+02	1.327432176147431919e+00	7.154222340848239980e+01
4.190000000000000000e+02	8.180606888236809926e-01	6.695979656039133943e+01
4.200000000000000000e+02	6.879410023730587742e-01	6.578920896470688717e+01
4.210000000000000000e+02	7.836306822446681419e-01	6.665005604594566080e+01
4.220000000000000000e+02	6.388472792489902075e-01	6.534755017438379809e+01
4.230000000000000000e+02	6.747179215460616941e-01	6.567025098982205122e+01
4.240000000000000000e+02	1.090353966184858692e+00	6.940941153843093048e+01
4.250000000000000000e+02	6.450518873637258732e-01	6.540336830224217124e+01
4.260000000000000000e+02	8.674052454146965463e-01	6.740371190814244073e+01
4.270000000000000000e+02	7.685276332436965507e-01	6.651418543097717873e+01
4.280000000000000000e+02	1.091533278623745495e+00	6.942002091315396228e+01
4.290000000000000000e+02	9.118872303648348776e-01	6.780388240681493528e+01
4.300000000000000000e+02	9.224627409371701781e-01	6.789902221103436375e+01
4.310000000000000000e+02	7.229730130460063631e-01	6.610436525092495685e+01
4.320000000000000000e+02	6.768483568982661680e-01	6.568941689211344226e+01
4.330000000000000000e+02	7.673088873069999760e-01	6.650322130314452806e+01
4.340000000000000000e+02	1.300677975736006520e+00	7.130153626890836449e+01
4.350000000000000000e+02	1.102568306158850708e+00	6.951929464108084744e+01
4.360000000000000000e+02	7.242986752898477043e-01	6.611629122324350760e+01
4.370000000000000000e+02	1.358570275730280441e+00	7.182234914594106101e+01
4.380000000000000000e+02	7.990007367739182520e-01	6.678832870604587413e+01
4.390000000000000000e+02	9.563524972264244584e-01	6.820390250559320577e+01
4.400000000000000000e+02	1.009507082520868959e+00	6.868209377623571754e+01
4.410000000000000000e+02	6.270499006680042564e-01	6.524141815543110567e+01
4.420000000000000000e+02	1.116297553085987548e+00	6.964280620638956520e+01
4.430000000000000000e+02	1.047448145335776237e+00	6.902342058626510379e+01
4.440000000000000000e+02	1.006193324555627822e+00	6.865228242274245929e+01
4.450000000000000000e+02	1.883615953304731638e+00	7.654578473129825511e+01
4.460000000000000000e+02	8.828761267873720398e-01	6.754289163046702527e+01
4.470000000000000000e+02	1.908328331552391788e+00	7.676810315386494210e+01
4.480000000000000000e+02	1.464057975901404296e+00	7.277134154429315060e+01
4.490000000000000000e+02	1.149342249710069375e+00	6.994008414354463810e+01
4.500000000000000000e+02	6.961038788827222934e-01	6.586264414002866374e+01
4.510000000000000000e+02	8.000987471196593370e-01	6.679820666783412264e+01
4.520000000000000000e+02	7.878547557176693861e-01	6.668805681389733309e+01
4.530000000000000000e+02	7.805999554121034745e-01	6.662279090772651102e+01
4.540000000000000000e+02	8.317251120692958910e-01	6.708272495646896516e+01
4.550000000000000000e+02	1.353280752626470518e+00	7.177476334012406767e+01
4.560000000000000000e+02	6.947215255196850237e-01	6.585020816094076679e+01
4.570000000000000000e+02	7.490456762734479801e-01	6.633892112016371811e+01
4.580000000000000000e+02	6.071947739964514978e-01	6.506279672137713987e+01
4.590000000000000000e+02	6.421794557949449533e-01	6.537752722580256659e+01
4.600000000000000000e+02	8.346959115925047801e-01	6.710945097438366247e+01
4.610000000000000000e+02	7.604237890215724827e-01	6.644128132413106869e+01
4.620000000000000000e+02	6.844741341720946837e-01	6.575802019517767860e+01
4.630000000000000000e+02	9.208833461784804442e-01	6.788481360076451665e+01
4.640000000000000000e+02	7.037153681253198734e-01	6.593111890457132063e+01
4.650000000000000000e+02	7.939444527403021201e-01	6.674284117428599927e+01
4.660000000000000000e+02	8.200741380993390450e-01	6.697791002816025241e+01
4.670000000000000000e+02	1.167997385102569785e+00	7.010791017111934309e+01
4.680000000000000000e+02	8.560961597779550569e-01	6.730197268845928704e+01
4.690000000000000000e+02	8.279473728619233253e-01	6.704873951755108408e+01
4.700000000000000000e+02	7.185132116942474223e-01	6.606424381900338005e+01
4.710000000000000000e+02	1.134627670803187049e+00	6.980770829778317932e+01
4.720000000000000000e+02	7.460281944852670266e-01	6.631177513750883179e+01
4.730000000000000000e+02	8.452464030931741146e-01	6.720436570109370678e+01
4.740000000000000000e+02	9.664646806862016160e-01	6.829487410909297296e+01
4.750000000000000000e+02	9.525821463309153136e-01	6.816998353368317964e+01
4.760000000000000000e+02	9.216016011590010271e-01	6.789127519311591641e+01
4.770000000000000000e+02	1.003134104941043159e+00	6.862476095669076415e+01
4.780000000000000000e+02	7.276228038217313898e-01	6.614619587281673319e+01
4.790000000000000000e+02	9.681490467989370963e-01	6.831002706658883028e+01
4.800000000000000000e+02	6.308996519753684584e-01	6.527605143229948226e+01
4.810000000000000000e+02	1.506466606401966057e+00	7.315285965402792101e+01
4.820000000000000000e+02	1.225174000475677927e+00	7.062228457936370773e+01
4.830000000000000000e+02	6.813440566091211181e-01	6.572986127419736135e+01
4.840000000000000000e+02	1.284035723059385958e+00	7.115181861219627990e+01
4.850000000000000000e+02	1.310930462495304649e+00	7.139377007420506516e+01
4.860000000000000000e+02	1.327837161295331470e+00	7.154586675103493576e+01
4.870000000000000000e+02	1.138561567830734367e+00	6.984309856953036899e+01
4.880000000000000000e+02	9.448059164651314568e-01	6.810002672337736840e+01
4.890000000000000000e+02	6.968561037891487508e-01	6.586941133389953507e+01
4.900000000000000000e+02	8.406640039767071526e-01	6.716314135057048418e+01
4.910000000000000000e+02	8.471894216603726990e-01	6.722184555748584955e+01
4.920000000000000000e+02	8.776387924225910186e-01	6.749577532693834314e+01
4.930000000000000000e+02	1.301613751712994427e+00	7.130995473179343946e+01
4.940000000000000000e+02	1.188791983385238282e+00	7.029498331486051654e+01
4.950000000000000000e+02	1.047320202184256699e+00	6.902226957929447337e+01
4.960000000000000000e+02	7.574500932871834902e-01	6.641452925121291173e+01
4.970000000000000000e+02	8.491685285810528505e-01	6.723965007327493026e+01
4.980000000000000000e+02	9.431568410850283968e-01	6.808519124969191694e+01
4.990000000000000000e+02	8.441452433180064441e-01	6.719445940629051961e+01
5.000000000000000000e+02	8.327178059529118936e-01	6.709165546635698263e+01
5.010000000000000000e+02	7.978489134524178183e-01	6.677796662995002919e+01
5.020000000000000000e+02	1.157106318175323834e+00	7.000993154700360321e+01
5.030000000000000000e+02	7.143559944990430788e-01	6.602684450600150967e+01
5.040000000000000000e+02	7.380227222118230790e-01	6.623975600807105479e+01
5.050000000000000000e+02	8.751392997906495275e-01	6.747328929772733375e+01
5.060000000000000000e+02	6.715957475178094827e-01	6.564216317091674568e+01
5.070000000000000000e+02	9.835450392997027169e-01	6.844853307083965888e+01
5.080000000000000000e+02	9.500092655306937584e-01	6.814683728708460819e+01
5.090000000000000000e+02	1.013442822660588272e+00	6.871750062905763912e+01
5.100000000000000000e+02	1.239554708763912494e+00	7.075165684576363390e+01
5.110000000000000000e+02	1.170636555800455669e+00	7.013165277737755332e+01
5.120000000000000000e+02	7.698827997538397749e-01	6.652637683068104479e+01
5.130000000000000000e+02	8.894924310110112753e-01	6.760241347427661651e+01
5.140000000000000000e+02	6.795178513681499055e-01	6.571343229822478804e+01
5.150000000000000000e+02	9.447251054291987415e-01	6.809929972810986953e+01
5.160000000000000000e+02	1.124220738473640901e+00	6.971408506346408274e+01
5.170000000000000000e+02	8.970048735678370910e-01	6.766999719131584357e+01
5.180000000000000000e+02	7.298074402722418696e-01	6.616584938105829394e+01
5.190000000000000000e+02	1.112286252652264995e+00	6.960671959522130692e+01
5.200000000000000000e+02	7.564228967593881192e-01	6.640528834734534769e+01
5.210000000000000000e+02	7.042299031534753340e-01	6.593574778385878687e+01
5.220000000000000000e+02	9.919155667537725707e-01	6.852383632336317021e+01
5.230000000000000000e+02	7.215372822695158561e-01	6.609144907595138818e+01
5.240000000000000000e+02	6.688955461721730611e-01	6.561787151845990707e+01
5.250000000000000000e+02	6.090251114271277855e-01	6.507926287150945655e+01
5.260000000000000000e+02	8.209651070235650661e-01	6.698592539615943053e+01
5.270000000000000000e+02	7.966171086947269053e-01	6.676688502186296148e+01
5.280000000000000000e+02	7.973935869442589919e-01	6.677387040456726197e+01
5.290000000000000000e+02	8.634838139328884221e-01	6.736843377940461153e+01
5.300000000000000000e+02	9.326526367572153253e-01	6.799069293337957731e+01
5.310000000000000000e+02	1.186355078519288897e+00	7.027306034005357560e+01
5.320000000000000000e+02	1.221413765949064700e+00	7.058845661671035998e+01
5.330000000000000000e+02	6.196809070113821205e-01	6.517512493875945268e+01
5.340000000000000000e+02	9.656326820435769953e-01	6.828738925174933172e+01
5.350000000000000000e+02	8.934886614854686826e-01	6.763836451251302151e+01
5.360000000000000000e+02	6.971019066108828932e-01	6.587162263444869836e+01
5.370000000000000000e+02	8.562132208757224916e-01	6.730302579789047002e+01
5.380000000000000000e+02	7.904161291307940651e-01	6.671109953730919528e+01
5.390000000000000000e+02	6.478562604747140075e-01	6.542859710863527312e+01
5.400000000000000000e+02	1.178145837407036156e+00	7.019920805775782924e+01
5.410000000000000000e+02	8.739696122217305296e-01	6.746276651061992879e+01
5.420000000000000000e+02	7.473697646047396947e-01	6.632384422085381459e+01
5.430000000000000000e+02	1.128097323129938712e+00	6.974895973951092287e+01
5.440000000000000000e+02	9.781142613832729538e-01	6.839967650318799031e+01
5.450000000000000000e+02	8.980217886624393131e-01	6.767914560096912169e+01
5.460000000000000000e+02	1.147935537186786537e+00	6.992742902366718738e+01
5.470000000000000000e+02	8.648517814077849586e-01	6.738074033962692511e+01
5.480000000000000000e+02	1.197599519949338776e+00	7.037421800510384173e+01
5.490000000000000000e+02	7.419897585835367737e-01	6.627544440922717683e+01
5.500000000000000000e+02	7.364375549195490978e-01	6.622549546671842791e+01
5.510000000000000000e+02	1.415871068244177966e+00	7.233784068122930933e+01
5.520000000000000000e+02	1.025172142672964082e+00	6.882302037696689467e+01
5.530000000000000000e+02	6.708797485447927089e-01	6.563572187414453651e+01
5.540000000000000000e+02	1.058897831384754129e+00	6.912642468064171908e+01
5.550000000000000000e+02	7.838561229928199259e-01	6.665208416444599493e+01
5.560000000000000000e+02	1.366686512880727733e+00	7.189536474251301001e+01
5.570000000000000000e+02	1.147365532635032048e+00	6.992230112737439640e+01
5.580000000000000000e+02	1.793731161639278371e+00	7.573715980270846160e+01
5.590000000000000000e+02	7.250680746722997227e-01	6.612321292277870555e+01
5.600000000000000000e+02	6.677346324409951794e-01	6.560742766288011296e+01
5.610000000000000000e+02	1.359319937643902243e+00	7.182909328252007697e+01
5.620000000000000000e+02	6.406870801231193679e-01	6.536410145990048193e+01
5.630000000000000000e+02	8.207459474840177460e-01	6.698395378490315011e+01
5.640000000000000000e+02	9.034192345376246269e-01	6.772770230566320038e+01
5.650000000000000000e+02	1.099047904748742921e+00	6.948762427409094755e+01
5.660000000000000000e+02	1.123460357261536702e+00	6.970724449353065211e+01
5.670000000000000000e+02	1.517213570377248688e+00	7.324954189377115199e+01
5.680000000000000000e+02	8.813937538863331200e-01	6.752955585186603571e+01
5.690000000000000000e+02	6.955406999642130828e-01	6.585757764875327780e+01
5.700000000000000000e+02	9.163636967938828537e-01	6.784415376172886170e+01
5.710000000000000000e+02	1.028054301849600893e+00	6.884894896527654851e+01
5.720000000000000000e+02	6.939709566332875612e-01	6.584345586501929404e+01
5.730000000000000000e+02	1.151267732267971411e+00	6.995740624183328293e+01
5.740000000000000000e+02	1.208433438845146757e+00	7.047168251195920163e+01
5.750000000000000000e+02	6.808672820280411431e-01	6.572557209685783164e+01
5.760000000000000000e+02	7.525122701698229166e-01	6.637010742198371815e+01
5.770000000000000000e+02	8.278112665673014181e-01	6.704751507300679236e+01
5.780000000000000000e+02	1.087024327895164788e+00	6.937945732176818581e+01
5.790000000000000000e+02	9.718360550126514674e-01	6.834319626794406588e+01
5.800000000000000000e+02	8.688128562262249499e-01	6.741637510923423804e+01
5.810000000000000000e+02	7.490191649790045592e-01	6.633868261826391688e+01
5.820000000000000000e+02	6.537170379945763665e-01	6.548132205482103529e+01
5.830000000000000000e+02	7.780938180952878813e-01	6.660024510135262688e+01
5.840000000000000000e+02	1.379971355680309708e+00	7.201487834276834121e+01
5.850000000000000000e+02	1.169133014378505475e+00	7.011812656173607650e+01
5.860000000000000000e+02	8.375186457683433394e-01	6.713484496127591683e+01
5.870000000000000000e+02	8.860530569292269787e-01	6.757147204837190202e+01
5.880000000000000000e+02	1.110746363591930352e+00	6.959286638759431298e+01
5.890000000000000000e+02	1.040779124817752699e+00	6.896342449415396914e+01
5.900000000000000000e+02	1.152821199943577124e+00	6.997138160590742473e+01
5.910000000000000000e+02	8.505407426830041695e-01	6.725199483716258442e+01
5.920000000000000000e+02	7.394371837431203964e-01	6.625248083986457459e+01
5.930000000000000000e+02	8.255892426237614323e-01	6.702752521800043439e+01
5.940000000000000000e+02	1.280668244321571780e+00	7.112152397387717429e+01
5.950000000000000000e+02	9.529318097876648963e-01	6.817312918916621811e+01
5.960000000000000000e+02	8.075212369906821230e-01	6.686498114915298174e+01
5.970000000000000000e+02	1.042626864093833206e+00	6.898004719541954444e+01
5.980000000000000000e+02	7.205460602010097526e-01	6.608253180686158146e+01
5.990000000000000000e+02	8.586247953879529993e-01	6.732472089482075717e+01
6.000000000000000000e+02	1.874457749872036727e+00	7.646339535864068182e+01
6.010000000000000000e+02	1.146644257265615030e+00	6.991581236288730850e+01
6.020000000000000000e+02	1.161870622075461768e+00	7.005279235615326172e+01
6.030000000000000000e+02	6.397210770374901490e-01	6.535541106676876666e+01
6.040000000000000000e+02	1.000677952929861281e+00	6.860266482999516313e+01
6.050000000000000000e+02	1.005517994299521156e+00	6.864620699140417059e+01
6.060000000000000000e+02	7.483711489927415972e-01	6.633285291258280836e+01
6.070000000000000000e+02	9.047270901199675475e-01	6.773946808502678607e+01
6.080000000000000000e+02	8.165620724966525801e-01	6.694631465207322663e+01
6.090000000000000000e+02	7.240104062234253846e-01	6.611369788627368393e+01
6.100000000000000000e+02	7.277848053358847435e-01	6.614765327690463437e+01
6.110000000000000000e+02	6.885278433590900082e-01	6.579448832556015248e+01
6.120000000000000000e+02	1.097022898518487777e+00	6.946940683721432208e+01
6.130000000000000000e+02	9.198320515360975946e-01	6.787535590453613565e+01
6.140000000000000000e+02	1.017514910720187959e+00	6.875413410014206761e+01
6.150000000000000000e+02	9.341417198262919053e-01	6.800408907824552784e+01
6.160000000000000000e+02	9.185108880703514167e-01	6.786347040429355104e+01
6.170000000000000000e+02	6.927717345349839739e-01	6.583266737827268855e+01
6.180000000000000000e+02	8.945521197998433927e-01	6.764793163602286086e+01
6.190000000000000000e+02	6.440652530784591878e-01	6.539449230593973539e+01
6.200000000000000000e+02	8.546643436005728622e-01	6.728909173014879741e+01
6.210000000000000000e+02	6.006421423652581471e-01	6.500384769132797658e+01
6.220000000000000000e+02	7.399084333754293308e-01	6.625672031345308710e+01
6.230000000000000000e+02	7.597715622690498494e-01	6.643541373739687117e+01
6.240000000000000000e+02	7.396364298374458190e-01	6.625427330503927692e+01
6.250000000000000000e+02	1.063572090923814661e+00	6.916847542933845716e+01
6.260000000000000000e+02	7.638913741374320221e-01	6.647247654319690469e+01
6.270000000000000000e+02	1.533832207131025749e+00	7.339904709603383992e+01
6.280000000000000000e+02	7.148806287778006752e-01	6.603156424054542128e+01
6.290000000000000000e+02	8.789375528043592567e-01	6.750745928371793525e+01
6.300000000000000000e+02	9.259745907031859957e-01	6.793061564540346353e+01
6.310000000000000000e+02	9.319443395394400032e-01	6.798432092342626731e+01
6.320000000000000000e+02	6.215656843951840038e-01	6.519208084363663147e+01
6.330000000000000000e+02	7.432955525582448653e-01	6.628719164187896240e+01
6.340000000000000000e+02	8.625748934892684128e-01	6.736025691527444792e+01
6.350000000000000000e+02	7.103245459581983834e-01	6.599057663767749204e+01
6.360000000000000000e+02	7.844167419820453624e-01	6.665712762598968766e+01
6.370000000000000000e+02	1.142988631062222149e+00	6.988292548154845463e+01
6.380000000000000000e+02	6.750477442933449090e-01	6.567321815357163928e+01
6.390000000000000000e+02	7.629957690196591535e-01	6.646441946689974145e+01
6.400000000000000000e+02	1.049114252646400125e+00	6.903840928324167692e+01
6.410000000000000000e+02	1.015656319603849944e+00	6.873741377314480872e+01
6.420000000000000000e+02	1.061310800515230524e+00	6.914813232388888764e+01
6.430000000000000000e+02	7.579029167876801809e-01	6.641860295894441890e+01
6.440000000000000000e+02	1.086192980456299750e+00	6.937197832280818943e+01
6.450000000000000000e+02	6.660543673847977297e-01	6.559231159946266132e+01
6.460000000000000000e+02	1.422606452579578518e+00	7.239843379799937395e+01
6.470000000000000000e+02	7.948176164840172753e-01	6.675069636265352813e+01
6.480000000000000000e+02	7.055686810863956993e-01	6.594779174803055355e+01
6.490000000000000000e+02	7.645718500380952465e-01	6.647859826597543531e+01
6.500000000000000000e+02	8.409216389204786646e-01	6.716545909569899209e+01
6.510000000000000000e+02	7.915711304175753193e-01	6.672149020313528922e+01
6.520000000000000000e+02	9.040786436356327282e-01	6.773363450648281514e+01
6.530000000000000000e+02	7.836483315708040465e-01	6.665021482347432880e+01
6.540000000000000000e+02	9.154497866423700891e-01	6.783593200900170928e+01
6.550000000000000000e+02	9.118570709457175516e-01	6.780361108551932148e+01
6.560000000000000000e+02	6.539897772269653853e-01	6.548377568171639496e+01
6.570000000000000000e+02	7.407576292019798503e-01	6.626435988074672423e+01
6.580000000000000000e+02	7.226015476141682825e-01	6.610102345969723103e+01
6.590000000000000000e+02	1.375941354156566154e+00	7.197862349215375843e+01
6.600000000000000000e+02	1.478261114888191008e+00	7.289911635509415078e+01
6.610000000000000000e+02	2.227066618983691626e+00	7.963554847066849618e+01
6.620000000000000000e+02	1.419848919372926899e+00	7.237362637450762293e+01
6.630000000000000000e+02	6.214660471465844882e-01	6.519118448328977422e+01
6.640000000000000000e+02	9.266963267915782065e-01	6.793710855462785503e+01
6.650000000000000000e+02	7.578784839516401473e-01	6.641838315534992887e+01
6.660000000000000000e+02	1.039081033349320116e+00	6.894814806009924268e+01
6.670000000000000000e+02	1.342861908108974989e+00	7.168103294093367595e+01
6.680000000000000000e+02	8.781397434154000203e-01	6.750028200101836262e+01
6.690000000000000000e+02	1.375986253890492117e+00	7.197902742082141003e+01
6.700000000000000000e+02	9.836549786889527969e-01	6.844952211169000122e+01
6.710000000000000000e+02	1.576391136537552695e+00	7.378191733041452949e+01
6.720000000000000000e+02	1.145285720519736650e+00	6.990359064374253251e+01
6.730000000000000000e+02	1.174251352828921124e+00	7.016417234976404416e+01
6.740000000000000000e+02	1.949048053367156585e+00	7.713442744003798168e+01
6.750000000000000000e+02	6.188296003409268220e-01	6.516746638181282947e+01
6.760000000000000000e+02	8.582369486637072553e-01	6.732123173359687485e+01
6.770000000000000000e+02	7.527353241324979960e-01	6.637211406839516314e+01
6.780000000000000000e+02	7.792970031112934626e-01	6.661106923944785763e+01
6.790000000000000000e+02	7.747359299241803887e-01	6.657003674204885613e+01
6.800000000000000000e+02	8.747809655734410939e-01	6.747006563802436574e+01
6.810000000000000000e+02	1.753973688476533566e+00	7.537949213389089209e+01
6.820000000000000000e+02	1.614103447941633185e+00	7.412118623843605292e+01
6.830000000000000000e+02	1.017196986944382209e+00	6.875127398236524812e+01
6.840000000000000000e+02	1.693878464254748195e+00	7.483886122743238900e+01
6.850000000000000000e+02	1.420128379854321388e+00	7.237614046735497197e+01
6.860000000000000000e+02	1.269830257320140321e+00	7.102402286937767428e+01
6.870000000000000000e+02	8.443429647285289885e-01	6.719623815504770903e+01
6.880000000000000000e+02	7.185719637854885988e-01	6.606477236676661846e+01
6.890000000000000000e+02	1.108711268828057372e+00	6.957455819187379120e+01
6.900000000000000000e+02	8.169512587292788730e-01	6.694981586383256911e+01
6.910000000000000000e+02	7.517126328095473653e-01	6.636291369442012922e+01
6.920000000000000000e+02	1.127107602322097613e+00	6.974005597611852636e+01
6.930000000000000000e+02	9.283678749676080866e-01	6.795214619892152541e+01
6.940000000000000000e+02	1.085305232917549434e+00	6.936399193515765660e+01
6.950000000000000000e+02	1.167378126059872789e+00	7.010233916973078294e+01
6.960000000000000000e+02	6.828632194749356676e-01	6.574352802405708474e+01
6.970000000000000000e+02	1.230433010877294286e+00	7.066959588566665218e+01
6.980000000000000000e+02	9.393062728307695064e-01	6.805055062337530103e+01
6.990000000000000000e+02	9.769065393925739915e-01	6.838881154939112150e+01
7.000000000000000000e+02	1.563954902274790726e+00	7.367003801405496688e+01
7.010000000000000000e+02	8.868365628552121738e-01	6.757852065372227912e+01
7.020000000000000000e+02	8.165490133383288551e-01	6.694619716878409577e+01
7.030000000000000000e+02	7.183278849799061838e-01	6.606257657587610765e+01
7.040000000000000000e+02	8.473412562466099418e-01	6.722321149747612878e+01
7.050000000000000000e+02	7.660756791948136746e-01	6.649212707014720536e+01
7.060000000000000000e+02	8.836156832585784215e-01	6.754954485608658388e+01
7.070000000000000000e+02	9.175243439790372602e-01	6.785459521939732497e+01
7.080000000000000000e+02	1.392224624314365000e+00	7.212511165688761139e+01
7.090000000000000000e+02	1.581668519930862438e+00	7.382939392451332594e+01
7.100000000000000000e+02	1.429599776619764118e+00	7.246134740160039200e+01
7.110000000000000000e+02	1.882734839448518382e+00	7.653785802183097076e+01
7.120000000000000000e+02	8.598804639675592387e-01	6.733601718751614840e+01
7.130000000000000000e+02	1.257841677140842940e+00	7.091617075544655791e+01
7.140000000000000000e+02	1.302626433764682901e+00	7.131906505998753687e+01
7.150000000000000000e+02	1.545012757640891854e+00	7.349962998319549001e+01
7.160000000000000000e+02	9.083647349169350349e-01	6.777219320136383374e+01
7.170000000000000000e+02	6.618795579164559184e-01	6.555475402219443026e+01
7.180000000000000000e+02	7.130982061121482474e-01	6.601552914301640840e+01
7.190000000000000000e+02	6.185414565456617275e-01	6.516487417181208741e+01
7.200000000000000000e+02	1.470329842654698904e+00	7.282776474683429058e+01
7.210000000000000000e+02	1.051243924770452365e+00	6.905756831935137541e+01
7.220000000000000000e+02	8.539553642227790675e-01	6.728271358332197849e+01
7.230000000000000000e+02	1.005151563417731486e+00	6.864291049218411445e+01
7.240000000000000000e+02	1.363177784527206837e+00	7.186379938911187537e+01
7.250000000000000000e+02	6.599095520359050671e-01	6.553703138152334873e+01
7.260000000000000000e+02	7.419160797415026432e-01	6.627478157686950055e+01
7.270000000000000000e+02	7.892445274338676375e-01	6.670055953025172357e+01
7.280000000000000000e+02	9.587572026260686719e-01	6.822553580635563719e+01
7.290000000000000000e+02	8.495553301221909770e-01	6.724312983178342051e+01
7.300000000000000000e+02	1.254859775356461871e+00	7.088934485895417481e+01
7.310000000000000000e+02	1.093717184762046157e+00	6.943966785133348196e+01
7.320000000000000000e+02	1.099350007613375979e+00	6.949034206319424811e+01
7.330000000000000000e+02	7.943627524100016490e-01	6.674660429743811108e+01
7.340000000000000000e+02	5.720918787485005375e-01	6.474700274069108730e+01
7.350000000000000000e+02	7.243095865046814685e-01	6.611638938312296432e+01
7.360000000000000000e+02	7.049123732139979115e-01	6.594188744657290613e+01
7.370000000000000000e+02	8.470786957534763850e-01	6.722084944093600711e+01
7.380000000000000000e+02	1.253129940702183420e+00	7.087378285566228442e+01
7.390000000000000000e+02	2.573902673072490543e+00	8.275576796801995272e+01
7.400000000000000000e+02	7.613151297906600723e-01	6.644930003733492185e+01
7.410000000000000000e+02	7.532038034464132448e-01	6.637632861954159580e+01
7.420000000000000000e+02	8.278895993738375481e-01	6.704821977353419982e+01
7.430000000000000000e+02	2.379799166294886525e+00	8.100956673198378155e+01
7.440000000000000000e+02	2.496505614286634422e+00	8.205948564957489566e+01
7.450000000000000000e+02	9.309908192187310583e-01	6.797574282821176439e+01
7.460000000000000000e+02	7.546538965292823864e-01	6.638937400123361954e+01
7.470000000000000000e+02	1.444897852510144798e+00	7.259897252477432517e+01
7.480000000000000000e+02	8.114648423797314880e-01	6.690045875962545097e+01
7.490000000000000000e+02	1.008171972909000846e+00	6.867008281315116847e+01
7.500000000000000000e+02	7.481459657034785771e-01	6.633082711024377431e+01
7.510000000000000000e+02	9.849889070469136643e-01	6.846152244793391617e+01
7.520000000000000000e+02	5.939315180643993664e-01	6.494347732170781740e+01
7.530000000000000000e+02	6.857620754069203572e-01	6.576960682034241756e+01
7.540000000000000000e+02	1.068138972317948632e+00	6.920956017874695476e+01
7.550000000000000000e+02	1.460119708472903177e+00	7.273591195538124055e+01
7.560000000000000000e+02	1.721201835005807146e+00	7.508466875852887767e+01
7.570000000000000000e+02	6.397613510499007283e-01	6.535577338134730496e+01
7.580000000000000000e+02	1.613807419111181529e+00	7.411852309278650353e+01
7.590000000000000000e+02	9.801055975498160766e-01	6.841759103617664550e+01
7.600000000000000000e+02	1.914621000787454452e+00	7.682471350047151759e+01
7.610000000000000000e+02	1.363429590064620722e+00	7.186606469151662679e+01
7.620000000000000000e+02	6.594404533741540231e-01	6.553281125857672862e+01
7.630000000000000000e+02	9.328106894937513438e-01	6.799211481332642393e+01
7.640000000000000000e+02	1.108958913174220795e+00	6.957678605921398685e+01
7.650000000000000000e+02	9.770379825643861205e-01	6.838999404337538124e+01
7.660000000000000000e+02	8.005828408081733238e-01	6.680256168960201535e+01
7.670000000000000000e+02	8.804806005441204730e-01	6.752134090757505192e+01
7.680000000000000000e+02	8.829155787641833619e-01	6.754324654981812159e+01
7.690000000000000000e+02	7.623412400300950686e-01	6.645853116869444932e+01
7.700000000000000000e+02	7.794280356341980465e-01	6.661224803913702885e+01
7.710000000000000000e+02	8.262585272565305949e-01	6.703354626147566364e+01
7.720000000000000000e+02	9.436251489789453384e-01	6.808940425870333968e+01
7.730000000000000000e+02	8.008128636638360831e-01	6.680463102982952250e+01
7.740000000000000000e+02	8.365040483715477926e-01	6.712571740218243121e+01
7.750000000000000000e+02	1.043183777672492374e+00	6.898505732220995412e+01
7.760000000000000000e+02	1.087781058681919877e+00	6.938626505160837610e+01
7.770000000000000000e+02	1.125138149770016360e+00	6.972233831332174248e+01
7.780000000000000000e+02	8.714381315531666283e-01	6.743999270943604074e+01
7.790000000000000000e+02	1.031649854577886716e+00	6.888129541136915179e+01
7.800000000000000000e+02	8.047359692504170159e-01	6.683992421921138316e+01
7.810000000000000000e+02	6.428087822287931186e-01	6.538318879583239607e+01
7.820000000000000000e+02	7.910048916482823600e-01	6.671639618471570543e+01
7.830000000000000000e+02	9.314626795033578155e-01	6.797998779537351766e+01
7.840000000000000000e+02	7.333117110208702272e-01	6.619737463278737266e+01
7.850000000000000000e+02	1.020498522979970790e+00	6.878097538447730130e+01
7.860000000000000000e+02	1.008958228317177186e+00	6.867715615349617053e+01
7.870000000000000000e+02	9.246032377275201775e-01	6.791827862841235230e+01
7.880000000000000000e+02	7.549601551042282033e-01	6.639212917609364695e+01
7.890000000000000000e+02	1.399386058344027184e+00	7.218953761787098244e+01
7.900000000000000000e+02	1.187090641787797551e+00	7.027967764187349076e+01
7.910000000000000000e+02	1.223900340840958334e+00	7.061082643486463439e+01
7.920000000000000000e+02	8.006794638816721044e-01	6.680343093371395469e+01
7.930000000000000000e+02	8.806759985531715795e-01	6.752309875446091780e+01
7.940000000000000000e+02	9.858282726871151480e-01	6.846907358053702808e+01
7.950000000000000000e+02	9.057792417953185460e-01	6.774893349132726428e+01
7.960000000000000000e+02	7.296600026363784242e-01	6.616452299707762563e+01
7.970000000000000000e+02	8.275393384789969664e-01	6.704506874335622513e+01
7.980000000000000000e+02	6.765588321413041895e-01	6.568681225865336160e+01
7.990000000000000000e+02	6.874095535481143937e-01	6.578442792488738178e+01
