0.000000000000000000e+00	8.312936537624773248e-01	6.584113193203683068e+01
1.000000000000000000e+00	1.460628373033636018e+00	7.151619893290815355e+01
2.000000000000000000e+00	1.873382859096419883e+00	7.523823951256865428e+01
3.000000000000000000e+00	1.050393279814315628e+00	6.781687714302731251e+01
4.000000000000000000e+00	1.365482287454467869e+00	7.065821288192759653e+01
5.000000000000000000e+00	1.117027976792290378e+00	6.841775988213746018e+01
6.000000000000000000e+00	1.577154787083470566e+00	7.256698349453210994e+01
7.000000000000000000e+00	1.602564125088353553e+00	7.279611386222022418e+01
8.000000000000000000e+00	8.721608911093925443e-01	6.620965491826719074e+01
9.000000000000000000e+00	7.583827137151371023e-01	6.518365276046917245e+01
1.000000000000000000e+01	8.525826563990792639e-01	6.603310690599721511e+01
1.100000000000000000e+01	1.167638491421771674e+00	6.887414350864945334e+01
1.200000000000000000e+01	1.390895773779026845e+00	7.088738065735975624e+01
1.300000000000000000e+01	7.758936765373622979e-01	6.534155901325144100e+01
1.400000000000000000e+01	8.855727477674257830e-01	6.633059721305838252e+01
1.500000000000000000e+01	1.531080386843697072e+00	7.215150457627301250e+01
1.600000000000000000e+01	9.048754979418343058e-01	6.650466102550419123e+01
1.700000000000000000e+01	7.949959665352799298e-01	6.551381516294203777e+01
1.800000000000000000e+01	8.815086989065625822e-01	6.629394938659343950e+01
1.900000000000000000e+01	1.091796005827796678e+00	6.819022893333905699e+01
2.000000000000000000e+01	7.653016636007623497e-01	6.524604484368693136e+01
2.100000000000000000e+01	1.137197516247084206e+00	6.859964002362279700e+01
2.200000000000000000e+01	7.907579672939597515e-01	6.547559872754182209e+01
2.300000000000000000e+01	1.316983042427691819e+00	7.022086776717310386e+01
2.400000000000000000e+01	9.933381327592927246e-01	6.730237862202277199e+01
2.500000000000000000e+01	9.928646440477588708e-01	6.729810890659180700e+01
2.600000000000000000e+01	7.730738002804349307e-01	6.531613059463383308e+01
2.700000000000000000e+01	9.711935795912103320e-01	6.710268866517633057e+01
2.800000000000000000e+01	9.283322573944918776e-01	6.671618388836374436e+01
2.900000000000000000e+01	1.130228525262567452e+00	6.853679669152218423e+01
3.000000000000000000e+01	1.113970578099990894e+00	6.839018958942061488e+01
3.100000000000000000e+01	9.245834521315450250e-01	6.668237879166562720e+01
3.200000000000000000e+01	1.598095117507805529e+00	7.275581429400891409e+01
3.300000000000000000e+01	3.334749739964568693e+00	8.841621096055379780e+01
3.400000000000000000e+01	9.097670544221141409e-01	6.654877095606114779e+01
3.500000000000000000e+01	8.204227254312845830e-01	6.574310262465547794e+01
3.600000000000000000e+01	1.526862568667205267e+00	7.211347012494509556e+01
3.700000000000000000e+01	8.487969800433434742e-01	6.599896932180783438e+01
3.800000000000000000e+01	9.740053471245597727e-01	6.712804396284863628e+01
3.900000000000000000e+01	1.798311112822802205e+00	7.456127512949981906e+01
4.000000000000000000e+01	2.057766104592877010e+00	7.690092749082342038e+01
4.100000000000000000e+01	1.996204988596082197e+00	7.634579610011479645e+01
4.200000000000000000e+01	8.066865816497015285e-01	6.561923604951346078e+01
4.300000000000000000e+01	2.667876940878173730e+00	8.240264186928099832e+01
4.400000000000000000e+01	9.258431929083588141e-01	6.669373858653031562e+01
4.500000000000000000e+01	1.213408655893165822e+00	6.928687896096468535e+01
4.600000000000000000e+01	1.483914408446708633e+00	7.172618228057231704e+01
4.700000000000000000e+01	9.720288747895284853e-01	6.711022099427053433e+01
4.800000000000000000e+01	7.983160808582163703e-01	6.554375451104448302e+01
4.900000000000000000e+01	7.589540192390591411e-01	6.518880454540482106e+01
5.000000000000000000e+01	1.221537515101516425e+00	6.936018148065002720e+01
5.100000000000000000e+01	8.320003125021260271e-01	6.584750427344984303e+01
5.200000000000000000e+01	9.263297080781331960e-01	6.669812576890063838e+01
5.300000000000000000e+01	8.809410761697227255e-01	6.628883081143121103e+01
5.400000000000000000e+01	8.255421612322932923e-01	6.578926747189453295e+01
5.500000000000000000e+01	8.761672916129608080e-01	6.624578289689898725e+01
5.600000000000000000e+01	1.501024833374708267e+00	7.188047665669101605e+01
5.700000000000000000e+01	1.588878267765797769e+00	7.267270074851211348e+01
5.800000000000000000e+01	1.299682135484114376e+00	7.006485570701798338e+01
5.900000000000000000e+01	1.793748465523124613e+00	7.452013115899553952e+01
6.000000000000000000e+01	1.280034121031483174e+00	6.988767845135679124e+01
6.100000000000000000e+01	1.323157242650795151e+00	7.027654402158901803e+01
6.200000000000000000e+01	2.131950913660790370e+00	7.756989385961811934e+01
6.300000000000000000e+01	9.473575861202898629e-01	6.688774603474834635e+01
6.400000000000000000e+01	2.371653434120119197e+00	7.973142701872912141e+01
6.500000000000000000e+01	1.148886574069108546e+00	6.870504686720813936e+01
6.600000000000000000e+01	2.365288967905455841e+00	7.967403502828747719e+01
6.700000000000000000e+01	1.485282521382878196e+00	7.173851932847350099e+01
6.800000000000000000e+01	1.780844238989982120e+00	7.440376645206372075e+01
6.900000000000000000e+01	8.620327429613232617e-01	6.611832367977838487e+01
7.000000000000000000e+01	1.429013982618928980e+00	7.123111409919208370e+01
7.100000000000000000e+01	1.807208798066072264e+00	7.464151058825014218e+01
7.200000000000000000e+01	1.655262645057313575e+00	7.327132621347419672e+01
7.300000000000000000e+01	1.950608143050390986e+00	7.593462356255027146e+01
7.400000000000000000e+01	1.034509724724336444e+00	6.767364614593239480e+01
7.500000000000000000e+01	1.751748126336367672e+00	7.414139035279910672e+01
7.600000000000000000e+01	1.012967174277268123e+00	6.747938478800453765e+01
7.700000000000000000e+01	1.593139784670172698e+00	7.271112925597739718e+01
7.800000000000000000e+01	1.588138664558808255e+00	7.266603132820969790e+01
7.900000000000000000e+01	8.673988139556676469e-01	6.616671257600772549e+01
8.000000000000000000e+01	1.026752597983862314e+00	6.760369574809413962e+01
8.100000000000000000e+01	9.921427145327499364e-01	6.729159885996300261e+01
8.200000000000000000e+01	1.246667268266479001e+00	6.958679067375426541e+01
8.300000000000000000e+01	8.352448265790577420e-01	6.587676189138832683e+01
8.400000000000000000e+01	1.451011628254927022e+00	7.142947930775754628e+01
8.500000000000000000e+01	1.056086550098340293e+00	6.786821658025608883e+01
8.600000000000000000e+01	8.271540084901769507e-01	6.580380240998638897e+01
8.700000000000000000e+01	8.250374094522849866e-01	6.578471583969843550e+01
8.800000000000000000e+01	1.225735318650646333e+00	6.939803544876637886e+01
8.900000000000000000e+01	9.161764221185544343e-01	6.660656784855206070e+01
9.000000000000000000e+01	1.244010183083794407e+00	6.956283023429810441e+01
9.100000000000000000e+01	1.530540805904681001e+00	7.214663886985709951e+01
9.200000000000000000e+01	8.844590723124363674e-01	6.632055457178854851e+01
9.300000000000000000e+01	1.687096897984306398e+00	7.355839367177776467e+01
9.400000000000000000e+01	1.139269562137551928e+00	6.861832483298925922e+01
9.500000000000000000e+01	1.060191965385642865e+00	6.790523743117756794e+01
9.600000000000000000e+01	7.845707821149947581e-01	6.541980538043698346e+01
9.700000000000000000e+01	7.966774332494486188e-01	6.552897789903531134e+01
9.800000000000000000e+01	8.478023810163626273e-01	6.599000046001731334e+01
9.900000000000000000e+01	9.112311811683750928e-01	6.656197381477585395e+01
1.000000000000000000e+02	8.643985044874893386e-01	6.613965708910406249e+01
1.010000000000000000e+02	8.702136593272282727e-01	6.619209562828744708e+01
1.020000000000000000e+02	1.228863794631681827e+00	6.942624668558413248e+01
1.030000000000000000e+02	1.206173176785922729e+00	6.922163255478426436e+01
1.040000000000000000e+02	1.269998585996744200e+00	6.979718235767600731e+01
1.050000000000000000e+02	1.107348910345382631e+00	6.833047826726691198e+01
1.060000000000000000e+02	1.060694760866577990e+00	6.790977142231878361e+01
1.070000000000000000e+02	9.779115798770137147e-01	6.716326867223197894e+01
1.080000000000000000e+02	9.387679289158157303e-01	6.681028823898846269e+01
1.090000000000000000e+02	2.892226393342430590e+00	8.442572773337880676e+01
1.100000000000000000e+02	1.166725383742957201e+00	6.886590950042203474e+01
1.110000000000000000e+02	8.139514269035519334e-01	6.568474726684198117e+01
1.120000000000000000e+02	8.822588869270699963e-01	6.630071425614418956e+01
1.130000000000000000e+02	8.512381624413594139e-01	6.602098284377930781e+01
1.140000000000000000e+02	2.464186400923912501e+00	8.056584910020761470e+01
1.150000000000000000e+02	1.095064506338070398e+00	6.821970285050934990e+01
1.160000000000000000e+02	7.992831770439967620e-01	6.555247536416530352e+01
1.170000000000000000e+02	1.346873203269622232e+00	7.049040424792093518e+01
1.180000000000000000e+02	1.817762392469390420e+00	7.473667831617751744e+01
1.190000000000000000e+02	1.763839668660621030e+00	7.425042662671305038e+01
1.200000000000000000e+02	1.062791826245750970e+00	6.792868184656138908e+01
1.210000000000000000e+02	8.067261149663220721e-01	6.561959254378227513e+01
1.220000000000000000e+02	9.549183671705268051e-01	6.695592587248032146e+01
1.230000000000000000e+02	9.897278723826918867e-01	6.726982286290061097e+01
1.240000000000000000e+02	7.955846258280567795e-01	6.551912343662358751e+01
1.250000000000000000e+02	1.146321072753357040e+00	6.868191229126328778e+01
1.260000000000000000e+02	9.970182061240502325e-01	6.733556392433266069e+01
1.270000000000000000e+02	1.880700690376540862e+00	7.530422853485532642e+01
1.280000000000000000e+02	1.204818886143907974e+00	6.920942015032485983e+01
1.290000000000000000e+02	9.504377515653681385e-01	6.691552162814771521e+01
1.300000000000000000e+02	8.756198106810479942e-01	6.624084595178032941e+01
1.310000000000000000e+02	1.899869668499472919e+00	7.547708604907583663e+01
1.320000000000000000e+02	8.917416727430134138e-01	6.638622589758472259e+01
1.330000000000000000e+02	1.200761032419197738e+00	6.917282818890544149e+01
1.340000000000000000e+02	1.049740712443690827e+00	6.781099257407302616e+01
1.350000000000000000e+02	1.129730639482214638e+00	6.853230697392713466e+01
1.360000000000000000e+02	9.791147206426429328e-01	6.717411807279314928e+01
1.370000000000000000e+02	1.149915755273927864e+00	6.871432757604961239e+01
1.380000000000000000e+02	8.692556948919309967e-01	6.618345712132399683e+01
1.390000000000000000e+02	1.233870981224584495e+00	6.947139931824597170e+01
1.400000000000000000e+02	7.818430229618165139e-01	6.539520763382854796e+01
1.410000000000000000e+02	9.171796066896715782e-01	6.661561413104848839e+01
1.420000000000000000e+02	9.388694755208837339e-01	6.681120394214264024e+01
1.430000000000000000e+02	8.279012027295342691e-01	6.581054028291977431e+01
1.440000000000000000e+02	1.734266563521810189e+00	7.398374921650926694e+01
1.450000000000000000e+02	9.314702437440931515e-01	6.674448088555219272e+01
1.460000000000000000e+02	1.061325240007113369e+00	6.791545680921328199e+01
1.470000000000000000e+02	9.925307100612268396e-01	6.729509763502295527e+01
1.480000000000000000e+02	1.073553665051367290e+00	6.802572743200943250e+01
1.490000000000000000e+02	1.085856314422257940e+00	6.813666737752663494e+01
1.500000000000000000e+02	7.924158810106305406e-01	6.549054907293937333e+01
1.510000000000000000e+02	1.006491844461639529e+00	6.742099307778872230e+01
1.520000000000000000e+02	1.016417364418932490e+00	6.751049710331166409e+01
1.530000000000000000e+02	9.316397989009834735e-01	6.674600986027141403e+01
1.540000000000000000e+02	9.666943429779302210e-01	6.706211650468483754e+01
1.550000000000000000e+02	1.283900824044972300e+00	6.992254669873305772e+01
1.560000000000000000e+02	8.339821883350346798e-01	6.586537596842353537e+01
1.570000000000000000e+02	7.373443878920972194e-01	6.499393828107388060e+01
1.580000000000000000e+02	8.245972411995519114e-01	6.578074659368446930e+01
1.590000000000000000e+02	1.576502453181092944e+00	7.256110103089301333e+01
1.600000000000000000e+02	8.202923150348000458e-01	6.574192664037398970e+01
1.610000000000000000e+02	7.974307800420865622e-01	6.553577125302038553e+01
1.620000000000000000e+02	7.839481248634789790e-01	6.541419052793843036e+01
1.630000000000000000e+02	1.033745692963025320e+00	6.766675643954330610e+01
1.640000000000000000e+02	1.023893869823346847e+00	6.757791697989429736e+01
1.650000000000000000e+02	8.574671503893751545e-01	6.607715315008871926e+01
1.660000000000000000e+02	8.525535399276669146e-01	6.603284434631150646e+01
1.670000000000000000e+02	1.158332866966139019e+00	6.879022943136507706e+01
1.680000000000000000e+02	1.051832883929657791e+00	6.782985886731349012e+01
1.690000000000000000e+02	8.779676257027100306e-01	6.626201752732762884e+01
1.700000000000000000e+02	1.357830817870339990e+00	7.058921525440858602e+01
1.710000000000000000e+02	9.289496634090708138e-01	6.672175138748970369e+01
1.720000000000000000e+02	9.160607651233043658e-01	6.660552490403134129e+01
1.730000000000000000e+02	1.216604929891442310e+00	6.931570157083812944e+01
1.740000000000000000e+02	1.405764321970737640e+00	7.102145876334979846e+01
1.750000000000000000e+02	9.510875095209143648e-01	6.692138086301774536e+01
1.760000000000000000e+02	1.013172363916252872e+00	6.748123509899718897e+01
1.770000000000000000e+02	1.123132327390318208e+00	6.847280626298982042e+01
1.780000000000000000e+02	8.690316107526609990e-01	6.618143642793897641e+01
1.790000000000000000e+02	7.897319944709031425e-01	6.546634695049277752e+01
1.800000000000000000e+02	1.002399867225335139e+00	6.738409340537121750e+01
1.810000000000000000e+02	1.121937530301108987e+00	6.846203210207659140e+01
1.820000000000000000e+02	1.286072083273235744e+00	6.994212617086344608e+01
1.830000000000000000e+02	1.501132127167832175e+00	7.188144418548945680e+01
1.840000000000000000e+02	7.612858465187539725e-01	6.520983195044304637e+01
1.850000000000000000e+02	1.058921198722268864e+00	6.789377820965951571e+01
1.860000000000000000e+02	8.858053324585801747e-01	6.633269456072609671e+01
1.870000000000000000e+02	1.041599119922426597e+00	6.773757523090550592e+01
1.880000000000000000e+02	1.341358820503319338e+00	7.044067794058570087e+01
1.890000000000000000e+02	1.171933955810673167e+00	6.891287813977723431e+01
1.900000000000000000e+02	9.003288907660720319e-01	6.646366169786662681e+01
1.910000000000000000e+02	8.113241526959025229e-01	6.566105564980337306e+01
1.920000000000000000e+02	2.615225979044050408e+00	8.192785837661907067e+01
1.930000000000000000e+02	9.076957361457349549e-01	6.653009270800231434e+01
1.940000000000000000e+02	2.564667710483816254e+00	8.147194588245434943e+01
1.950000000000000000e+02	1.784519605110892027e+00	7.443690930649428594e+01
1.960000000000000000e+02	8.076972754444651237e-01	6.562835004692534824e+01
1.970000000000000000e+02	1.194579519107765497e+00	6.911708598823712180e+01
1.980000000000000000e+02	1.070147012899062666e+00	6.799500772336951115e+01
1.990000000000000000e+02	9.146994787135680482e-01	6.659324941477885318e+01
2.000000000000000000e+02	9.521148097160303525e-01	6.693064460973117491e+01
2.010000000000000000e+02	1.248392167952918186e+00	6.960234506951628930e+01
2.020000000000000000e+02	9.835903740656182226e-01	6.721447757032329662e+01
2.030000000000000000e+02	8.725133086966236906e-01	6.621283286691452474e+01
2.040000000000000000e+02	8.209004823439378651e-01	6.574741082886924914e+01
2.050000000000000000e+02	1.107971634822416451e+00	6.833609372597597087e+01
2.060000000000000000e+02	1.061289179687340711e+00	6.791513163292073330e+01
2.070000000000000000e+02	1.018310084448414976e+00	6.752756482999555487e+01
2.080000000000000000e+02	1.044673437337616528e+00	6.776529808931280741e+01
2.090000000000000000e+02	9.632122618796694624e-01	6.703071661059034625e+01
2.100000000000000000e+02	1.015329952026949423e+00	6.750069129093057541e+01
2.110000000000000000e+02	1.229604263780768925e+00	6.943292391457606527e+01
2.120000000000000000e+02	7.785270254092373499e-01	6.536530540897210528e+01
2.130000000000000000e+02	1.270911840469013621e+00	6.980541768962301319e+01
2.140000000000000000e+02	1.102833721303054126e+00	6.828976225470289307e+01
2.150000000000000000e+02	9.772834959255762843e-01	6.715760488411186202e+01
2.160000000000000000e+02	1.132190389919241369e+00	6.855448793440507416e+01
2.170000000000000000e+02	9.655226550423539056e-01	6.705155073207625094e+01
2.180000000000000000e+02	8.687417128316223813e-01	6.617882225447145572e+01
2.190000000000000000e+02	8.288379856621095332e-01	6.581898778429676611e+01
2.200000000000000000e+02	1.574354628493817465e+00	7.254173288126902719e+01
2.210000000000000000e+02	8.955519386593091546e-01	6.642058521974504970e+01
2.220000000000000000e+02	9.145402900512060729e-01	6.659181392060219196e+01
2.230000000000000000e+02	1.107489153891980882e+00	6.833174292262282279e+01
2.240000000000000000e+02	1.046463214319393931e+00	6.778143752032967484e+01
2.250000000000000000e+02	8.245356247977648767e-01	6.578019096375052754e+01
2.260000000000000000e+02	9.675396541138612250e-01	6.706973915315168711e+01
2.270000000000000000e+02	1.056245739957957674e+00	6.786965208522907744e+01
2.280000000000000000e+02	8.735981610331124969e-01	6.622261559382772589e+01
2.290000000000000000e+02	8.162813899882852553e-01	6.570575786138019225e+01
2.300000000000000000e+02	1.151412328101558913e+00	6.872782301942564231e+01
2.310000000000000000e+02	1.486454488587553913e+00	7.174908761940945112e+01
2.320000000000000000e+02	1.093229233632655228e+00	6.820315315882831442e+01
2.330000000000000000e+02	7.852291864544143074e-01	6.542574258463922376e+01
2.340000000000000000e+02	8.861421382826712989e-01	6.633573172927802375e+01
2.350000000000000000e+02	9.231532211573947322e-01	6.666948159029332999e+01
2.360000000000000000e+02	7.919916278903789131e-01	6.548672334267369877e+01
2.370000000000000000e+02	9.288960493446376532e-01	6.672126791915634669e+01
2.380000000000000000e+02	8.863533237146574706e-01	6.633763610772629704e+01
2.390000000000000000e+02	1.046950143786224974e+00	6.778582843865079610e+01
2.400000000000000000e+02	1.176508681289723635e+00	6.895413102605414224e+01
2.410000000000000000e+02	1.120171464381973125e+00	6.844610648711821455e+01
2.420000000000000000e+02	9.859726818421867822e-01	6.723596018654440343e+01
2.430000000000000000e+02	8.365827513917620806e-01	6.588882671591130702e+01
2.440000000000000000e+02	1.166663084401713846e+00	6.886534771203686489e+01
2.450000000000000000e+02	8.492960559140811938e-01	6.600346977112077695e+01
2.460000000000000000e+02	7.824152889657915999e-01	6.540036807995591062e+01
2.470000000000000000e+02	8.948142814940440726e-01	6.641393334800117998e+01
2.480000000000000000e+02	9.068610144863069600e-01	6.652256555083256728e+01
2.490000000000000000e+02	1.112280061455139801e+00	6.837494524498538340e+01
2.500000000000000000e+02	1.223393282336889376e+00	6.937691598309565677e+01
2.510000000000000000e+02	7.772010082809115428e-01	6.535334796277197711e+01
2.520000000000000000e+02	1.198378610567097269e+00	6.915134454400076436e+01
2.530000000000000000e+02	8.473165787528540438e-01	6.598561970632589180e+01
2.540000000000000000e+02	1.139611039822286953e+00	6.862140413035015740e+01
2.550000000000000000e+02	1.330373884440229748e+00	7.034162056102380234e+01
2.560000000000000000e+02	1.045850499320481797e+00	6.777591232274437516e+01
2.570000000000000000e+02	1.741367744465817990e+00	7.404778458021718279e+01
2.580000000000000000e+02	9.572756985618324777e-01	6.697718326251342091e+01
2.590000000000000000e+02	1.062531063686227073e+00	6.792633040312230719e+01
2.600000000000000000e+02	8.898187739624496828e-01	6.636888603203871639e+01
2.610000000000000000e+02	7.808860411831024528e-01	6.538657798803511412e+01
2.620000000000000000e+02	1.112040802622483504e+00	6.837278771281006584e+01
2.630000000000000000e+02	8.806909262937365757e-01	6.628657506856019666e+01
2.640000000000000000e+02	1.254636356296730426e+00	6.965865244638916920e+01
2.650000000000000000e+02	1.366606152876606028e+00	7.066834741189279612e+01
2.660000000000000000e+02	8.883681619736689683e-01	6.635580504353369236e+01
2.670000000000000000e+02	1.118745610074396879e+00	6.843324875262305795e+01
2.680000000000000000e+02	1.091401480838593008e+00	6.818667127843986009e+01
2.690000000000000000e+02	9.308658870239154837e-01	6.673903105929215940e+01
2.700000000000000000e+02	8.294333779933669160e-01	6.582435677359327997e+01
2.710000000000000000e+02	9.467904255285291004e-01	6.688263162700960152e+01
2.720000000000000000e+02	9.055958093677880516e-01	6.651115648090907939e+01
2.730000000000000000e+02	9.294087474188195142e-01	6.672589120757999126e+01
2.740000000000000000e+02	1.215205999407257931e+00	6.930308662368170758e+01
2.750000000000000000e+02	1.348547060228998395e+00	7.050549836255255798e+01
2.760000000000000000e+02	1.785664997555641564e+00	7.444723795779412967e+01
2.770000000000000000e+02	7.834305488711097443e-01	6.540952325256843380e+01
2.780000000000000000e+02	1.007620296911835966e+00	6.743116897157950973e+01
2.790000000000000000e+02	9.991089434093476385e-01	6.735441728457476529e+01
2.800000000000000000e+02	8.086073408444665045e-01	6.563655662120454792e+01
2.810000000000000000e+02	8.526132749024275537e-01	6.603338301035415725e+01
2.820000000000000000e+02	8.657792024875774484e-01	6.615210762364242214e+01
2.830000000000000000e+02	1.277618528850193558e+00	6.986589569083869833e+01
2.840000000000000000e+02	1.037117810620928449e+00	6.769716473112077892e+01
2.850000000000000000e+02	7.710135836787590513e-01	6.529755245665288044e+01
2.860000000000000000e+02	1.264379041320114139e+00	6.974650774593489189e+01
2.870000000000000000e+02	9.938854463892241586e-01	6.730731405848486304e+01
2.880000000000000000e+02	7.721818962340740722e-01	6.530808779154915555e+01
2.890000000000000000e+02	1.187297778403433091e+00	6.905142241507860490e+01
2.900000000000000000e+02	1.102697924675290597e+00	6.828853769972849364e+01
2.910000000000000000e+02	9.025701983321108290e-01	6.648387283546531989e+01
2.920000000000000000e+02	1.098755623305801787e+00	6.825298773923150009e+01
2.930000000000000000e+02	8.863436745066353151e-01	6.633754909536172306e+01
2.940000000000000000e+02	9.149362522290906963e-01	6.659538453544433878e+01
2.950000000000000000e+02	9.921717449028311098e-01	6.729186064322432514e+01
2.960000000000000000e+02	1.404144046971057991e+00	7.100684782754497348e+01
2.970000000000000000e+02	9.144039950511528847e-01	6.659058487152306327e+01
2.980000000000000000e+02	9.408384327784715673e-01	6.682895914301826679e+01
2.990000000000000000e+02	8.459574409383583404e-01	6.597336359217155177e+01
3.000000000000000000e+02	9.477478223528110757e-01	6.689126501550359194e+01
3.010000000000000000e+02	1.013867814205626328e+00	6.748750636747659826e+01
3.020000000000000000e+02	1.025673811018708914e+00	6.759396771606374443e+01
3.030000000000000000e+02	1.239002114528932275e+00	6.951766964848660280e+01
3.040000000000000000e+02	8.583421939892252883e-01	6.608504391299400993e+01
3.050000000000000000e+02	8.924246677314642273e-01	6.639238484957327557e+01
3.060000000000000000e+02	1.104437287358540409e+00	6.830422251651039289e+01
3.070000000000000000e+02	1.144431223200238268e+00	6.866487044928778971e+01
3.080000000000000000e+02	1.636344382186867286e+00	7.310072954044427718e+01
3.090000000000000000e+02	1.018209410979079799e+00	6.752665700039996466e+01
3.100000000000000000e+02	8.991767698861841129e-01	6.645327237246274876e+01
3.110000000000000000e+02	1.555821092027704022e+00	7.237460550375823232e+01
3.120000000000000000e+02	9.636460447610724067e-01	6.703462827610063357e+01
3.130000000000000000e+02	8.584110098587893756e-01	6.608566446459960275e+01
3.140000000000000000e+02	9.792651971550896395e-01	6.717547500458800869e+01
3.150000000000000000e+02	1.431735793238970045e+00	7.125565820451382137e+01
3.160000000000000000e+02	7.604703847079723467e-01	6.520247847021840926e+01
3.170000000000000000e+02	1.193220200375217699e+00	6.910482824264241231e+01
3.180000000000000000e+02	1.420450057355226559e+00	7.115388834289143460e+01
3.190000000000000000e+02	8.696371544571859236e-01	6.618689695790801863e+01
3.200000000000000000e+02	9.980360778261729848e-01	6.734474264899372997e+01
3.210000000000000000e+02	7.604411172893437154e-01	6.520221454935631300e+01
3.220000000000000000e+02	1.321666030768055444e+00	7.026309692088425152e+01
3.230000000000000000e+02	1.182989908394634915e+00	6.901257591546185211e+01
3.240000000000000000e+02	1.205397990299581945e+00	6.921464225993250352e+01
3.250000000000000000e+02	8.988179545131842474e-01	6.645003673136372413e+01
3.260000000000000000e+02	1.051270852223516572e+00	6.782479070963634626e+01
3.270000000000000000e+02	2.054227991949538534e+00	7.686902232860572326e+01
3.280000000000000000e+02	8.983043285291099078e-01	6.644540507545191588e+01
3.290000000000000000e+02	1.392738812284594285e+00	7.090400037765168406e+01
3.300000000000000000e+02	8.072291612388642346e-01	6.562412879645322050e+01
3.310000000000000000e+02	9.674280127270014074e-01	6.706873241964233046e+01
3.320000000000000000e+02	7.258998511277872101e-01	6.489073642212254356e+01
3.330000000000000000e+02	1.143385292719326651e+00	6.865543870275344318e+01
3.340000000000000000e+02	8.525267315636504417e-01	6.603260260013523464e+01
3.350000000000000000e+02	1.170165445035166840e+00	6.889693047816660965e+01
3.360000000000000000e+02	1.017920310502822501e+00	6.752405001794292616e+01
3.370000000000000000e+02	9.614723448260549254e-01	6.701502679473742319e+01
3.380000000000000000e+02	8.513167684065938712e-01	6.602169167821305962e+01
3.390000000000000000e+02	1.086976908182316848e+00	6.814677240506502187e+01
3.400000000000000000e+02	1.138996570636723771e+00	6.861586311427197415e+01
3.410000000000000000e+02	1.239661791421479364e+00	6.952361832801992136e+01
3.420000000000000000e+02	9.506189355507688177e-01	6.691715546658876690e+01
3.430000000000000000e+02	1.254674957813969538e+00	6.965900053809610881e+01
3.440000000000000000e+02	8.197431614963113233e-01	6.573697461241611961e+01
3.450000000000000000e+02	1.275426855842743512e+00	6.984613213611908122e+01
3.460000000000000000e+02	8.767873697541264111e-01	6.625137449210124885e+01
3.470000000000000000e+02	8.368166005535320195e-01	6.589093546602552465e+01
3.480000000000000000e+02	1.231932918722385528e+00	6.945392271284814001e+01
3.490000000000000000e+02	8.715204412036101633e-01	6.620387961934483201e+01
3.500000000000000000e+02	8.236798520034931403e-01	6.577247397659520800e+01
3.510000000000000000e+02	1.011391251929704582e+00	6.746517380514163165e+01
3.520000000000000000e+02	9.976150254511852999e-01	6.734094578165785094e+01
3.530000000000000000e+02	7.712391024614226875e-01	6.529958608702854406e+01
3.540000000000000000e+02	1.109505140475476770e+00	6.834992221352138131e+01
3.550000000000000000e+02	1.225234504054178775e+00	6.939351932038043458e+01
3.560000000000000000e+02	8.131759011809049920e-01	6.567775391290464881e+01
3.570000000000000000e+02	1.049629657695839047e+00	6.780999113061929506e+01
3.580000000000000000e+02	9.266776916811898523e-01	6.670126373380560381e+01
3.590000000000000000e+02	9.567812402438173880e-01	6.697272445228422555e+01
3.600000000000000000e+02	9.779103787187384267e-01	6.716325784070865268e+01
3.610000000000000000e+02	8.590130701487121989e-01	6.609109358264959155e+01
3.620000000000000000e+02	1.229040643611706507e+00	6.942784143283061837e+01
3.630000000000000000e+02	1.431923586207553889e+00	7.125735163989307352e+01
3.640000000000000000e+02	9.984369825488332850e-01	6.734835783355671879e+01
3.650000000000000000e+02	7.878565747501713457e-01	6.544943523047480483e+01
3.660000000000000000e+02	8.861007678341235039e-01	6.633535866855186214e+01
3.670000000000000000e+02	9.660637633569271188e-01	6.705643021170115503e+01
3.680000000000000000e+02	9.145886348905212238e-01	6.659224987335335300e+01
3.690000000000000000e+02	8.706243077742867875e-01	6.619579867752260327e+01
3.700000000000000000e+02	8.204642516668885222e-01	6.574347709020160835e+01
3.710000000000000000e+02	1.010469490231036271e+00	6.745686175872404533e+01
3.720000000000000000e+02	8.133921859828998624e-01	6.567970427525555976e+01
3.730000000000000000e+02	8.091179163561479371e-01	6.564116076928198140e+01
3.740000000000000000e+02	1.257196718722163542e+00	6.968174068205441074e+01
3.750000000000000000e+02	8.943703552686126379e-01	6.640993021422256959e+01
3.760000000000000000e+02	1.303263221938497640e+00	7.009714838838803530e+01
3.770000000000000000e+02	1.149664331687230812e+00	6.871206034740893642e+01
3.780000000000000000e+02	1.088204643909441494e+00	6.815784359230043776e+01
3.790000000000000000e+02	1.726746468891368291e+00	7.391593627122941257e+01
3.800000000000000000e+02	9.724584825026274526e-01	6.711409500992751020e+01
3.810000000000000000e+02	8.385894478254318773e-01	6.590692223227607371e+01
3.820000000000000000e+02	1.569764716381243597e+00	7.250034304853083711e+01
3.830000000000000000e+02	1.017637404140204094e+00	6.752149889131084137e+01
3.840000000000000000e+02	1.192939647821818605e+00	6.910229834163892804e+01
3.850000000000000000e+02	1.053712826291455906e+00	6.784681137054315059e+01
3.860000000000000000e+02	1.525773386853505498e+00	7.210364835668792693e+01
3.870000000000000000e+02	8.027459153855684981e-01	6.558370083368598102e+01
3.880000000000000000e+02	1.131066270022040632e+00	6.854435110969434675e+01
3.890000000000000000e+02	8.738151021370637039e-01	6.622457187442445559e+01
3.900000000000000000e+02	1.150546197452482655e+00	6.872001262963702573e+01
3.910000000000000000e+02	9.576012590830580429e-01	6.698011902581110633e+01
3.920000000000000000e+02	1.128719985804464310e+00	6.852319333827304604e+01
3.930000000000000000e+02	8.511930355963457373e-01	6.602057590950228416e+01
3.940000000000000000e+02	8.110312918012412275e-01	6.565841475752738177e+01
3.950000000000000000e+02	1.030331844826995802e+00	6.763597184064940393e+01
3.960000000000000000e+02	1.135897365978807860e+00	6.858791583352532939e+01
3.970000000000000000e+02	1.350137413615092985e+00	7.051983947824946597e+01
3.980000000000000000e+02	1.115149936901770555e+00	6.840082453456700762e+01
3.990000000000000000e+02	1.166086685250286248e+00	6.886014999498196687e+01
4.000000000000000000e+02	8.453828433107506424e-01	6.596818212047554653e+01
4.010000000000000000e+02	1.099799145593786553e+00	6.826239776972857953e+01
4.020000000000000000e+02	1.028694564929149236e+00	6.762120756206293493e+01
4.030000000000000000e+02	8.260445592844645191e-01	6.579379787919587841e+01
4.040000000000000000e+02	1.318277196435249321e+00	7.023253788559728150e+01
4.050000000000000000e+02	8.940811398614427752e-01	6.640732219536850778e+01
4.060000000000000000e+02	1.155211330091610034e+00	6.876208076839418482e+01
4.070000000000000000e+02	9.948264050818849125e-01	6.731579921505161224e+01
4.080000000000000000e+02	8.233429035298951426e-01	6.576943552169203144e+01
4.090000000000000000e+02	9.923912664336995704e-01	6.729384019298959174e+01
4.100000000000000000e+02	7.282795834569240068e-01	6.491219581407796113e+01
4.110000000000000000e+02	8.259350235353422054e-01	6.579281013341255857e+01
4.120000000000000000e+02	1.084574495989192089e+00	6.812510849595241780e+01
4.130000000000000000e+02	7.356626467181743845e-01	6.497877307002181624e+01
4.140000000000000000e+02	7.976825087793661950e-01	6.553804123337640419e+01
4.150000000000000000e+02	7.351831054324073911e-01	6.497444877510676520e+01
4.160000000000000000e+02	8.895327013374918490e-01	6.636630635342885398e+01
4.170000000000000000e+02	1.084385805130705149e+00	6.812340696379223459e+01
4.180000000000000000e+02	1.027211854453730977e+00	6.760783712335484097e+01
4.190000000000000000e+02	8.010101634508732804e-01	6.556804857706536893e+01
4.200000000000000000e+02	1.062004611089224504e+00	6.792158308238933273e+01
4.210000000000000000e+02	9.016540799952301732e-01	6.647561167843183227e+01
4.220000000000000000e+02	7.298919704983322099e-01	6.492673561970306650e+01
4.230000000000000000e+02	1.076841048159279390e+00	6.805537162423918573e+01
4.240000000000000000e+02	9.109325723629466687e-01	6.655928109033850149e+01
4.250000000000000000e+02	9.114296562701951210e-01	6.656376357699036816e+01
4.260000000000000000e+02	1.197194198177472080e+00	6.914066402779538123e+01
4.270000000000000000e+02	1.460738112772690833e+00	7.151718851818402811e+01
4.280000000000000000e+02	8.858136222698651530e-01	6.633276931464166637e+01
4.290000000000000000e+02	9.334302678618484617e-01	6.676215553125499014e+01
4.300000000000000000e+02	7.882694161405141564e-01	6.545315805471949488e+01
4.310000000000000000e+02	1.156274344448215086e+00	6.877166656989518856e+01
4.320000000000000000e+02	1.094983058515604846e+00	6.821896838944211083e+01
4.330000000000000000e+02	9.061356300599547886e-01	6.651602434931470498e+01
4.340000000000000000e+02	1.008657845206608616e+00	6.744052513120200842e+01
4.350000000000000000e+02	1.295550476276811525e+00	7.002759819983108969e+01
4.360000000000000000e+02	1.140356408745140326e+00	6.862812554337256188e+01
4.370000000000000000e+02	9.545510427216903349e-01	6.695261350023329783e+01
4.380000000000000000e+02	1.037563736744000931e+00	6.770118589910720175e+01
4.390000000000000000e+02	1.676350498451617099e+00	7.346148731098335816e+01
4.400000000000000000e+02	1.429262637972636307e+00	7.123335636511068003e+01
4.410000000000000000e+02	1.095499727538713497e+00	6.822362748615745431e+01
4.420000000000000000e+02	9.342112539722224884e-01	6.676919812459586012e+01
4.430000000000000000e+02	1.135351042803357968e+00	6.858298932855132080e+01
4.440000000000000000e+02	1.261004081735246141e+00	6.971607382709510148e+01
4.450000000000000000e+02	7.570591751793589452e-01	6.517171766513949649e+01
4.460000000000000000e+02	9.437928687661936156e-01	6.685560096281095355e+01
4.470000000000000000e+02	8.363382246448880508e-01	6.588662167997490826e+01
4.480000000000000000e+02	8.356159815989616657e-01	6.588010880606054798e+01
4.490000000000000000e+02	9.092292517904578819e-01	6.654392128564819586e+01
4.500000000000000000e+02	1.139759364460418478e+00	6.862274165747761856e+01
4.510000000000000000e+02	7.947623276273954041e-01	6.551170830880599283e+01
4.520000000000000000e+02	1.166093414926375305e+00	6.886021068027633873e+01
4.530000000000000000e+02	8.931476860108127358e-01	6.639890471420572737e+01
4.540000000000000000e+02	8.476160210561889397e-01	6.598831994688514158e+01
4.550000000000000000e+02	8.375334343237230694e-01	6.589739956144207156e+01
4.560000000000000000e+02	9.425733702918666079e-01	6.684460405554150952e+01
4.570000000000000000e+02	9.128593580841557475e-01	6.657665600662605243e+01
4.580000000000000000e+02	8.442445257485775567e-01	6.595791726739214766e+01
4.590000000000000000e+02	8.881805394655113428e-01	6.635411314529248727e+01
4.600000000000000000e+02	1.120458189379780034e+00	6.844869204854292377e+01
4.610000000000000000e+02	8.274139538476847910e-01	6.580614648425282098e+01
4.620000000000000000e+02	1.306773341776630293e+00	7.012880112365355956e+01
4.630000000000000000e+02	1.080628867402197768e+00	6.808952853205391875e+01
4.640000000000000000e+02	1.101475107031627765e+00	6.827751086163243599e+01
4.650000000000000000e+02	1.112561028641155580e+00	6.837747888496559767e+01
4.660000000000000000e+02	8.298923922865819591e-01	6.582849596501016265e+01
4.670000000000000000e+02	1.126774937762670348e+00	6.850565374031494059e+01
4.680000000000000000e+02	8.733854679182617708e-01	6.622069761975058100e+01
4.690000000000000000e+02	1.022844704840098817e+00	6.756845606602354337e+01
4.700000000000000000e+02	8.531103428762230045e-01	6.603786535332507412e+01
4.710000000000000000e+02	1.013326735560059477e+00	6.748262715539389944e+01
4.720000000000000000e+02	9.761710043525693159e-01	6.714757291857526411e+01
4.730000000000000000e+02	1.083595266160926940e+00	6.811627822691674794e+01
4.740000000000000000e+02	1.298582107688038834e+00	7.005493613440521017e+01
4.750000000000000000e+02	8.514336734921734706e-01	6.602274587746997270e+01
4.760000000000000000e+02	8.068707887116495225e-01	6.562089714874502988e+01
4.770000000000000000e+02	1.063462213093374853e+00	6.793472710381522006e+01
4.780000000000000000e+02	1.069375725090780938e+00	6.798805258510219574e+01
4.790000000000000000e+02	9.935239527566479545e-01	6.730405426600489704e+01
4.800000000000000000e+02	1.203206142042153148e+00	6.919487712488472653e+01
4.810000000000000000e+02	9.294072908212300810e-01	6.672587807261594151e+01
4.820000000000000000e+02	1.194253244925784330e+00	6.911414378945688952e+01
4.830000000000000000e+02	1.046976284720335437e+00	6.778606416623422604e+01
4.840000000000000000e+02	1.120813538358841122e+00	6.845189643120784240e+01
4.850000000000000000e+02	1.150553621893110279e+00	6.872007958001607619e+01
4.860000000000000000e+02	1.001278422421828740e+00	6.737398070349287593e+01
4.870000000000000000e+02	1.026143504510038662e+00	6.759820320784822911e+01
4.880000000000000000e+02	9.565234901206842721e-01	6.697040017368736642e+01
4.890000000000000000e+02	8.674099393450567241e-01	6.616681289993434234e+01
4.900000000000000000e+02	9.034120206022171473e-01	6.649146402285637691e+01
4.910000000000000000e+02	1.157525869289010023e+00	6.878295227701936199e+01
4.920000000000000000e+02	8.290532083276003217e-01	6.582092856876228382e+01
4.930000000000000000e+02	8.521827532326675669e-01	6.602950075303320432e+01
4.940000000000000000e+02	8.779513907217129098e-01	6.626187112732442586e+01
4.950000000000000000e+02	9.438853474245756381e-01	6.685643489516269256e+01
4.960000000000000000e+02	1.041187919623770997e+00	6.773386720531246397e+01
4.970000000000000000e+02	9.936194767270147832e-01	6.730491565965667178e+01
4.980000000000000000e+02	1.268042100441643338e+00	6.977953962119343601e+01
4.990000000000000000e+02	1.074331475486384857e+00	6.803274138849003805e+01
5.000000000000000000e+02	9.495327802695217034e-01	6.690736099028598005e+01
5.010000000000000000e+02	1.070546352296665837e+00	6.799860879251140489e+01
5.020000000000000000e+02	1.068302455339592782e+00	6.797837430490965005e+01
5.030000000000000000e+02	1.345690653150408700e+00	7.047974052486082996e+01
5.040000000000000000e+02	1.608719376849363059e+00	7.285161924763963270e+01
5.050000000000000000e+02	1.163666540103409863e+00	6.883832617779886220e+01
5.060000000000000000e+02	8.535668665800326682e-01	6.604198208568905670e+01
5.070000000000000000e+02	1.274424359510373472e+00	6.983709205986058066e+01
5.080000000000000000e+02	1.442824133307703427e+00	7.135564803646109056e+01
5.090000000000000000e+02	8.621658726189518340e-01	6.611952418517512342e+01
5.100000000000000000e+02	1.085450728808948329e+00	6.813300998272600850e+01
5.110000000000000000e+02	9.180954529311615708e-01	6.662387283444398633e+01
5.120000000000000000e+02	1.021321606378060798e+00	6.755472142600399366e+01
5.130000000000000000e+02	8.319509514333913724e-01	6.584705915678343047e+01
5.140000000000000000e+02	1.274642467830297221e+00	6.983905886590370926e+01
5.150000000000000000e+02	1.604905431117611636e+00	7.281722674250271155e+01
5.160000000000000000e+02	8.094327323953556252e-01	6.564399964351018468e+01
5.170000000000000000e+02	8.850298268987135675e-01	6.632570138860795339e+01
5.180000000000000000e+02	1.349590264281627983e+00	7.051490552334151118e+01
5.190000000000000000e+02	8.851576731611270343e-01	6.632685425064271101e+01
5.200000000000000000e+02	9.814509281574297361e-01	6.719518497688784464e+01
5.210000000000000000e+02	1.012180947101692707e+00	6.747229493301533410e+01
5.220000000000000000e+02	1.181234915003422259e+00	6.899675014774837223e+01
5.230000000000000000e+02	8.972120150324736088e-01	6.643555506703899027e+01
5.240000000000000000e+02	9.070346812135636760e-01	6.652413160190654651e+01
5.250000000000000000e+02	7.484092112246034656e-01	6.509371604931379807e+01
5.260000000000000000e+02	1.060852730098094998e+00	6.791119592019802553e+01
5.270000000000000000e+02	8.906441443628587695e-01	6.637632886361852513e+01
5.280000000000000000e+02	1.199745815983032093e+00	6.916367340827885357e+01
5.290000000000000000e+02	8.678117110259433442e-01	6.617043590234985118e+01
5.300000000000000000e+02	8.313353660058633299e-01	6.584150807492029855e+01
5.310000000000000000e+02	1.130924801779890299e+00	6.854307541056618902e+01
5.320000000000000000e+02	1.045950311185491310e+00	6.777681238276659315e+01
5.330000000000000000e+02	8.220083464195768741e-01	6.575740106564562382e+01
5.340000000000000000e+02	1.281232169891942441e+00	6.989848193532998266e+01
5.350000000000000000e+02	1.251603426262678287e+00	6.963130280139877470e+01
5.360000000000000000e+02	1.090373822943920823e+00	6.817740430614728098e+01
5.370000000000000000e+02	1.175976172788997465e+00	6.894932909581318370e+01
5.380000000000000000e+02	1.763719436326347978e+00	7.424934242377338478e+01
5.390000000000000000e+02	1.109254808033291795e+00	6.834766482434771717e+01
5.400000000000000000e+02	1.641126211261668022e+00	7.314384999694416933e+01
5.410000000000000000e+02	1.343414368227228373e+00	7.045921397665594554e+01
5.420000000000000000e+02	1.084721756596168873e+00	6.812643642810932931e+01
5.430000000000000000e+02	1.146408233582820735e+00	6.868269826974486136e+01
5.440000000000000000e+02	8.718466481831730341e-01	6.620682121212286120e+01
5.450000000000000000e+02	9.712777529388250120e-01	6.710344770384490687e+01
5.460000000000000000e+02	1.145785865977414941e+00	6.867708602914905214e+01
5.470000000000000000e+02	1.252466877468602080e+00	6.963908902913347276e+01
5.480000000000000000e+02	1.129926723180981529e+00	6.853407517150817796e+01
5.490000000000000000e+02	1.489085286867515956e+00	7.177281101500068416e+01
5.500000000000000000e+02	1.261505156201188527e+00	6.972059229887105403e+01
5.510000000000000000e+02	1.036119031845419203e+00	6.768815817817447567e+01
5.520000000000000000e+02	1.300799643302153363e+00	7.007493290687231990e+01
5.530000000000000000e+02	1.236763324535038233e+00	6.949748121325941952e+01
5.540000000000000000e+02	1.249552258151011008e+00	6.961280625876841555e+01
5.550000000000000000e+02	8.940525222277588835e-01	6.640706413398466168e+01
5.560000000000000000e+02	7.899137063519625634e-01	6.546798554926746760e+01
5.570000000000000000e+02	8.411036029292469074e-01	6.592959379039581336e+01
5.580000000000000000e+02	9.296432131841865232e-01	6.672800551795747026e+01
5.590000000000000000e+02	8.462615145452931920e-01	6.597610559581399059e+01
5.600000000000000000e+02	9.976817520762815139e-01	6.734154749336478574e+01
5.610000000000000000e+02	8.810189797619656371e-01	6.628953331217056189e+01
5.620000000000000000e+02	9.168730038032943952e-01	6.661284931946322274e+01
5.630000000000000000e+02	1.345134289574898112e+00	7.047472347992244579e+01
5.640000000000000000e+02	7.750055155123796169e-01	6.533354996310691831e+01
5.650000000000000000e+02	1.009405319825791514e+00	6.744726553247880929e+01
5.660000000000000000e+02	9.975168446151476687e-01	6.734006042954608517e+01
5.670000000000000000e+02	1.179658165080526455e+00	6.898253170217077468e+01
5.680000000000000000e+02	8.434501771152291827e-01	6.595075417662619088e+01
5.690000000000000000e+02	1.279232615601475276e+00	6.988045082370877026e+01
5.700000000000000000e+02	1.081951121845127650e+00	6.810145204799232488e+01
5.710000000000000000e+02	1.206317045593027437e+00	6.922292990116395117e+01
5.720000000000000000e+02	1.203456699636796801e+00	6.919713654438541539e+01
5.730000000000000000e+02	9.406279147353069359e-01	6.682706078279234418e+01
5.740000000000000000e+02	1.375569227246913329e+00	7.074917252137379364e+01
5.750000000000000000e+02	8.369667867459533728e-01	6.589228977984056712e+01
5.760000000000000000e+02	8.461479248671148756e-01	6.597508129346019246e+01
5.770000000000000000e+02	9.211502821760411130e-01	6.665141995700062694e+01
5.780000000000000000e+02	1.380672459321872436e+00	7.079519125045318617e+01
5.790000000000000000e+02	1.053464156826283027e+00	6.784456897737348413e+01
5.800000000000000000e+02	8.376242357465411015e-01	6.589821836921238685e+01
5.810000000000000000e+02	1.224828063598209837e+00	6.938985421698018285e+01
5.820000000000000000e+02	8.955674036022016615e-01	6.642072467587925644e+01
5.830000000000000000e+02	1.215503694010269253e+00	6.930577110423895704e+01
5.840000000000000000e+02	9.610327092300610108e-01	6.701106235199044647e+01
5.850000000000000000e+02	9.805394896246024672e-01	6.718696602029355347e+01
5.860000000000000000e+02	1.168776081120365795e+00	6.888440179817541775e+01
5.870000000000000000e+02	7.291762208959253755e-01	6.492028130084042914e+01
5.880000000000000000e+02	7.477335738240926677e-01	6.508762344485582219e+01
5.890000000000000000e+02	9.008436141019715571e-01	6.646830324922028410e+01
5.900000000000000000e+02	1.500869466678895092e+00	7.187907562734773137e+01
5.910000000000000000e+02	1.170870783628960243e+00	6.890329091507800285e+01
5.920000000000000000e+02	9.434762647911276723e-01	6.685274596575418116e+01
5.930000000000000000e+02	9.746042861561459159e-01	6.713344493474737362e+01
5.940000000000000000e+02	1.196653116021147767e+00	6.913578478405419503e+01
5.950000000000000000e+02	8.859213319392365005e-01	6.633374059363137576e+01
5.960000000000000000e+02	7.705646086394561944e-01	6.529350379486490397e+01
5.970000000000000000e+02	8.233857607162651249e-01	6.576982198917374944e+01
5.980000000000000000e+02	1.053899846656160433e+00	6.784849783891638708e+01
5.990000000000000000e+02	1.102402944044009736e+00	6.828587769258885487e+01
6.000000000000000000e+02	1.376649045579257935e+00	7.075890985382531539e+01
6.010000000000000000e+02	8.025792958845163749e-01	6.558219833143532185e+01
6.020000000000000000e+02	1.034534358045850366e+00	6.767386827852060094e+01
6.030000000000000000e+02	7.980476336919803959e-01	6.554133377116166059e+01
6.040000000000000000e+02	1.726364291576534038e+00	7.391248996229160184e+01
6.050000000000000000e+02	1.252234807034311226e+00	6.963699631881067376e+01
6.060000000000000000e+02	1.043771678596029595e+00	6.775716642086925390e+01
6.070000000000000000e+02	9.085828853482800227e-01	6.653809263397182860e+01
6.080000000000000000e+02	1.023646841089824067e+00	6.757568938212962451e+01
6.090000000000000000e+02	1.159641450004336383e+00	6.880202966451696511e+01
6.100000000000000000e+02	8.093051612086645807e-01	6.564284926198874359e+01
6.110000000000000000e+02	1.109774763728910818e+00	6.835235355884745445e+01
6.120000000000000000e+02	1.251341522497880110e+00	6.962894106706647790e+01
6.130000000000000000e+02	1.049078246569959294e+00	6.780501874471943324e+01
6.140000000000000000e+02	9.009043919024797287e-01	6.646885131701233718e+01
6.150000000000000000e+02	1.369357056071942136e+00	7.069315386141543911e+01
6.160000000000000000e+02	1.088081399991604581e+00	6.815673223220895238e+01
6.170000000000000000e+02	1.194645081116332497e+00	6.911767719793832043e+01
6.180000000000000000e+02	1.458186838885702219e+00	7.149418223900877933e+01
6.190000000000000000e+02	9.500903946355925278e-01	6.691238931431006165e+01
6.200000000000000000e+02	8.202964197905118215e-01	6.574196365527714647e+01
6.210000000000000000e+02	9.157465721923361279e-01	6.660269164872245540e+01
6.220000000000000000e+02	7.713255865674022438e-01	6.530036596311184383e+01
6.230000000000000000e+02	8.071064385736030911e-01	6.562302213679095075e+01
6.240000000000000000e+02	1.221702075821996747e+00	6.936166541771220295e+01
6.250000000000000000e+02	7.775146634975345084e-01	6.535617636920659379e+01
6.260000000000000000e+02	9.993114334470127869e-01	6.735624325173591842e+01
6.270000000000000000e+02	9.006813286800872120e-01	6.646683982981204508e+01
6.280000000000000000e+02	1.222878436242181843e+00	6.937227332475640651e+01
6.290000000000000000e+02	1.043682072457647658e+00	6.775635839165452978e+01
6.300000000000000000e+02	1.054231110736497667e+00	6.785148503443146240e+01
6.310000000000000000e+02	8.552407394095313808e-01	6.605707634343053769e+01
6.320000000000000000e+02	8.092315410854205027e-01	6.564218538771130795e+01
6.330000000000000000e+02	8.994656334708137635e-01	6.645587721873403098e+01
6.340000000000000000e+02	1.431499608767617282e+00	7.125352839559266727e+01
6.350000000000000000e+02	1.233885841235043745e+00	6.947153331936239340e+01
6.360000000000000000e+02	8.565630832963306851e-01	6.606900066593489385e+01
6.370000000000000000e+02	1.489246994533353075e+00	7.177426922445596347e+01
6.380000000000000000e+02	9.310781528728204748e-01	6.674094518047067481e+01
6.390000000000000000e+02	1.088036035227939680e+00	6.815632315248494422e+01
6.400000000000000000e+02	1.141057565595874346e+00	6.863444827114236091e+01
6.410000000000000000e+02	7.595577388223997417e-01	6.519424862624174466e+01
6.420000000000000000e+02	1.247580721532645098e+00	6.959502779833823638e+01
6.430000000000000000e+02	1.178903655506815307e+00	6.897572786273128997e+01
6.440000000000000000e+02	1.137752102527867404e+00	6.860464104168970323e+01
6.450000000000000000e+02	2.012978393882193462e+00	7.649705137956560463e+01
6.460000000000000000e+02	1.014743588584262612e+00	6.749540372022740087e+01
6.470000000000000000e+02	2.037628912863086672e+00	7.671933904706443741e+01
6.480000000000000000e+02	1.594470641130995459e+00	7.272313034117489394e+01
6.490000000000000000e+02	1.280542701686332219e+00	6.989226461068224694e+01
6.500000000000000000e+02	8.284388632382280182e-01	6.581538867172960749e+01
6.510000000000000000e+02	9.321734147127636039e-01	6.675082177576224751e+01
6.520000000000000000e+02	9.199600720942633370e-01	6.664068715972697987e+01
6.530000000000000000e+02	9.127234317821610876e-01	6.657543028230577420e+01
6.540000000000000000e+02	9.637206135163220999e-01	6.703530070472923796e+01
6.550000000000000000e+02	1.483970712001432712e+00	7.172669000156031416e+01
6.560000000000000000e+02	8.270599701397023384e-01	6.580295441300917503e+01
6.570000000000000000e+02	8.812481383465939899e-01	6.629159976469856019e+01
6.580000000000000000e+02	7.397523128945455717e-01	6.501565190230519420e+01
6.590000000000000000e+02	7.746494221112969480e-01	6.533033886756771835e+01
6.600000000000000000e+02	9.666839766253430000e-01	6.706202302542223492e+01
6.610000000000000000e+02	8.925977697520997012e-01	6.639394580836834336e+01
6.620000000000000000e+02	8.168382297476244336e-01	6.571077920033739872e+01
6.630000000000000000e+02	1.052655669470293542e+00	6.783727838975119084e+01
6.640000000000000000e+02	8.360312996345622416e-01	6.588385396361586288e+01
6.650000000000000000e+02	9.260345255742117310e-01	6.669546394136125400e+01
6.660000000000000000e+02	9.520988039068198905e-01	6.693050027629954002e+01
6.670000000000000000e+02	1.299151140116474368e+00	7.006006742155361167e+01
6.680000000000000000e+02	9.880306563663434627e-01	6.725451810644464956e+01
6.690000000000000000e+02	9.599523306297885750e-01	6.700131996728623562e+01
6.700000000000000000e+02	8.507921016956376814e-01	6.601696046182433975e+01
6.710000000000000000e+02	1.265864955861755625e+00	6.975990707751975606e+01
6.720000000000000000e+02	8.782382098262138115e-01	6.626445753736240363e+01
6.730000000000000000e+02	9.772080584594993180e-01	6.715692462182654765e+01
6.740000000000000000e+02	1.098122906180439395e+00	6.824728217116242490e+01
6.750000000000000000e+02	1.084275122159073845e+00	6.812240887285487645e+01
6.760000000000000000e+02	1.053372126536991304e+00	6.784373908821936539e+01
6.770000000000000000e+02	1.134700540657929579e+00	6.857712338290033927e+01
6.780000000000000000e+02	8.598788909716961193e-01	6.609890117856114955e+01
6.790000000000000000e+02	1.099803056039617477e+00	6.826243303242968352e+01
6.800000000000000000e+02	7.633978535504464258e-01	6.522887711201468619e+01
6.810000000000000000e+02	1.636773115649276855e+00	7.310459567248845758e+01
6.820000000000000000e+02	1.356184632740822238e+00	7.057437067231295202e+01
6.830000000000000000e+02	8.137159872987396181e-01	6.568262417480359261e+01
6.840000000000000000e+02	1.414899014467119631e+00	7.110383145050958831e+01
6.850000000000000000e+02	1.441726431816724885e+00	7.134574944145671793e+01
6.860000000000000000e+02	1.458590810287209161e+00	7.149782507754888172e+01
6.870000000000000000e+02	1.269789005679001326e+00	6.979529245345042909e+01
6.880000000000000000e+02	1.076518357513225332e+00	6.805246174022860828e+01
6.890000000000000000e+02	8.291892051983555945e-01	6.582215492944096979e+01
6.900000000000000000e+02	9.726371298638596397e-01	6.711570597419417084e+01
6.910000000000000000e+02	9.791462133222550435e-01	6.717440206009173664e+01
6.920000000000000000e+02	1.009519364154121357e+00	6.744829393467007606e+01
6.930000000000000000e+02	1.432433042338900231e+00	7.126194569388511013e+01
6.940000000000000000e+02	1.319893685998940969e+00	7.024711468598545139e+01
6.950000000000000000e+02	1.178776032618666036e+00	6.897457701498856864e+01
6.960000000000000000e+02	8.896315176816056436e-01	6.636719743627627111e+01
6.970000000000000000e+02	9.811203662032330630e-01	6.719220411284116778e+01
6.980000000000000000e+02	1.074873410048000855e+00	6.803762831885170215e+01
6.990000000000000000e+02	9.761096550736845234e-01	6.714701969743956056e+01
7.000000000000000000e+02	9.647108225190759168e-01	6.704422997918909743e+01
7.010000000000000000e+02	9.299292127601070934e-01	6.673058453784287281e+01
7.020000000000000000e+02	1.288287335373696330e+00	6.996210235159679769e+01
7.030000000000000000e+02	8.466452907189248034e-01	6.597956632256558862e+01
7.040000000000000000e+02	8.702527766052639002e-01	6.619244837090110423e+01
7.050000000000000000e+02	1.007026128175422697e+00	6.742581101612955763e+01
7.060000000000000000e+02	8.039920798755539888e-01	6.559493820349605642e+01
7.070000000000000000e+02	1.115160509764482777e+00	6.840091987604816381e+01
7.080000000000000000e+02	1.081708681715105591e+00	6.809926582825988817e+01
7.090000000000000000e+02	1.144983453911670113e+00	6.866985022585397758e+01
7.100000000000000000e+02	1.370529343681436973e+00	7.070372504162281757e+01
7.110000000000000000e+02	1.301783704523269858e+00	7.008380674330908278e+01
7.120000000000000000e+02	9.020331029790142896e-01	6.647902954298305644e+01
7.130000000000000000e+02	1.021343331078234051e+00	6.755491732990900289e+01
7.140000000000000000e+02	8.118943533586782113e-01	6.566619747158136988e+01
7.150000000000000000e+02	1.076437748760997293e+00	6.805173484553212404e+01
7.160000000000000000e+02	1.255484073845811510e+00	6.966629679484402971e+01
7.170000000000000000e+02	1.028836968719420764e+00	6.762249169755747857e+01
7.180000000000000000e+02	8.620580589072937006e-01	6.611855196797728240e+01
7.190000000000000000e+02	1.243579462063054919e+00	6.955894617931666346e+01
7.200000000000000000e+02	8.886068924006322867e-01	6.635795781077611366e+01
7.210000000000000000e+02	8.365445466944272379e-01	6.588848220255381705e+01
7.220000000000000000e+02	1.123510084371134310e+00	6.847621271127644604e+01
7.230000000000000000e+02	8.538086025102555876e-01	6.604416195525372757e+01
7.240000000000000000e+02	8.012986375910524650e-01	6.557064991149584898e+01
7.250000000000000000e+02	7.415780686807413868e-01	6.503211577454456460e+01
7.260000000000000000e+02	9.529875425849798631e-01	6.693851453546939467e+01
7.270000000000000000e+02	9.287004914182794835e-01	6.671950446276240143e+01
7.280000000000000000e+02	9.294750260112887297e-01	6.672648887912339433e+01
7.290000000000000000e+02	9.953998179721352813e-01	6.732097000330098524e+01
7.300000000000000000e+02	1.064395499522070132e+00	6.794314307523976026e+01
7.310000000000000000e+02	1.317462881118459661e+00	7.022519474395721772e+01
7.320000000000000000e+02	1.352433810717868612e+00	7.054054738934954116e+01
7.330000000000000000e+02	7.522071910045327048e-01	6.512796458043570169e+01
7.340000000000000000e+02	1.097292990171281568e+00	6.823979834925836485e+01
7.350000000000000000e+02	1.025329558311218747e+00	6.759086339475361171e+01
7.360000000000000000e+02	8.294343927340106504e-01	6.582436592408342335e+01
7.370000000000000000e+02	9.881474244403638529e-01	6.725557107019086800e+01
7.380000000000000000e+02	9.225150339560730384e-01	6.666372669545644669e+01
7.390000000000000000e+02	7.803120167878219160e-01	6.538140168549912801e+01
7.400000000000000000e+02	1.309274189126604426e+00	7.015135267823248455e+01
7.410000000000000000e+02	1.005859368532526554e+00	6.741528968472260885e+01
7.420000000000000000e+02	8.795764217685382302e-01	6.627652495109552433e+01
7.430000000000000000e+02	1.259350954754375973e+00	6.970116664640077886e+01
7.440000000000000000e+02	1.109743326004654085e+00	6.835207006711236488e+01
7.450000000000000000e+02	1.029851338303368946e+00	6.763163884163880368e+01
7.460000000000000000e+02	1.279139510402663493e+00	6.987961124148773706e+01
7.470000000000000000e+02	9.967643611928336256e-01	6.733327486105937965e+01
7.480000000000000000e+02	1.328679175807831570e+00	7.032633841506662975e+01
7.490000000000000000e+02	8.742098828132867094e-01	6.622813183499808076e+01
7.500000000000000000e+02	8.686715772551045767e-01	6.617818980232208048e+01
7.510000000000000000e+02	1.546404353462083270e+00	7.228968944771816041e+01
7.520000000000000000e+02	1.156683413450182885e+00	6.877535537638092933e+01
7.530000000000000000e+02	8.032778731691914142e-01	6.558849779779943390e+01
7.540000000000000000e+02	1.190324681053084754e+00	6.907871770773587627e+01
7.550000000000000000e+02	9.159714486241263831e-01	6.660471948665710329e+01
7.560000000000000000e+02	1.497342915368065741e+00	7.184727472020225036e+01
7.570000000000000000e+02	1.278570932668808613e+00	6.987448405457745082e+01
7.580000000000000000e+02	1.923318599068528867e+00	7.568853831446536162e+01
7.590000000000000000e+02	8.573305567418625373e-01	6.607592140793659041e+01
7.600000000000000000e+02	8.001406298234960968e-01	6.556020750069731662e+01
7.610000000000000000e+02	1.489994779916281153e+00	7.178101242806516780e+01
7.620000000000000000e+02	7.731607821084498511e-01	6.531691495895813659e+01
7.630000000000000000e+02	9.527689316388656682e-01	6.693654319696170774e+01
7.640000000000000000e+02	1.035235273457695726e+00	6.768018882909943557e+01
7.650000000000000000e+02	1.230374251985698830e+00	6.943986733358514130e+01
7.660000000000000000e+02	1.254725595996620147e+00	6.965945717122082215e+01
7.670000000000000000e+02	1.647493178154178395e+00	7.320126453741187333e+01
7.680000000000000000e+02	1.013264926313573122e+00	6.748206978647026233e+01
7.690000000000000000e+02	8.278770940519026844e-01	6.581032288134208841e+01
7.700000000000000000e+02	1.048147333533320236e+00	6.779662417551304543e+01
7.710000000000000000e+02	1.159558358094426644e+00	6.880128037778364103e+01
7.720000000000000000e+02	8.263112800543053194e-01	6.579620305118626788e+01
7.730000000000000000e+02	1.282463364435391551e+00	6.990958431266787443e+01
7.740000000000000000e+02	1.339485975570370080e+00	7.042378943888498100e+01
7.750000000000000000e+02	8.132404061651579141e-01	6.567833559081994110e+01
7.760000000000000000e+02	8.847060547715226431e-01	6.632278175227047257e+01
7.770000000000000000e+02	9.598165650322658671e-01	6.700009569212906513e+01
7.780000000000000000e+02	1.218380772180677862e+00	6.933171534485343557e+01
7.790000000000000000e+02	1.103480835047531361e+00	6.829559764522663556e+01
7.800000000000000000e+02	1.000715520770359968e+00	6.736890470102683537e+01
7.810000000000000000e+02	8.812216934144090352e-01	6.629136129579261194e+01
7.820000000000000000e+02	7.861581237892731888e-01	6.543411933782557810e+01
7.830000000000000000e+02	9.102235677513592638e-01	6.655288759487181949e+01
7.840000000000000000e+02	1.510594503956884882e+00	7.196677178719488666e+01
7.850000000000000000e+02	1.300283926720060546e+00	7.007028239885613630e+01
7.860000000000000000e+02	9.694996450196269322e-01	6.708741349936319409e+01
7.870000000000000000e+02	1.017912566332091595e+00	6.752398018437675375e+01
7.880000000000000000e+02	1.242043427605754591e+00	6.954509488811359574e+01
7.890000000000000000e+02	1.172251328676269910e+00	6.891574007035467275e+01
7.900000000000000000e+02	1.284012943518390015e+00	6.992355774341923791e+01
7.910000000000000000e+02	9.824891454209598862e-01	6.720454716897987169e+01
7.920000000000000000e+02	8.716636974998681620e-01	6.620517144236788454e+01
7.930000000000000000e+02	9.576001031908640826e-01	6.698010860247762821e+01
7.940000000000000000e+02	1.411539965098728588e+00	7.107354100308769773e+01
7.950000000000000000e+02	1.084623910348990528e+00	6.812555409317448607e+01
7.960000000000000000e+02	9.395773248349492679e-01	6.681758701963833857e+01
7.970000000000000000e+02	1.174094442748104372e+00	6.893236047207034289e+01
7.980000000000000000e+02	8.528198616384092823e-01	6.603524591976037073e+01
7.990000000000000000e+02	9.905529623732902689e-01	6.727726316586661426e+01
8.000000000000000000e+02	2.003843114983251628e+00	7.641467340448235745e+01
8.010000000000000000e+02	1.277851462773759161e+00	6.986799618773254394e+01
8.020000000000000000e+02	1.293039713414535496e+00	7.000495723147132310e+01
8.030000000000000000e+02	7.721971970920964434e-01	6.530822576803731749e+01
8.040000000000000000e+02	1.132250536811078900e+00	6.855503031293692118e+01
8.050000000000000000e+02	1.137078462737730833e+00	6.859856645081394788e+01
8.060000000000000000e+02	8.805752995218742996e-01	6.628553239658084806e+01
8.070000000000000000e+02	1.036539855256085163e+00	6.769195298080958878e+01
8.080000000000000000e+02	9.485955295989589864e-01	6.689890927105108176e+01
8.090000000000000000e+02	8.562755358161877606e-01	6.606640768772192018e+01
8.100000000000000000e+02	8.600404869686313347e-01	6.610035838103479477e+01
8.110000000000000000e+02	8.208817918141979586e-01	6.574724228579462704e+01
8.120000000000000000e+02	1.228354314688888671e+00	6.942165241687082755e+01
8.130000000000000000e+02	1.051607006396393817e+00	6.782782200188081845e+01
8.140000000000000000e+02	1.149045348845417980e+00	6.870647862914024984e+01
8.150000000000000000e+02	1.065880855164110574e+00	6.795653736691090785e+01
8.160000000000000000e+02	1.050289150026486373e+00	6.781593814585360747e+01
8.170000000000000000e+02	8.251150598119521007e-01	6.578541605689646588e+01
8.180000000000000000e+02	1.026390354609379996e+00	6.760042919476750001e+01
8.190000000000000000e+02	7.765304989249293133e-01	6.534730160079101324e+01
8.200000000000000000e+02	9.866024242672717381e-01	6.724163893005912485e+01
8.210000000000000000e+02	7.332160836097406653e-01	6.495671102714214840e+01
8.220000000000000000e+02	8.721337675145608426e-01	6.620941032947642668e+01
8.230000000000000000e+02	8.919471756335661805e-01	6.638807903334387106e+01
8.240000000000000000e+02	8.718624448474854294e-01	6.620696365957667240e+01
8.250000000000000000e+02	1.194987240129127715e+00	6.912076263921956354e+01
8.260000000000000000e+02	8.960566749153229260e-01	6.642513671195250424e+01
8.270000000000000000e+02	1.664070215646486162e+00	7.335074905743606166e+01
8.280000000000000000e+02	8.471686117492576162e-01	6.598428540419125454e+01
8.290000000000000000e+02	1.010814873518762980e+00	6.745997627511540884e+01
8.300000000000000000e+02	1.057734169747963415e+00	6.788307409823060823e+01
8.310000000000000000e+02	1.063688975292151673e+00	6.793677194677704279e+01
8.320000000000000000e+02	7.540872504714342117e-01	6.514491813966829170e+01
8.330000000000000000e+02	8.755124081645941914e-01	6.623987744256214683e+01
8.340000000000000000e+02	9.944931727102734875e-01	6.731279427034118612e+01
8.350000000000000000e+02	8.426239335763359151e-01	6.594330347146299687e+01
8.360000000000000000e+02	9.165306642891042355e-01	6.660976225049883226e+01
8.370000000000000000e+02	1.274204987221681851e+00	6.983511385589639531e+01
8.380000000000000000e+02	8.074354357187083497e-01	6.562598889006929426e+01
8.390000000000000000e+02	8.951633116487935915e-01	6.641708075025449887e+01
8.400000000000000000e+02	1.180565592268754793e+00	6.899071448620271951e+01
8.410000000000000000e+02	1.147191410097319286e+00	6.868976061519822451e+01
8.420000000000000000e+02	1.192731610113291651e+00	6.910042234799287542e+01
8.430000000000000000e+02	8.900832076882136956e-01	6.637127058045953731e+01
8.440000000000000000e+02	1.217551505745206430e+00	6.932423738052258955e+01
8.450000000000000000e+02	7.984645707552173732e-01	6.554509352840460679e+01
8.460000000000000000e+02	1.553122877990134931e+00	7.235027418216257900e+01
8.470000000000000000e+02	9.269055036412423565e-01	6.670331804305838830e+01
8.480000000000000000e+02	8.378799734395150356e-01	6.590052450058864508e+01
8.490000000000000000e+02	8.967354474695967692e-01	6.643125758786463564e+01
8.500000000000000000e+02	9.728941199037470788e-01	6.711802339869063871e+01
8.510000000000000000e+02	9.236671440790820142e-01	6.667411592385947472e+01
8.520000000000000000e+02	1.035893031943087905e+00	6.768612020927072592e+01
8.530000000000000000e+02	9.157641773392204421e-01	6.660285040428617265e+01
8.540000000000000000e+02	1.047235711053649432e+00	6.778840356016604574e+01
8.550000000000000000e+02	1.043651988532662500e+00	6.775608710789295230e+01
8.560000000000000000e+02	7.864301803091864329e-01	6.543657262529129071e+01
8.570000000000000000e+02	8.729808376601815301e-01	6.621704883992822488e+01
8.580000000000000000e+02	8.548702038185613805e-01	6.605373501449925300e+01
8.590000000000000000e+02	1.506574590209268427e+00	7.193052195200087340e+01
8.600000000000000000e+02	1.608638227256187658e+00	7.285088747587452929e+01
8.610000000000000000e+02	2.355569344395876730e+00	7.958638768745113623e+01
8.620000000000000000e+02	1.550372247355973121e+00	7.232547019047815695e+01
8.630000000000000000e+02	7.539878626317373378e-01	6.514402190332206999e+01
8.640000000000000000e+02	1.058454099208730348e+00	6.788956610923945334e+01
8.650000000000000000e+02	8.900588360116989950e-01	6.637105080727221207e+01
8.660000000000000000e+02	1.170557487818283615e+00	6.890046574961002079e+01
8.670000000000000000e+02	1.473577947615762218e+00	7.163297256883825526e+01
8.680000000000000000e+02	1.010019061181780087e+00	6.745279998530618570e+01
8.690000000000000000e+02	1.506619377551558392e+00	7.193092582478986685e+01
8.700000000000000000e+02	1.115270173956828037e+00	6.840190878007665276e+01
8.710000000000000000e+02	1.706522612847124254e+00	7.373356632634541086e+01
8.720000000000000000e+02	1.276496326675367499e+00	6.985577615931494222e+01
8.730000000000000000e+02	1.305389453102757225e+00	7.011632181700562683e+01
8.740000000000000000e+02	2.078246706319958115e+00	7.708561265669820273e+01
8.750000000000000000e+02	7.513580152988068583e-01	6.512030708295790760e+01
8.760000000000000000e+02	9.901660864950612151e-01	6.727377448732602261e+01
8.770000000000000000e+02	8.849285503923642882e-01	6.632478812108664101e+01
8.780000000000000000e+02	9.114237409915606491e-01	6.656371023557831279e+01
8.790000000000000000e+02	9.068740849428629236e-01	6.652268341452960954e+01
8.800000000000000000e+02	1.006668690929428900e+00	6.742258780238095994e+01
8.810000000000000000e+02	1.883660645592384331e+00	7.533092012464865661e+01
8.820000000000000000e+02	1.744140523950749255e+00	7.407278830061235908e+01
8.830000000000000000e+02	1.148728220886650053e+00	6.870361890702616847e+01
8.840000000000000000e+02	1.823715849891452523e+00	7.479036400794447559e+01
8.850000000000000000e+02	1.550651008300467204e+00	7.232798393553112248e+01
8.860000000000000000e+02	1.400729107413723806e+00	7.097605338668805075e+01
8.870000000000000000e+02	9.763068815540407730e-01	6.714879820012833989e+01
8.880000000000000000e+02	8.508507067204471586e-01	6.601748893646939109e+01
8.890000000000000000e+02	1.240013427028634263e+00	6.952678922511074688e+01
8.900000000000000000e+02	9.489837416325526132e-01	6.690240999846007242e+01
8.910000000000000000e+02	8.839084190389452367e-01	6.631558901987217780e+01
8.920000000000000000e+02	1.258363711385285022e+00	6.969226411473647431e+01
8.930000000000000000e+02	1.060121463216668447e+00	6.790460167325672103e+01
8.940000000000000000e+02	1.216665980388848878e+00	6.931625209769229912e+01
8.950000000000000000e+02	1.298533431184006881e+00	7.005449719084577964e+01
8.960000000000000000e+02	8.152313474426939877e-01	6.569628903403359743e+01
8.970000000000000000e+02	1.361430478949008815e+00	7.062167543366825839e+01
8.980000000000000000e+02	1.071032480418016020e+00	6.800299248464722268e+01
8.990000000000000000e+02	1.108538627146575140e+00	6.834120661635060401e+01
9.000000000000000000e+02	1.694117508584280785e+00	7.362170248713762533e+01
9.010000000000000000e+02	1.018694111010089776e+00	6.753102781463772430e+01
9.020000000000000000e+02	9.485825031299195409e-01	6.689879180401435121e+01
9.030000000000000000e+02	8.506072388854399868e-01	6.601529344934002097e+01
9.040000000000000000e+02	9.792976678408160662e-01	6.717576781112072126e+01
9.050000000000000000e+02	8.982355122873248998e-01	6.644478452048980444e+01
9.060000000000000000e+02	1.015481293820408526e+00	6.750205602545356953e+01
9.070000000000000000e+02	1.049305075422062972e+00	6.780706418873197094e+01
9.080000000000000000e+02	1.522817100584967775e+00	7.207698985186692653e+01
9.090000000000000000e+02	1.711786786056294973e+00	7.378103635263100557e+01
9.100000000000000000e+02	1.560098696556219355e+00	7.241317908242660906e+01
9.110000000000000000e+02	2.012099485603142668e+00	7.648912576666279506e+01
9.120000000000000000e+02	9.918054878018467413e-01	6.728855789585637126e+01
9.130000000000000000e+02	1.388770536680382417e+00	7.086821619279389495e+01
9.140000000000000000e+02	1.433443189475957613e+00	7.127105476177536048e+01
9.150000000000000000e+02	1.675222779345464597e+00	7.345131803017045513e+01
9.160000000000000000e+02	1.040168394412241959e+00	6.772467357002216204e+01
9.170000000000000000e+02	7.943002115418051901e-01	6.550754114677344830e+01
9.180000000000000000e+02	8.453906507893165223e-01	6.596825252492426728e+01
9.190000000000000000e+02	7.510705927762464373e-01	6.511771523155810826e+01
9.200000000000000000e+02	1.600726808339926643e+00	7.277954573824762008e+01
9.210000000000000000e+02	1.182689933462909293e+00	6.900987087189125191e+01
9.220000000000000000e+02	9.858952195848968980e-01	6.723526166557186912e+01
9.230000000000000000e+02	1.136712949094478065e+00	6.859527040762472438e+01
9.240000000000000000e+02	1.493842969955670785e+00	7.181571373348641885e+01
9.250000000000000000e+02	7.923351369195117400e-01	6.548982095781559565e+01
9.260000000000000000e+02	8.741363884018684693e-01	6.622746909433526241e+01
9.270000000000000000e+02	9.213463649765558650e-01	6.665318814648162515e+01
9.280000000000000000e+02	1.090434721242831584e+00	6.817795346054155914e+01
9.290000000000000000e+02	9.815061995146250329e-01	6.719568338996710111e+01
9.300000000000000000e+02	1.385796099101028744e+00	7.084139400734019887e+01
9.310000000000000000e+02	1.225056875693664615e+00	6.939191754501939613e+01
9.320000000000000000e+02	1.230675598635713408e+00	6.944258474671515557e+01
9.330000000000000000e+02	9.264517781690162490e-01	6.669922654393074879e+01
9.340000000000000000e+02	7.047372861366151264e-01	6.469990160790113976e+01
9.350000000000000000e+02	8.565739671985461712e-01	6.606909881223512571e+01
9.360000000000000000e+02	8.372253084168403969e-01	6.589462101591976761e+01
9.370000000000000000e+02	9.790357645810505716e-01	6.717340608134259128e+01
9.380000000000000000e+02	1.384070594515765640e+00	7.082583415686346484e+01
9.390000000000000000e+02	2.701537209119035943e+00	8.270617554013173844e+01
9.400000000000000000e+02	8.934868793443306867e-01	6.640196341228009658e+01
9.410000000000000000e+02	8.853958570232394187e-01	6.632900208920082719e+01
9.420000000000000000e+02	9.598947017585248709e-01	6.700080029516965396e+01
9.430000000000000000e+02	2.507919576282249707e+00	8.096021586994002917e+01
9.440000000000000000e+02	2.624333888275292459e+00	8.200998954393337215e+01
9.450000000000000000e+02	1.062737841794244575e+00	6.792819503823837124e+01
9.460000000000000000e+02	8.868423202776092307e-01	6.634204566622190669e+01
9.470000000000000000e+02	1.575358478772553861e+00	7.255078516682745260e+01
9.480000000000000000e+02	9.435110587120245640e-01	6.685305972221202353e+01
9.490000000000000000e+02	1.139725797989409983e+00	6.862243896962945655e+01
9.500000000000000000e+02	8.803506799045097697e-01	6.628350687448708811e+01
9.510000000000000000e+02	1.116600763266263341e+00	6.841390745621903591e+01
9.520000000000000000e+02	7.265222571376719340e-01	6.489634900903327264e+01
9.530000000000000000e+02	8.181229470474802312e-01	6.572236422263253530e+01
9.540000000000000000e+02	1.199542689845920718e+00	6.916184170504934059e+01
9.550000000000000000e+02	1.590542231852649424e+00	7.268770565351857726e+01
9.560000000000000000e+02	1.850970825619445259e+00	7.503613753453873869e+01
9.570000000000000000e+02	7.722373702918350347e-01	6.530858803249401490e+01
9.580000000000000000e+02	1.743845236130580290e+00	7.407012552337683076e+01
9.590000000000000000e+02	1.111729677519622150e+00	6.836998212184181511e+01
9.600000000000000000e+02	2.043905830481652419e+00	7.677594156231350553e+01
9.610000000000000000e+02	1.494094145181191990e+00	7.181797872251394210e+01
9.620000000000000000e+02	7.918672124911336763e-01	6.548560141867199036e+01
9.630000000000000000e+02	1.064553156625847041e+00	6.794456475848667765e+01
9.640000000000000000e+02	1.240260451479070936e+00	6.952901678425241982e+01
9.650000000000000000e+02	1.108669741293873967e+00	6.834238894675110032e+01
9.660000000000000000e+02	9.326562966328142412e-01	6.675517619506548783e+01
9.670000000000000000e+02	1.012354058748780483e+00	6.747385597861757844e+01
9.680000000000000000e+02	1.014782941806096295e+00	6.749575859047969573e+01
9.690000000000000000e+02	8.945104210561074520e-01	6.641119326662413869e+01
9.700000000000000000e+02	9.115544455178754557e-01	6.656488887219479977e+01
9.710000000000000000e+02	9.582677124908818289e-01	6.698612881301423272e+01
9.720000000000000000e+02	1.075340545687970772e+00	6.804184074504422597e+01
9.730000000000000000e+02	9.328857437023243548e-01	6.675724524902477697e+01
9.740000000000000000e+02	9.684875873318954387e-01	6.707828720295725589e+01
9.750000000000000000e+02	1.174649962277785953e+00	6.893736990577025381e+01
9.760000000000000000e+02	1.219135608742152765e+00	6.933852213292645672e+01
9.770000000000000000e+02	1.256399188706386560e+00	6.967454890296428971e+01
9.780000000000000000e+02	1.003334224588677159e+00	6.739251903401897437e+01
9.790000000000000000e+02	1.163144910545476307e+00	6.883362234913620625e+01
9.800000000000000000e+02	9.367990290914072204e-01	6.679253355602028819e+01
9.810000000000000000e+02	7.752771732345309363e-01	6.533599965438773438e+01
9.820000000000000000e+02	9.231023227012975507e-01	6.666902261013579789e+01
9.830000000000000000e+02	1.063208520932688916e+00	6.793243941816020026e+01
9.840000000000000000e+02	8.655535578729358637e-01	6.615007285856866304e+01
9.850000000000000000e+02	1.152021492618563903e+00	6.873331620030808153e+01
9.860000000000000000e+02	1.140510085267180118e+00	6.862951133146327720e+01
9.870000000000000000e+02	1.056366249500977350e+00	6.787073878791676407e+01
9.880000000000000000e+02	8.871478122354898854e-01	6.634480045993677777e+01
9.890000000000000000e+02	1.529960608332763039e+00	7.214140690029694269e+01
9.900000000000000000e+02	1.318196603147570034e+00	7.023181113035337830e+01
9.910000000000000000e+02	1.354914161291809860e+00	7.056291411290973770e+01
9.920000000000000000e+02	9.327526778424009013e-01	6.675604531892800253e+01
9.930000000000000000e+02	1.012548967643532638e+00	6.747561358232655948e+01
9.940000000000000000e+02	1.117438027832155845e+00	6.842145754421417791e+01
9.950000000000000000e+02	1.037589373217654432e+00	6.770141707768544848e+01
9.960000000000000000e+02	8.619109903327950573e-01	6.611722576748580593e+01
9.970000000000000000e+02	9.595453176260062556e-01	6.699764970089863425e+01
9.980000000000000000e+02	8.089427410579441702e-01	6.563958111457080236e+01
9.990000000000000000e+02	8.197663012719549336e-01	6.573718327685674012e+01
