#Frame   pw_nb_121[EVDW] pw_nb_121[EELEC]
       1         -2.1811         -55.8119
       2         -2.6809         -54.9501
       3         -2.6950         -51.4524
       4         -2.6564         -55.5756
       5         -2.5331         -55.3340
       6         -2.5462         -54.9717
       7         -2.0877         -55.8126
       8         -2.4010         -57.2316
       9         -1.8817         -56.3371
      10         -2.5462         -55.3440
      11         -2.2794         -54.2719
      12         -2.6981         -53.7707
      13         -2.7519         -51.7715
      14         -2.4906         -53.4535
      15         -2.6869         -54.5470
      16         -2.7430         -52.1826
      17         -2.4903         -56.9719
      18         -2.3405         -56.6303
      19         -1.9124         -58.2304
      20         -2.6347         -54.9119
      21         -2.6300         -55.6309
      22         -2.5147         -57.4160
      23         -2.1030         -56.3881
      24         -2.3989         -54.9042
      25         -2.5627         -55.3404
      26         -2.5036         -55.5518
      27         -2.5921         -54.9152
      28         -2.6099         -55.9443
      29         -2.2390         -55.8270
      30         -2.4930         -52.8413
      31         -2.5805         -55.1546
      32         -2.6556         -54.0774
      33         -2.4913         -53.5277
      34         -2.3460         -55.8822
      35         -2.6009         -53.9165
      36         -1.6593         -58.0826
      37         -2.1845         -56.3262
      38         -2.1060         -57.0027
      39         -2.5378         -56.3841
      40         -2.4331         -56.5066
      41         -2.4993         -56.2704
      42         -2.4564         -54.4400
      43         -2.3194         -53.4033
      44         -2.5676         -55.3594
      45         -2.5101         -56.0865
      46         -2.1860         -55.3297
      47         -2.4648         -56.8064
      48         -2.5243         -53.2783
      49         -2.3114         -55.5763
      50         -2.7083         -55.1555
      51         -2.7097         -55.9710
      52         -2.6092         -55.2728
      53         -2.4009         -54.1310
      54         -2.5376         -54.3391
      55         -2.1113         -56.3335
      56         -2.3739         -56.6083
      57         -2.3744         -55.0579
      58         -2.5406         -56.0228
      59         -2.4319         -56.6522
      60         -2.4241         -55.2963
      61         -2.3212         -56.2804
      62         -1.8889         -57.3799
      63         -2.4158         -56.0783
      64         -2.3477         -55.8450
      65         -2.5729         -55.4938
      66         -2.3224         -54.9211
      67         -2.4525         -55.3010
      68         -2.2505         -55.7834
      69         -2.1179         -56.7330
      70         -2.0850         -56.2860
      71         -2.1464         -56.8198
      72         -1.9067         -57.2765
      73         -2.6851         -54.8656
      74         -2.2863         -54.7520
      75         -2.6435         -55.8805
      76         -2.3371         -57.0650
      77         -2.5881         -55.4120
      78         -2.4014         -56.6559
      79         -2.8559         -52.3307
      80         -2.5356         -54.9096
      81         -2.6428         -53.3692
      82         -2.5441         -54.4835
      83         -2.5423         -55.8783
      84         -2.5500         -54.5405
      85         -2.5939         -53.4277
      86         -1.6244         -55.3973
      87         -1.9410         -57.4926
      88         -2.3376         -54.6666
      89         -2.4922         -55.3483
      90         -2.3379         -57.1028
      91         -1.9742         -56.9870
      92         -1.8639         -55.4457
      93         -2.6716         -54.0002
      94         -2.5863         -53.5060
      95         -2.4882         -55.3657
      96         -2.5375         -55.3261
      97         -2.2721         -55.4777
      98         -2.1949         -55.7798
      99         -2.3882         -54.1323
     100         -2.5392         -56.2097
     101         -1.9562         -57.2786
     102         -2.1649         -56.2491
     103         -2.0290         -54.8527
     104         -1.2886         -54.5535
     105         -2.1162         -55.2252
     106         -2.5452         -56.1629
     107         -1.4200         -55.5005
     108         -2.1800         -57.3246
     109         -2.3891         -55.6407
     110         -2.5021         -56.8346
     111         -2.2801         -56.2682
     112         -2.2522         -56.2524
     113         -1.8116         -58.1708
     114         -2.5562         -55.8204
     115         -2.0666         -55.4185
     116         -2.5742         -54.5085
     117         -2.3267         -55.4903
     118         -2.4236         -55.7743
     119         -2.1533         -56.0837
     120         -2.4295         -56.5863
     121         -2.2847         -57.2365
     122         -2.4809         -54.5405
     123         -2.4811         -55.7943
     124         -2.4464         -56.2113
     125         -2.4767         -55.5900
     126         -2.6478         -55.2397
     127         -2.6832         -55.6020
     128         -2.6286         -52.0439
     129         -2.5148         -55.1819
     130         -2.1403         -56.1010
     131         -2.3780         -55.9021
     132         -2.7364         -53.4633
     133         -2.5682         -55.5787
     134         -2.4752         -57.1668
     135         -2.4027         -53.9699
     136         -2.2199         -54.9743
     137         -1.4779         -57.2338
     138         -2.3228         -55.7618
     139         -2.1337         -56.2317
     140         -1.2655         -56.7708
     141         -1.2545         -55.0256
     142         -1.9279         -56.9929
     143         -2.4884         -54.4801
     144         -2.3379         -56.3720
     145         -1.6363         -55.6722
     146         -1.4632         -56.4685
     147         -1.8792         -57.8615
     148         -2.4820         -55.8633
     149         -2.5633         -55.6831
     150         -2.7506         -55.2729
     151         -1.8819         -56.6650
     152         -2.5504         -55.2638
     153         -1.7005         -55.8105
     154         -2.4332         -56.2969
     155         -1.5099         -54.7073
     156         -2.4978         -56.8398
     157         -1.7919         -57.3249
     158         -2.4824         -56.3901
     159         -2.6276         -52.9966
     160         -2.3065         -57.1703
     161         -2.2272         -56.6394
     162         -2.3663         -55.1850
     163         -1.8866         -53.8015
     164         -2.5833         -55.8210
     165         -2.4275         -56.6672
     166         -2.2551         -55.4036
     167         -2.1883         -55.4344
     168         -2.5445         -55.4504
     169         -2.7423         -55.8166
     170         -2.6242         -55.0650
     171         -2.4494         -56.0975
     172         -2.3429         -56.0329
     173         -2.5304         -55.1629
     174         -2.6678         -52.0903
     175         -2.5662         -55.3382
     176         -2.3350         -55.8368
     177         -2.3723         -53.9191
     178         -2.4354         -55.5124
     179         -2.2797         -56.9420
     180         -2.2198         -55.7694
     181         -2.0350         -57.0388
     182         -2.3270         -53.3650
     183         -2.0203         -57.7194
     184         -2.5329         -54.4315
     185         -2.5194         -55.8176
     186         -2.5927         -51.4064
     187         -2.3687         -56.7741
     188         -2.2148         -54.1170
     189         -2.6380         -55.2106
     190         -2.6144         -54.7294
     191         -2.5120         -55.2988
     192         -2.5829         -54.2849
     193         -2.8479         -54.2689
     194         -2.5636         -55.5198
     195         -2.4186         -50.8357
     196         -2.5888         -55.7659
     197         -2.1926         -53.7803
     198         -2.2131         -57.0534
     199         -2.0558         -56.2126
     200         -2.2906         -56.2817
     201         -1.7926         -55.4104
     202         -2.5374         -55.9776
     203         -2.2405         -54.6846
     204         -2.2483         -53.9483
     205         -2.4369         -55.2456
     206         -2.1989         -53.7918
     207         -2.6870         -56.5199
     208         -2.4584         -56.8860
     209         -2.5510         -54.6351
     210         -1.8973         -56.7090
     211         -2.0986         -56.2400
     212         -1.7653         -55.7303
     213         -2.4216         -52.2858
     214         -1.7814         -58.2141
     215         -2.6754         -53.4752
     216         -2.1460         -55.5554
     217         -2.6025         -52.9601
     218         -2.4890         -57.5051
     219         -2.4039         -55.1406
     220         -2.5431         -56.3528
     221         -2.1493         -54.1226
     222         -2.5211         -55.2071
     223         -2.5211         -56.1803
     224         -2.7219         -56.8202
     225         -2.6706         -53.3956
     226         -2.4367         -55.0069
     227         -1.8076         -56.0265
     228         -1.9314         -54.5613
     229         -2.4784         -55.1787
     230         -2.4443         -56.0810
     231         -2.6477         -54.6385
     232         -2.6160         -51.6801
     233         -2.7560         -55.5215
     234         -2.5395         -55.4812
     235         -2.2115         -56.3895
     236         -2.4921         -57.4943
     237         -2.3429         -56.2170
     238         -2.4411         -55.9779
     239         -2.6807         -56.1274
     240         -2.5626         -55.2001
     241         -2.6223         -55.5081
     242         -2.6533         -54.5254
     243         -2.5904         -56.6348
     244         -2.4931         -54.8764
     245         -2.6801         -55.0492
     246         -2.4972         -55.2910
     247         -1.9649         -54.8449
     248         -2.2710         -57.1169
     249         -2.6613         -55.4169
     250         -2.3278         -56.9027
     251         -2.3887         -55.4072
     252         -2.4831         -54.0451
     253         -2.5593         -58.0041
     254         -2.5627         -56.2593
     255         -2.4962         -54.7047
     256         -2.4990         -53.4525
     257         -2.5723         -53.3560
     258         -2.7277         -53.4229
     259         -2.3868         -55.7198
     260         -1.8288         -55.5566
     261         -1.9164         -56.6858
     262         -2.5817         -54.9166
     263         -2.6024         -54.6649
     264         -2.5961         -55.4612
     265         -2.4795         -55.0321
     266         -2.3458         -56.8046
     267         -1.9319         -56.8813
     268         -2.4068         -56.3665
     269         -2.5586         -55.2026
     270         -2.0806         -56.0369
     271         -2.4657         -54.8423
     272         -2.4769         -56.1692
     273         -2.2605         -56.5128
     274         -2.4877         -55.4505
     275         -2.5239         -54.6070
     276         -2.3576         -56.9368
     277         -2.3389         -52.5355
     278         -2.5895         -56.2270
     279         -1.9843         -54.7454
     280         -2.5736         -55.4905
     281         -2.2868         -55.1823
     282         -2.2942         -56.0228
     283         -2.5929         -55.1541
     284         -2.2944         -54.2235
     285         -2.5042         -54.0011
     286         -2.6077         -54.8793
     287         -2.6598         -57.2189
     288         -2.4235         -55.5972
     289         -2.3656         -56.1447
     290         -2.5858         -56.3939
     291         -2.6232         -54.7738
     292         -2.7087         -54.6996
     293         -2.6021         -54.8212
     294         -2.5009         -55.2467
     295         -2.4132         -54.9755
     296         -2.6610         -54.7249
     297         -2.1693         -55.9933
     298         -2.6880         -55.0842
     299         -2.4935         -54.8705
     300         -1.8237         -56.0452
     301         -2.3347         -53.7698
     302         -2.5568         -53.8600
     303         -2.3213         -57.0530
     304         -2.6504         -53.6093
     305         -1.9788         -57.1814
     306         -2.5071         -57.9261
     307         -2.6631         -54.2676
     308         -2.6850         -56.6938
     309         -2.6930         -54.7992
     310         -2.1517         -54.5204
     311         -2.3748         -55.5457
     312         -2.6483         -52.8689
     313         -2.3197         -56.0118
     314         -2.4421         -55.1715
     315         -2.0997         -57.0556
     316         -2.4878         -54.6984
     317         -2.1158         -53.3162
     318         -2.3128         -53.9450
     319         -2.6815         -53.6738
     320         -2.6867         -55.5692
     321         -2.5814         -53.2160
     322         -2.1455         -56.5369
     323         -2.5730         -53.8169
     324         -2.1586         -55.5566
     325         -2.6938         -53.1273
     326         -2.5511         -56.0159
     327         -2.5279         -56.3706
     328         -2.7388         -51.2717
     329         -1.8841         -53.8367
     330         -2.5764         -54.3604
     331         -2.2090         -56.8597
     332         -2.3587         -56.9904
     333         -2.4739         -54.9063
     334         -2.4652         -57.5000
     335         -2.3639         -56.6953
     336         -2.6784         -54.6657
     337         -2.4669         -56.0690
     338         -2.4752         -55.8977
     339         -2.7294         -55.7126
     340         -1.2763         -57.2841
     341         -2.6065         -54.5225
     342         -2.6042         -55.0137
     343         -2.4558         -57.5744
     344         -2.5338         -53.0811
     345         -2.4829         -54.9211
     346         -2.5342         -54.4363
     347         -2.7504         -54.9356
     348         -2.4053         -54.6625
     349         -2.3102         -55.5588
     350         -2.5313         -56.1779
     351         -2.5849         -56.3920
     352         -2.4883         -52.4134
     353         -2.5528         -55.3606
     354         -2.5703         -56.4505
     355         -2.5841         -54.6392
     356         -2.6888         -55.3061
     357         -2.5083         -55.0430
     358         -2.5324         -55.6802
     359         -2.5087         -56.0440
     360         -2.3145         -55.9083
     361         -2.5613         -55.1482
     362         -2.5229         -54.4743
     363         -2.5490         -55.9242
     364         -2.4482         -53.1197
     365         -2.5020         -52.6894
     366         -2.3310         -55.9464
     367         -2.6810         -55.1142
     368         -2.5344         -54.8099
     369         -2.3063         -56.3385
     370         -2.5120         -55.0891
     371         -2.5401         -54.6931
     372         -2.6313         -54.8886
     373         -2.4474         -56.0819
     374         -2.5907         -55.3850
     375         -2.6013         -55.0334
     376         -2.5102         -55.7298
     377         -2.6762         -54.5603
     378         -2.4910         -56.8073
     379         -2.4292         -54.7902
     380         -2.6253         -54.4799
     381         -2.4411         -53.4713
     382         -2.4744         -56.8680
     383         -2.5604         -55.2085
     384         -2.5521         -55.1184
     385         -2.5447         -55.7292
     386         -2.6073         -56.5262
     387         -2.6040         -53.1644
     388         -2.3863         -55.4133
     389         -2.5290         -55.4532
     390         -2.3576         -57.5438
     391         -2.6126         -53.4184
     392         -2.1131         -57.1055
     393         -2.5426         -55.8392
     394         -2.5551         -54.9202
     395         -2.6261         -54.8236
     396         -2.1089         -55.3677
     397         -2.5332         -56.3225
     398         -2.6236         -55.5200
     399         -2.5879         -53.8248
     400         -2.6456         -55.7483
     401         -2.5136         -55.9136
     402         -1.5348         -56.1997
     403         -2.0440         -54.4092
     404         -2.4729         -55.6853
     405         -2.3697         -55.2352
     406         -2.4519         -55.1957
     407         -2.5292         -55.6992
     408         -2.3698         -55.2056
     409         -2.4496         -54.2318
     410         -2.6756         -55.4175
     411         -2.4465         -53.3481
     412         -2.3697         -55.8499
     413         -2.1513         -56.1576
     414         -2.4080         -57.5254
     415         -2.4842         -54.9903
     416         -2.5728         -55.0784
     417         -2.5022         -54.5423
     418         -2.2366         -55.4108
     419         -2.6393         -56.2974
     420         -2.4014         -54.0547
     421         -2.7320         -54.0364
     422         -2.2125         -54.1717
     423         -2.1200         -54.2161
     424         -2.3481         -56.0583
     425         -1.7001         -57.1107
     426         -1.8927         -56.7894
     427         -2.7494         -54.9797
     428         -2.3709         -54.7407
     429         -2.1514         -55.4495
     430         -2.4859         -54.4858
     431         -2.5693         -55.4003
     432         -2.4431         -55.9695
     433         -2.2173         -57.5498
     434         -2.5163         -55.5952
     435         -2.4554         -55.5653
     436         -2.7024         -52.2938
     437         -2.3023         -54.6049
     438         -2.5912         -56.4830
     439         -2.3926         -55.9977
     440         -2.1773         -53.2407
     441         -2.0184         -54.1245
     442         -2.2073         -55.1911
     443         -2.3963         -54.9722
     444         -2.4713         -54.4015
     445         -2.5059         -55.3725
     446         -2.0652         -56.0847
     447         -2.3806         -57.9850
     448         -2.6170         -56.3795
     449         -2.2657         -56.6999
     450         -2.3070         -55.8520
     451         -2.6405         -55.2561
     452         -2.3313         -56.1097
     453         -2.4132         -54.0553
     454         -2.0820         -56.0252
     455         -2.2896         -55.6537
     456         -2.4745         -55.0221
     457         -2.4881         -56.2802
     458         -2.2492         -56.1446
     459         -2.2066         -55.2900
     460         -1.8316         -57.7494
     461         -2.4436         -56.1095
     462         -2.3878         -54.6895
     463         -2.6037         -55.2159
     464         -2.4452         -55.0653
     465         -2.3125         -57.4154
     466         -2.2809         -53.8700
     467         -2.5083         -55.0271
     468         -2.4274         -56.0357
     469         -2.4412         -55.1485
     470         -2.6344         -54.8997
     471         -2.5128         -56.1019
     472         -2.3443         -55.6765
     473         -2.6183         -56.3904
     474         -1.9119         -56.0795
     475         -2.5754         -54.6563
     476         -2.5078         -54.4438
     477         -2.5808         -55.6676
     478         -2.4910         -54.9635
     479         -2.3583         -56.2534
     480         -2.4748         -57.1261
     481         -2.6558         -56.5417
     482         -2.4150         -57.2034
     483         -2.5797         -54.1250
     484         -2.7693         -55.2119
     485         -2.1215         -57.5751
     486         -2.3057         -58.4828
     487         -2.5418         -54.5341
     488         -2.6551         -55.3264
     489         -2.5059         -54.3429
     490         -2.2297         -55.8608
     491         -1.7393         -58.5418
     492         -2.3665         -56.8909
     493         -2.6773         -54.2069
     494         -2.3549         -55.3047
     495         -2.3786         -57.2752
     496         -2.1187         -56.0875
     497         -2.3988         -56.0683
     498         -2.4189         -54.4268
     499         -2.4043         -56.2861
     500         -1.5483         -56.6970
     501         -2.5962         -54.4006
     502         -2.5966         -55.3901
     503         -2.5947         -55.3639
     504         -2.7802         -54.5243
     505         -2.7359         -51.4886
     506         -2.6061         -55.4148
     507         -2.4992         -55.3439
     508         -2.5984         -53.0938
     509         -2.4305         -53.0619
     510         -2.5492         -55.3433
     511         -2.5753         -55.5165
     512         -2.4450         -56.6003
     513         -2.5353         -54.0913
     514         -1.7892         -56.0792
     515         -2.1143         -55.2877
     516         -2.5858         -54.8741
     517         -2.6415         -53.8247
     518         -2.2977         -55.2247
     519         -2.6154         -55.3738
     520         -2.7569         -54.6471
     521         -2.3585         -56.3932
     522         -2.5180         -55.9935
     523         -2.6089         -53.6546
     524         -2.6633         -55.4248
     525         -2.2947         -53.9649
     526         -2.5330         -56.1579
     527         -2.3920         -53.7248
     528         -2.5826         -55.8113
     529         -2.6021         -54.1487
     530         -2.6565         -54.4123
     531         -2.5547         -55.5766
     532         -2.5472         -56.1203
     533         -2.6344         -54.3965
     534         -2.0326         -57.5094
     535         -2.4844         -55.2249
     536         -2.6298         -53.6770
     537         -2.5791         -55.6004
     538         -2.4350         -56.1202
     539         -2.7102         -55.2008
     540         -2.6793         -54.9942
     541         -2.6015         -54.7165
     542         -2.6426         -56.6660
     543         -2.3988         -56.2428
     544         -2.0260         -56.1617
     545         -2.6288         -56.4800
     546         -2.6166         -54.7173
     547         -2.5819         -55.0456
     548         -2.5838         -53.5210
     549         -2.5961         -55.4933
     550         -2.7209         -55.5178
     551         -2.5282         -52.7771
     552         -2.3546         -55.7548
     553         -2.6146         -54.4875
     554         -2.0590         -54.1412
     555         -2.5343         -55.6818
     556         -2.3138         -53.8590
     557         -2.4266         -55.3023
     558         -2.6806         -55.3339
     559         -2.4842         -54.8655
     560         -2.6242         -54.9330
     561         -2.4210         -55.0749
     562         -2.5326         -56.3356
     563         -2.4433         -54.4414
     564         -2.6198         -54.4533
     565         -1.8072         -57.3361
     566         -2.4804         -54.8561
     567         -2.5561         -55.4909
     568         -2.6795         -56.0162
     569         -1.7909         -57.7442
     570         -2.7708         -53.0559
     571         -2.4243         -54.1000
     572         -2.5213         -54.5388
     573         -2.4905         -54.0370
     574         -2.3810         -56.5695
     575         -2.6449         -52.7113
     576         -2.6071         -55.0839
     577         -2.3726         -56.7937
     578         -2.4919         -56.6737
     579         -2.2150         -54.1477
     580         -2.6545         -55.5876
     581         -2.6528         -55.5214
     582         -2.6452         -55.7434
     583         -2.4238         -54.4500
     584         -2.5885         -54.2473
     585         -2.7433         -54.5272
     586         -1.8269         -53.6426
     587         -2.6071         -55.2508
     588         -2.4854         -55.4204
     589         -2.4345         -54.8498
     590         -2.1402         -57.0468
     591         -2.0054         -56.5219
     592         -2.2209         -55.8031
     593         -1.6388         -57.2153
     594         -2.4028         -55.1442
     595         -2.2080         -56.9682
     596         -2.2219         -56.7382
     597         -2.5104         -57.2071
     598         -2.1933         -55.6059
     599         -2.4827         -57.1992
     600         -1.8657         -56.1926
     601         -2.1963         -54.7656
     602         -2.4366         -56.6764
     603         -2.5465         -53.6516
     604         -2.5887         -55.1971
     605         -2.7301         -51.8911
     606         -2.5923         -55.4155
     607         -2.5479         -54.9239
     608         -2.5235         -53.9941
     609         -2.6671         -55.7492
     610         -1.6447         -56.3713
     611         -2.2067         -56.2733
     612         -2.4295         -55.2534
     613         -2.3915         -55.9260
     614         -1.8050         -54.1346
     615         -2.2053         -55.2403
     616         -0.4015         -53.8510
     617         -2.5805         -54.5541
     618         -2.0910         -56.8321
     619         -2.5656         -53.6948
     620         -2.0269         -56.5407
     621         -2.0253         -56.6463
     622         -2.5277         -55.1866
     623         -0.5641         -56.5649
     624         -2.0769         -55.9434
     625         -2.6022         -53.6221
     626         -2.6176         -53.6329
     627         -2.5270         -55.8870
     628         -2.5759         -54.7517
     629         -2.3047         -54.7649
     630         -2.5146         -54.9656
     631         -1.3462         -56.6238
     632         -2.2683         -56.9890
     633         -2.3993         -54.4185
     634         -2.4627         -55.8576
     635         -2.4313         -52.8510
     636         -2.5946         -52.1329
     637         -2.5241         -56.3547
     638         -1.7404         -56.0713
     639         -2.5745         -54.3848
     640         -2.6565         -54.7968
     641         -2.3451         -54.8963
     642         -2.5616         -54.0428
     643         -2.5765         -55.7923
     644         -2.6988         -54.4159
     645         -1.2150         -56.9301
     646         -2.5952         -56.5466
     647         -2.1248         -58.4564
     648         -2.2427         -55.2945
     649         -2.2465         -57.1908
     650         -2.4068         -55.0529
     651         -2.4054         -56.4849
     652         -2.6157         -56.1520
     653         -2.0141         -54.7763
     654         -2.2021         -56.5795
     655         -2.5812         -54.8618
     656         -2.4363         -57.1708
     657         -2.5228         -54.8351
     658         -2.3019         -54.6322
     659         -2.1715         -55.5626
     660         -2.3155         -54.6378
     661         -2.5746         -56.7453
     662         -1.9659         -54.3928
     663         -2.6317         -55.2987
     664         -2.3543         -56.4625
     665         -2.5359         -55.8996
     666         -2.0680         -57.5859
     667         -2.2961         -56.0439
     668         -2.6409         -55.4920
     669         -2.6907         -54.7789
     670         -2.5122         -55.3013
     671         -2.5316         -54.8841
     672         -2.6970         -54.3608
     673         -1.9619         -55.9430
     674         -2.5486         -54.0199
     675         -2.4066         -55.5159
     676         -1.9571         -56.9472
     677         -2.5630         -55.4960
     678         -2.4115         -55.5834
     679         -2.5111         -55.6209
     680         -2.3818         -55.1347
     681         -2.5527         -55.9621
     682         -2.6304         -54.4351
     683         -2.2622         -53.6631
     684         -2.2484         -55.9737
     685         -2.6743         -53.8731
     686         -2.5953         -52.8862
     687         -2.6224         -54.9442
     688         -2.6253         -55.3399
     689         -2.5353         -56.0228
     690         -2.6196         -54.7219
     691         -2.4581         -55.3609
     692         -2.3991         -55.8702
     693         -2.6868         -54.4285
     694         -2.7356         -55.9591
     695         -2.1582         -55.4691
     696         -2.6621         -54.7220
     697         -2.4521         -56.0564
     698         -2.6277         -55.3335
     699         -2.4754         -53.8908
     700         -0.9871         -56.7905
     701         -2.2305         -55.8172
     702         -2.4550         -56.2727
     703         -2.5509         -54.7500
     704         -2.6089         -55.0068
     705         -2.1552         -54.2227
     706         -2.3467         -55.7534
     707         -2.2472         -58.0048
     708         -2.2807         -56.0481
     709         -2.0012         -55.7580
     710         -1.6516         -56.7748
     711         -2.2082         -54.2495
     712         -2.4872         -53.7282
     713         -2.5236         -55.4576
     714         -2.0698         -55.6274
     715         -2.5222         -55.6860
     716         -2.5999         -54.1614
     717         -2.4778         -54.9989
     718         -2.6203         -55.5476
     719         -2.1214         -55.3552
     720         -2.3352         -55.6374
     721         -2.3422         -54.3074
     722         -2.3553         -56.4429
     723         -0.9067         -57.6756
     724         -2.3424         -54.2517
     725         -1.3469         -57.9419
     726         -2.1501         -57.2164
     727         -2.2427         -57.5638
     728         -2.6039         -53.8865
     729         -2.4380         -57.4453
     730         -2.5559         -54.1536
     731         -2.0330         -57.0718
     732         -2.4258         -52.9152
     733         -2.7696         -53.0711
     734         -2.5992         -56.3926
     735         -2.3524         -54.7879
     736         -2.6623         -53.8971
     737         -2.6105         -55.4584
     738         -1.6162         -53.6424
     739         -2.6456         -55.2649
     740         -2.5244         -57.3576
     741         -2.5901         -52.5078
     742         -2.1674         -55.4169
     743         -2.3105         -56.4762
     744         -2.6722         -55.1717
     745         -2.6472         -55.5259
     746         -2.5104         -56.9763
     747         -1.9061         -55.8975
     748         -2.5421         -54.5494
     749         -2.5826         -55.0064
     750         -2.4970         -56.0423
     751         -2.0368         -56.8057
     752         -2.6646         -53.8366
     753         -2.1782         -55.8072
     754         -2.0580         -52.8936
     755         -2.5425         -55.0994
     756         -2.5553         -54.8731
     757         -2.1988         -56.5366
     758         -2.1601         -55.6074
     759         -1.2926         -57.0745
     760         -2.5603         -56.1048
     761         -2.1777         -57.9843
     762         -2.5275         -55.9429
     763         -2.5394         -56.9579
     764         -2.4996         -54.6271
     765         -2.5678         -53.5020
     766         -2.7275         -54.4939
     767         -2.3747         -55.1787
     768         -2.7820         -55.0494
     769         -2.4877         -54.7157
     770         -2.5741         -53.9018
     771         -2.3269         -54.6559
     772         -2.5688         -54.8268
     773         -2.4135         -57.1345
     774         -2.3523         -55.7515
     775         -2.4056         -55.0915
     776         -2.4236         -57.5782
     777         -1.7059         -58.9511
     778         -2.4349         -56.0650
     779         -2.1972         -53.7292
     780         -2.4123         -55.1138
     781         -1.9789         -57.4320
     782         -2.3614         -54.9761
     783         -2.6142         -56.4041
     784         -2.5810         -54.2275
     785         -2.0237         -53.9454
     786         -2.6061         -53.9669
     787         -2.0663         -56.5538
     788         -1.7554         -57.1793
     789         -2.5563         -56.6282
     790         -2.5600         -55.9869
     791         -2.4958         -56.3069
     792         -2.5717         -54.4410
     793         -2.3639         -55.5057
     794         -2.6501         -55.6262
     795         -2.3055         -54.9616
     796         -2.4182         -54.2375
     797         -2.3430         -56.7375
     798         -2.5084         -54.9254
     799         -1.6767         -58.6504
     800         -2.7003         -56.3478
     801         -2.5219         -56.0315
     802         -1.8987         -56.4519
     803         -2.3527         -55.3567
     804         -2.5603         -55.4372
     805         -2.8307         -54.6146
     806         -2.5957         -54.8006
     807         -2.5461         -54.8336
     808         -2.6841         -54.5390
     809         -2.5456         -55.1103
     810         -2.0768         -58.1740
     811         -2.6414         -54.9566
     812         -2.5660         -54.0083
     813         -2.6540         -54.6448
     814         -2.6582         -53.2211
     815         -2.7462         -53.7216
     816         -2.2549         -54.2385
     817         -2.4101         -56.5917
     818         -2.5329         -55.5883
     819         -2.7112         -54.3882
     820         -2.5814         -56.6210
     821         -2.1285         -54.8526
     822         -2.6001         -55.9650
     823         -2.6121         -54.9091
     824         -2.4998         -55.8524
     825         -2.5382         -56.1626
     826         -2.5617         -54.6424
     827         -2.5325         -55.8230
     828         -2.6267         -53.4757
     829         -2.4978         -55.5551
     830         -2.4991         -55.8501
     831         -2.5289         -55.5182
     832         -2.4319         -53.4610
     833         -2.3767         -55.8780
     834         -2.1412         -56.7812
     835         -2.5317         -53.6925
     836         -2.5550         -56.1782
     837         -2.5282         -55.3959
     838         -2.6766         -56.3249
     839         -2.5702         -55.7443
     840         -2.1200         -55.5432
     841         -2.4448         -54.3097
     842         -2.6368         -52.7998
     843         -2.6482         -54.4379
     844         -2.3253         -56.1010
     845         -2.6820         -55.2232
     846         -2.3837         -57.0699
     847         -2.4152         -51.8476
     848         -2.6567         -56.8307
     849         -2.2079         -56.1645
     850         -2.5740         -54.9699
     851         -2.0103         -57.9136
     852         -2.3795         -56.1530
     853         -2.6771         -56.3950
     854         -2.6420         -54.5860
     855         -2.5744         -55.5654
     856         -2.7367         -54.1122
     857         -2.4919         -55.4781
     858         -2.2032         -54.2284
     859         -2.5481         -56.6415
     860         -2.5515         -53.8473
     861         -2.5211         -57.0442
     862         -2.4950         -54.8072
     863         -2.3544         -55.7736
     864         -2.3787         -56.0323
     865         -2.3988         -56.2605
     866         -2.3010         -55.1771
     867         -1.8859         -56.3679
     868         -2.4589         -56.1249
     869         -2.2823         -55.5143
     870         -2.5901         -54.6227
     871         -2.3943         -55.4470
     872         -2.4385         -54.5470
     873         -2.4359         -55.6429
     874         -1.6074         -57.2272
     875         -2.7603         -54.1193
     876         -2.6545         -55.3430
     877         -2.5868         -55.2532
     878         -2.2990         -54.5591
     879         -2.4669         -56.2284
     880         -2.4546         -53.4103
     881         -2.5548         -56.1603
     882         -2.5400         -54.6254
     883         -2.5675         -54.5967
     884         -2.4333         -55.9496
     885         -2.1423         -55.7130
     886         -1.8056         -56.8967
     887         -2.3628         -57.0751
     888         -2.5233         -54.6354
     889         -2.2249         -55.9955
     890         -2.6328         -54.4549
     891         -2.1264         -55.4558
     892         -2.5488         -55.2966
     893         -2.3120         -53.8070
     894         -2.6473         -54.4093
     895         -2.7173         -54.3265
     896         -2.4912         -55.4825
     897         -2.5358         -56.5786
     898         -2.2391         -54.9719
     899         -1.9222         -56.5830
     900         -2.4999         -54.2229
     901         -2.5799         -54.7053
     902         -1.7633         -56.6293
     903         -2.2366         -54.2484
     904         -2.5488         -54.5978
     905         -2.0486         -57.5531
     906         -2.5118         -57.4227
     907         -2.3553         -54.3397
     908         -2.2267         -56.5629
     909         -2.0459         -54.1845
     910         -2.5790         -53.6617
     911         -2.4893         -54.6162
     912         -1.4921         -55.0886
     913         -2.5091         -55.6442
     914         -2.4774         -56.8440
     915         -2.2643         -55.2022
     916         -1.9283         -56.8887
     917         -2.3359         -55.8673
     918         -2.3390         -53.6030
     919         -1.6980         -55.6826
     920         -2.4221         -54.7088
     921         -2.5668         -55.2637
     922         -2.2277         -57.2364
     923         -1.2811         -56.8874
     924         -1.9620         -56.1428
     925         -2.6440         -46.4761
     926         -2.2397         -49.0049
     927         -2.6160         -47.1101
     928         -2.2490         -47.6668
     929         -2.0854         -48.8882
     930         -2.6113         -46.6316
     931         -2.5875         -47.4246
     932         -2.6512         -47.2666
     933         -2.6244         -46.7250
     934         -2.0709         -50.1961
     935         -2.3687         -56.6496
     936         -2.1653         -56.2611
     937         -2.5903         -55.4801
     938         -2.5010         -54.6581
     939         -2.6727         -54.2226
     940         -2.7578         -50.0998
     941         -2.2212         -55.4371
     942         -2.4626         -56.6258
     943         -2.3683         -56.8641
     944         -2.6546         -52.7981
     945         -2.8433         -51.6199
     946         -2.4015         -55.8626
     947         -2.5741         -54.7315
     948         -2.3786         -52.7899
     949         -2.1284         -56.6661
     950         -2.5952         -53.8579
     951         -2.3362         -54.8804
     952         -2.1660         -56.3264
     953         -2.0930         -55.4900
     954         -2.2975         -55.7518
     955         -2.5414         -53.4442
     956         -2.6170         -54.5762
     957         -2.4731         -53.8368
     958         -2.6768         -52.6398
     959         -2.3120         -55.9541
     960         -2.4846         -55.3266
     961         -2.2522         -57.0508
     962         -2.5364         -54.4212
     963         -2.1513         -54.8280
     964         -2.6189         -55.4655
     965         -2.7364         -56.0119
     966         -2.6361         -54.2753
     967         -2.4844         -55.1637
     968         -2.4884         -54.8921
     969         -2.2370         -57.3643
     970         -2.2196         -56.9492
     971         -2.7746         -55.0385
     972         -1.4539         -57.2059
     973         -2.6985         -54.3180
     974         -2.6011         -55.7622
     975         -2.5068         -54.6723
     976         -2.4100         -56.4644
     977         -2.7731         -56.0776
     978         -2.1514         -55.2274
     979         -2.5868         -56.6716
     980         -2.4545         -54.3210
     981         -2.3916         -55.0589
     982         -2.4360         -56.5405
     983         -2.5815         -55.3877
     984         -2.3641         -55.1009
     985         -2.4864         -56.7853
     986         -2.6094         -55.3259
     987         -2.6586         -55.2189
     988         -2.4134         -53.5419
     989         -2.6264         -54.7616
     990         -1.6409         -56.7015
     991         -1.8140         -54.4598
     992         -2.2118         -56.3992
     993         -2.6224         -55.8500
     994         -2.5818         -53.6300
     995         -2.6961         -55.0901
     996         -2.3999         -57.6416
     997         -2.2165         -56.4040
     998         -2.4394         -55.5180
     999         -2.2236         -55.5667
    1000         -2.6027         -54.9227
