#Residue         Para         Anti         3-10        Alpha           Pi         Turn         Bend
       1       0.0000       0.0000       0.0000       0.0000       0.0000       0.0000       0.0000
       2       0.0000       0.0000       0.0000       0.0000       0.0000       0.0000       0.0000
       3       0.0000       0.0000       0.0000       0.0000       0.0000       0.0000       0.0694
       4       0.0000       0.0000       0.0000       0.0000       0.0000       0.0000       0.0536
       5       0.0000       0.8963       0.0000       0.0000       0.0000       0.0000       0.0000
       6       0.0000       0.9995       0.0000       0.0000       0.0000       0.0000       0.0000
       7       0.0000       1.0000       0.0000       0.0000       0.0000       0.0000       0.0000
       8       0.0000       1.0000       0.0000       0.0000       0.0000       0.0000       0.0000
       9       0.0000       0.9999       0.0000       0.0000       0.0000       0.0000       0.0000
      10       0.0000       0.9999       0.0000       0.0000       0.0000       0.0000       0.0000
      11       0.0000       1.0000       0.0000       0.0000       0.0000       0.0000       0.0000
      12       0.0000       0.9971       0.0000       0.0000       0.0000       0.0000       0.0029
      13       0.0001       0.0000       0.0000       0.0000       0.0000       0.9914       0.0085
      14       0.0000       0.0000       0.0000       0.0000       0.0000       0.9915       0.0085
      15       0.0000       0.9915       0.0000       0.0000       0.0000       0.0000       0.0077
      16       0.0000       0.9841       0.0000       0.0000       0.0000       0.0000       0.0000
      17       0.0000       0.0000       0.0000       0.0000       0.0000       0.0000       0.0001
      18       0.0000       0.9967       0.0000       0.0000       0.0000       0.0000       0.0000
      19       0.0000       0.9993       0.0000       0.0000       0.0000       0.0000       0.0000
      20       0.0000       1.0000       0.0000       0.0000       0.0000       0.0000       0.0000
      21       0.0000       1.0000       0.0000       0.0000       0.0000       0.0000       0.0000
      22       0.0000       1.0000       0.0000       0.0000       0.0000       0.0000       0.0000
      23       0.0000       1.0000       0.0000       0.0000       0.0000       0.0000       0.0000
      24       0.0000       1.0000       0.0000       0.0000       0.0000       0.0000       0.0000
      25       0.0000       0.0000       0.0001       0.0000       0.0000       0.0000       0.0000
      26       0.0000       0.0000       0.0039       0.0000       0.0000       0.9961       0.0000
      27       0.0000       0.0000       0.0039       0.0000       0.0000       0.9961       0.0000
      28       0.0000       0.0000       0.0038       0.0000       0.0000       0.9958       0.0004
      29       0.0000       0.0000       0.0000       0.0000       0.0000       0.0000       0.6402
      30       0.0000       0.0000       0.0000       0.9804       0.0000       0.0169       0.0003
      31       0.0000       0.0000       0.0000       0.9831       0.0000       0.0169       0.0000
      32       0.0000       0.0000       0.0000       1.0000       0.0000       0.0000       0.0000
      33       0.0000       0.0000       0.0000       1.0000       0.0000       0.0000       0.0000
      34       0.0000       0.0000       0.0000       0.9999       0.0000       0.0001       0.0000
      35       0.0000       0.0000       0.0000       1.0000       0.0000       0.0000       0.0000
      36       0.0000       0.0000       0.0000       1.0000       0.0000       0.0000       0.0000
      37       0.0000       0.0000       0.0000       1.0000       0.0000       0.0000       0.0000
      38       0.0000       0.0000       0.0000       1.0000       0.0000       0.0000       0.0000
      39       0.0000       0.0000       0.0000       0.9979       0.0000       0.0021       0.0000
      40       0.0000       0.0000       0.0000       0.9971       0.0000       0.0029       0.0000
      41       0.0000       0.0000       0.0000       0.9270       0.0000       0.0699       0.0031
      42       0.0000       0.0000       0.0000       0.0000       0.0000       0.9364       0.0000
      43       0.0740       0.0000       0.0000       0.0000       0.0000       0.9203       0.0015
      44       0.0000       0.0000       0.0000       0.0000       0.0000       0.9943       0.0057
      45       0.0000       0.0000       0.0000       0.0000       0.0000       0.1718       0.8282
      46       0.0740       0.0000       0.0000       0.0000       0.0000       0.0000       0.0000
      47       0.0000       0.0000       0.0000       0.0000       0.0000       0.0000       0.3944
      48       0.0000       0.0000       0.0000       0.0000       0.0000       0.0000       0.9920
      49       0.0000       0.0000       0.0000       0.0000       0.0000       0.9938       0.0062
      50       0.0000       0.0001       0.0000       0.0000       0.0000       0.9937       0.0062
      51       0.0000       0.1496       0.0000       0.0000       0.0000       0.0000       0.0000
      52       0.0000       0.9996       0.0000       0.0000       0.0000       0.0000       0.0000
      53       0.0000       0.3545       0.0000       0.0000       0.0000       0.0000       0.0000
      54       0.0000       0.0000       0.0000       0.0000       0.0000       0.0000       0.1627
      55       0.0000       0.9977       0.0000       0.0000       0.0000       0.0000       0.0000
      56       0.0000       0.9968       0.0000       0.0000       0.0000       0.0000       0.0000
      57       0.0000       0.9849       0.0000       0.0000       0.0000       0.0000       0.0000
      58       0.0000       0.0000       0.0000       0.0000       0.0000       0.9967       0.0033
      59       0.0000       0.0000       0.0000       0.0000       0.0000       0.9967       0.0033
      60       0.0000       0.0002       0.0000       0.0000       0.0000       0.9874       0.0124
      61       0.0000       0.9992       0.0000       0.0000       0.0000       0.0000       0.0000
      62       0.0000       1.0000       0.0000       0.0000       0.0000       0.0000       0.0000
      63       0.0000       1.0000       0.0000       0.0000       0.0000       0.0000       0.0000
      64       0.0000       0.5452       0.0000       0.0000       0.0000       0.0000       0.0000
      65       0.0000       0.0000       0.0000       0.0000       0.0000       0.0000       0.0000
      66       0.0000       0.0307       0.0000       0.0000       0.0000       0.0000       0.0000
      67       0.0000       0.0000       0.0000       0.0000       0.0000       0.0005       0.2237
      68       0.0000       0.0000       0.0000       0.0000       0.0000       0.0005       0.9995
      69       0.0000       0.0000       0.0000       0.0000       0.0000       0.0005       0.9995
      70       0.0000       0.0000       0.0000       0.0000       0.0000       0.0000       0.9926
      71       0.0000       0.0000       0.0000       0.0000       0.0000       0.0000       1.0000
      72       0.0000       0.0000       0.0000       0.0000       0.0000       0.0000       1.0000
      73       0.0000       0.0000       0.0000       0.0000       0.0000       0.0005       0.4099
      74       0.0000       0.0000       0.0000       0.0000       0.0000       0.0005       0.0010
      75       0.0000       0.0004       0.0000       0.0000       0.0000       0.0000       0.0005
      76       0.0000       0.0007       0.0000       0.0000       0.0000       0.0000       0.0000
      77       0.0000       0.6472       0.0000       0.0000       0.0000       0.0000       0.0014
      78       0.0000       0.0000       0.0000       0.0000       0.0000       0.6780       0.3220
      79       0.0000       0.0000       0.0000       0.0000       0.0000       0.6780       0.3220
      80       0.0000       0.6472       0.0000       0.0000       0.0000       0.0326       0.2768
      81       0.0000       0.0007       0.0000       0.0000       0.0000       0.0646       0.9347
      82       0.0000       0.0000       0.0000       0.0000       0.0000       0.0000       0.0252
      83       0.0001       0.9797       0.0000       0.0000       0.0000       0.0000       0.0000
      84       0.0000       0.0000       0.0000       0.0000       0.0000       0.0000       0.0000
      85       0.0000       0.0000       0.0000       0.0000       0.0000       0.0000       0.0000
      86       0.0000       0.0000       0.0000       0.0000       0.0000       0.0000       0.0001
      87       0.0000       0.0000       0.0000       0.0000       0.0000       0.0000       0.0071
      88       0.0000       0.0000       0.0000       0.0000       0.0000       0.0568       0.1430
      89       0.0000       0.0000       0.0000       0.0000       0.0000       0.0568       0.0353
      90       0.0000       0.0003       0.0000       0.0000       0.0000       0.0000       0.8543
      91       0.0000       0.0000       0.0000       0.0000       0.0000       0.0000       0.0000
      92       0.0000       0.0000       0.0000       0.0000       0.0000       0.0000       0.0004
      93       0.0000       0.0667       0.0000       0.0000       0.0000       0.0000       0.0000
      94       0.0000       0.0167       0.0000       0.0000       0.0000       0.0000       0.9833
      95       0.0000       0.0442       0.0000       0.0000       0.0000       0.9093       0.0465
      96       0.0000       0.0000       0.0000       0.0000       0.0000       0.9496       0.0496
      97       0.0000       0.9976       0.0000       0.0000       0.0000       0.0000       0.0000
      98       0.0000       1.0000       0.0000       0.0000       0.0000       0.0000       0.0000
      99       0.0000       1.0000       0.0000       0.0000       0.0000       0.0000       0.0000
     100       0.0000       0.9996       0.0000       0.0000       0.0000       0.0000       0.0000
     101       0.0000       0.0223       0.0000       0.0000       0.0000       0.0000       0.0000
     102       0.0000       0.1104       0.0000       0.0000       0.0000       0.0000       0.0000
     103       0.0000       0.0000       0.0000       0.0000       0.0000       0.0000       0.8449
     104       0.0000       0.0026       0.0000       0.0000       0.0000       0.0000       0.9974
     105       0.0000       0.0000       0.0000       0.0000       0.0000       0.8940       0.1060
     106       0.0000       0.0000       0.0000       0.0000       0.0000       0.8940       0.1060
     107       0.0001       0.0026       0.0000       0.0000       0.0000       0.0000       0.0000
     108       0.0000       0.9833       0.0000       0.0000       0.0000       0.0000       0.0000
     109       0.0000       0.0000       0.0000       0.0000       0.0000       0.0000       0.1239
     110       0.0000       0.0000       0.0000       0.0000       0.0000       0.0000       0.9990
     111       0.0000       0.0214       0.0000       0.0000       0.0000       0.0000       0.0000
     112       0.0000       0.9931       0.0000       0.0000       0.0000       0.0000       0.0000
     113       0.0000       1.0000       0.0000       0.0000       0.0000       0.0000       0.0000
     114       0.0000       1.0000       0.0000       0.0000       0.0000       0.0000       0.0000
     115       0.0000       0.9924       0.0000       0.0000       0.0000       0.0000       0.0000
     116       0.0000       0.0444       0.0000       0.0000       0.0000       0.0000       0.8445
     117       0.0000       0.0167       0.0000       0.0000       0.0000       0.0000       0.9833
     118       0.0000       0.0667       0.0000       0.0000       0.0000       0.0000       0.0001
     119       0.0000       0.0000       0.0000       0.0000       0.0000       0.0000       0.0000
     120       0.0000       0.0000       0.9536       0.0000       0.0000       0.0457       0.0002
     121       0.0000       0.0000       0.9536       0.0000       0.0000       0.0463       0.0001
     122       0.0000       0.0000       0.9536       0.0000       0.0000       0.0136       0.0323
     123       0.0422       0.0000       0.0000       0.0000       0.0000       0.9557       0.0007
     124       0.0000       0.0000       0.0000       0.0000       0.0000       0.9979       0.0021
     125       0.0000       0.0000       0.0000       0.0000       0.0000       0.9859       0.0141
     126       0.0421       0.0009       0.0000       0.0000       0.0000       0.0000       0.9056
     127       0.0000       0.9682       0.0000       0.0000       0.0000       0.0000       0.0000
     128       0.0000       0.9827       0.0000       0.0000       0.0000       0.0000       0.0000
     129       0.0000       0.0000       0.0000       0.0000       0.0000       0.0000       0.0000
     130       0.0000       1.0000       0.0000       0.0000       0.0000       0.0000       0.0000
     131       0.0000       1.0000       0.0000       0.0000       0.0000       0.0000       0.0000
     132       0.0000       0.9985       0.0000       0.0000       0.0000       0.0000       0.0000
     133       0.0000       0.0000       0.0000       0.0000       0.0000       0.0000       0.5835
     134       0.0000       0.9364       0.0000       0.0000       0.0000       0.0001       0.0635
     135       0.0000       0.0000       0.0000       0.0000       0.0000       0.0001       0.0002
     136       0.0000       0.0000       0.0053       0.9694       0.0000       0.0225       0.0010
     137       0.0000       0.0000       0.0053       0.9911       0.0000       0.0036       0.0000
     138       0.0000       0.0000       0.0053       0.9934       0.0000       0.0013       0.0000
     139       0.0000       0.0000       0.0004       0.9983       0.0000       0.0013       0.0000
     140       0.0000       0.0000       0.0077       0.9777       0.0000       0.0146       0.0000
     141       0.0000       0.0000       0.0187       0.9590       0.0000       0.0220       0.0003
     142       0.0000       0.0000       0.0490       0.9355       0.0000       0.0131       0.0019
     143       0.0000       0.0000       0.3402       0.6116       0.0000       0.0472       0.0009
     144       0.0000       0.0000       0.3398       0.2152       0.0000       0.4446       0.0004
     145       0.0000       0.0000       0.3210       0.1323       0.0000       0.5213       0.0248
     146       0.0000       0.0216       0.0000       0.0000       0.0000       0.0000       0.0448
     147       0.0000       0.0016       0.0000       0.0000       0.0000       0.0000       0.0000
     148       0.0000       0.0000       0.0000       0.0000       0.0000       0.7652       0.2348
     149       0.0000       0.0000       0.0000       0.0000       0.0000       0.7652       0.2348
     150       0.0000       0.0013       0.0000       0.0000       0.0000       0.0017       0.4550
     151       0.0000       0.0469       0.0000       0.0000       0.0000       0.0000       0.0127
     152       0.0000       0.0216       0.0000       0.0000       0.0000       0.0000       0.0000
     153       0.0000       0.0000       0.0000       0.0000       0.0000       0.0001       0.9769
     154       0.0000       0.0000       0.0000       0.0000       0.0000       0.0001       0.9901
     155       0.0000       0.0000       0.0000       0.0000       0.0000       0.0000       0.0000
     156       0.0000       0.8421       0.0000       0.0000       0.0000       0.0000       0.0000
     157       0.0000       1.0000       0.0000       0.0000       0.0000       0.0000       0.0000
     158       0.0000       0.9886       0.0000       0.0000       0.0000       0.0000       0.0000
     159       0.0000       0.0000       0.0000       0.0000       0.0000       0.0000       0.1146
     160       0.0000       0.9750       0.0000       0.0000       0.0000       0.0000       0.0079
     161       0.0000       0.9996       0.0000       0.0000       0.0000       0.0000       0.0000
     162       0.0000       0.9996       0.0000       0.0000       0.0000       0.0000       0.0000
     163       0.0000       0.9901       0.0000       0.0000       0.0000       0.0000       0.0000
     164       0.0000       0.0511       0.0000       0.0000       0.0000       0.0000       0.0000
     165       0.0000       0.3081       0.0000       0.0000       0.0000       0.0000       0.0000
