Poisson Boltzmann Decomposition Energies

Total Energy Decomposition:
Frame #,Residue,Internal,van der Waals,Electrostatic,Polar Solvation,Non-Polar Solv.,TOTAL
1,121,103.597,-11.928,-96.269,-11.682,0.0,-16.28200000000001
2,121,102.716,-11.787,-96.955,-11.931,0.0,-17.957000000000008
3,121,97.661,-11.464,-93.068,-12.415,0.0,-19.285999999999994
4,121,95.226,-11.297,-96.508,-8.292,0.0,-20.870999999999995
5,121,103.666,-10.254,-94.328,-12.333,0.0,-13.249000000000011
6,121,97.638,-11.339,-95.442,-9.975,0.0,-19.117999999999988
7,121,97.061,-12.625,-94.562,-10.663,0.0,-20.78899999999999
8,121,103.125,-11.468,-95.448,-12.235,0.0,-16.025999999999996
9,121,98.392,-11.242,-95.493,-11.511,0.0,-19.854000000000003
10,121,99.724,-12.435,-95.965,-8.376,0.0,-17.052
11,121,103.6,-10.701,-95.236,-11.372,0.0,-13.709000000000003
12,121,103.026,-11.358,-95.25,-10.654,0.0,-14.236000000000008
13,121,97.864,-10.909,-91.879,-14.749,0.0,-19.67300000000001
14,121,103.352,-10.556,-96.26,-10.543,0.0,-14.006999999999998
15,121,98.381,-10.822,-94.891,-11.934,0.0,-19.266000000000005
16,121,99.734,-11.761,-92.076,-11.96,0.0,-16.062999999999995
17,121,103.309,-11.139,-94.918,-11.459,0.0,-14.207000000000004
18,121,97.802,-10.116,-94.748,-11.528,0.0,-18.589999999999996
19,121,97.855,-10.594,-94.841,-10.127,0.0,-17.706999999999987
20,121,104.925,-11.963,-97.015,-11.145,0.0,-15.197999999999997
21,121,105.011,-10.69,-96.92,-11.212,0.0,-13.811000000000003
22,121,98.625,-10.67,-94.896,-11.163,0.0,-18.104000000000003
23,121,96.742,-11.031,-94.779,-9.914,0.0,-18.982
24,121,102.241,-11.612,-97.711,-10.852,0.0,-17.933999999999994
25,121,101.256,-12.257,-96.99,-10.051,0.0,-18.042
26,121,100.818,-11.197,-97.18,-10.805,0.0,-18.36400000000001
27,121,95.436,-10.692,-96.806,-10.261,0.0,-22.322999999999997
28,121,102.947,-9.774,-98.878,-10.987,0.0,-16.692
29,121,103.837,-11.551,-98.578,-10.321,0.0,-16.613
30,121,100.311,-11.712,-103.504,-6.908,0.0,-21.813000000000002
31,121,104.638,-11.232,-95.411,-12.033,0.0,-14.037999999999995
32,121,101.599,-11.22,-96.119,-10.627,0.0,-16.366999999999997
33,121,102.522,-11.512,-93.048,-11.187,0.0,-13.224999999999996
34,121,97.861,-11.325,-98.585,-10.382,0.0,-22.43099999999999
35,121,103.436,-11.012,-97.297,-11.372,0.0,-16.24499999999999
36,121,98.863,-11.22,-98.058,-10.889,0.0,-21.304000000000006
37,121,95.758,-9.903,-94.701,-11.988,0.0,-20.834000000000003
38,121,105.403,-10.879,-95.596,-13.251,0.0,-14.323000000000002
39,121,103.604,-11.948,-94.422,-11.097,0.0,-13.86299999999999
40,121,110.079,-10.126,-95.375,-12.11,0.0,-7.532000000000011
41,121,99.164,-11.907,-97.411,-9.474,0.0,-19.627999999999997
42,121,105.22,-11.842,-94.523,-10.489,0.0,-11.633999999999997
43,121,99.793,-11.67,-94.141,-9.895,0.0,-15.913
44,121,98.914,-10.85,-93.435,-11.552,0.0,-16.922999999999995
45,121,100.103,-11.897,-95.234,-10.082,0.0,-17.110000000000007
46,121,99.332,-12.554,-98.774,-8.608,0.0,-20.60400000000001
47,121,102.988,-11.277,-96.556,-10.291,0.0,-15.136
48,121,103.475,-12.781,-94.938,-11.859,0.0,-16.103000000000016
49,121,100.484,-10.553,-95.25,-12.713,0.0,-18.032000000000004
50,121,105.351,-12.625,-95.171,-10.769,0.0,-13.214000000000008
51,121,104.019,-11.256,-96.704,-11.504,0.0,-15.444999999999988
52,121,104.714,-11.412,-95.821,-10.907,0.0,-13.426000000000005
53,121,103.603,-11.444,-94.923,-11.901,0.0,-14.66500000000001
54,121,103.008,-11.236,-98.092,-9.43,0.0,-15.750000000000007
55,121,102.047,-10.788,-99.056,-8.766,0.0,-16.562999999999995
56,121,106.451,-10.912,-95.769,-10.703,0.0,-10.933000000000018
57,121,100.539,-10.791,-102.683,-4.865,0.0,-17.800000000000004
58,121,103.102,-11.434,-100.544,-7.16,0.0,-16.03599999999999
59,121,97.602,-10.947,-103.956,-5.091,0.0,-22.392000000000003
60,121,102.311,-9.407,-96.409,-10.506,0.0,-14.010999999999996
61,121,100.879,-11.004,-103.004,-5.5,0.0,-18.629000000000005
62,121,103.177,-10.438,-96.693,-11.666,0.0,-15.619999999999994
63,121,105.722,-11.856,-92.523,-13.781,0.0,-12.437999999999997
64,121,101.601,-12.103,-96.507,-10.333,0.0,-17.342
65,121,98.746,-12.407,-94.872,-8.68,0.0,-17.213
66,121,104.232,-11.262,-95.445,-10.484,0.0,-12.958999999999994
67,121,100.834,-10.388,-98.796,-10.7,0.0,-19.050000000000008
68,121,103.019,-10.343,-96.791,-10.869,0.0,-14.983999999999995
69,121,100.459,-9.494,-97.749,-11.086,0.0,-17.86999999999999
70,121,106.165,-13.243,-101.783,-6.724,0.0,-15.58499999999999
71,121,104.103,-11.852,-95.716,-10.4,0.0,-13.865000000000004
72,121,104.606,-11.705,-94.553,-12.485,0.0,-14.137
73,121,99.397,-10.938,-97.033,-10.752,0.0,-19.326
74,121,108.096,-11.419,-99.365,-9.928,0.0,-12.615999999999989
75,121,94.692,-11.014,-96.708,-10.059,0.0,-23.089
76,121,97.472,-11.737,-96.896,-8.095,0.0,-19.256
77,121,94.094,-11.647,-95.796,-9.661,0.0,-23.01000000000002
78,121,97.689,-11.141,-95.485,-9.325,0.0,-18.26200000000001
79,121,97.482,-11.936,-97.518,-11.804,0.0,-23.77600000000001
80,121,101.783,-12.072,-94.393,-10.99,0.0,-15.672000000000002
81,121,102.341,-11.597,-95.842,-10.211,0.0,-15.309
82,121,100.232,-10.286,-92.214,-11.054,0.0,-13.322000000000001
83,121,107.928,-12.651,-96.502,-13.332,0.0,-14.556999999999995
84,121,99.897,-12.298,-92.85,-12.655,0.0,-17.90599999999999
85,121,102.133,-11.876,-96.774,-7.429,0.0,-13.94600000000001
86,121,99.608,-10.965,-96.076,-9.846,0.0,-17.278999999999993
87,121,98.181,-12.089,-95.595,-10.196,0.0,-19.698999999999998
88,121,102.961,-12.364,-98.012,-10.401,0.0,-17.816000000000006
89,121,96.603,-11.291,-92.588,-11.711,0.0,-18.986999999999995
90,121,102.105,-12.007,-93.744,-11.169,0.0,-14.815000000000001
91,121,104.941,-10.892,-98.979,-10.74,0.0,-15.669999999999993
92,121,101.552,-9.623,-94.092,-10.302,0.0,-12.464999999999996
93,121,105.549,-11.616,-96.518,-11.59,0.0,-14.174999999999994
94,121,98.658,-11.653,-94.549,-11.499,0.0,-19.043000000000013
95,121,110.76,-11.41,-94.811,-12.631,0.0,-8.091999999999999
96,121,103.761,-11.163,-95.841,-10.06,0.0,-13.302999999999995
97,121,107.508,-10.786,-98.23,-11.182,0.0,-12.69000000000001
98,121,98.562,-12.057,-97.739,-10.358,0.0,-21.59200000000001
99,121,100.871,-11.424,-94.18,-11.803,0.0,-16.536000000000005
100,121,102.085,-12.343,-94.768,-9.95,0.0,-14.97600000000001
101,121,103.698,-12.573,-91.58,-11.498,0.0,-11.952999999999998
102,121,102.019,-12.485,-94.908,-11.294,0.0,-16.667999999999996
103,121,101.852,-13.269,-95.041,-9.926,0.0,-16.384
104,121,98.622,-12.228,-95.667,-11.364,0.0,-20.636999999999997
105,121,105.091,-11.887,-94.873,-10.92,0.0,-12.589000000000011
106,121,104.121,-9.118,-96.556,-12.303,0.0,-13.855999999999998
107,121,109.492,-11.26,-98.208,-11.997,0.0,-11.972999999999999
108,121,104.41,-11.819,-98.991,-8.802,0.0,-15.202000000000005
109,121,107.143,-11.704,-100.635,-9.371,0.0,-14.567000000000013
110,121,101.024,-11.762,-95.846,-10.33,0.0,-16.914
111,121,105.054,-10.22,-95.977,-11.584,0.0,-12.727
112,121,97.95,-12.039,-92.581,-12.523,0.0,-19.193
113,121,102.678,-12.221,-100.552,-9.194,0.0,-19.289000000000016
114,121,102.695,-11.086,-98.274,-10.298,0.0,-16.963000000000008
115,121,99.061,-11.976,-95.098,-12.079,0.0,-20.09199999999999
116,121,96.023,-11.483,-96.124,-10.934,0.0,-22.518
117,121,102.91,-11.336,-95.209,-11.453,0.0,-15.088000000000005
118,121,101.755,-10.784,-95.852,-11.891,0.0,-16.772000000000013
119,121,106.086,-11.851,-96.217,-10.521,0.0,-12.503
120,121,96.226,-11.269,-96.054,-11.178,0.0,-22.27500000000001
121,121,101.881,-10.795,-98.635,-10.909,0.0,-18.458000000000006
122,121,97.783,-10.499,-96.802,-9.273,0.0,-18.791
123,121,101.618,-12.816,-95.895,-10.006,0.0,-17.099000000000004
124,121,100.576,-12.484,-96.073,-9.856,0.0,-17.836999999999996
125,121,95.481,-11.759,-96.592,-10.16,0.0,-23.030000000000005
126,121,97.282,-12.547,-95.289,-10.967,0.0,-21.521
127,121,105.022,-9.51,-95.676,-10.032,0.0,-10.196000000000002
128,121,100.256,-11.944,-93.7,-11.69,0.0,-17.078000000000003
129,121,105.692,-11.133,-96.644,-11.638,0.0,-13.723000000000008
130,121,97.742,-11.064,-96.361,-11.418,0.0,-21.101000000000006
131,121,101.99,-9.792,-97.373,-9.77,0.0,-14.945000000000011
132,121,93.794,-12.807,-95.345,-9.169,0.0,-23.527000000000005
133,121,101.248,-12.688,-95.075,-9.987,0.0,-16.502000000000002
134,121,97.243,-11.375,-95.821,-12.07,0.0,-22.023000000000003
135,121,98.332,-10.789,-97.777,-11.154,0.0,-21.38800000000001
136,121,99.284,-9.989,-94.231,-10.623,0.0,-15.558999999999992
137,121,100.988,-11.46,-93.711,-12.555,0.0,-16.738000000000007
138,121,97.431,-12.257,-93.591,-10.466,0.0,-18.883000000000003
139,121,108.477,-10.544,-93.429,-11.851,0.0,-7.346999999999996
140,121,100.239,-11.491,-98.572,-8.283,0.0,-18.107
141,121,102.792,-12.089,-95.885,-11.749,0.0,-16.931000000000004
142,121,101.7,-10.713,-94.935,-10.948,0.0,-14.895999999999994
143,121,98.263,-12.125,-96.242,-11.725,0.0,-21.829
144,121,108.202,-10.039,-98.721,-9.049,0.0,-9.607000000000006
145,121,101.133,-11.093,-94.583,-10.319,0.0,-14.862000000000007
146,121,104.052,-11.573,-95.614,-10.608,0.0,-13.742999999999991
147,121,99.448,-11.811,-92.801,-11.86,0.0,-17.024
148,121,99.968,-11.51,-100.859,-4.403,0.0,-16.803999999999995
149,121,104.282,-11.236,-101.639,-7.247,0.0,-15.840000000000003
150,121,99.166,-10.387,-97.033,-8.609,0.0,-16.863000000000007
151,121,106.308,-10.61,-99.036,-8.838,0.0,-12.175999999999993
152,121,99.057,-9.628,-96.829,-9.576,0.0,-16.975999999999992
153,121,101.172,-11.914,-95.903,-11.501,0.0,-18.146000000000008
154,121,101.349,-12.421,-95.568,-11.24,0.0,-17.880000000000003
155,121,102.085,-12.321,-94.72,-14.049,0.0,-19.005000000000003
156,121,104.654,-11.791,-95.72,-10.028,0.0,-12.885
157,121,96.086,-12.105,-92.948,-9.948,0.0,-18.915
158,121,101.665,-10.365,-95.544,-11.261,0.0,-15.504999999999985
159,121,100.674,-11.324,-93.242,-11.283,0.0,-15.174999999999995
160,121,100.239,-13.073,-100.875,-3.802,0.0,-17.511000000000003
161,121,97.996,-11.369,-95.918,-7.896,0.0,-17.187000000000012
162,121,103.947,-12.135,-102.594,-8.39,0.0,-19.171999999999997
163,121,100.912,-11.497,-103.003,-5.416,0.0,-19.003999999999994
164,121,109.677,-10.553,-98.032,-9.857,0.0,-8.764999999999986
165,121,108.509,-11.139,-99.257,-7.953,0.0,-9.84
166,121,99.005,-10.986,-94.772,-10.643,0.0,-17.396000000000015
167,121,101.174,-11.155,-97.377,-6.847,0.0,-14.204999999999991
168,121,101.077,-12.212,-101.799,-5.296,0.0,-18.23000000000001
169,121,95.105,-11.917,-99.892,-7.281,0.0,-23.984999999999992
170,121,98.18,-9.847,-104.425,-4.283,0.0,-20.374999999999986
171,121,98.013,-12.36,-94.293,-11.838,0.0,-20.478
172,121,103.227,-12.415,-97.518,-8.734,0.0,-15.439999999999989
173,121,105.077,-12.351,-97.943,-11.006,0.0,-16.223
174,121,104.561,-11.468,-95.874,-10.272,0.0,-13.052999999999992
175,121,99.806,-11.585,-97.309,-8.035,0.0,-17.122999999999994
176,121,104.911,-10.906,-97.956,-9.593,0.0,-13.544000000000008
177,121,97.11,-9.977,-94.577,-8.95,0.0,-16.394000000000002
178,121,111.601,-12.056,-97.079,-8.757,0.0,-6.2909999999999915
179,121,106.69,-11.697,-96.222,-11.602,0.0,-12.831
180,121,107.66,-11.942,-104.552,-5.641,0.0,-14.475000000000017
181,121,103.824,-12.435,-96.768,-10.055,0.0,-15.434000000000005
182,121,100.819,-9.576,-95.172,-11.455,0.0,-15.384000000000002
183,121,101.0,-11.29,-96.189,-10.759,0.0,-17.237999999999985
184,121,102.265,-10.9,-94.263,-12.133,0.0,-15.03100000000001
185,121,101.805,-9.588,-98.236,-11.724,0.0,-17.74299999999999
186,121,104.31,-10.823,-96.69,-10.836,0.0,-14.039000000000003
187,121,101.557,-11.9,-95.678,-10.627,0.0,-16.648000000000003
188,121,100.552,-10.57,-97.138,-9.839,0.0,-16.995000000000005
189,121,107.345,-11.243,-96.63,-12.091,0.0,-12.618999999999991
190,121,108.784,-10.457,-97.636,-10.623,0.0,-9.931999999999997
191,121,103.164,-10.808,-93.588,-11.484,0.0,-12.716
192,121,95.835,-10.858,-93.197,-11.043,0.0,-19.263000000000012
193,121,105.427,-10.509,-94.755,-12.039,0.0,-11.875999999999989
194,121,101.193,-11.348,-97.398,-9.488,0.0,-17.040999999999997
195,121,103.731,-12.322,-95.879,-9.222,0.0,-13.692000000000013
196,121,99.457,-10.126,-96.204,-10.799,0.0,-17.672000000000004
197,121,110.514,-10.694,-96.418,-11.607,0.0,-8.205000000000013
198,121,105.276,-11.382,-95.543,-11.398,0.0,-13.047000000000015
199,121,102.083,-10.424,-97.891,-8.369,0.0,-14.601000000000013
200,121,105.102,-11.194,-97.03,-9.574,0.0,-12.696
201,121,96.498,-11.349,-94.31,-10.442,0.0,-19.603
202,121,102.053,-12.198,-97.981,-10.231,0.0,-18.357000000000006
203,121,102.349,-9.341,-97.255,-10.575,0.0,-14.821999999999985
204,121,100.853,-10.164,-94.574,-10.667,0.0,-14.552000000000005
205,121,103.345,-10.536,-96.526,-10.954,0.0,-14.671
206,121,108.891,-11.24,-96.492,-12.289,0.0,-11.129999999999994
207,121,101.133,-11.252,-97.422,-10.863,0.0,-18.403999999999996
208,121,100.538,-11.247,-96.526,-10.814,0.0,-18.049
209,121,108.6,-11.195,-97.518,-10.819,0.0,-10.932
210,121,99.916,-12.809,-96.765,-9.718,0.0,-19.376
211,121,106.204,-10.587,-93.658,-11.365,0.0,-9.406000000000011
212,121,108.292,-11.802,-94.5,-12.16,0.0,-10.169999999999991
213,121,100.216,-11.299,-95.582,-10.64,0.0,-17.304999999999993
214,121,99.656,-11.461,-94.785,-11.81,0.0,-18.39999999999999
215,121,102.313,-12.577,-94.843,-9.361,0.0,-14.468
216,121,101.097,-11.326,-97.599,-9.793,0.0,-17.621000000000016
217,121,103.813,-10.898,-96.723,-10.721,0.0,-14.528999999999993
218,121,104.108,-11.104,-97.584,-10.599,0.0,-15.178999999999998
219,121,110.136,-12.146,-97.881,-9.107,0.0,-8.998000000000005
220,121,102.528,-10.392,-95.805,-11.231,0.0,-14.899999999999997
221,121,104.635,-11.994,-97.698,-9.8,0.0,-14.856999999999989
222,121,103.634,-10.066,-96.342,-11.764,0.0,-14.538
223,121,99.292,-11.289,-96.103,-11.995,0.0,-20.09499999999999
224,121,103.245,-11.616,-93.687,-13.11,0.0,-15.167999999999992
225,121,105.254,-11.48,-93.538,-11.281,0.0,-11.044999999999996
226,121,97.169,-10.674,-97.617,-11.172,0.0,-22.294
227,121,96.827,-10.845,-96.892,-10.894,0.0,-21.803999999999995
228,121,105.136,-11.676,-94.779,-11.501,0.0,-12.820000000000002
229,121,99.491,-11.354,-93.903,-12.044,0.0,-17.810000000000006
230,121,94.916,-11.315,-92.358,-12.622,0.0,-21.379000000000005
231,121,99.387,-11.67,-96.509,-12.117,0.0,-20.909000000000002
232,121,100.479,-12.042,-94.009,-10.988,0.0,-16.560000000000002
233,121,103.619,-10.828,-95.439,-12.003,0.0,-14.650999999999996
234,121,103.147,-11.684,-94.865,-12.095,0.0,-15.496999999999987
235,121,95.885,-11.844,-97.134,-9.135,0.0,-22.227999999999987
236,121,99.181,-10.474,-96.021,-11.261,0.0,-18.575000000000006
237,121,102.166,-11.33,-96.965,-11.453,0.0,-17.582000000000004
238,121,99.778,-12.396,-93.121,-10.735,0.0,-16.47399999999999
239,121,102.034,-11.448,-94.221,-10.532,0.0,-14.166999999999991
240,121,97.999,-12.169,-94.906,-10.348,0.0,-19.424000000000007
241,121,99.479,-11.051,-95.146,-11.694,0.0,-18.412000000000006
242,121,108.304,-12.047,-93.508,-10.334,0.0,-7.58499999999999
243,121,101.606,-12.071,-95.072,-10.186,0.0,-15.723000000000006
244,121,101.811,-11.61,-96.192,-11.74,0.0,-17.730999999999987
245,121,107.383,-10.978,-95.569,-8.643,0.0,-7.807000000000002
246,121,98.918,-11.403,-94.852,-11.068,0.0,-18.405
247,121,100.381,-10.807,-95.402,-10.489,0.0,-16.317000000000004
248,121,101.256,-10.913,-97.722,-12.339,0.0,-19.71799999999999
249,121,103.456,-11.7,-98.043,-9.128,0.0,-15.415000000000006
250,121,102.878,-11.969,-97.033,-10.697,0.0,-16.820999999999994
251,121,96.91,-11.191,-94.734,-10.096,0.0,-19.111
252,121,105.662,-11.716,-97.194,-9.695,0.0,-12.94299999999999
253,121,99.416,-11.879,-96.759,-11.514,0.0,-20.736000000000008
254,121,98.644,-12.343,-94.434,-11.002,0.0,-19.134999999999998
255,121,102.558,-11.99,-94.058,-11.565,0.0,-15.054999999999994
256,121,105.878,-10.473,-97.591,-11.406,0.0,-13.591999999999993
257,121,101.331,-11.671,-95.691,-10.039,0.0,-16.070000000000007
258,121,97.904,-11.979,-96.478,-9.394,0.0,-19.946999999999996
259,121,99.694,-11.423,-93.901,-11.278,0.0,-16.907999999999994
260,121,108.074,-11.614,-99.957,-9.197,0.0,-12.693999999999999
261,121,106.264,-10.809,-95.955,-12.165,0.0,-12.665
262,121,99.617,-12.315,-95.496,-12.147,0.0,-20.340999999999987
263,121,105.455,-12.416,-95.992,-11.24,0.0,-14.193000000000003
264,121,100.077,-11.552,-94.765,-12.006,0.0,-18.245999999999995
265,121,102.159,-11.912,-92.974,-13.458,0.0,-16.185000000000002
266,121,106.791,-11.469,-97.451,-12.252,0.0,-14.380999999999991
267,121,101.893,-11.259,-95.271,-11.157,0.0,-15.794
268,121,106.47,-11.121,-97.661,-11.954,0.0,-14.265999999999998
269,121,101.938,-11.48,-97.923,-11.668,0.0,-19.133000000000003
270,121,104.303,-12.781,-95.311,-11.119,0.0,-14.908000000000015
271,121,105.658,-11.743,-95.168,-10.154,0.0,-11.407
272,121,99.837,-12.144,-93.542,-10.946,0.0,-16.795
273,121,103.035,-9.888,-97.568,-11.732,0.0,-16.153000000000006
274,121,101.004,-12.267,-95.437,-11.0,0.0,-17.69999999999999
275,121,98.937,-12.139,-95.022,-9.736,0.0,-17.960000000000004
276,121,98.485,-10.321,-93.444,-12.371,0.0,-17.651000000000003
277,121,103.206,-10.323,-97.589,-12.204,0.0,-16.90999999999999
278,121,102.066,-12.028,-95.323,-12.529,0.0,-17.813999999999997
279,121,106.94,-11.495,-98.991,-11.397,0.0,-14.943000000000007
280,121,99.802,-11.105,-97.38,-11.134,0.0,-19.816999999999993
281,121,103.623,-10.632,-96.404,-12.047,0.0,-15.459999999999997
282,121,96.814,-11.185,-96.567,-10.155,0.0,-21.093000000000004
283,121,101.308,-11.245,-95.856,-11.523,0.0,-17.315999999999992
284,121,106.169,-10.622,-96.7,-11.052,0.0,-12.205000000000005
285,121,101.616,-10.499,-95.065,-9.694,0.0,-13.641999999999994
286,121,102.449,-11.174,-95.215,-10.731,0.0,-14.670999999999998
287,121,103.651,-12.529,-102.682,-5.76,0.0,-17.32
288,121,95.443,-11.509,-92.678,-11.939,0.0,-20.683
289,121,99.072,-11.506,-95.454,-11.301,0.0,-19.188999999999993
290,121,101.355,-12.189,-96.215,-10.637,0.0,-17.686000000000007
291,121,100.806,-11.95,-94.96,-11.402,0.0,-17.506
292,121,97.729,-12.507,-94.074,-10.931,0.0,-19.783
293,121,105.21,-10.549,-94.955,-11.13,0.0,-11.423999999999998
294,121,104.17,-11.009,-95.781,-12.126,0.0,-14.746000000000004
295,121,98.196,-11.006,-95.407,-12.411,0.0,-20.628
296,121,96.107,-10.854,-94.258,-11.622,0.0,-20.626999999999995
297,121,112.312,-11.427,-96.001,-12.72,0.0,-7.8360000000000145
298,121,96.669,-12.406,-96.295,-10.2,0.0,-22.23200000000001
299,121,104.58,-10.352,-97.136,-11.551,0.0,-14.459000000000001
300,121,99.315,-11.949,-97.604,-8.355,0.0,-18.593
301,121,107.126,-12.055,-98.378,-9.078,0.0,-12.385000000000002
302,121,102.891,-11.954,-95.733,-10.123,0.0,-14.918999999999992
303,121,106.536,-11.842,-98.486,-9.91,0.0,-13.702000000000002
304,121,99.043,-11.883,-97.171,-10.386,0.0,-20.396999999999995
305,121,111.305,-10.763,-101.026,-9.925,0.0,-10.408999999999995
306,121,103.334,-10.088,-95.97,-9.108,0.0,-11.83199999999999
307,121,101.278,-11.306,-97.294,-10.23,0.0,-17.55199999999999
308,121,103.778,-10.875,-95.806,-10.494,0.0,-13.396999999999991
309,121,106.322,-12.01,-95.372,-13.645,0.0,-14.705000000000002
310,121,105.431,-10.506,-96.246,-12.804,0.0,-14.124999999999998
311,121,102.041,-11.202,-95.973,-12.545,0.0,-17.679000000000002
312,121,97.154,-10.983,-93.579,-11.482,0.0,-18.89
313,121,101.618,-10.424,-94.757,-11.135,0.0,-14.698000000000016
314,121,104.7,-11.707,-96.466,-10.055,0.0,-13.527999999999999
315,121,96.965,-11.321,-96.164,-9.489,0.0,-20.008999999999997
316,121,100.995,-9.838,-96.474,-12.062,0.0,-17.37899999999999
317,121,104.392,-10.162,-97.008,-12.331,0.0,-15.109000000000005
318,121,102.507,-11.396,-94.846,-11.13,0.0,-14.865
319,121,102.933,-10.99,-95.406,-11.107,0.0,-14.569999999999993
320,121,101.892,-11.674,-96.716,-10.927,0.0,-17.425000000000004
321,121,99.069,-11.048,-91.363,-12.634,0.0,-15.975999999999999
322,121,96.432,-10.144,-95.007,-10.168,0.0,-18.887000000000008
323,121,96.38,-11.59,-93.536,-10.752,0.0,-19.49800000000001
324,121,103.384,-10.999,-96.262,-10.495,0.0,-14.371999999999995
325,121,104.278,-11.787,-99.531,-9.728,0.0,-16.768000000000008
326,121,105.814,-8.565,-98.332,-10.596,0.0,-11.678999999999998
327,121,101.508,-11.307,-93.747,-10.487,0.0,-14.033000000000007
328,121,106.466,-10.73,-94.72,-11.539,0.0,-10.523000000000009
329,121,95.428,-11.32,-95.409,-10.091,0.0,-21.392000000000003
330,121,104.397,-11.316,-96.46,-11.648,0.0,-15.02699999999999
331,121,103.328,-10.507,-95.691,-11.341,0.0,-14.211000000000004
332,121,99.057,-11.688,-97.092,-10.098,0.0,-19.820999999999998
333,121,106.326,-10.019,-97.818,-9.917,0.0,-11.42800000000001
334,121,96.133,-12.141,-96.432,-10.496,0.0,-22.936000000000014
335,121,103.186,-11.821,-98.93,-8.803,0.0,-16.368
336,121,100.9,-10.81,-92.814,-10.591,0.0,-13.314999999999989
337,121,103.978,-10.877,-95.537,-11.561,0.0,-13.997000000000007
338,121,100.615,-11.932,-95.674,-12.208,0.0,-19.199000000000012
339,121,101.403,-11.709,-95.263,-9.348,0.0,-14.917000000000003
340,121,100.51,-10.445,-93.444,-11.426,0.0,-14.805000000000005
341,121,99.247,-10.931,-95.926,-10.344,0.0,-17.954
342,121,100.471,-11.6,-90.789,-11.738,0.0,-13.655999999999992
343,121,99.659,-9.575,-91.257,-12.366,0.0,-13.539000000000001
344,121,102.808,-11.792,-93.74,-12.457,0.0,-15.18099999999999
345,121,100.748,-12.317,-95.929,-10.463,0.0,-17.96099999999999
346,121,99.414,-11.2,-93.682,-12.071,0.0,-17.539
347,121,95.192,-10.617,-96.788,-10.656,0.0,-22.869000000000007
348,121,109.812,-10.624,-95.544,-12.51,0.0,-8.865999999999994
349,121,104.165,-9.809,-94.489,-11.667,0.0,-11.799999999999995
350,121,101.436,-10.802,-94.809,-12.866,0.0,-17.040999999999983
351,121,103.828,-10.848,-95.137,-9.388,0.0,-11.544999999999996
352,121,101.006,-10.961,-93.506,-12.552,0.0,-16.012999999999998
353,121,101.131,-10.983,-95.806,-10.749,0.0,-16.407000000000004
354,121,98.21,-11.412,-97.952,-11.463,0.0,-22.61700000000001
355,121,102.629,-11.679,-98.085,-11.159,0.0,-18.29399999999999
356,121,103.429,-10.015,-97.974,-10.112,0.0,-14.672000000000002
357,121,106.119,-11.081,-92.498,-12.425,0.0,-9.885000000000009
358,121,101.433,-11.139,-98.188,-10.206,0.0,-18.09999999999999
359,121,102.453,-11.136,-95.565,-11.172,0.0,-15.419999999999991
360,121,101.75,-11.062,-99.003,-9.607,0.0,-17.921999999999997
361,121,98.613,-11.162,-100.013,-7.381,0.0,-19.943000000000012
362,121,102.111,-11.077,-100.034,-9.316,0.0,-18.316000000000003
363,121,97.65,-10.723,-99.367,-7.505,0.0,-19.944999999999997
364,121,101.553,-10.317,-94.546,-10.949,0.0,-14.259000000000016
365,121,100.204,-11.003,-97.024,-10.417,0.0,-18.24000000000001
366,121,103.537,-11.524,-91.455,-11.937,0.0,-11.378999999999992
367,121,97.797,-11.943,-97.145,-8.435,0.0,-19.726
368,121,92.518,-11.891,-95.458,-10.616,0.0,-25.447000000000003
369,121,103.607,-10.592,-95.42,-10.543,0.0,-12.948
370,121,103.094,-11.07,-93.94,-11.541,0.0,-13.456999999999997
371,121,97.174,-11.443,-92.613,-12.901,0.0,-19.78299999999999
372,121,103.591,-11.608,-95.2,-12.246,0.0,-15.463000000000013
373,121,99.473,-10.839,-94.574,-11.394,0.0,-17.333999999999996
374,121,106.744,-10.282,-95.267,-10.635,0.0,-9.439999999999992
375,121,106.388,-9.313,-102.026,-8.994,0.0,-13.944999999999993
376,121,102.112,-11.671,-98.177,-7.134,0.0,-14.870000000000005
377,121,100.506,-10.078,-96.84,-9.2,0.0,-15.612000000000005
378,121,105.565,-10.559,-100.799,-8.542,0.0,-14.335000000000006
379,121,99.053,-10.531,-96.375,-9.203,0.0,-17.056000000000008
380,121,102.092,-12.197,-99.493,-5.939,0.0,-15.536999999999999
381,121,102.502,-10.789,-96.753,-10.187,0.0,-15.227000000000006
382,121,99.42,-8.747,-103.025,-4.203,0.0,-16.555000000000003
383,121,102.591,-10.9,-96.31,-10.697,0.0,-15.316000000000013
384,121,106.378,-10.654,-95.641,-11.308,0.0,-11.225000000000001
385,121,103.071,-11.637,-101.387,-6.923,0.0,-16.876000000000005
386,121,100.39,-11.315,-101.868,-6.245,0.0,-19.037999999999993
387,121,94.169,-10.736,-101.15,-7.892,0.0,-25.609000000000012
388,121,107.105,-10.392,-98.115,-10.969,0.0,-12.370999999999986
389,121,102.829,-10.31,-94.873,-12.405,0.0,-14.759000000000013
390,121,104.202,-9.891,-97.12,-12.554,0.0,-15.363000000000012
391,121,106.209,-11.773,-95.409,-9.423,0.0,-10.395999999999999
392,121,96.815,-11.123,-91.803,-13.148,0.0,-19.259000000000004
393,121,101.642,-12.385,-97.521,-10.595,0.0,-18.85900000000001
394,121,101.067,-11.383,-94.626,-12.279,0.0,-17.221000000000007
395,121,100.222,-10.792,-95.788,-10.708,0.0,-17.066000000000003
396,121,99.073,-9.905,-96.796,-11.264,0.0,-18.892000000000014
397,121,100.595,-10.333,-98.919,-12.371,0.0,-21.028
398,121,97.088,-9.231,-94.796,-9.811,0.0,-16.750000000000007
399,121,103.197,-10.297,-97.479,-11.151,0.0,-15.729999999999993
400,121,96.235,-11.757,-95.314,-10.019,0.0,-20.854999999999997
401,121,97.445,-11.972,-98.172,-9.165,0.0,-21.863999999999997


Sidechain Energy Decomposition:
Frame #,Residue,Internal,van der Waals,Electrostatic,Polar Solvation,Non-Polar Solv.,TOTAL
1,121,103.597,-11.928,-96.269,-11.682,0.0,-16.28200000000001
2,121,102.716,-11.787,-96.955,-11.931,0.0,-17.957000000000008
3,121,97.661,-11.464,-93.068,-12.415,0.0,-19.285999999999994
4,121,95.226,-11.297,-96.508,-8.292,0.0,-20.870999999999995
5,121,103.666,-10.254,-94.328,-12.333,0.0,-13.249000000000011
6,121,97.638,-11.339,-95.442,-9.975,0.0,-19.117999999999988
7,121,97.061,-12.625,-94.562,-10.663,0.0,-20.78899999999999
8,121,103.125,-11.468,-95.448,-12.235,0.0,-16.025999999999996
9,121,98.392,-11.242,-95.493,-11.511,0.0,-19.854000000000003
10,121,99.724,-12.435,-95.965,-8.376,0.0,-17.052
11,121,103.6,-10.701,-95.236,-11.372,0.0,-13.709000000000003
12,121,103.026,-11.358,-95.25,-10.654,0.0,-14.236000000000008
13,121,97.864,-10.909,-91.879,-14.749,0.0,-19.67300000000001
14,121,103.352,-10.556,-96.26,-10.543,0.0,-14.006999999999998
15,121,98.381,-10.822,-94.891,-11.934,0.0,-19.266000000000005
16,121,99.734,-11.761,-92.076,-11.96,0.0,-16.062999999999995
17,121,103.309,-11.139,-94.918,-11.459,0.0,-14.207000000000004
18,121,97.802,-10.116,-94.748,-11.528,0.0,-18.589999999999996
19,121,97.855,-10.594,-94.841,-10.127,0.0,-17.706999999999987
20,121,104.925,-11.963,-97.015,-11.145,0.0,-15.197999999999997
21,121,105.011,-10.69,-96.92,-11.212,0.0,-13.811000000000003
22,121,98.625,-10.67,-94.896,-11.163,0.0,-18.104000000000003
23,121,96.742,-11.031,-94.779,-9.914,0.0,-18.982
24,121,102.241,-11.612,-97.711,-10.852,0.0,-17.933999999999994
25,121,101.256,-12.257,-96.99,-10.051,0.0,-18.042
26,121,100.818,-11.197,-97.18,-10.805,0.0,-18.36400000000001
27,121,95.436,-10.692,-96.806,-10.261,0.0,-22.322999999999997
28,121,102.947,-9.774,-98.878,-10.987,0.0,-16.692
29,121,103.837,-11.551,-98.578,-10.321,0.0,-16.613
30,121,100.311,-11.712,-103.504,-6.908,0.0,-21.813000000000002
31,121,104.638,-11.232,-95.411,-12.033,0.0,-14.037999999999995
32,121,101.599,-11.22,-96.119,-10.627,0.0,-16.366999999999997
33,121,102.522,-11.512,-93.048,-11.187,0.0,-13.224999999999996
34,121,97.861,-11.325,-98.585,-10.382,0.0,-22.43099999999999
35,121,103.436,-11.012,-97.297,-11.372,0.0,-16.24499999999999
36,121,98.863,-11.22,-98.058,-10.889,0.0,-21.304000000000006
37,121,95.758,-9.903,-94.701,-11.988,0.0,-20.834000000000003
38,121,105.403,-10.879,-95.596,-13.251,0.0,-14.323000000000002
39,121,103.604,-11.948,-94.422,-11.097,0.0,-13.86299999999999
40,121,110.079,-10.126,-95.375,-12.11,0.0,-7.532000000000011
41,121,99.164,-11.907,-97.411,-9.474,0.0,-19.627999999999997
42,121,105.22,-11.842,-94.523,-10.489,0.0,-11.633999999999997
43,121,99.793,-11.67,-94.141,-9.895,0.0,-15.913
44,121,98.914,-10.85,-93.435,-11.552,0.0,-16.922999999999995
45,121,100.103,-11.897,-95.234,-10.082,0.0,-17.110000000000007
46,121,99.332,-12.554,-98.774,-8.608,0.0,-20.60400000000001
47,121,102.988,-11.277,-96.556,-10.291,0.0,-15.136
48,121,103.475,-12.781,-94.938,-11.859,0.0,-16.103000000000016
49,121,100.484,-10.553,-95.25,-12.713,0.0,-18.032000000000004
50,121,105.351,-12.625,-95.171,-10.769,0.0,-13.214000000000008
51,121,104.019,-11.256,-96.704,-11.504,0.0,-15.444999999999988
52,121,104.714,-11.412,-95.821,-10.907,0.0,-13.426000000000005
53,121,103.603,-11.444,-94.923,-11.901,0.0,-14.66500000000001
54,121,103.008,-11.236,-98.092,-9.43,0.0,-15.750000000000007
55,121,102.047,-10.788,-99.056,-8.766,0.0,-16.562999999999995
56,121,106.451,-10.912,-95.769,-10.703,0.0,-10.933000000000018
57,121,100.539,-10.791,-102.683,-4.865,0.0,-17.800000000000004
58,121,103.102,-11.434,-100.544,-7.16,0.0,-16.03599999999999
59,121,97.602,-10.947,-103.956,-5.091,0.0,-22.392000000000003
60,121,102.311,-9.407,-96.409,-10.506,0.0,-14.010999999999996
61,121,100.879,-11.004,-103.004,-5.5,0.0,-18.629000000000005
62,121,103.177,-10.438,-96.693,-11.666,0.0,-15.619999999999994
63,121,105.722,-11.856,-92.523,-13.781,0.0,-12.437999999999997
64,121,101.601,-12.103,-96.507,-10.333,0.0,-17.342
65,121,98.746,-12.407,-94.872,-8.68,0.0,-17.213
66,121,104.232,-11.262,-95.445,-10.484,0.0,-12.958999999999994
67,121,100.834,-10.388,-98.796,-10.7,0.0,-19.050000000000008
68,121,103.019,-10.343,-96.791,-10.869,0.0,-14.983999999999995
69,121,100.459,-9.494,-97.749,-11.086,0.0,-17.86999999999999
70,121,106.165,-13.243,-101.783,-6.724,0.0,-15.58499999999999
71,121,104.103,-11.852,-95.716,-10.4,0.0,-13.865000000000004
72,121,104.606,-11.705,-94.553,-12.485,0.0,-14.137
73,121,99.397,-10.938,-97.033,-10.752,0.0,-19.326
74,121,108.096,-11.419,-99.365,-9.928,0.0,-12.615999999999989
75,121,94.692,-11.014,-96.708,-10.059,0.0,-23.089
76,121,97.472,-11.737,-96.896,-8.095,0.0,-19.256
77,121,94.094,-11.647,-95.796,-9.661,0.0,-23.01000000000002
78,121,97.689,-11.141,-95.485,-9.325,0.0,-18.26200000000001
79,121,97.482,-11.936,-97.518,-11.804,0.0,-23.77600000000001
80,121,101.783,-12.072,-94.393,-10.99,0.0,-15.672000000000002
81,121,102.341,-11.597,-95.842,-10.211,0.0,-15.309
82,121,100.232,-10.286,-92.214,-11.054,0.0,-13.322000000000001
83,121,107.928,-12.651,-96.502,-13.332,0.0,-14.556999999999995
84,121,99.897,-12.298,-92.85,-12.655,0.0,-17.90599999999999
85,121,102.133,-11.876,-96.774,-7.429,0.0,-13.94600000000001
86,121,99.608,-10.965,-96.076,-9.846,0.0,-17.278999999999993
87,121,98.181,-12.089,-95.595,-10.196,0.0,-19.698999999999998
88,121,102.961,-12.364,-98.012,-10.401,0.0,-17.816000000000006
89,121,96.603,-11.291,-92.588,-11.711,0.0,-18.986999999999995
90,121,102.105,-12.007,-93.744,-11.169,0.0,-14.815000000000001
91,121,104.941,-10.892,-98.979,-10.74,0.0,-15.669999999999993
92,121,101.552,-9.623,-94.092,-10.302,0.0,-12.464999999999996
93,121,105.549,-11.616,-96.518,-11.59,0.0,-14.174999999999994
94,121,98.658,-11.653,-94.549,-11.499,0.0,-19.043000000000013
95,121,110.76,-11.41,-94.811,-12.631,0.0,-8.091999999999999
96,121,103.761,-11.163,-95.841,-10.06,0.0,-13.302999999999995
97,121,107.508,-10.786,-98.23,-11.182,0.0,-12.69000000000001
98,121,98.562,-12.057,-97.739,-10.358,0.0,-21.59200000000001
99,121,100.871,-11.424,-94.18,-11.803,0.0,-16.536000000000005
100,121,102.085,-12.343,-94.768,-9.95,0.0,-14.97600000000001
101,121,103.698,-12.573,-91.58,-11.498,0.0,-11.952999999999998
102,121,102.019,-12.485,-94.908,-11.294,0.0,-16.667999999999996
103,121,101.852,-13.269,-95.041,-9.926,0.0,-16.384
104,121,98.622,-12.228,-95.667,-11.364,0.0,-20.636999999999997
105,121,105.091,-11.887,-94.873,-10.92,0.0,-12.589000000000011
106,121,104.121,-9.118,-96.556,-12.303,0.0,-13.855999999999998
107,121,109.492,-11.26,-98.208,-11.997,0.0,-11.972999999999999
108,121,104.41,-11.819,-98.991,-8.802,0.0,-15.202000000000005
109,121,107.143,-11.704,-100.635,-9.371,0.0,-14.567000000000013
110,121,101.024,-11.762,-95.846,-10.33,0.0,-16.914
111,121,105.054,-10.22,-95.977,-11.584,0.0,-12.727
112,121,97.95,-12.039,-92.581,-12.523,0.0,-19.193
113,121,102.678,-12.221,-100.552,-9.194,0.0,-19.289000000000016
114,121,102.695,-11.086,-98.274,-10.298,0.0,-16.963000000000008
115,121,99.061,-11.976,-95.098,-12.079,0.0,-20.09199999999999
116,121,96.023,-11.483,-96.124,-10.934,0.0,-22.518
117,121,102.91,-11.336,-95.209,-11.453,0.0,-15.088000000000005
118,121,101.755,-10.784,-95.852,-11.891,0.0,-16.772000000000013
119,121,106.086,-11.851,-96.217,-10.521,0.0,-12.503
120,121,96.226,-11.269,-96.054,-11.178,0.0,-22.27500000000001
121,121,101.881,-10.795,-98.635,-10.909,0.0,-18.458000000000006
122,121,97.783,-10.499,-96.802,-9.273,0.0,-18.791
123,121,101.618,-12.816,-95.895,-10.006,0.0,-17.099000000000004
124,121,100.576,-12.484,-96.073,-9.856,0.0,-17.836999999999996
125,121,95.481,-11.759,-96.592,-10.16,0.0,-23.030000000000005
126,121,97.282,-12.547,-95.289,-10.967,0.0,-21.521
127,121,105.022,-9.51,-95.676,-10.032,0.0,-10.196000000000002
128,121,100.256,-11.944,-93.7,-11.69,0.0,-17.078000000000003
129,121,105.692,-11.133,-96.644,-11.638,0.0,-13.723000000000008
130,121,97.742,-11.064,-96.361,-11.418,0.0,-21.101000000000006
131,121,101.99,-9.792,-97.373,-9.77,0.0,-14.945000000000011
132,121,93.794,-12.807,-95.345,-9.169,0.0,-23.527000000000005
133,121,101.248,-12.688,-95.075,-9.987,0.0,-16.502000000000002
134,121,97.243,-11.375,-95.821,-12.07,0.0,-22.023000000000003
135,121,98.332,-10.789,-97.777,-11.154,0.0,-21.38800000000001
136,121,99.284,-9.989,-94.231,-10.623,0.0,-15.558999999999992
137,121,100.988,-11.46,-93.711,-12.555,0.0,-16.738000000000007
138,121,97.431,-12.257,-93.591,-10.466,0.0,-18.883000000000003
139,121,108.477,-10.544,-93.429,-11.851,0.0,-7.346999999999996
140,121,100.239,-11.491,-98.572,-8.283,0.0,-18.107
141,121,102.792,-12.089,-95.885,-11.749,0.0,-16.931000000000004
142,121,101.7,-10.713,-94.935,-10.948,0.0,-14.895999999999994
143,121,98.263,-12.125,-96.242,-11.725,0.0,-21.829
144,121,108.202,-10.039,-98.721,-9.049,0.0,-9.607000000000006
145,121,101.133,-11.093,-94.583,-10.319,0.0,-14.862000000000007
146,121,104.052,-11.573,-95.614,-10.608,0.0,-13.742999999999991
147,121,99.448,-11.811,-92.801,-11.86,0.0,-17.024
148,121,99.968,-11.51,-100.859,-4.403,0.0,-16.803999999999995
149,121,104.282,-11.236,-101.639,-7.247,0.0,-15.840000000000003
150,121,99.166,-10.387,-97.033,-8.609,0.0,-16.863000000000007
151,121,106.308,-10.61,-99.036,-8.838,0.0,-12.175999999999993
152,121,99.057,-9.628,-96.829,-9.576,0.0,-16.975999999999992
153,121,101.172,-11.914,-95.903,-11.501,0.0,-18.146000000000008
154,121,101.349,-12.421,-95.568,-11.24,0.0,-17.880000000000003
155,121,102.085,-12.321,-94.72,-14.049,0.0,-19.005000000000003
156,121,104.654,-11.791,-95.72,-10.028,0.0,-12.885
157,121,96.086,-12.105,-92.948,-9.948,0.0,-18.915
158,121,101.665,-10.365,-95.544,-11.261,0.0,-15.504999999999985
159,121,100.674,-11.324,-93.242,-11.283,0.0,-15.174999999999995
160,121,100.239,-13.073,-100.875,-3.802,0.0,-17.511000000000003
161,121,97.996,-11.369,-95.918,-7.896,0.0,-17.187000000000012
162,121,103.947,-12.135,-102.594,-8.39,0.0,-19.171999999999997
163,121,100.912,-11.497,-103.003,-5.416,0.0,-19.003999999999994
164,121,109.677,-10.553,-98.032,-9.857,0.0,-8.764999999999986
165,121,108.509,-11.139,-99.257,-7.953,0.0,-9.84
166,121,99.005,-10.986,-94.772,-10.643,0.0,-17.396000000000015
167,121,101.174,-11.155,-97.377,-6.847,0.0,-14.204999999999991
168,121,101.077,-12.212,-101.799,-5.296,0.0,-18.23000000000001
169,121,95.105,-11.917,-99.892,-7.281,0.0,-23.984999999999992
170,121,98.18,-9.847,-104.425,-4.283,0.0,-20.374999999999986
171,121,98.013,-12.36,-94.293,-11.838,0.0,-20.478
172,121,103.227,-12.415,-97.518,-8.734,0.0,-15.439999999999989
173,121,105.077,-12.351,-97.943,-11.006,0.0,-16.223
174,121,104.561,-11.468,-95.874,-10.272,0.0,-13.052999999999992
175,121,99.806,-11.585,-97.309,-8.035,0.0,-17.122999999999994
176,121,104.911,-10.906,-97.956,-9.593,0.0,-13.544000000000008
177,121,97.11,-9.977,-94.577,-8.95,0.0,-16.394000000000002
178,121,111.601,-12.056,-97.079,-8.757,0.0,-6.2909999999999915
179,121,106.69,-11.697,-96.222,-11.602,0.0,-12.831
180,121,107.66,-11.942,-104.552,-5.641,0.0,-14.475000000000017
181,121,103.824,-12.435,-96.768,-10.055,0.0,-15.434000000000005
182,121,100.819,-9.576,-95.172,-11.455,0.0,-15.384000000000002
183,121,101.0,-11.29,-96.189,-10.759,0.0,-17.237999999999985
184,121,102.265,-10.9,-94.263,-12.133,0.0,-15.03100000000001
185,121,101.805,-9.588,-98.236,-11.724,0.0,-17.74299999999999
186,121,104.31,-10.823,-96.69,-10.836,0.0,-14.039000000000003
187,121,101.557,-11.9,-95.678,-10.627,0.0,-16.648000000000003
188,121,100.552,-10.57,-97.138,-9.839,0.0,-16.995000000000005
189,121,107.345,-11.243,-96.63,-12.091,0.0,-12.618999999999991
190,121,108.784,-10.457,-97.636,-10.623,0.0,-9.931999999999997
191,121,103.164,-10.808,-93.588,-11.484,0.0,-12.716
192,121,95.835,-10.858,-93.197,-11.043,0.0,-19.263000000000012
193,121,105.427,-10.509,-94.755,-12.039,0.0,-11.875999999999989
194,121,101.193,-11.348,-97.398,-9.488,0.0,-17.040999999999997
195,121,103.731,-12.322,-95.879,-9.222,0.0,-13.692000000000013
196,121,99.457,-10.126,-96.204,-10.799,0.0,-17.672000000000004
197,121,110.514,-10.694,-96.418,-11.607,0.0,-8.205000000000013
198,121,105.276,-11.382,-95.543,-11.398,0.0,-13.047000000000015
199,121,102.083,-10.424,-97.891,-8.369,0.0,-14.601000000000013
200,121,105.102,-11.194,-97.03,-9.574,0.0,-12.696
201,121,96.498,-11.349,-94.31,-10.442,0.0,-19.603
202,121,102.053,-12.198,-97.981,-10.231,0.0,-18.357000000000006
203,121,102.349,-9.341,-97.255,-10.575,0.0,-14.821999999999985
204,121,100.853,-10.164,-94.574,-10.667,0.0,-14.552000000000005
205,121,103.345,-10.536,-96.526,-10.954,0.0,-14.671
206,121,108.891,-11.24,-96.492,-12.289,0.0,-11.129999999999994
207,121,101.133,-11.252,-97.422,-10.863,0.0,-18.403999999999996
208,121,100.538,-11.247,-96.526,-10.814,0.0,-18.049
209,121,108.6,-11.195,-97.518,-10.819,0.0,-10.932
210,121,99.916,-12.809,-96.765,-9.718,0.0,-19.376
211,121,106.204,-10.587,-93.658,-11.365,0.0,-9.406000000000011
212,121,108.292,-11.802,-94.5,-12.16,0.0,-10.169999999999991
213,121,100.216,-11.299,-95.582,-10.64,0.0,-17.304999999999993
214,121,99.656,-11.461,-94.785,-11.81,0.0,-18.39999999999999
215,121,102.313,-12.577,-94.843,-9.361,0.0,-14.468
216,121,101.097,-11.326,-97.599,-9.793,0.0,-17.621000000000016
217,121,103.813,-10.898,-96.723,-10.721,0.0,-14.528999999999993
218,121,104.108,-11.104,-97.584,-10.599,0.0,-15.178999999999998
219,121,110.136,-12.146,-97.881,-9.107,0.0,-8.998000000000005
220,121,102.528,-10.392,-95.805,-11.231,0.0,-14.899999999999997
221,121,104.635,-11.994,-97.698,-9.8,0.0,-14.856999999999989
222,121,103.634,-10.066,-96.342,-11.764,0.0,-14.538
223,121,99.292,-11.289,-96.103,-11.995,0.0,-20.09499999999999
224,121,103.245,-11.616,-93.687,-13.11,0.0,-15.167999999999992
225,121,105.254,-11.48,-93.538,-11.281,0.0,-11.044999999999996
226,121,97.169,-10.674,-97.617,-11.172,0.0,-22.294
227,121,96.827,-10.845,-96.892,-10.894,0.0,-21.803999999999995
228,121,105.136,-11.676,-94.779,-11.501,0.0,-12.820000000000002
229,121,99.491,-11.354,-93.903,-12.044,0.0,-17.810000000000006
230,121,94.916,-11.315,-92.358,-12.622,0.0,-21.379000000000005
231,121,99.387,-11.67,-96.509,-12.117,0.0,-20.909000000000002
232,121,100.479,-12.042,-94.009,-10.988,0.0,-16.560000000000002
233,121,103.619,-10.828,-95.439,-12.003,0.0,-14.650999999999996
234,121,103.147,-11.684,-94.865,-12.095,0.0,-15.496999999999987
235,121,95.885,-11.844,-97.134,-9.135,0.0,-22.227999999999987
236,121,99.181,-10.474,-96.021,-11.261,0.0,-18.575000000000006
237,121,102.166,-11.33,-96.965,-11.453,0.0,-17.582000000000004
238,121,99.778,-12.396,-93.121,-10.735,0.0,-16.47399999999999
239,121,102.034,-11.448,-94.221,-10.532,0.0,-14.166999999999991
240,121,97.999,-12.169,-94.906,-10.348,0.0,-19.424000000000007
241,121,99.479,-11.051,-95.146,-11.694,0.0,-18.412000000000006
242,121,108.304,-12.047,-93.508,-10.334,0.0,-7.58499999999999
243,121,101.606,-12.071,-95.072,-10.186,0.0,-15.723000000000006
244,121,101.811,-11.61,-96.192,-11.74,0.0,-17.730999999999987
245,121,107.383,-10.978,-95.569,-8.643,0.0,-7.807000000000002
246,121,98.918,-11.403,-94.852,-11.068,0.0,-18.405
247,121,100.381,-10.807,-95.402,-10.489,0.0,-16.317000000000004
248,121,101.256,-10.913,-97.722,-12.339,0.0,-19.71799999999999
249,121,103.456,-11.7,-98.043,-9.128,0.0,-15.415000000000006
250,121,102.878,-11.969,-97.033,-10.697,0.0,-16.820999999999994
251,121,96.91,-11.191,-94.734,-10.096,0.0,-19.111
252,121,105.662,-11.716,-97.194,-9.695,0.0,-12.94299999999999
253,121,99.416,-11.879,-96.759,-11.514,0.0,-20.736000000000008
254,121,98.644,-12.343,-94.434,-11.002,0.0,-19.134999999999998
255,121,102.558,-11.99,-94.058,-11.565,0.0,-15.054999999999994
256,121,105.878,-10.473,-97.591,-11.406,0.0,-13.591999999999993
257,121,101.331,-11.671,-95.691,-10.039,0.0,-16.070000000000007
258,121,97.904,-11.979,-96.478,-9.394,0.0,-19.946999999999996
259,121,99.694,-11.423,-93.901,-11.278,0.0,-16.907999999999994
260,121,108.074,-11.614,-99.957,-9.197,0.0,-12.693999999999999
261,121,106.264,-10.809,-95.955,-12.165,0.0,-12.665
262,121,99.617,-12.315,-95.496,-12.147,0.0,-20.340999999999987
263,121,105.455,-12.416,-95.992,-11.24,0.0,-14.193000000000003
264,121,100.077,-11.552,-94.765,-12.006,0.0,-18.245999999999995
265,121,102.159,-11.912,-92.974,-13.458,0.0,-16.185000000000002
266,121,106.791,-11.469,-97.451,-12.252,0.0,-14.380999999999991
267,121,101.893,-11.259,-95.271,-11.157,0.0,-15.794
268,121,106.47,-11.121,-97.661,-11.954,0.0,-14.265999999999998
269,121,101.938,-11.48,-97.923,-11.668,0.0,-19.133000000000003
270,121,104.303,-12.781,-95.311,-11.119,0.0,-14.908000000000015
271,121,105.658,-11.743,-95.168,-10.154,0.0,-11.407
272,121,99.837,-12.144,-93.542,-10.946,0.0,-16.795
273,121,103.035,-9.888,-97.568,-11.732,0.0,-16.153000000000006
274,121,101.004,-12.267,-95.437,-11.0,0.0,-17.69999999999999
275,121,98.937,-12.139,-95.022,-9.736,0.0,-17.960000000000004
276,121,98.485,-10.321,-93.444,-12.371,0.0,-17.651000000000003
277,121,103.206,-10.323,-97.589,-12.204,0.0,-16.90999999999999
278,121,102.066,-12.028,-95.323,-12.529,0.0,-17.813999999999997
279,121,106.94,-11.495,-98.991,-11.397,0.0,-14.943000000000007
280,121,99.802,-11.105,-97.38,-11.134,0.0,-19.816999999999993
281,121,103.623,-10.632,-96.404,-12.047,0.0,-15.459999999999997
282,121,96.814,-11.185,-96.567,-10.155,0.0,-21.093000000000004
283,121,101.308,-11.245,-95.856,-11.523,0.0,-17.315999999999992
284,121,106.169,-10.622,-96.7,-11.052,0.0,-12.205000000000005
285,121,101.616,-10.499,-95.065,-9.694,0.0,-13.641999999999994
286,121,102.449,-11.174,-95.215,-10.731,0.0,-14.670999999999998
287,121,103.651,-12.529,-102.682,-5.76,0.0,-17.32
288,121,95.443,-11.509,-92.678,-11.939,0.0,-20.683
289,121,99.072,-11.506,-95.454,-11.301,0.0,-19.188999999999993
290,121,101.355,-12.189,-96.215,-10.637,0.0,-17.686000000000007
291,121,100.806,-11.95,-94.96,-11.402,0.0,-17.506
292,121,97.729,-12.507,-94.074,-10.931,0.0,-19.783
293,121,105.21,-10.549,-94.955,-11.13,0.0,-11.423999999999998
294,121,104.17,-11.009,-95.781,-12.126,0.0,-14.746000000000004
295,121,98.196,-11.006,-95.407,-12.411,0.0,-20.628
296,121,96.107,-10.854,-94.258,-11.622,0.0,-20.626999999999995
297,121,112.312,-11.427,-96.001,-12.72,0.0,-7.8360000000000145
298,121,96.669,-12.406,-96.295,-10.2,0.0,-22.23200000000001
299,121,104.58,-10.352,-97.136,-11.551,0.0,-14.459000000000001
300,121,99.315,-11.949,-97.604,-8.355,0.0,-18.593
301,121,107.126,-12.055,-98.378,-9.078,0.0,-12.385000000000002
302,121,102.891,-11.954,-95.733,-10.123,0.0,-14.918999999999992
303,121,106.536,-11.842,-98.486,-9.91,0.0,-13.702000000000002
304,121,99.043,-11.883,-97.171,-10.386,0.0,-20.396999999999995
305,121,111.305,-10.763,-101.026,-9.925,0.0,-10.408999999999995
306,121,103.334,-10.088,-95.97,-9.108,0.0,-11.83199999999999
307,121,101.278,-11.306,-97.294,-10.23,0.0,-17.55199999999999
308,121,103.778,-10.875,-95.806,-10.494,0.0,-13.396999999999991
309,121,106.322,-12.01,-95.372,-13.645,0.0,-14.705000000000002
310,121,105.431,-10.506,-96.246,-12.804,0.0,-14.124999999999998
311,121,102.041,-11.202,-95.973,-12.545,0.0,-17.679000000000002
312,121,97.154,-10.983,-93.579,-11.482,0.0,-18.89
313,121,101.618,-10.424,-94.757,-11.135,0.0,-14.698000000000016
314,121,104.7,-11.707,-96.466,-10.055,0.0,-13.527999999999999
315,121,96.965,-11.321,-96.164,-9.489,0.0,-20.008999999999997
316,121,100.995,-9.838,-96.474,-12.062,0.0,-17.37899999999999
317,121,104.392,-10.162,-97.008,-12.331,0.0,-15.109000000000005
318,121,102.507,-11.396,-94.846,-11.13,0.0,-14.865
319,121,102.933,-10.99,-95.406,-11.107,0.0,-14.569999999999993
320,121,101.892,-11.674,-96.716,-10.927,0.0,-17.425000000000004
321,121,99.069,-11.048,-91.363,-12.634,0.0,-15.975999999999999
322,121,96.432,-10.144,-95.007,-10.168,0.0,-18.887000000000008
323,121,96.38,-11.59,-93.536,-10.752,0.0,-19.49800000000001
324,121,103.384,-10.999,-96.262,-10.495,0.0,-14.371999999999995
325,121,104.278,-11.787,-99.531,-9.728,0.0,-16.768000000000008
326,121,105.814,-8.565,-98.332,-10.596,0.0,-11.678999999999998
327,121,101.508,-11.307,-93.747,-10.487,0.0,-14.033000000000007
328,121,106.466,-10.73,-94.72,-11.539,0.0,-10.523000000000009
329,121,95.428,-11.32,-95.409,-10.091,0.0,-21.392000000000003
330,121,104.397,-11.316,-96.46,-11.648,0.0,-15.02699999999999
331,121,103.328,-10.507,-95.691,-11.341,0.0,-14.211000000000004
332,121,99.057,-11.688,-97.092,-10.098,0.0,-19.820999999999998
333,121,106.326,-10.019,-97.818,-9.917,0.0,-11.42800000000001
334,121,96.133,-12.141,-96.432,-10.496,0.0,-22.936000000000014
335,121,103.186,-11.821,-98.93,-8.803,0.0,-16.368
336,121,100.9,-10.81,-92.814,-10.591,0.0,-13.314999999999989
337,121,103.978,-10.877,-95.537,-11.561,0.0,-13.997000000000007
338,121,100.615,-11.932,-95.674,-12.208,0.0,-19.199000000000012
339,121,101.403,-11.709,-95.263,-9.348,0.0,-14.917000000000003
340,121,100.51,-10.445,-93.444,-11.426,0.0,-14.805000000000005
341,121,99.247,-10.931,-95.926,-10.344,0.0,-17.954
342,121,100.471,-11.6,-90.789,-11.738,0.0,-13.655999999999992
343,121,99.659,-9.575,-91.257,-12.366,0.0,-13.539000000000001
344,121,102.808,-11.792,-93.74,-12.457,0.0,-15.18099999999999
345,121,100.748,-12.317,-95.929,-10.463,0.0,-17.96099999999999
346,121,99.414,-11.2,-93.682,-12.071,0.0,-17.539
347,121,95.192,-10.617,-96.788,-10.656,0.0,-22.869000000000007
348,121,109.812,-10.624,-95.544,-12.51,0.0,-8.865999999999994
349,121,104.165,-9.809,-94.489,-11.667,0.0,-11.799999999999995
350,121,101.436,-10.802,-94.809,-12.866,0.0,-17.040999999999983
351,121,103.828,-10.848,-95.137,-9.388,0.0,-11.544999999999996
352,121,101.006,-10.961,-93.506,-12.552,0.0,-16.012999999999998
353,121,101.131,-10.983,-95.806,-10.749,0.0,-16.407000000000004
354,121,98.21,-11.412,-97.952,-11.463,0.0,-22.61700000000001
355,121,102.629,-11.679,-98.085,-11.159,0.0,-18.29399999999999
356,121,103.429,-10.015,-97.974,-10.112,0.0,-14.672000000000002
357,121,106.119,-11.081,-92.498,-12.425,0.0,-9.885000000000009
358,121,101.433,-11.139,-98.188,-10.206,0.0,-18.09999999999999
359,121,102.453,-11.136,-95.565,-11.172,0.0,-15.419999999999991
360,121,101.75,-11.062,-99.003,-9.607,0.0,-17.921999999999997
361,121,98.613,-11.162,-100.013,-7.381,0.0,-19.943000000000012
362,121,102.111,-11.077,-100.034,-9.316,0.0,-18.316000000000003
363,121,97.65,-10.723,-99.367,-7.505,0.0,-19.944999999999997
364,121,101.553,-10.317,-94.546,-10.949,0.0,-14.259000000000016
365,121,100.204,-11.003,-97.024,-10.417,0.0,-18.24000000000001
366,121,103.537,-11.524,-91.455,-11.937,0.0,-11.378999999999992
367,121,97.797,-11.943,-97.145,-8.435,0.0,-19.726
368,121,92.518,-11.891,-95.458,-10.616,0.0,-25.447000000000003
369,121,103.607,-10.592,-95.42,-10.543,0.0,-12.948
370,121,103.094,-11.07,-93.94,-11.541,0.0,-13.456999999999997
371,121,97.174,-11.443,-92.613,-12.901,0.0,-19.78299999999999
372,121,103.591,-11.608,-95.2,-12.246,0.0,-15.463000000000013
373,121,99.473,-10.839,-94.574,-11.394,0.0,-17.333999999999996
374,121,106.744,-10.282,-95.267,-10.635,0.0,-9.439999999999992
375,121,106.388,-9.313,-102.026,-8.994,0.0,-13.944999999999993
376,121,102.112,-11.671,-98.177,-7.134,0.0,-14.870000000000005
377,121,100.506,-10.078,-96.84,-9.2,0.0,-15.612000000000005
378,121,105.565,-10.559,-100.799,-8.542,0.0,-14.335000000000006
379,121,99.053,-10.531,-96.375,-9.203,0.0,-17.056000000000008
380,121,102.092,-12.197,-99.493,-5.939,0.0,-15.536999999999999
381,121,102.502,-10.789,-96.753,-10.187,0.0,-15.227000000000006
382,121,99.42,-8.747,-103.025,-4.203,0.0,-16.555000000000003
383,121,102.591,-10.9,-96.31,-10.697,0.0,-15.316000000000013
384,121,106.378,-10.654,-95.641,-11.308,0.0,-11.225000000000001
385,121,103.071,-11.637,-101.387,-6.923,0.0,-16.876000000000005
386,121,100.39,-11.315,-101.868,-6.245,0.0,-19.037999999999993
387,121,94.169,-10.736,-101.15,-7.892,0.0,-25.609000000000012
388,121,107.105,-10.392,-98.115,-10.969,0.0,-12.370999999999986
389,121,102.829,-10.31,-94.873,-12.405,0.0,-14.759000000000013
390,121,104.202,-9.891,-97.12,-12.554,0.0,-15.363000000000012
391,121,106.209,-11.773,-95.409,-9.423,0.0,-10.395999999999999
392,121,96.815,-11.123,-91.803,-13.148,0.0,-19.259000000000004
393,121,101.642,-12.385,-97.521,-10.595,0.0,-18.85900000000001
394,121,101.067,-11.383,-94.626,-12.279,0.0,-17.221000000000007
395,121,100.222,-10.792,-95.788,-10.708,0.0,-17.066000000000003
396,121,99.073,-9.905,-96.796,-11.264,0.0,-18.892000000000014
397,121,100.595,-10.333,-98.919,-12.371,0.0,-21.028
398,121,97.088,-9.231,-94.796,-9.811,0.0,-16.750000000000007
399,121,103.197,-10.297,-97.479,-11.151,0.0,-15.729999999999993
400,121,96.235,-11.757,-95.314,-10.019,0.0,-20.854999999999997
401,121,97.445,-11.972,-98.172,-9.165,0.0,-21.863999999999997

Backbone Energy Decomposition:
Frame #,Residue,Internal,van der Waals,Electrostatic,Polar Solvation,Non-Polar Solv.,TOTAL
1,121,0.0,0.0,0.0,0.0,0.0,0.0
2,121,0.0,0.0,0.0,0.0,0.0,0.0
3,121,0.0,0.0,0.0,0.0,0.0,0.0
4,121,0.0,0.0,0.0,0.0,0.0,0.0
5,121,0.0,0.0,0.0,0.0,0.0,0.0
6,121,0.0,0.0,0.0,0.0,0.0,0.0
7,121,0.0,0.0,0.0,0.0,0.0,0.0
8,121,0.0,0.0,0.0,0.0,0.0,0.0
9,121,0.0,0.0,0.0,0.0,0.0,0.0
10,121,0.0,0.0,0.0,0.0,0.0,0.0
11,121,0.0,0.0,0.0,0.0,0.0,0.0
12,121,0.0,0.0,0.0,0.0,0.0,0.0
13,121,0.0,0.0,0.0,0.0,0.0,0.0
14,121,0.0,0.0,0.0,0.0,0.0,0.0
15,121,0.0,0.0,0.0,0.0,0.0,0.0
16,121,0.0,0.0,0.0,0.0,0.0,0.0
17,121,0.0,0.0,0.0,0.0,0.0,0.0
18,121,0.0,0.0,0.0,0.0,0.0,0.0
19,121,0.0,0.0,0.0,0.0,0.0,0.0
20,121,0.0,0.0,0.0,0.0,0.0,0.0
21,121,0.0,0.0,0.0,0.0,0.0,0.0
22,121,0.0,0.0,0.0,0.0,0.0,0.0
23,121,0.0,0.0,0.0,0.0,0.0,0.0
24,121,0.0,0.0,0.0,0.0,0.0,0.0
25,121,0.0,0.0,0.0,0.0,0.0,0.0
26,121,0.0,0.0,0.0,0.0,0.0,0.0
27,121,0.0,0.0,0.0,0.0,0.0,0.0
28,121,0.0,0.0,0.0,0.0,0.0,0.0
29,121,0.0,0.0,0.0,0.0,0.0,0.0
30,121,0.0,0.0,0.0,0.0,0.0,0.0
31,121,0.0,0.0,0.0,0.0,0.0,0.0
32,121,0.0,0.0,0.0,0.0,0.0,0.0
33,121,0.0,0.0,0.0,0.0,0.0,0.0
34,121,0.0,0.0,0.0,0.0,0.0,0.0
35,121,0.0,0.0,0.0,0.0,0.0,0.0
36,121,0.0,0.0,0.0,0.0,0.0,0.0
37,121,0.0,0.0,0.0,0.0,0.0,0.0
38,121,0.0,0.0,0.0,0.0,0.0,0.0
39,121,0.0,0.0,0.0,0.0,0.0,0.0
40,121,0.0,0.0,0.0,0.0,0.0,0.0
41,121,0.0,0.0,0.0,0.0,0.0,0.0
42,121,0.0,0.0,0.0,0.0,0.0,0.0
43,121,0.0,0.0,0.0,0.0,0.0,0.0
44,121,0.0,0.0,0.0,0.0,0.0,0.0
45,121,0.0,0.0,0.0,0.0,0.0,0.0
46,121,0.0,0.0,0.0,0.0,0.0,0.0
47,121,0.0,0.0,0.0,0.0,0.0,0.0
48,121,0.0,0.0,0.0,0.0,0.0,0.0
49,121,0.0,0.0,0.0,0.0,0.0,0.0
50,121,0.0,0.0,0.0,0.0,0.0,0.0
51,121,0.0,0.0,0.0,0.0,0.0,0.0
52,121,0.0,0.0,0.0,0.0,0.0,0.0
53,121,0.0,0.0,0.0,0.0,0.0,0.0
54,121,0.0,0.0,0.0,0.0,0.0,0.0
55,121,0.0,0.0,0.0,0.0,0.0,0.0
56,121,0.0,0.0,0.0,0.0,0.0,0.0
57,121,0.0,0.0,0.0,0.0,0.0,0.0
58,121,0.0,0.0,0.0,0.0,0.0,0.0
59,121,0.0,0.0,0.0,0.0,0.0,0.0
60,121,0.0,0.0,0.0,0.0,0.0,0.0
61,121,0.0,0.0,0.0,0.0,0.0,0.0
62,121,0.0,0.0,0.0,0.0,0.0,0.0
63,121,0.0,0.0,0.0,0.0,0.0,0.0
64,121,0.0,0.0,0.0,0.0,0.0,0.0
65,121,0.0,0.0,0.0,0.0,0.0,0.0
66,121,0.0,0.0,0.0,0.0,0.0,0.0
67,121,0.0,0.0,0.0,0.0,0.0,0.0
68,121,0.0,0.0,0.0,0.0,0.0,0.0
69,121,0.0,0.0,0.0,0.0,0.0,0.0
70,121,0.0,0.0,0.0,0.0,0.0,0.0
71,121,0.0,0.0,0.0,0.0,0.0,0.0
72,121,0.0,0.0,0.0,0.0,0.0,0.0
73,121,0.0,0.0,0.0,0.0,0.0,0.0
74,121,0.0,0.0,0.0,0.0,0.0,0.0
75,121,0.0,0.0,0.0,0.0,0.0,0.0
76,121,0.0,0.0,0.0,0.0,0.0,0.0
77,121,0.0,0.0,0.0,0.0,0.0,0.0
78,121,0.0,0.0,0.0,0.0,0.0,0.0
79,121,0.0,0.0,0.0,0.0,0.0,0.0
80,121,0.0,0.0,0.0,0.0,0.0,0.0
81,121,0.0,0.0,0.0,0.0,0.0,0.0
82,121,0.0,0.0,0.0,0.0,0.0,0.0
83,121,0.0,0.0,0.0,0.0,0.0,0.0
84,121,0.0,0.0,0.0,0.0,0.0,0.0
85,121,0.0,0.0,0.0,0.0,0.0,0.0
86,121,0.0,0.0,0.0,0.0,0.0,0.0
87,121,0.0,0.0,0.0,0.0,0.0,0.0
88,121,0.0,0.0,0.0,0.0,0.0,0.0
89,121,0.0,0.0,0.0,0.0,0.0,0.0
90,121,0.0,0.0,0.0,0.0,0.0,0.0
91,121,0.0,0.0,0.0,0.0,0.0,0.0
92,121,0.0,0.0,0.0,0.0,0.0,0.0
93,121,0.0,0.0,0.0,0.0,0.0,0.0
94,121,0.0,0.0,0.0,0.0,0.0,0.0
95,121,0.0,0.0,0.0,0.0,0.0,0.0
96,121,0.0,0.0,0.0,0.0,0.0,0.0
97,121,0.0,0.0,0.0,0.0,0.0,0.0
98,121,0.0,0.0,0.0,0.0,0.0,0.0
99,121,0.0,0.0,0.0,0.0,0.0,0.0
100,121,0.0,0.0,0.0,0.0,0.0,0.0
101,121,0.0,0.0,0.0,0.0,0.0,0.0
102,121,0.0,0.0,0.0,0.0,0.0,0.0
103,121,0.0,0.0,0.0,0.0,0.0,0.0
104,121,0.0,0.0,0.0,0.0,0.0,0.0
105,121,0.0,0.0,0.0,0.0,0.0,0.0
106,121,0.0,0.0,0.0,0.0,0.0,0.0
107,121,0.0,0.0,0.0,0.0,0.0,0.0
108,121,0.0,0.0,0.0,0.0,0.0,0.0
109,121,0.0,0.0,0.0,0.0,0.0,0.0
110,121,0.0,0.0,0.0,0.0,0.0,0.0
111,121,0.0,0.0,0.0,0.0,0.0,0.0
112,121,0.0,0.0,0.0,0.0,0.0,0.0
113,121,0.0,0.0,0.0,0.0,0.0,0.0
114,121,0.0,0.0,0.0,0.0,0.0,0.0
115,121,0.0,0.0,0.0,0.0,0.0,0.0
116,121,0.0,0.0,0.0,0.0,0.0,0.0
117,121,0.0,0.0,0.0,0.0,0.0,0.0
118,121,0.0,0.0,0.0,0.0,0.0,0.0
119,121,0.0,0.0,0.0,0.0,0.0,0.0
120,121,0.0,0.0,0.0,0.0,0.0,0.0
121,121,0.0,0.0,0.0,0.0,0.0,0.0
122,121,0.0,0.0,0.0,0.0,0.0,0.0
123,121,0.0,0.0,0.0,0.0,0.0,0.0
124,121,0.0,0.0,0.0,0.0,0.0,0.0
125,121,0.0,0.0,0.0,0.0,0.0,0.0
126,121,0.0,0.0,0.0,0.0,0.0,0.0
127,121,0.0,0.0,0.0,0.0,0.0,0.0
128,121,0.0,0.0,0.0,0.0,0.0,0.0
129,121,0.0,0.0,0.0,0.0,0.0,0.0
130,121,0.0,0.0,0.0,0.0,0.0,0.0
131,121,0.0,0.0,0.0,0.0,0.0,0.0
132,121,0.0,0.0,0.0,0.0,0.0,0.0
133,121,0.0,0.0,0.0,0.0,0.0,0.0
134,121,0.0,0.0,0.0,0.0,0.0,0.0
135,121,0.0,0.0,0.0,0.0,0.0,0.0
136,121,0.0,0.0,0.0,0.0,0.0,0.0
137,121,0.0,0.0,0.0,0.0,0.0,0.0
138,121,0.0,0.0,0.0,0.0,0.0,0.0
139,121,0.0,0.0,0.0,0.0,0.0,0.0
140,121,0.0,0.0,0.0,0.0,0.0,0.0
141,121,0.0,0.0,0.0,0.0,0.0,0.0
142,121,0.0,0.0,0.0,0.0,0.0,0.0
143,121,0.0,0.0,0.0,0.0,0.0,0.0
144,121,0.0,0.0,0.0,0.0,0.0,0.0
145,121,0.0,0.0,0.0,0.0,0.0,0.0
146,121,0.0,0.0,0.0,0.0,0.0,0.0
147,121,0.0,0.0,0.0,0.0,0.0,0.0
148,121,0.0,0.0,0.0,0.0,0.0,0.0
149,121,0.0,0.0,0.0,0.0,0.0,0.0
150,121,0.0,0.0,0.0,0.0,0.0,0.0
151,121,0.0,0.0,0.0,0.0,0.0,0.0
152,121,0.0,0.0,0.0,0.0,0.0,0.0
153,121,0.0,0.0,0.0,0.0,0.0,0.0
154,121,0.0,0.0,0.0,0.0,0.0,0.0
155,121,0.0,0.0,0.0,0.0,0.0,0.0
156,121,0.0,0.0,0.0,0.0,0.0,0.0
157,121,0.0,0.0,0.0,0.0,0.0,0.0
158,121,0.0,0.0,0.0,0.0,0.0,0.0
159,121,0.0,0.0,0.0,0.0,0.0,0.0
160,121,0.0,0.0,0.0,0.0,0.0,0.0
161,121,0.0,0.0,0.0,0.0,0.0,0.0
162,121,0.0,0.0,0.0,0.0,0.0,0.0
163,121,0.0,0.0,0.0,0.0,0.0,0.0
164,121,0.0,0.0,0.0,0.0,0.0,0.0
165,121,0.0,0.0,0.0,0.0,0.0,0.0
166,121,0.0,0.0,0.0,0.0,0.0,0.0
167,121,0.0,0.0,0.0,0.0,0.0,0.0
168,121,0.0,0.0,0.0,0.0,0.0,0.0
169,121,0.0,0.0,0.0,0.0,0.0,0.0
170,121,0.0,0.0,0.0,0.0,0.0,0.0
171,121,0.0,0.0,0.0,0.0,0.0,0.0
172,121,0.0,0.0,0.0,0.0,0.0,0.0
173,121,0.0,0.0,0.0,0.0,0.0,0.0
174,121,0.0,0.0,0.0,0.0,0.0,0.0
175,121,0.0,0.0,0.0,0.0,0.0,0.0
176,121,0.0,0.0,0.0,0.0,0.0,0.0
177,121,0.0,0.0,0.0,0.0,0.0,0.0
178,121,0.0,0.0,0.0,0.0,0.0,0.0
179,121,0.0,0.0,0.0,0.0,0.0,0.0
180,121,0.0,0.0,0.0,0.0,0.0,0.0
181,121,0.0,0.0,0.0,0.0,0.0,0.0
182,121,0.0,0.0,0.0,0.0,0.0,0.0
183,121,0.0,0.0,0.0,0.0,0.0,0.0
184,121,0.0,0.0,0.0,0.0,0.0,0.0
185,121,0.0,0.0,0.0,0.0,0.0,0.0
186,121,0.0,0.0,0.0,0.0,0.0,0.0
187,121,0.0,0.0,0.0,0.0,0.0,0.0
188,121,0.0,0.0,0.0,0.0,0.0,0.0
189,121,0.0,0.0,0.0,0.0,0.0,0.0
190,121,0.0,0.0,0.0,0.0,0.0,0.0
191,121,0.0,0.0,0.0,0.0,0.0,0.0
192,121,0.0,0.0,0.0,0.0,0.0,0.0
193,121,0.0,0.0,0.0,0.0,0.0,0.0
194,121,0.0,0.0,0.0,0.0,0.0,0.0
195,121,0.0,0.0,0.0,0.0,0.0,0.0
196,121,0.0,0.0,0.0,0.0,0.0,0.0
197,121,0.0,0.0,0.0,0.0,0.0,0.0
198,121,0.0,0.0,0.0,0.0,0.0,0.0
199,121,0.0,0.0,0.0,0.0,0.0,0.0
200,121,0.0,0.0,0.0,0.0,0.0,0.0
201,121,0.0,0.0,0.0,0.0,0.0,0.0
202,121,0.0,0.0,0.0,0.0,0.0,0.0
203,121,0.0,0.0,0.0,0.0,0.0,0.0
204,121,0.0,0.0,0.0,0.0,0.0,0.0
205,121,0.0,0.0,0.0,0.0,0.0,0.0
206,121,0.0,0.0,0.0,0.0,0.0,0.0
207,121,0.0,0.0,0.0,0.0,0.0,0.0
208,121,0.0,0.0,0.0,0.0,0.0,0.0
209,121,0.0,0.0,0.0,0.0,0.0,0.0
210,121,0.0,0.0,0.0,0.0,0.0,0.0
211,121,0.0,0.0,0.0,0.0,0.0,0.0
212,121,0.0,0.0,0.0,0.0,0.0,0.0
213,121,0.0,0.0,0.0,0.0,0.0,0.0
214,121,0.0,0.0,0.0,0.0,0.0,0.0
215,121,0.0,0.0,0.0,0.0,0.0,0.0
216,121,0.0,0.0,0.0,0.0,0.0,0.0
217,121,0.0,0.0,0.0,0.0,0.0,0.0
218,121,0.0,0.0,0.0,0.0,0.0,0.0
219,121,0.0,0.0,0.0,0.0,0.0,0.0
220,121,0.0,0.0,0.0,0.0,0.0,0.0
221,121,0.0,0.0,0.0,0.0,0.0,0.0
222,121,0.0,0.0,0.0,0.0,0.0,0.0
223,121,0.0,0.0,0.0,0.0,0.0,0.0
224,121,0.0,0.0,0.0,0.0,0.0,0.0
225,121,0.0,0.0,0.0,0.0,0.0,0.0
226,121,0.0,0.0,0.0,0.0,0.0,0.0
227,121,0.0,0.0,0.0,0.0,0.0,0.0
228,121,0.0,0.0,0.0,0.0,0.0,0.0
229,121,0.0,0.0,0.0,0.0,0.0,0.0
230,121,0.0,0.0,0.0,0.0,0.0,0.0
231,121,0.0,0.0,0.0,0.0,0.0,0.0
232,121,0.0,0.0,0.0,0.0,0.0,0.0
233,121,0.0,0.0,0.0,0.0,0.0,0.0
234,121,0.0,0.0,0.0,0.0,0.0,0.0
235,121,0.0,0.0,0.0,0.0,0.0,0.0
236,121,0.0,0.0,0.0,0.0,0.0,0.0
237,121,0.0,0.0,0.0,0.0,0.0,0.0
238,121,0.0,0.0,0.0,0.0,0.0,0.0
239,121,0.0,0.0,0.0,0.0,0.0,0.0
240,121,0.0,0.0,0.0,0.0,0.0,0.0
241,121,0.0,0.0,0.0,0.0,0.0,0.0
242,121,0.0,0.0,0.0,0.0,0.0,0.0
243,121,0.0,0.0,0.0,0.0,0.0,0.0
244,121,0.0,0.0,0.0,0.0,0.0,0.0
245,121,0.0,0.0,0.0,0.0,0.0,0.0
246,121,0.0,0.0,0.0,0.0,0.0,0.0
247,121,0.0,0.0,0.0,0.0,0.0,0.0
248,121,0.0,0.0,0.0,0.0,0.0,0.0
249,121,0.0,0.0,0.0,0.0,0.0,0.0
250,121,0.0,0.0,0.0,0.0,0.0,0.0
251,121,0.0,0.0,0.0,0.0,0.0,0.0
252,121,0.0,0.0,0.0,0.0,0.0,0.0
253,121,0.0,0.0,0.0,0.0,0.0,0.0
254,121,0.0,0.0,0.0,0.0,0.0,0.0
255,121,0.0,0.0,0.0,0.0,0.0,0.0
256,121,0.0,0.0,0.0,0.0,0.0,0.0
257,121,0.0,0.0,0.0,0.0,0.0,0.0
258,121,0.0,0.0,0.0,0.0,0.0,0.0
259,121,0.0,0.0,0.0,0.0,0.0,0.0
260,121,0.0,0.0,0.0,0.0,0.0,0.0
261,121,0.0,0.0,0.0,0.0,0.0,0.0
262,121,0.0,0.0,0.0,0.0,0.0,0.0
263,121,0.0,0.0,0.0,0.0,0.0,0.0
264,121,0.0,0.0,0.0,0.0,0.0,0.0
265,121,0.0,0.0,0.0,0.0,0.0,0.0
266,121,0.0,0.0,0.0,0.0,0.0,0.0
267,121,0.0,0.0,0.0,0.0,0.0,0.0
268,121,0.0,0.0,0.0,0.0,0.0,0.0
269,121,0.0,0.0,0.0,0.0,0.0,0.0
270,121,0.0,0.0,0.0,0.0,0.0,0.0
271,121,0.0,0.0,0.0,0.0,0.0,0.0
272,121,0.0,0.0,0.0,0.0,0.0,0.0
273,121,0.0,0.0,0.0,0.0,0.0,0.0
274,121,0.0,0.0,0.0,0.0,0.0,0.0
275,121,0.0,0.0,0.0,0.0,0.0,0.0
276,121,0.0,0.0,0.0,0.0,0.0,0.0
277,121,0.0,0.0,0.0,0.0,0.0,0.0
278,121,0.0,0.0,0.0,0.0,0.0,0.0
279,121,0.0,0.0,0.0,0.0,0.0,0.0
280,121,0.0,0.0,0.0,0.0,0.0,0.0
281,121,0.0,0.0,0.0,0.0,0.0,0.0
282,121,0.0,0.0,0.0,0.0,0.0,0.0
283,121,0.0,0.0,0.0,0.0,0.0,0.0
284,121,0.0,0.0,0.0,0.0,0.0,0.0
285,121,0.0,0.0,0.0,0.0,0.0,0.0
286,121,0.0,0.0,0.0,0.0,0.0,0.0
287,121,0.0,0.0,0.0,0.0,0.0,0.0
288,121,0.0,0.0,0.0,0.0,0.0,0.0
289,121,0.0,0.0,0.0,0.0,0.0,0.0
290,121,0.0,0.0,0.0,0.0,0.0,0.0
291,121,0.0,0.0,0.0,0.0,0.0,0.0
292,121,0.0,0.0,0.0,0.0,0.0,0.0
293,121,0.0,0.0,0.0,0.0,0.0,0.0
294,121,0.0,0.0,0.0,0.0,0.0,0.0
295,121,0.0,0.0,0.0,0.0,0.0,0.0
296,121,0.0,0.0,0.0,0.0,0.0,0.0
297,121,0.0,0.0,0.0,0.0,0.0,0.0
298,121,0.0,0.0,0.0,0.0,0.0,0.0
299,121,0.0,0.0,0.0,0.0,0.0,0.0
300,121,0.0,0.0,0.0,0.0,0.0,0.0
301,121,0.0,0.0,0.0,0.0,0.0,0.0
302,121,0.0,0.0,0.0,0.0,0.0,0.0
303,121,0.0,0.0,0.0,0.0,0.0,0.0
304,121,0.0,0.0,0.0,0.0,0.0,0.0
305,121,0.0,0.0,0.0,0.0,0.0,0.0
306,121,0.0,0.0,0.0,0.0,0.0,0.0
307,121,0.0,0.0,0.0,0.0,0.0,0.0
308,121,0.0,0.0,0.0,0.0,0.0,0.0
309,121,0.0,0.0,0.0,0.0,0.0,0.0
310,121,0.0,0.0,0.0,0.0,0.0,0.0
311,121,0.0,0.0,0.0,0.0,0.0,0.0
312,121,0.0,0.0,0.0,0.0,0.0,0.0
313,121,0.0,0.0,0.0,0.0,0.0,0.0
314,121,0.0,0.0,0.0,0.0,0.0,0.0
315,121,0.0,0.0,0.0,0.0,0.0,0.0
316,121,0.0,0.0,0.0,0.0,0.0,0.0
317,121,0.0,0.0,0.0,0.0,0.0,0.0
318,121,0.0,0.0,0.0,0.0,0.0,0.0
319,121,0.0,0.0,0.0,0.0,0.0,0.0
320,121,0.0,0.0,0.0,0.0,0.0,0.0
321,121,0.0,0.0,0.0,0.0,0.0,0.0
322,121,0.0,0.0,0.0,0.0,0.0,0.0
323,121,0.0,0.0,0.0,0.0,0.0,0.0
324,121,0.0,0.0,0.0,0.0,0.0,0.0
325,121,0.0,0.0,0.0,0.0,0.0,0.0
326,121,0.0,0.0,0.0,0.0,0.0,0.0
327,121,0.0,0.0,0.0,0.0,0.0,0.0
328,121,0.0,0.0,0.0,0.0,0.0,0.0
329,121,0.0,0.0,0.0,0.0,0.0,0.0
330,121,0.0,0.0,0.0,0.0,0.0,0.0
331,121,0.0,0.0,0.0,0.0,0.0,0.0
332,121,0.0,0.0,0.0,0.0,0.0,0.0
333,121,0.0,0.0,0.0,0.0,0.0,0.0
334,121,0.0,0.0,0.0,0.0,0.0,0.0
335,121,0.0,0.0,0.0,0.0,0.0,0.0
336,121,0.0,0.0,0.0,0.0,0.0,0.0
337,121,0.0,0.0,0.0,0.0,0.0,0.0
338,121,0.0,0.0,0.0,0.0,0.0,0.0
339,121,0.0,0.0,0.0,0.0,0.0,0.0
340,121,0.0,0.0,0.0,0.0,0.0,0.0
341,121,0.0,0.0,0.0,0.0,0.0,0.0
342,121,0.0,0.0,0.0,0.0,0.0,0.0
343,121,0.0,0.0,0.0,0.0,0.0,0.0
344,121,0.0,0.0,0.0,0.0,0.0,0.0
345,121,0.0,0.0,0.0,0.0,0.0,0.0
346,121,0.0,0.0,0.0,0.0,0.0,0.0
347,121,0.0,0.0,0.0,0.0,0.0,0.0
348,121,0.0,0.0,0.0,0.0,0.0,0.0
349,121,0.0,0.0,0.0,0.0,0.0,0.0
350,121,0.0,0.0,0.0,0.0,0.0,0.0
351,121,0.0,0.0,0.0,0.0,0.0,0.0
352,121,0.0,0.0,0.0,0.0,0.0,0.0
353,121,0.0,0.0,0.0,0.0,0.0,0.0
354,121,0.0,0.0,0.0,0.0,0.0,0.0
355,121,0.0,0.0,0.0,0.0,0.0,0.0
356,121,0.0,0.0,0.0,0.0,0.0,0.0
357,121,0.0,0.0,0.0,0.0,0.0,0.0
358,121,0.0,0.0,0.0,0.0,0.0,0.0
359,121,0.0,0.0,0.0,0.0,0.0,0.0
360,121,0.0,0.0,0.0,0.0,0.0,0.0
361,121,0.0,0.0,0.0,0.0,0.0,0.0
362,121,0.0,0.0,0.0,0.0,0.0,0.0
363,121,0.0,0.0,0.0,0.0,0.0,0.0
364,121,0.0,0.0,0.0,0.0,0.0,0.0
365,121,0.0,0.0,0.0,0.0,0.0,0.0
366,121,0.0,0.0,0.0,0.0,0.0,0.0
367,121,0.0,0.0,0.0,0.0,0.0,0.0
368,121,0.0,0.0,0.0,0.0,0.0,0.0
369,121,0.0,0.0,0.0,0.0,0.0,0.0
370,121,0.0,0.0,0.0,0.0,0.0,0.0
371,121,0.0,0.0,0.0,0.0,0.0,0.0
372,121,0.0,0.0,0.0,0.0,0.0,0.0
373,121,0.0,0.0,0.0,0.0,0.0,0.0
374,121,0.0,0.0,0.0,0.0,0.0,0.0
375,121,0.0,0.0,0.0,0.0,0.0,0.0
376,121,0.0,0.0,0.0,0.0,0.0,0.0
377,121,0.0,0.0,0.0,0.0,0.0,0.0
378,121,0.0,0.0,0.0,0.0,0.0,0.0
379,121,0.0,0.0,0.0,0.0,0.0,0.0
380,121,0.0,0.0,0.0,0.0,0.0,0.0
381,121,0.0,0.0,0.0,0.0,0.0,0.0
382,121,0.0,0.0,0.0,0.0,0.0,0.0
383,121,0.0,0.0,0.0,0.0,0.0,0.0
384,121,0.0,0.0,0.0,0.0,0.0,0.0
385,121,0.0,0.0,0.0,0.0,0.0,0.0
386,121,0.0,0.0,0.0,0.0,0.0,0.0
387,121,0.0,0.0,0.0,0.0,0.0,0.0
388,121,0.0,0.0,0.0,0.0,0.0,0.0
389,121,0.0,0.0,0.0,0.0,0.0,0.0
390,121,0.0,0.0,0.0,0.0,0.0,0.0
391,121,0.0,0.0,0.0,0.0,0.0,0.0
392,121,0.0,0.0,0.0,0.0,0.0,0.0
393,121,0.0,0.0,0.0,0.0,0.0,0.0
394,121,0.0,0.0,0.0,0.0,0.0,0.0
395,121,0.0,0.0,0.0,0.0,0.0,0.0
396,121,0.0,0.0,0.0,0.0,0.0,0.0
397,121,0.0,0.0,0.0,0.0,0.0,0.0
398,121,0.0,0.0,0.0,0.0,0.0,0.0
399,121,0.0,0.0,0.0,0.0,0.0,0.0
400,121,0.0,0.0,0.0,0.0,0.0,0.0
401,121,0.0,0.0,0.0,0.0,0.0,0.0

