POISSON BOLTZMANN:
Frame #,BOND,ANGLE,DIHED,UB,IMP,CMAP,VDWAALS,EEL,1-4 VDW,1-4 EEL,EPB,ENPOLAR,EDISPER,G gas,G solv,TOTAL
0,498.1527,1378.0009,-1083.0527,0.0,0.0,0.0,-1277.9629,-16141.578,621.309,11821.5997,-2019.346,39.9676,0.0,-4183.531299999999,-1979.3784,-6162.909699999998
1,531.7664,1409.1406,-1080.8631,0.0,0.0,0.0,-1288.06,-16234.0478,613.3408,11754.3428,-1875.3088,39.9824,0.0,-4294.380300000001,-1835.3264,-6129.706700000001
2,506.9922,1413.7243,-1101.0435,0.0,0.0,0.0,-1305.564,-16137.127,594.8377,11771.1041,-1921.7424,40.6503,0.0,-4257.0761999999995,-1881.0921,-6138.168299999999
3,502.1348,1369.8485,-1116.1487,0.0,0.0,0.0,-1267.5979,-16130.6818,623.1211,11797.1458,-1970.0572,40.7557,0.0,-4222.1782,-1929.3015,-6151.479700000001
4,502.8588,1427.0436,-1079.8578,0.0,0.0,0.0,-1274.2619,-16145.2604,594.3959,11749.8659,-1937.8603,40.297,0.0,-4225.215899999999,-1897.5633,-6122.7792
5,523.5315,1457.309,-1068.074,0.0,0.0,0.0,-1272.2953,-16058.8079,611.8497,11713.596,-1974.5984,40.7555,0.0,-4092.8909999999996,-1933.8429,-6026.733899999999
6,479.3135,1428.2843,-1079.9147,0.0,0.0,0.0,-1279.8495,-16149.7733,621.2778,11748.257,-1929.4383,41.1314,0.0,-4232.404900000003,-1888.3069,-6120.711800000003
7,548.8534,1418.5703,-1071.5542,0.0,0.0,0.0,-1282.706,-15917.1831,599.6859,11703.67,-2076.8379,42.0059,0.0,-4000.663699999999,-2034.8319999999999,-6035.4956999999995
8,540.9875,1463.1189,-1088.1304,0.0,0.0,0.0,-1278.7306,-16112.1686,614.1548,11753.1736,-1956.9727,41.029,0.0,-4107.594800000001,-1915.9437,-6023.538500000001
9,507.1691,1436.2624,-1091.2938,0.0,0.0,0.0,-1299.1377,-16307.6007,607.7518,11802.9117,-1821.5968,39.081,0.0,-4343.9371999999985,-1782.5158000000001,-6126.452999999999
10,527.0975,1460.9161,-1090.3682,0.0,0.0,0.0,-1300.0746,-16131.0772,616.8962,11704.365,-1915.0274,39.024,0.0,-4212.245199999999,-1876.0034,-6088.248599999999
11,501.4816,1429.053,-1113.564,0.0,0.0,0.0,-1253.2935,-16179.3106,615.982,11735.1842,-1871.0932,39.6994,0.0,-4264.4673,-1831.3938,-6095.8611
12,554.8565,1443.5411,-1129.5237,0.0,0.0,0.0,-1291.245,-16184.8871,617.6981,11805.1707,-1889.1794,39.3547,0.0,-4184.3894,-1849.8247,-6034.2141
13,512.8484,1421.7027,-1089.9279,0.0,0.0,0.0,-1281.2289,-16041.2565,614.5452,11789.0834,-2009.4899,39.7603,0.0,-4074.2335999999996,-1969.7296000000001,-6043.9632
14,511.3851,1398.4156,-1107.1397,0.0,0.0,0.0,-1285.6904,-16196.4077,603.607,11764.4039,-1916.7689,39.6772,0.0,-4311.4262,-1877.0917,-6188.5179
15,528.4424,1423.2696,-1112.8318,0.0,0.0,0.0,-1292.8206,-16140.7893,604.6418,11730.9653,-1878.9535,39.7858,0.0,-4259.122600000001,-1839.1677,-6098.290300000001
16,503.7918,1431.0297,-1100.3152,0.0,0.0,0.0,-1266.4423,-16141.1554,611.5435,11774.7523,-1946.764,41.3027,0.0,-4186.795600000001,-1905.4613,-6092.256900000001
17,530.1318,1419.4508,-1086.6957,0.0,0.0,0.0,-1274.7083,-16063.693,619.5854,11773.7619,-2032.0697,40.2433,0.0,-4082.1671000000006,-1991.8264,-6073.9935000000005
18,477.3808,1445.5418,-1068.2708,0.0,0.0,0.0,-1287.0846,-15949.6917,613.6932,11761.6598,-2102.4477,39.4499,0.0,-4006.7715000000007,-2062.9978,-6069.769300000002
19,508.955,1439.4851,-1089.9458,0.0,0.0,0.0,-1273.3977,-16153.8438,609.2452,11745.6422,-1914.0205,38.8273,0.0,-4213.859800000002,-1875.1932000000002,-6089.053000000003
20,504.0191,1416.216,-1078.811,0.0,0.0,0.0,-1271.7961,-16217.238,616.8776,11774.9682,-1886.1776,40.7896,0.0,-4255.764200000001,-1845.388,-6101.152200000001
21,514.0523,1378.6478,-1120.2893,0.0,0.0,0.0,-1289.8727,-16208.6041,606.8619,11844.8765,-1900.9945,40.1208,0.0,-4274.327599999999,-1860.8737,-6135.201299999999
22,472.7969,1408.9289,-1112.5032,0.0,0.0,0.0,-1259.8928,-16225.2894,618.8588,11739.4465,-1838.7795,40.4003,0.0,-4357.654299999998,-1798.3792,-6156.033499999999
23,505.4816,1349.3293,-1098.2512,0.0,0.0,0.0,-1291.0075,-16220.5745,612.8234,11772.4818,-1838.7023,39.5666,0.0,-4369.717100000002,-1799.1356999999998,-6168.8528000000015
24,521.4674,1396.7901,-1109.6157,0.0,0.0,0.0,-1285.6279,-15962.2267,617.4231,11760.4129,-2073.485,41.0033,0.0,-4061.376800000002,-2032.4817,-6093.858500000002
25,502.8249,1406.3533,-1089.7636,0.0,0.0,0.0,-1286.0212,-16177.6259,615.8297,11798.1299,-1979.0019,40.4224,0.0,-4230.272899999998,-1938.5795,-6168.852399999998
26,507.1966,1443.8278,-1099.1373,0.0,0.0,0.0,-1267.8192,-16187.6777,613.8588,11716.8683,-1861.0297,40.0295,0.0,-4272.882699999998,-1821.0002,-6093.882899999999
27,521.3684,1371.7203,-1114.7622,0.0,0.0,0.0,-1265.2477,-16178.9787,608.4641,11824.8372,-1944.2457,41.627,0.0,-4232.598600000001,-1902.6187,-6135.2173
28,524.3909,1444.8855,-1106.1597,0.0,0.0,0.0,-1285.9355,-16141.9728,604.488,11777.7762,-1947.4796,40.449,0.0,-4182.527400000001,-1907.0305999999998,-6089.558000000001
29,508.6852,1404.079,-1095.6786,0.0,0.0,0.0,-1251.2338,-16162.9274,629.2605,11794.2794,-1979.9256,41.4512,0.0,-4173.5357,-1938.4744,-6112.0101
30,488.2916,1438.8999,-1117.4428,0.0,0.0,0.0,-1277.913,-16196.4338,617.8806,11805.5483,-1935.4571,40.8292,0.0,-4241.169199999998,-1894.6279000000002,-6135.797099999998
31,514.9099,1438.0969,-1118.9545,0.0,0.0,0.0,-1278.7907,-16216.9087,604.245,11759.9464,-1884.5755,40.1907,0.0,-4297.455699999997,-1844.3847999999998,-6141.840499999997
32,546.1618,1402.3571,-1098.9652,0.0,0.0,0.0,-1269.8989,-16026.178,607.2973,11701.8842,-2012.8353,41.5986,0.0,-4137.341699999999,-1971.2367,-6108.5783999999985
33,497.3673,1447.8149,-1119.2718,0.0,0.0,0.0,-1274.9226,-16034.4045,606.2642,11741.4608,-2027.6566,41.1294,0.0,-4135.691700000001,-1986.5272,-6122.218900000002
34,513.9725,1441.8621,-1111.8066,0.0,0.0,0.0,-1281.1834,-16074.9935,613.814,11815.1339,-2042.2737,40.4813,0.0,-4083.200999999999,-2001.7924,-6084.9933999999985
35,499.7484,1403.767,-1106.516,0.0,0.0,0.0,-1301.4313,-16204.1257,602.6624,11796.3568,-1892.2889,40.773,0.0,-4309.538400000001,-1851.5159,-6161.054300000001
36,529.0457,1409.5438,-1078.3541,0.0,0.0,0.0,-1274.932,-16293.1295,604.7265,11777.5035,-1837.6405,40.5522,0.0,-4325.596099999997,-1797.0883,-6122.6843999999965
37,520.0637,1443.6928,-1088.021,0.0,0.0,0.0,-1277.6846,-16055.6727,608.9074,11746.0962,-2016.5671,40.1334,0.0,-4102.618200000001,-1976.4337,-6079.051900000001
38,504.2106,1411.5198,-1120.7031,0.0,0.0,0.0,-1287.8461,-16139.5666,605.3036,11785.9598,-1994.5222,40.7203,0.0,-4241.121999999999,-1953.8019000000002,-6194.9239
39,496.2482,1422.0159,-1079.3971,0.0,0.0,0.0,-1286.2161,-16270.3201,621.0924,11821.7027,-1881.978,40.3043,0.0,-4274.874100000001,-1841.6737,-6116.547800000001
40,501.0274,1401.0384,-1130.7562,0.0,0.0,0.0,-1289.8837,-16139.4031,607.9823,11811.4948,-1982.4141,40.2164,0.0,-4238.500100000001,-1942.1977,-6180.697800000001
41,504.1518,1398.9005,-1079.9494,0.0,0.0,0.0,-1255.6515,-16239.9682,615.1586,11783.3358,-1882.6016,40.1859,0.0,-4274.022399999996,-1842.4157,-6116.438099999996
42,506.6643,1408.8058,-1111.1381,0.0,0.0,0.0,-1286.0864,-16119.8435,621.8281,11704.5117,-1908.9586,40.2004,0.0,-4275.258100000001,-1868.7582,-6144.016300000001
43,521.322,1431.6291,-1101.6553,0.0,0.0,0.0,-1258.9746,-16229.3314,617.5934,11766.7795,-1891.8137,41.4879,0.0,-4252.637299999997,-1850.3257999999998,-6102.963099999996
44,541.7891,1424.3987,-1110.4924,0.0,0.0,0.0,-1269.7907,-16135.2931,606.0054,11727.5436,-1944.0794,40.2039,0.0,-4215.839399999999,-1903.8755,-6119.714899999999
45,499.8465,1468.5355,-1116.4728,0.0,0.0,0.0,-1316.5176,-15962.7063,606.5727,11732.0926,-2055.7149,40.3599,0.0,-4088.6493999999984,-2015.355,-6104.004399999998
46,505.5074,1460.0226,-1101.6112,0.0,0.0,0.0,-1275.8572,-16164.4555,630.0413,11805.5258,-1969.0823,41.2042,0.0,-4140.826799999999,-1927.8781000000001,-6068.704899999999
47,490.0937,1437.5344,-1112.5916,0.0,0.0,0.0,-1286.395,-15905.6193,612.125,11740.7348,-2109.2437,41.7783,0.0,-4024.1180000000004,-2067.4654,-6091.5834
48,505.967,1394.4486,-1098.1806,0.0,0.0,0.0,-1256.684,-16191.4317,617.1011,11809.0698,-1947.7727,40.4738,0.0,-4219.709799999999,-1907.2989,-6127.0086999999985
49,515.6696,1489.3438,-1095.4677,0.0,0.0,0.0,-1260.3692,-16123.6492,625.4017,11782.3086,-1973.5898,40.9755,0.0,-4066.762399999998,-1932.6143,-5999.376699999998
50,515.9386,1434.674,-1105.9767,0.0,0.0,0.0,-1299.4874,-16190.7384,626.3269,11791.1148,-1948.0836,40.5556,0.0,-4228.1482,-1907.528,-6135.6762
51,499.5146,1414.9716,-1095.0204,0.0,0.0,0.0,-1253.0248,-16108.3912,625.6282,11752.8853,-2001.8886,41.9533,0.0,-4163.4367,-1959.9353,-6123.372
52,524.3094,1421.9702,-1105.6224,0.0,0.0,0.0,-1287.7543,-15990.2874,602.6065,11818.4876,-2105.1028,41.1243,0.0,-4016.2904,-2063.9785,-6080.2689
53,475.0615,1437.5641,-1092.5867,0.0,0.0,0.0,-1269.4677,-16032.2762,619.814,11748.5135,-1992.6123,40.8525,0.0,-4113.377500000002,-1951.7598,-6065.137300000002
54,533.054,1450.8537,-1098.8841,0.0,0.0,0.0,-1258.3583,-16078.1109,602.7252,11726.2977,-1977.0247,40.802,0.0,-4122.422699999999,-1936.2227,-6058.645399999999
55,529.8724,1436.8681,-1065.9771,0.0,0.0,0.0,-1262.8492,-16024.8492,614.3759,11704.1879,-2040.3419,40.8401,0.0,-4068.3712000000014,-1999.5018,-6067.8730000000005
56,536.364,1451.7413,-1087.6716,0.0,0.0,0.0,-1276.3473,-16129.1771,619.8208,11791.2114,-1991.9776,39.4062,0.0,-4094.058500000001,-1952.5714,-6046.629900000001
57,513.5518,1434.9087,-1087.9396,0.0,0.0,0.0,-1288.7619,-16067.6576,604.167,11774.2341,-2031.1103,41.2741,0.0,-4117.497500000001,-1989.8362,-6107.333700000002
58,524.4015,1408.4654,-1099.3402,0.0,0.0,0.0,-1286.4221,-16088.9814,596.1432,11735.6628,-1976.0461,40.011,0.0,-4210.070800000001,-1936.0351,-6146.1059000000005
59,522.9056,1451.4261,-1116.5301,0.0,0.0,0.0,-1280.5615,-15996.9874,588.8432,11766.557,-2040.9108,40.7043,0.0,-4064.347099999999,-2000.2065,-6064.553599999998
60,486.7083,1395.983,-1094.3991,0.0,0.0,0.0,-1263.0055,-16080.6109,616.3318,11836.1634,-2054.1892,40.4354,0.0,-4102.829,-2013.7537999999997,-6116.582799999999
61,498.8143,1329.0325,-1085.9277,0.0,0.0,0.0,-1268.5585,-16229.7022,629.0994,11817.0539,-1881.0135,40.2601,0.0,-4310.1883,-1840.7534,-6150.941699999999
62,525.8878,1379.4709,-1086.2714,0.0,0.0,0.0,-1296.9397,-16091.2793,600.0923,11818.3301,-2009.0863,41.2385,0.0,-4150.709300000002,-1967.8478,-6118.557100000002
63,485.8236,1444.0477,-1073.9313,0.0,0.0,0.0,-1248.2814,-16023.3823,608.0494,11733.8046,-2045.6378,41.5893,0.0,-4073.8696999999993,-2004.0484999999999,-6077.9182
64,511.2018,1444.5482,-1062.8747,0.0,0.0,0.0,-1278.3346,-16180.556,586.9006,11786.7543,-1954.7112,40.7715,0.0,-4192.360399999998,-1913.9397,-6106.300099999998
65,504.7805,1410.8265,-1061.0317,0.0,0.0,0.0,-1276.0315,-16324.421,606.3347,11771.6102,-1755.1243,39.7481,0.0,-4367.9323,-1715.3762,-6083.3085
66,522.4888,1393.4451,-1091.2545,0.0,0.0,0.0,-1281.672,-16342.2697,612.887,11758.6712,-1737.5993,39.684,0.0,-4427.704100000001,-1697.9153000000001,-6125.6194000000005
67,503.3858,1387.9411,-1112.6385,0.0,0.0,0.0,-1262.9316,-16250.5379,605.4867,11800.3608,-1867.0088,41.5263,0.0,-4328.9336,-1825.4825,-6154.4160999999995
68,533.1419,1417.1841,-1103.9742,0.0,0.0,0.0,-1290.3118,-16054.2963,596.8889,11717.1892,-1960.1878,40.7613,0.0,-4184.1782,-1919.4265,-6103.6047
69,489.3613,1400.6889,-1093.6436,0.0,0.0,0.0,-1258.4674,-16077.6031,605.1811,11729.731,-1946.31,40.8157,0.0,-4204.7518,-1905.4942999999998,-6110.246099999999
70,514.2446,1481.0942,-1106.4231,0.0,0.0,0.0,-1270.9861,-16059.2263,610.3432,11698.314,-1968.2219,41.7413,0.0,-4132.639499999999,-1926.4806,-6059.1201
71,533.8204,1451.6423,-1093.9889,0.0,0.0,0.0,-1288.4548,-16125.3938,604.2964,11744.8891,-1939.6456,41.12,0.0,-4173.189300000002,-1898.5256000000002,-6071.714900000002
72,498.2741,1379.2105,-1105.4425,0.0,0.0,0.0,-1285.0509,-16138.5175,605.7487,11737.7928,-1912.5617,40.3963,0.0,-4307.984800000002,-1872.1653999999999,-6180.150200000002
73,488.4255,1403.6191,-1101.3395,0.0,0.0,0.0,-1250.3292,-16162.2241,632.1567,11837.1715,-1959.5007,41.4818,0.0,-4152.52,-1918.0189,-6070.538900000001
74,492.133,1403.823,-1094.1314,0.0,0.0,0.0,-1276.5661,-16045.7358,613.0764,11786.8475,-2039.0299,42.1973,0.0,-4120.553399999999,-1996.8326,-6117.385999999999
75,534.2254,1488.5415,-1094.367,0.0,0.0,0.0,-1282.1616,-15978.0529,598.1192,11740.6148,-2093.2606,41.7191,0.0,-3993.080600000001,-2051.5415000000003,-6044.6221000000005
76,481.3684,1420.2868,-1114.9804,0.0,0.0,0.0,-1263.4829,-16087.0016,611.4969,11765.4325,-1978.9392,40.7631,0.0,-4186.880299999997,-1938.1761000000001,-6125.056399999997
77,489.5043,1433.6334,-1112.3961,0.0,0.0,0.0,-1273.5704,-16130.5415,626.7708,11811.0891,-1973.6414,40.8628,0.0,-4155.510399999999,-1932.7785999999999,-6088.289
78,511.2422,1398.9835,-1094.9309,0.0,0.0,0.0,-1281.235,-16160.6733,610.8726,11758.7481,-1935.1803,40.4512,0.0,-4256.992799999998,-1894.7291,-6151.721899999998
79,487.7983,1426.4245,-1094.6321,0.0,0.0,0.0,-1281.5259,-16107.7755,616.2659,11740.2263,-1930.9472,40.3209,0.0,-4213.218499999999,-1890.6263000000001,-6103.8448
80,506.3626,1457.3427,-1104.0495,0.0,0.0,0.0,-1265.6228,-16243.0025,600.6221,11812.2469,-1899.6444,40.2457,0.0,-4236.100499999999,-1859.3987,-6095.499199999998
81,482.1847,1405.1122,-1098.5614,0.0,0.0,0.0,-1293.5782,-16074.6401,605.514,11796.0298,-2042.2047,40.7574,0.0,-4177.939000000002,-2001.4473,-6179.386300000002
82,533.5803,1435.2073,-1088.3946,0.0,0.0,0.0,-1269.0958,-16015.5809,615.6684,11841.815,-2140.0205,41.5798,0.0,-3946.800299999999,-2098.4407,-6045.240999999999
83,497.1292,1460.14,-1073.6836,0.0,0.0,0.0,-1258.6685,-15962.7029,593.6925,11759.7644,-2117.231,41.698,0.0,-3984.3289000000004,-2075.5330000000004,-6059.8619
84,546.0748,1399.5177,-1104.6123,0.0,0.0,0.0,-1285.7057,-16034.407,601.4083,11742.9666,-1985.4092,40.0415,0.0,-4134.757600000001,-1945.3677,-6080.125300000001
85,495.6711,1428.4669,-1088.4793,0.0,0.0,0.0,-1264.5017,-16073.1888,607.3369,11734.0765,-1969.244,41.2975,0.0,-4160.618400000001,-1927.9465,-6088.564900000001
86,527.3822,1468.3458,-1104.2155,0.0,0.0,0.0,-1277.0708,-15938.0496,581.3163,11674.5761,-2040.3393,41.3117,0.0,-4067.7155000000002,-1999.0276000000001,-6066.7431
87,497.5513,1423.0727,-1107.6809,0.0,0.0,0.0,-1258.8646,-16136.8862,605.1776,11738.4544,-1973.4678,40.7671,0.0,-4239.175700000002,-1932.7006999999999,-6171.876400000002
88,500.9566,1384.0557,-1131.8441,0.0,0.0,0.0,-1279.4183,-16147.0224,642.1191,11796.2614,-1961.6834,40.5012,0.0,-4234.892,-1921.1822,-6156.0742
89,503.0881,1466.781,-1115.8916,0.0,0.0,0.0,-1281.7703,-16203.6271,595.8717,11789.0409,-1894.6396,41.1851,0.0,-4246.507300000001,-1853.4545,-6099.961800000002
90,503.6032,1435.0171,-1066.1852,0.0,0.0,0.0,-1276.3413,-16175.4277,614.0064,11775.1934,-1953.7125,41.0933,0.0,-4190.134100000001,-1912.6192,-6102.7533
91,510.7563,1456.7521,-1086.2676,0.0,0.0,0.0,-1263.7653,-16200.354,617.9058,11759.2735,-1904.1729,40.0636,0.0,-4205.699199999999,-1864.1093,-6069.808499999998
92,507.2922,1385.2854,-1120.4401,0.0,0.0,0.0,-1251.6974,-16258.354,628.2593,11798.1619,-1872.7045,40.2154,0.0,-4311.492700000001,-1832.4891,-6143.9818000000005
93,509.4342,1438.6762,-1094.7156,0.0,0.0,0.0,-1252.0476,-15990.8939,606.2476,11699.8876,-2042.7839,41.3486,0.0,-4083.4114999999983,-2001.4352999999999,-6084.846799999998
94,527.8711,1374.7972,-1104.489,0.0,0.0,0.0,-1283.1366,-16071.2116,610.7272,11758.8167,-2003.4356,40.892,0.0,-4186.625000000002,-1962.5436,-6149.168600000002
95,520.3524,1376.3227,-1086.1884,0.0,0.0,0.0,-1277.9637,-16100.0346,623.3734,11750.8504,-1976.2419,40.8296,0.0,-4193.287800000002,-1935.4123,-6128.700100000002
96,524.7906,1408.3448,-1130.85,0.0,0.0,0.0,-1262.2995,-16139.2916,614.4632,11745.5265,-1947.6085,41.3865,0.0,-4239.316000000001,-1906.222,-6145.538000000001
97,516.3433,1436.831,-1112.6937,0.0,0.0,0.0,-1274.0933,-16143.7434,602.5655,11770.0411,-1992.3498,41.4727,0.0,-4204.7495,-1950.8771,-6155.6266
98,492.1623,1408.745,-1084.3416,0.0,0.0,0.0,-1259.3806,-16119.5191,603.6301,11750.0051,-1931.017,40.5231,0.0,-4208.698799999998,-1890.4939,-6099.192699999998
99,492.6506,1482.7112,-1065.4164,0.0,0.0,0.0,-1263.2143,-16020.4616,619.4102,11750.6377,-2061.6793,41.0956,0.0,-4003.682600000002,-2020.5836999999997,-6024.266300000002
100,490.8819,1405.7045,-1097.017,0.0,0.0,0.0,-1251.1233,-16071.38,623.9973,11740.7231,-2034.8298,40.3863,0.0,-4158.213500000002,-1994.4435,-6152.657000000001
101,509.5551,1418.961,-1068.3929,0.0,0.0,0.0,-1271.3562,-16289.1914,626.725,11783.2148,-1832.3732,40.3104,0.0,-4290.4846,-1792.0628,-6082.5473999999995
102,542.8254,1405.3288,-1091.0616,0.0,0.0,0.0,-1264.5723,-16140.9215,620.3774,11750.8007,-1958.6382,40.8429,0.0,-4177.223100000001,-1917.7953,-6095.018400000002
103,499.8505,1381.1471,-1079.094,0.0,0.0,0.0,-1262.2539,-16098.4134,596.6712,11752.1648,-1965.3175,40.2722,0.0,-4209.927699999998,-1925.0453000000002,-6134.972999999998
104,493.8156,1429.5143,-1075.2683,0.0,0.0,0.0,-1261.4351,-16102.1216,627.7704,11859.7318,-2072.0029,40.508,0.0,-4027.992900000001,-2031.4949,-6059.487800000001
105,552.6851,1363.5848,-1094.4101,0.0,0.0,0.0,-1278.8877,-16169.4594,635.7505,11862.7377,-1991.7131,40.2019,0.0,-4127.999100000001,-1951.5112,-6079.510300000001
106,537.2353,1408.4619,-1107.6016,0.0,0.0,0.0,-1289.4111,-16105.8193,593.7794,11765.7926,-1988.6963,40.8374,0.0,-4197.5628,-1947.8589000000002,-6145.421699999999
107,503.5823,1396.3977,-1086.2502,0.0,0.0,0.0,-1280.0749,-15967.798,596.45,11769.2207,-2117.6622,42.5103,0.0,-4068.4724000000006,-2075.1519000000003,-6143.624300000001
108,527.3008,1423.2221,-1091.951,0.0,0.0,0.0,-1265.1861,-16011.558,604.6928,11735.5354,-2026.1279,41.1827,0.0,-4077.9439999999995,-1984.9451999999999,-6062.889199999999
109,532.4632,1456.1865,-1093.7057,0.0,0.0,0.0,-1283.4395,-16031.9251,605.0518,11729.789,-2022.8895,40.1873,0.0,-4085.5798000000013,-1982.7022,-6068.282000000002
110,521.4286,1432.0343,-1077.5374,0.0,0.0,0.0,-1259.09,-16268.6468,606.4458,11730.9825,-1861.5039,41.0996,0.0,-4314.383000000002,-1820.4043,-6134.787300000002
111,497.8757,1417.4245,-1076.6364,0.0,0.0,0.0,-1295.7263,-16016.3245,603.743,11785.0481,-2057.1811,40.6405,0.0,-4084.595900000002,-2016.5405999999998,-6101.136500000001
112,532.259,1412.8435,-1122.6154,0.0,0.0,0.0,-1258.0579,-16144.2862,587.0986,11749.3037,-1935.6622,40.4976,0.0,-4243.4547,-1895.1646,-6138.6193
113,513.7074,1453.8749,-1121.9185,0.0,0.0,0.0,-1251.6096,-16040.3163,617.2274,11707.0662,-1971.1989,41.4244,0.0,-4121.968500000001,-1929.7745,-6051.743000000001
114,529.4164,1409.6151,-1099.41,0.0,0.0,0.0,-1231.4717,-16166.3199,624.6826,11725.3149,-1923.6436,41.7903,0.0,-4208.1726,-1881.8533000000002,-6090.025900000001
115,494.7061,1456.4022,-1107.9016,0.0,0.0,0.0,-1227.0632,-16291.6963,614.2777,11792.1247,-1852.6552,41.4231,0.0,-4269.1504,-1811.2321,-6080.382500000001
116,545.4331,1383.9429,-1104.0959,0.0,0.0,0.0,-1266.9842,-16204.2958,605.2583,11748.9816,-1909.41,41.2141,0.0,-4291.76,-1868.1959000000002,-6159.9559
117,517.9316,1422.3342,-1128.6941,0.0,0.0,0.0,-1279.9298,-16002.1903,603.7241,11657.3394,-1965.5785,41.0035,0.0,-4209.4848999999995,-1924.575,-6134.059899999999
118,544.5154,1444.8713,-1101.6956,0.0,0.0,0.0,-1276.8195,-16085.2083,586.4976,11687.7584,-1950.3175,40.0051,0.0,-4200.080699999999,-1910.3124,-6110.393099999998
119,506.5956,1359.6174,-1083.4402,0.0,0.0,0.0,-1276.3154,-16201.8972,613.5866,11808.7747,-1968.4904,39.9216,0.0,-4273.0785,-1928.5688,-6201.6473
120,499.2459,1452.5728,-1110.015,0.0,0.0,0.0,-1271.7908,-16083.741,618.7064,11769.0054,-2016.6224,41.3152,0.0,-4126.016300000001,-1975.3072,-6101.323500000001
121,499.4402,1404.273,-1109.9919,0.0,0.0,0.0,-1283.6669,-16186.03,621.3942,11809.1961,-1940.8207,40.5662,0.0,-4245.385300000002,-1900.2545,-6145.639800000002
122,528.9194,1382.2622,-1091.3606,0.0,0.0,0.0,-1286.0314,-16152.7341,610.8791,11759.2863,-1939.5752,40.6786,0.0,-4248.779100000002,-1898.8966,-6147.675700000002
123,477.9617,1397.0342,-1079.1567,0.0,0.0,0.0,-1284.8409,-16252.4844,626.9438,11803.7172,-1861.0397,39.7804,0.0,-4310.825099999998,-1821.2593,-6132.084399999999
124,526.381,1416.2419,-1054.4348,0.0,0.0,0.0,-1264.6844,-16200.2157,603.0935,11646.6829,-1813.6195,40.6671,0.0,-4326.935600000001,-1772.9524000000001,-6099.888000000001
125,504.043,1456.8844,-1116.8309,0.0,0.0,0.0,-1277.1942,-16125.016,599.1861,11748.7764,-1924.9269,40.8287,0.0,-4210.151199999997,-1884.0982,-6094.249399999997
126,513.3584,1407.9694,-1099.5587,0.0,0.0,0.0,-1266.0905,-16149.1865,623.1186,11816.413,-1976.6244,41.0692,0.0,-4153.9763,-1935.5552,-6089.5315
127,507.0071,1452.5331,-1108.6824,0.0,0.0,0.0,-1257.2751,-16127.3687,628.4883,11796.4865,-1983.5791,41.5178,0.0,-4108.811199999998,-1942.0612999999998,-6050.872499999999
128,528.5665,1433.1541,-1098.8258,0.0,0.0,0.0,-1264.1528,-16152.3244,604.8789,11738.2629,-1901.4859,41.0378,0.0,-4210.4406,-1860.4480999999998,-6070.8886999999995
129,497.0393,1393.0735,-1138.4678,0.0,0.0,0.0,-1286.0093,-16108.1444,613.4309,11789.7085,-1978.1878,40.6436,0.0,-4239.3692999999985,-1937.5441999999998,-6176.913499999998
130,507.2582,1433.2409,-1081.8263,0.0,0.0,0.0,-1253.1433,-16083.6232,629.5675,11792.7622,-2027.6056,41.3719,0.0,-4055.764000000003,-1986.2337,-6041.997700000003
131,501.0133,1420.9828,-1071.7512,0.0,0.0,0.0,-1277.7771,-16285.1114,623.1169,11785.9143,-1835.8127,39.8692,0.0,-4303.612399999998,-1795.9434999999999,-6099.5558999999985
132,502.052,1451.4454,-1082.3636,0.0,0.0,0.0,-1268.0075,-16210.3608,593.4373,11797.5082,-1906.9848,41.3254,0.0,-4216.288999999999,-1865.6594,-6081.948399999999
133,474.3632,1457.8064,-1099.8033,0.0,0.0,0.0,-1274.2745,-16203.4372,600.3143,11759.5138,-1902.1916,40.4358,0.0,-4285.517300000001,-1861.7558000000001,-6147.273100000001
134,528.4097,1404.7939,-1089.2525,0.0,0.0,0.0,-1274.0569,-16189.1014,605.1333,11845.4899,-1943.0956,39.977,0.0,-4168.584000000001,-1903.1186,-6071.702600000001
135,497.1588,1364.4246,-1073.1308,0.0,0.0,0.0,-1276.813,-16251.4168,619.2807,11801.0934,-1842.8705,40.1135,0.0,-4319.403100000001,-1802.757,-6122.160100000001
136,537.177,1442.9255,-1095.33,0.0,0.0,0.0,-1259.8516,-16203.7142,622.6689,11770.6094,-1910.8334,40.502,0.0,-4185.515000000001,-1870.3314,-6055.8464
137,504.9881,1427.2369,-1111.3733,0.0,0.0,0.0,-1268.5534,-16215.2731,639.066,11824.6132,-1941.4736,41.4197,0.0,-4199.2955999999995,-1900.0539,-6099.349499999999
138,524.5486,1436.1362,-1103.3999,0.0,0.0,0.0,-1274.8408,-15986.3338,614.1549,11761.3803,-2098.4036,41.2741,0.0,-4028.3544999999995,-2057.1295,-6085.4839999999995
139,476.7489,1497.3346,-1112.5866,0.0,0.0,0.0,-1262.2295,-16254.6876,612.7625,11825.3997,-1877.4128,40.1377,0.0,-4217.258,-1837.2751,-6054.5331
140,498.0373,1387.4632,-1085.8598,0.0,0.0,0.0,-1282.2267,-16224.1192,607.7877,11810.5129,-1893.2812,40.0337,0.0,-4288.4046,-1853.2475,-6141.652099999999
141,524.5356,1388.7309,-1109.5428,0.0,0.0,0.0,-1266.1997,-16044.8108,618.7473,11734.2512,-2005.6417,40.3671,0.0,-4154.288299999998,-1965.2746,-6119.562899999998
142,534.72,1418.0527,-1121.6027,0.0,0.0,0.0,-1280.8475,-16063.8432,606.8625,11774.5762,-2012.8359,40.9416,0.0,-4132.082000000002,-1971.8943,-6103.976300000002
143,529.0143,1419.3456,-1111.4288,0.0,0.0,0.0,-1275.1135,-16156.5896,607.9829,11768.6976,-1946.439,40.3585,0.0,-4218.091499999999,-1906.0805,-6124.171999999999
144,500.7855,1470.7961,-1118.0274,0.0,0.0,0.0,-1275.2792,-16162.3642,605.9722,11742.4774,-1908.1463,40.0687,0.0,-4235.639599999999,-1868.0776,-6103.717199999999
145,485.6288,1364.4523,-1111.6869,0.0,0.0,0.0,-1253.141,-16224.3825,610.3193,11760.6021,-1848.3712,40.8014,0.0,-4368.207900000001,-1807.5698,-6175.777700000001
146,509.6362,1450.1384,-1127.4779,0.0,0.0,0.0,-1255.1661,-16220.4883,621.8212,11746.2484,-1883.4414,40.9459,0.0,-4275.2881,-1842.4955,-6117.7836
147,511.9485,1373.6053,-1113.7897,0.0,0.0,0.0,-1281.0791,-16193.1356,625.3333,11805.1301,-1929.5495,40.9295,0.0,-4271.9872,-1888.6200000000001,-6160.6071999999995
148,516.535,1428.146,-1118.2518,0.0,0.0,0.0,-1272.5705,-16191.6594,602.9268,11851.741,-1933.8462,41.6044,0.0,-4183.1329000000005,-1892.2418,-6075.3747
149,499.1091,1367.5418,-1036.4339,0.0,0.0,0.0,-1276.1222,-16200.7792,595.4452,11778.9911,-1891.1635,40.8687,0.0,-4272.2481000000025,-1850.2948000000001,-6122.542900000003
150,536.9658,1422.4828,-1084.4819,0.0,0.0,0.0,-1287.0438,-16132.2824,602.1643,11802.627,-1930.0854,41.1947,0.0,-4139.568199999998,-1888.8907,-6028.458899999998
151,527.1512,1419.6016,-1120.7493,0.0,0.0,0.0,-1253.7402,-16030.3673,618.7365,11768.5383,-2033.5801,41.7351,0.0,-4070.8292,-1991.8449999999998,-6062.6742
152,548.2114,1392.4446,-1097.4465,0.0,0.0,0.0,-1251.0378,-16159.759,598.9324,11747.372,-1895.4966,40.8307,0.0,-4221.2829,-1854.6659,-6075.9488
153,515.5718,1463.2515,-1090.8989,0.0,0.0,0.0,-1283.7566,-16102.9883,614.2905,11749.4884,-1924.3772,40.1652,0.0,-4135.041600000002,-1884.212,-6019.253600000002
154,507.5565,1418.0427,-1051.4998,0.0,0.0,0.0,-1284.7164,-16124.6483,592.9198,11740.2891,-1910.073,40.9437,0.0,-4202.0563999999995,-1869.1293,-6071.1857
155,522.8162,1415.9114,-1067.5027,0.0,0.0,0.0,-1278.4692,-16148.291,596.0639,11806.1273,-1971.7029,41.2208,0.0,-4153.3441,-1930.4821,-6083.8262
156,519.7275,1424.9113,-1093.6228,0.0,0.0,0.0,-1242.5481,-16286.7811,606.217,11770.3342,-1823.5951,39.8726,0.0,-4301.762000000001,-1783.7225,-6085.484500000001
157,508.7964,1456.802,-1086.758,0.0,0.0,0.0,-1287.4996,-16198.4322,597.9915,11823.8478,-1949.194,40.8624,0.0,-4185.2521000000015,-1908.3316,-6093.583700000001
158,489.2733,1468.5001,-1097.2284,0.0,0.0,0.0,-1283.2799,-16117.0429,625.666,11763.7712,-1973.2512,40.1763,0.0,-4150.340600000001,-1933.0748999999998,-6083.415500000001
159,460.4105,1440.8555,-1097.4132,0.0,0.0,0.0,-1266.1869,-16262.6693,600.6257,11852.8213,-1906.2076,39.8719,0.0,-4271.556400000001,-1866.3356999999999,-6137.892100000001
160,541.7848,1416.1162,-1091.9716,0.0,0.0,0.0,-1264.5681,-16043.7891,613.5882,11725.6156,-1999.0363,41.0678,0.0,-4103.224000000002,-1957.9685,-6061.192500000002
161,486.0299,1437.1294,-1105.3236,0.0,0.0,0.0,-1236.3921,-16198.0119,593.0091,11814.3144,-1952.6712,40.2515,0.0,-4209.2448,-1912.4197,-6121.6645
162,496.2493,1456.2905,-1113.5242,0.0,0.0,0.0,-1274.1622,-16095.2884,617.1657,11744.4098,-1975.8659,41.209,0.0,-4168.859499999999,-1934.6569,-6103.516399999999
163,520.6165,1423.8015,-1108.5675,0.0,0.0,0.0,-1296.3199,-16028.8673,616.9175,11750.7102,-2024.4017,40.8962,0.0,-4121.709000000001,-1983.5055,-6105.214500000001
164,508.4353,1474.2309,-1097.8579,0.0,0.0,0.0,-1263.8404,-16180.2566,616.558,11814.2567,-1921.519,40.2494,0.0,-4128.474,-1881.2696,-6009.743600000001
165,505.0725,1377.3478,-1110.0326,0.0,0.0,0.0,-1286.2094,-16137.5094,601.654,11787.1736,-1942.5946,41.2364,0.0,-4262.503499999999,-1901.3582,-6163.8616999999995
166,493.3161,1481.0555,-1114.2406,0.0,0.0,0.0,-1265.3169,-16087.5903,607.3568,11733.9883,-1938.5716,41.1661,0.0,-4151.4311,-1897.4055,-6048.8366
167,553.5184,1397.371,-1117.0692,0.0,0.0,0.0,-1252.9207,-16181.4108,623.2433,11808.8494,-1961.8106,41.4794,0.0,-4168.418599999999,-1920.3312,-6088.749799999999
168,503.0795,1395.6215,-1071.1525,0.0,0.0,0.0,-1259.9635,-16234.9689,612.1049,11807.4594,-1925.823,40.9304,0.0,-4247.819600000001,-1884.8926000000001,-6132.712200000001
169,520.2926,1434.4754,-1108.2877,0.0,0.0,0.0,-1295.9285,-16134.9274,611.0358,11796.2875,-1956.9056,40.1443,0.0,-4177.052299999999,-1916.7613000000001,-6093.8135999999995
170,507.9285,1421.4701,-1114.5595,0.0,0.0,0.0,-1242.6962,-15954.3819,607.2117,11746.2002,-2078.9124,41.8019,0.0,-4028.8271000000022,-2037.1105000000002,-6065.937600000002
171,520.1646,1462.5002,-1123.7294,0.0,0.0,0.0,-1266.3026,-16065.0418,622.2173,11769.9261,-2045.2474,41.2728,0.0,-4080.265599999999,-2003.9746,-6084.240199999999
172,555.4127,1413.3056,-1110.7391,0.0,0.0,0.0,-1274.4354,-16181.8845,600.6298,11805.1336,-1927.3812,40.4436,0.0,-4192.577300000001,-1886.9376,-6079.514900000001
173,489.0804,1441.5075,-1099.61,0.0,0.0,0.0,-1246.2115,-16146.2209,612.3572,11785.864,-1948.346,41.2978,0.0,-4163.2333,-1907.0482,-6070.281499999999
174,503.1677,1427.9128,-1077.8866,0.0,0.0,0.0,-1293.7389,-16097.9784,619.46,11754.8485,-1969.6124,40.8972,0.0,-4164.214899999999,-1928.7152,-6092.930099999999
175,503.8587,1402.1126,-1099.0808,0.0,0.0,0.0,-1296.6239,-16210.1021,598.8093,11816.4603,-1932.7853,41.0591,0.0,-4284.5659,-1891.7262,-6176.292099999999
176,519.0326,1471.2335,-1098.349,0.0,0.0,0.0,-1288.2704,-16286.3917,600.4681,11729.0862,-1795.6507,40.4386,0.0,-4353.190699999999,-1755.2121,-6108.402799999999
177,474.4246,1384.744,-1091.392,0.0,0.0,0.0,-1268.835,-16084.0171,611.4845,11788.7009,-1951.6263,41.5828,0.0,-4184.890099999999,-1910.0435,-6094.9335999999985
178,514.8975,1418.1399,-1084.2797,0.0,0.0,0.0,-1304.2546,-16203.0631,589.3143,11814.2455,-1911.0521,39.4329,0.0,-4255.000199999997,-1871.6192,-6126.619399999997
179,535.7007,1399.3022,-1057.7858,0.0,0.0,0.0,-1280.2234,-16096.318,604.3494,11725.5311,-1923.5171,40.3584,0.0,-4169.443800000001,-1883.1587,-6052.602500000001
180,542.7945,1428.1168,-1063.1952,0.0,0.0,0.0,-1303.6331,-16148.8098,613.6167,11777.2452,-1935.2841,40.7029,0.0,-4153.8649000000005,-1894.5812,-6048.4461
181,497.7084,1416.9176,-1089.3146,0.0,0.0,0.0,-1285.2332,-16307.5887,615.5264,11803.3477,-1820.6859,39.7397,0.0,-4348.636399999999,-1780.9461999999999,-6129.5826
182,522.4648,1426.0214,-1107.9377,0.0,0.0,0.0,-1291.0171,-16224.726,593.4627,11817.0722,-1935.2191,40.0644,0.0,-4264.659699999998,-1895.1547,-6159.814399999998
183,470.6286,1428.0507,-1091.0643,0.0,0.0,0.0,-1288.3951,-16222.3871,625.4841,11839.0182,-1924.1589,40.0456,0.0,-4238.6649,-1884.1133,-6122.7782
184,514.0092,1454.7613,-1109.8934,0.0,0.0,0.0,-1284.1859,-16271.0616,587.7084,11797.1326,-1835.9928,39.9318,0.0,-4311.529399999999,-1796.061,-6107.590399999999
185,494.5334,1474.3806,-1080.4226,0.0,0.0,0.0,-1272.9278,-16183.1982,594.8679,11742.3472,-1908.7089,40.3956,0.0,-4230.419500000002,-1868.3133,-6098.732800000002
186,509.5932,1421.3733,-1106.5655,0.0,0.0,0.0,-1284.0641,-16276.9928,604.953,11722.021,-1766.7508,40.1104,0.0,-4409.681900000001,-1726.6404,-6136.322300000002
187,525.4315,1381.3427,-1116.8494,0.0,0.0,0.0,-1291.0151,-16251.8044,618.495,11834.5605,-1912.1303,40.7582,0.0,-4299.8392,-1871.3721,-6171.2113
188,534.0526,1475.0279,-1112.6872,0.0,0.0,0.0,-1291.8451,-16172.291,611.2023,11695.2319,-1875.2602,40.7108,0.0,-4261.3085999999985,-1834.5493999999999,-6095.857999999998
189,530.8022,1408.6383,-1082.8435,0.0,0.0,0.0,-1275.0539,-16174.1301,623.5933,11789.4975,-1908.7194,40.4465,0.0,-4179.4962,-1868.2729,-6047.7690999999995
190,476.1198,1403.0486,-1114.3368,0.0,0.0,0.0,-1228.4121,-16056.8882,616.5421,11756.3496,-2005.8922,41.6864,0.0,-4147.5769999999975,-1964.2058,-6111.782799999998
191,510.3807,1415.4332,-1072.7562,0.0,0.0,0.0,-1292.813,-16206.4761,609.0979,11799.9878,-1905.9294,40.864,0.0,-4237.145699999999,-1865.0654,-6102.2110999999995
192,498.3803,1389.1839,-1091.0511,0.0,0.0,0.0,-1273.7843,-16169.141,611.4209,11807.9433,-1913.1648,40.875,0.0,-4227.047999999999,-1872.2898,-6099.337799999999
193,505.5265,1410.7413,-1100.9228,0.0,0.0,0.0,-1270.4806,-16062.9447,613.1369,11697.6387,-2003.2128,41.1995,0.0,-4207.304700000002,-1962.0133,-6169.318000000003
194,516.1148,1439.6183,-1097.0833,0.0,0.0,0.0,-1250.2061,-15986.1309,628.1314,11737.4732,-2069.8354,41.7671,0.0,-4012.0825999999997,-2028.0683,-6040.1509
195,503.3574,1434.0505,-1089.8797,0.0,0.0,0.0,-1281.9389,-16106.9951,612.4588,11798.1663,-1975.9322,41.0992,0.0,-4130.780699999999,-1934.8329999999999,-6065.6137
196,473.3954,1451.1372,-1107.2808,0.0,0.0,0.0,-1272.0754,-16137.8382,629.3504,11825.9523,-1963.7633,41.6661,0.0,-4137.3591000000015,-1922.0972000000002,-6059.456300000002
197,510.4961,1435.2322,-1122.5928,0.0,0.0,0.0,-1266.398,-16115.3626,622.4134,11841.202,-2015.5144,40.8427,0.0,-4095.0097000000023,-1974.6717,-6069.681400000002
198,534.7055,1442.5601,-1088.4369,0.0,0.0,0.0,-1276.6558,-16190.0538,608.4797,11743.0761,-1907.9143,39.4088,0.0,-4226.3251,-1868.5055,-6094.8306
199,498.5142,1397.4736,-1076.8272,0.0,0.0,0.0,-1282.3495,-16132.2501,610.5357,11817.1207,-1997.1533,41.0594,0.0,-4167.782599999999,-1956.0938999999998,-6123.8764999999985
200,508.3951,1430.1332,-1085.7318,0.0,0.0,0.0,-1285.6318,-16088.7447,601.6272,11741.6516,-1968.3865,40.9577,0.0,-4178.301199999998,-1927.4288000000001,-6105.729999999999
201,530.8189,1427.5654,-1096.5131,0.0,0.0,0.0,-1247.5749,-16208.7799,591.1467,11726.7919,-1848.3587,40.5741,0.0,-4276.545,-1807.7846,-6084.3296
202,547.1821,1417.3482,-1103.2019,0.0,0.0,0.0,-1278.5373,-16044.986,607.1024,11728.5931,-1991.3695,41.9223,0.0,-4126.499400000002,-1949.4472,-6075.946600000002
203,531.9996,1421.6329,-1100.0789,0.0,0.0,0.0,-1306.0031,-16134.4734,602.2032,11804.6248,-1964.0897,40.4598,0.0,-4180.094900000002,-1923.6299,-6103.724800000003
204,519.3261,1400.6477,-1072.5624,0.0,0.0,0.0,-1284.5186,-16130.2287,602.4524,11789.0467,-1938.4666,40.9712,0.0,-4175.836799999997,-1897.4954,-6073.332199999997
205,564.0495,1411.7929,-1079.4914,0.0,0.0,0.0,-1255.2029,-16151.7132,596.8114,11771.0989,-1949.046,40.7387,0.0,-4142.654799999998,-1908.3073,-6050.962099999999
206,479.8783,1397.3032,-1089.2601,0.0,0.0,0.0,-1284.9533,-16155.8929,620.1655,11849.3761,-1939.5685,41.087,0.0,-4183.383200000002,-1898.4815,-6081.864700000002
207,524.0913,1444.6302,-1085.3055,0.0,0.0,0.0,-1270.6261,-16230.4611,601.6403,11829.442,-1919.196,39.9474,0.0,-4186.5889000000025,-1879.2486,-6065.837500000002
208,499.5196,1397.9503,-1079.3134,0.0,0.0,0.0,-1301.1521,-16124.8174,605.1035,11788.5885,-1963.6159,40.6593,0.0,-4214.120999999999,-1922.9566,-6137.077599999999
209,500.1386,1453.1767,-1084.6505,0.0,0.0,0.0,-1293.4642,-16147.0757,602.7004,11733.9458,-1899.5307,40.741,0.0,-4235.228899999998,-1858.7897,-6094.0185999999985
210,523.4806,1462.5981,-1095.101,0.0,0.0,0.0,-1270.8415,-15995.1833,593.1187,11729.2874,-2054.368,41.568,0.0,-4052.6410000000014,-2012.8,-6065.441000000002
211,528.1939,1421.203,-1060.0558,0.0,0.0,0.0,-1244.5984,-16036.3562,605.1755,11772.4152,-2053.7987,40.7223,0.0,-4014.0228000000006,-2013.0764,-6027.0992
212,519.8436,1393.1513,-1071.2091,0.0,0.0,0.0,-1274.53,-16114.5148,587.7988,11758.67,-1953.2532,40.7449,0.0,-4200.790200000001,-1912.5083000000002,-6113.298500000002
213,492.9843,1443.0648,-1071.0274,0.0,0.0,0.0,-1273.275,-16159.7867,611.3902,11838.7109,-2010.2992,41.0122,0.0,-4117.938900000001,-1969.287,-6087.2259
214,488.1841,1448.3372,-1080.9439,0.0,0.0,0.0,-1270.7675,-16005.7734,600.7292,11777.1581,-2055.4673,41.5479,0.0,-4043.0762000000013,-2013.9193999999998,-6056.995600000002
215,486.8358,1398.9799,-1077.8828,0.0,0.0,0.0,-1270.9243,-16176.4429,600.6468,11792.7382,-1970.186,40.9842,0.0,-4246.049300000001,-1929.2017999999998,-6175.2511
216,524.1027,1413.4402,-1055.2846,0.0,0.0,0.0,-1246.0725,-16218.2014,595.0982,11810.2098,-1907.8889,41.1239,0.0,-4176.707599999998,-1866.7649999999999,-6043.472599999998
217,511.2709,1397.8218,-1091.8922,0.0,0.0,0.0,-1273.0953,-16206.4548,609.7252,11868.5495,-1941.1236,40.7886,0.0,-4184.074900000001,-1900.3349999999998,-6084.4099000000015
218,512.5134,1372.9852,-1117.6752,0.0,0.0,0.0,-1277.0829,-16168.1246,604.0634,11788.2368,-1943.6635,40.9693,0.0,-4285.0839,-1902.6942000000001,-6187.7781
219,528.362,1435.2287,-1065.6878,0.0,0.0,0.0,-1261.7347,-16353.6394,602.3018,11858.6985,-1828.5194,40.8859,0.0,-4256.4709,-1787.6335,-6044.1044
220,521.5014,1401.946,-1080.3827,0.0,0.0,0.0,-1269.8855,-16172.4096,615.2016,11791.1929,-1939.4873,40.4843,0.0,-4192.8359,-1899.003,-6091.8389
221,519.8713,1401.385,-1097.2025,0.0,0.0,0.0,-1267.4651,-16179.3301,618.6556,11787.5705,-1913.6582,40.7003,0.0,-4216.515299999999,-1872.9579,-6089.4731999999985
222,554.6645,1400.4416,-1113.4344,0.0,0.0,0.0,-1283.6152,-16307.6554,623.8141,11790.7811,-1796.9994,40.8165,0.0,-4335.003700000001,-1756.1829,-6091.186600000001
223,543.5897,1442.2447,-1080.1862,0.0,0.0,0.0,-1265.9268,-16278.7121,609.4988,11752.0226,-1826.0374,41.4946,0.0,-4277.4693000000025,-1784.5428,-6062.012100000003
224,508.1808,1419.5404,-1090.1609,0.0,0.0,0.0,-1279.9042,-16275.1129,610.737,11817.461,-1842.1973,41.0506,0.0,-4289.258800000001,-1801.1467,-6090.405500000002
225,513.5259,1426.7795,-1099.1434,0.0,0.0,0.0,-1268.9492,-16051.7048,625.7803,11726.7178,-2012.0972,41.7839,0.0,-4126.993899999998,-1970.3133,-6097.3071999999975
226,498.6767,1457.0367,-1099.8554,0.0,0.0,0.0,-1278.0919,-16125.9465,615.8582,11792.6875,-1962.6879,41.5186,0.0,-4139.6347000000005,-1921.1692999999998,-6060.804
227,503.39,1366.4243,-1085.7032,0.0,0.0,0.0,-1248.723,-16085.0973,612.1841,11827.6626,-2031.1317,41.358,0.0,-4109.862499999997,-1989.7737,-6099.636199999997
228,511.4871,1459.2952,-1109.1078,0.0,0.0,0.0,-1253.4592,-16175.2695,591.2378,11756.047,-1904.2622,41.413,0.0,-4219.769399999997,-1862.8491999999999,-6082.618599999998
229,507.3133,1422.9443,-1112.0487,0.0,0.0,0.0,-1230.3051,-16164.8885,599.6132,11771.2929,-1954.9951,41.7054,0.0,-4206.078600000001,-1913.2897,-6119.368300000001
230,512.7228,1428.4698,-1087.0456,0.0,0.0,0.0,-1261.4373,-16187.4135,609.0455,11775.5615,-1918.0963,41.266,0.0,-4210.096799999999,-1876.8302999999999,-6086.9271
231,502.6545,1393.4344,-1102.5719,0.0,0.0,0.0,-1262.5937,-16299.9219,613.066,11803.9931,-1849.4181,41.489,0.0,-4351.939499999999,-1807.9291,-6159.868599999999
232,526.6308,1400.234,-1094.5497,0.0,0.0,0.0,-1275.9017,-16130.6397,601.7893,11723.5188,-1947.8773,41.1077,0.0,-4248.918199999998,-1906.7696,-6155.687799999999
233,498.9513,1485.9624,-1086.191,0.0,0.0,0.0,-1275.6276,-15963.4887,602.4659,11799.1071,-2065.8769,42.1422,0.0,-3938.820600000001,-2023.7347000000002,-5962.555300000001
234,494.7901,1446.0859,-1081.8715,0.0,0.0,0.0,-1264.2614,-16044.3009,627.0752,11799.4692,-2041.095,41.4174,0.0,-4023.0134,-1999.6776,-6022.691
235,511.0437,1414.1928,-1072.2936,0.0,0.0,0.0,-1269.1843,-16206.3039,613.1075,11818.8843,-1921.9643,41.8795,0.0,-4190.553500000002,-1880.0848,-6070.638300000001
236,516.8127,1415.4541,-1124.7045,0.0,0.0,0.0,-1253.0467,-16168.058,602.0638,11792.372,-1927.4711,40.7517,0.0,-4219.106600000003,-1886.7194,-6105.826000000003
237,499.8421,1400.7376,-1093.9871,0.0,0.0,0.0,-1255.3488,-16094.3097,626.0685,11794.7447,-2023.8057,42.2508,0.0,-4122.252700000003,-1981.5548999999999,-6103.807600000003
238,509.3654,1360.5279,-1083.3565,0.0,0.0,0.0,-1262.4376,-16231.2481,602.8934,11798.498,-1916.2084,40.7072,0.0,-4305.7575,-1875.5012,-6181.258699999999
239,494.7626,1463.3339,-1096.3815,0.0,0.0,0.0,-1273.2218,-16045.5614,624.4146,11719.7598,-2000.9959,40.8111,0.0,-4112.893800000002,-1960.1848,-6073.078600000002
240,539.7814,1426.2994,-1116.446,0.0,0.0,0.0,-1272.7001,-16168.3187,611.2347,11791.6171,-1946.2104,40.1515,0.0,-4188.532199999998,-1906.0589,-6094.591099999998
241,517.9027,1373.8804,-1102.1104,0.0,0.0,0.0,-1283.2021,-16088.4021,616.2763,11762.4342,-1980.7693,40.7777,0.0,-4203.221,-1939.9915999999998,-6143.2126
242,501.1095,1445.515,-1085.2458,0.0,0.0,0.0,-1287.3445,-16158.0269,603.9747,11781.7203,-1949.2073,40.6817,0.0,-4198.297699999997,-1908.5256,-6106.823299999997
243,514.1462,1460.7957,-1106.9909,0.0,0.0,0.0,-1265.188,-16077.7997,613.8388,11688.8707,-1949.7976,40.2667,0.0,-4172.3272000000015,-1909.5309000000002,-6081.858100000001
244,515.8359,1376.6439,-1073.7198,0.0,0.0,0.0,-1277.4754,-16378.0435,616.9991,11826.2855,-1815.343,40.0264,0.0,-4393.4743,-1775.3166,-6168.7909
245,544.6435,1393.318,-1127.9237,0.0,0.0,0.0,-1264.6568,-16152.048,619.2996,11786.8613,-1921.6323,41.0753,0.0,-4200.5061000000005,-1880.557,-6081.0631
246,467.9721,1416.3526,-1097.8077,0.0,0.0,0.0,-1275.512,-16283.5082,615.2267,11796.4629,-1830.1556,40.4453,0.0,-4360.8135999999995,-1789.7103,-6150.523899999999
247,518.3605,1389.7766,-1120.2842,0.0,0.0,0.0,-1267.1087,-16190.8892,600.8249,11754.6553,-1884.109,41.0592,0.0,-4314.6648000000005,-1843.0498,-6157.714600000001
248,492.2621,1433.2026,-1095.8593,0.0,0.0,0.0,-1284.9442,-16241.694,617.5769,11770.3645,-1848.4594,40.9212,0.0,-4309.091400000001,-1807.5382,-6116.629600000001
249,528.9267,1444.9116,-1120.3071,0.0,0.0,0.0,-1266.387,-16243.4113,599.6383,11830.9026,-1897.486,40.6178,0.0,-4225.726200000001,-1856.8682000000001,-6082.594400000001
250,532.9429,1421.6419,-1086.6686,0.0,0.0,0.0,-1287.6327,-16076.2974,615.0615,11810.2807,-2010.7265,40.5205,0.0,-4070.671699999999,-1970.206,-6040.877699999999
251,529.2419,1408.4251,-1108.3293,0.0,0.0,0.0,-1271.985,-16180.1995,603.2166,11789.6309,-1911.3791,40.5378,0.0,-4229.9992999999995,-1870.8413,-6100.8405999999995
252,488.1077,1444.7652,-1097.9903,0.0,0.0,0.0,-1265.8351,-16322.5983,619.3435,11827.4213,-1822.9424,39.8642,0.0,-4306.786000000002,-1783.0782,-6089.864200000002
253,520.1382,1390.3774,-1109.9966,0.0,0.0,0.0,-1272.947,-16209.7947,627.6114,11803.7213,-1890.6209,39.987,0.0,-4250.889999999999,-1850.6338999999998,-6101.523899999999
254,497.0413,1434.6045,-1055.5142,0.0,0.0,0.0,-1286.0492,-16222.8998,615.056,11772.8707,-1861.3974,40.1574,0.0,-4244.8907,-1821.24,-6066.1307
255,485.9095,1383.8709,-1102.7931,0.0,0.0,0.0,-1273.0422,-16209.8764,614.2736,11811.4013,-1924.182,40.7182,0.0,-4290.2564,-1883.4638,-6173.7202
256,517.9121,1367.9934,-1064.2444,0.0,0.0,0.0,-1230.5366,-16213.633,612.5485,11780.186,-1885.0813,40.6688,0.0,-4229.773999999999,-1844.4125000000001,-6074.186499999999
257,523.4296,1427.347,-1085.8155,0.0,0.0,0.0,-1272.7338,-16403.2189,613.4232,11756.8473,-1703.5888,39.4087,0.0,-4440.7211000000025,-1664.1801,-6104.901200000002
258,492.7875,1466.7222,-1089.1363,0.0,0.0,0.0,-1291.7271,-16192.5721,602.4093,11722.4622,-1860.1764,40.4436,0.0,-4289.054300000002,-1819.7328,-6108.787100000002
259,545.9478,1441.113,-1102.6639,0.0,0.0,0.0,-1275.7698,-16076.5061,593.7794,11661.8047,-1926.6345,39.774,0.0,-4212.294900000001,-1886.8604999999998,-6099.155400000001
260,520.9084,1433.1371,-1106.5186,0.0,0.0,0.0,-1287.3909,-16186.0486,623.5981,11745.8287,-1887.1218,40.8076,0.0,-4256.4858,-1846.3141999999998,-6102.8
261,505.3509,1445.6073,-1110.2599,0.0,0.0,0.0,-1259.7988,-16197.5289,624.5511,11762.5166,-1914.7617,40.9228,0.0,-4229.561699999997,-1873.8389,-6103.400599999996
262,516.2983,1403.7503,-1090.0974,0.0,0.0,0.0,-1263.903,-16200.7389,617.8662,11802.8048,-1943.5631,40.3271,0.0,-4214.019699999999,-1903.236,-6117.255699999999
263,528.6364,1422.3359,-1105.8196,0.0,0.0,0.0,-1272.0404,-16170.9685,598.1824,11806.534,-1934.2745,40.131,0.0,-4193.139800000003,-1894.1435,-6087.283300000002
264,517.4437,1449.3178,-1122.0079,0.0,0.0,0.0,-1287.3439,-15996.6814,604.9342,11715.6263,-2034.836,39.4157,0.0,-4118.711200000002,-1995.4203,-6114.131500000002
265,505.4516,1440.0092,-1103.6768,0.0,0.0,0.0,-1290.3319,-16291.6644,622.8806,11769.4458,-1841.186,40.0553,0.0,-4347.885899999999,-1801.1307,-6149.016599999999
266,491.2628,1430.3118,-1105.4864,0.0,0.0,0.0,-1282.6276,-16161.6357,614.6684,11766.5533,-1903.2463,40.1117,0.0,-4246.9534,-1863.1346,-6110.088
267,497.2362,1448.1934,-1102.4115,0.0,0.0,0.0,-1242.0741,-16154.1683,619.8907,11745.3414,-1944.7546,40.969,0.0,-4187.992199999999,-1903.7856,-6091.777799999999
268,497.8868,1426.3903,-1096.4855,0.0,0.0,0.0,-1282.6392,-16265.0512,620.9195,11826.8381,-1829.3624,40.1368,0.0,-4272.141199999998,-1789.2256,-6061.366799999998
269,522.9894,1389.1003,-1124.6188,0.0,0.0,0.0,-1279.7011,-16202.7554,614.5008,11779.7557,-1883.3426,40.1013,0.0,-4300.7291000000005,-1843.2413,-6143.9704
270,517.2918,1401.8958,-1107.0576,0.0,0.0,0.0,-1262.4994,-16227.3741,619.771,11763.2788,-1856.0822,39.7116,0.0,-4294.6937,-1816.3706,-6111.0643
271,564.4961,1383.7704,-1096.4544,0.0,0.0,0.0,-1303.6892,-16075.094,587.0282,11698.3749,-1907.939,40.3694,0.0,-4241.5679999999975,-1867.5696,-6109.137599999998
272,482.0392,1425.7914,-1086.8056,0.0,0.0,0.0,-1271.3411,-16146.8372,604.3891,11794.8921,-1969.5981,41.477,0.0,-4197.872099999999,-1928.1210999999998,-6125.993199999999
273,492.2668,1403.4096,-1080.9411,0.0,0.0,0.0,-1290.1061,-16247.7955,619.5017,11790.1492,-1832.7078,40.4508,0.0,-4313.5154,-1792.2569999999998,-6105.772400000001
274,497.7792,1394.8178,-1081.2363,0.0,0.0,0.0,-1273.2063,-16076.7082,610.7312,11747.2178,-1980.2688,40.6717,0.0,-4180.604799999997,-1939.5971,-6120.201899999997
275,527.2037,1445.0838,-1092.2759,0.0,0.0,0.0,-1261.0231,-16230.2811,632.5003,11788.0337,-1896.2686,40.0755,0.0,-4190.758600000001,-1856.1931000000002,-6046.951700000001
276,466.985,1433.3145,-1103.9694,0.0,0.0,0.0,-1259.8042,-16318.7717,620.389,11830.3362,-1845.5906,41.0632,0.0,-4331.520600000002,-1804.5274,-6136.048000000002
277,520.317,1424.6522,-1076.7805,0.0,0.0,0.0,-1273.5282,-16178.0628,593.8287,11725.2898,-1900.4456,41.1311,0.0,-4264.283800000001,-1859.3145,-6123.5983000000015
278,514.278,1459.6849,-1081.5624,0.0,0.0,0.0,-1275.7337,-16174.6148,593.3061,11756.7256,-1900.9355,40.1907,0.0,-4207.916300000001,-1860.7448,-6068.6611
279,527.9772,1411.6653,-1112.6351,0.0,0.0,0.0,-1254.3805,-16289.7809,616.7803,11783.9703,-1837.9884,41.1103,0.0,-4316.403399999997,-1796.8781,-6113.281499999997
280,467.0515,1466.5134,-1115.7795,0.0,0.0,0.0,-1263.3697,-16186.4054,608.1054,11762.9928,-1929.9592,40.5204,0.0,-4260.891499999998,-1889.4388,-6150.330299999998
281,521.7695,1442.5063,-1124.3323,0.0,0.0,0.0,-1270.6956,-16164.8034,607.6465,11730.751,-1908.891,40.3183,0.0,-4257.158000000001,-1868.5727000000002,-6125.730700000001
282,505.5652,1408.2744,-1098.2435,0.0,0.0,0.0,-1258.999,-16132.5904,588.1169,11716.254,-1899.0446,41.0751,0.0,-4271.622399999997,-1857.9695,-6129.591899999997
283,511.7803,1396.7113,-1098.5422,0.0,0.0,0.0,-1253.4529,-16113.1155,611.529,11740.2986,-1951.7024,40.8171,0.0,-4204.791399999998,-1910.8853,-6115.676699999998
284,516.2488,1399.1514,-1103.0088,0.0,0.0,0.0,-1287.2895,-16188.7378,619.9632,11773.5055,-1912.0559,40.3478,0.0,-4270.167200000002,-1871.7081,-6141.875300000002
285,475.6813,1430.326,-1103.2157,0.0,0.0,0.0,-1235.6111,-16154.9317,615.7035,11750.7322,-1944.6727,42.1684,0.0,-4221.315499999999,-1902.5043,-6123.819799999999
286,523.8708,1465.2203,-1104.8095,0.0,0.0,0.0,-1246.8654,-16117.0712,603.5979,11798.9552,-1992.3806,42.6681,0.0,-4077.101899999998,-1949.7124999999999,-6026.814399999998
287,469.6023,1417.0281,-1100.4503,0.0,0.0,0.0,-1249.5573,-16200.7127,620.9186,11813.0294,-1934.229,41.5272,0.0,-4230.141899999999,-1892.7018,-6122.8436999999985
288,471.4177,1392.0865,-1100.3282,0.0,0.0,0.0,-1217.1567,-16061.765,616.1741,11789.6054,-2023.9978,41.6563,0.0,-4109.966199999999,-1982.3415,-6092.307699999999
289,502.6048,1433.5244,-1111.483,0.0,0.0,0.0,-1265.6568,-16214.9339,619.4087,11726.6135,-1867.0073,40.5558,0.0,-4309.922300000002,-1826.4515,-6136.373800000002
290,523.6602,1434.981,-1150.8523,0.0,0.0,0.0,-1259.8322,-16037.1383,614.2754,11730.7021,-2015.2134,41.9705,0.0,-4144.204099999999,-1973.2429000000002,-6117.446999999999
291,530.0194,1437.8208,-1085.863,0.0,0.0,0.0,-1267.2811,-16058.0711,611.7471,11693.1191,-1921.5219,41.5075,0.0,-4138.5088,-1880.0144,-6018.5232
292,537.4343,1382.811,-1090.2825,0.0,0.0,0.0,-1251.2992,-16084.0025,604.6481,11741.0521,-1943.6237,41.4888,0.0,-4159.638699999998,-1902.1349,-6061.773599999998
293,496.7479,1504.9272,-1091.9302,0.0,0.0,0.0,-1275.431,-16112.13,594.4691,11740.9873,-1928.613,40.1258,0.0,-4142.359699999999,-1888.4872,-6030.8469
294,515.8018,1381.9648,-1095.5042,0.0,0.0,0.0,-1274.7334,-16096.7283,611.8778,11718.8704,-1942.8695,40.7956,0.0,-4238.4511,-1902.0739,-6140.525
295,516.0173,1467.2834,-1110.38,0.0,0.0,0.0,-1286.9801,-16076.4116,609.4322,11750.514,-1999.1777,41.1899,0.0,-4130.524799999999,-1957.9877999999999,-6088.512599999999
296,514.6973,1443.7931,-1077.0771,0.0,0.0,0.0,-1260.0033,-15971.3226,623.7824,11682.2422,-2002.5724,40.7026,0.0,-4043.887999999999,-1961.8698,-6005.757799999999
297,493.3663,1420.8381,-1115.8949,0.0,0.0,0.0,-1255.6246,-16002.9904,626.6238,11756.3718,-2020.9105,41.2861,0.0,-4077.309900000002,-1979.6244,-6056.934300000002
298,480.246,1416.4685,-1083.4372,0.0,0.0,0.0,-1280.0042,-16154.54,604.2912,11762.1651,-1867.6484,40.5788,0.0,-4254.8106000000025,-1827.0696,-6081.880200000002
299,485.532,1457.2398,-1106.9469,0.0,0.0,0.0,-1281.4734,-16187.4264,612.2712,11759.531,-1887.8643,40.5381,0.0,-4261.2726999999995,-1847.3262,-6108.5989
300,539.2813,1393.8912,-1104.6544,0.0,0.0,0.0,-1287.8552,-15995.7845,602.649,11709.9912,-1990.9627,40.6747,0.0,-4142.481399999999,-1950.288,-6092.769399999999
301,536.4709,1451.5724,-1104.0818,0.0,0.0,0.0,-1255.9971,-16170.9482,588.4382,11692.7008,-1859.7229,40.34,0.0,-4261.844800000001,-1819.3829,-6081.2277
302,514.3316,1406.2262,-1138.5815,0.0,0.0,0.0,-1269.9555,-16213.3326,615.9087,11733.6415,-1825.7206,40.9299,0.0,-4351.7616,-1784.7907,-6136.5523
303,507.3622,1441.6719,-1115.71,0.0,0.0,0.0,-1274.9641,-16105.4306,616.7425,11683.6354,-1912.0062,40.3305,0.0,-4246.6927,-1871.6757,-6118.368399999999
304,534.4467,1389.0739,-1080.3696,0.0,0.0,0.0,-1284.1424,-16184.018,613.1724,11803.3998,-1929.0863,40.2284,0.0,-4208.4372,-1888.8579,-6097.2951
305,513.0729,1402.2642,-1116.6285,0.0,0.0,0.0,-1275.9199,-16014.1016,609.5086,11812.5835,-2091.854,40.6351,0.0,-4069.220800000001,-2051.2189,-6120.4397
306,500.9805,1411.7964,-1085.8878,0.0,0.0,0.0,-1286.6819,-16324.5208,622.1301,11843.4671,-1856.3304,39.7215,0.0,-4318.716400000001,-1816.6089,-6135.325300000001
307,509.4338,1425.2858,-1110.5769,0.0,0.0,0.0,-1266.6224,-16210.3579,605.0023,11735.5762,-1883.4384,40.9296,0.0,-4312.259099999999,-1842.5088,-6154.767899999999
308,513.4394,1408.5246,-1087.2488,0.0,0.0,0.0,-1265.101,-16243.1556,615.5654,11780.6485,-1848.4138,40.6277,0.0,-4277.327500000003,-1807.7861,-6085.113600000003
309,493.0115,1427.439,-1116.2169,0.0,0.0,0.0,-1263.0395,-16119.3156,608.3764,11775.5419,-1975.9742,41.1441,0.0,-4194.203200000002,-1934.8301000000001,-6129.033300000002
310,465.354,1411.8729,-1092.3292,0.0,0.0,0.0,-1262.7723,-16123.3394,627.1206,11814.3567,-1997.5573,41.3728,0.0,-4159.7366999999995,-1956.1844999999998,-6115.9212
311,518.7796,1370.2455,-1108.7129,0.0,0.0,0.0,-1275.5629,-16018.5689,604.3643,11706.4888,-1974.4037,40.9972,0.0,-4202.9665,-1933.4065,-6136.3730000000005
312,516.7086,1428.7231,-1098.9215,0.0,0.0,0.0,-1272.635,-16077.5673,624.8767,11741.7942,-2010.8687,40.2545,0.0,-4137.021199999999,-1970.6142,-6107.635399999999
313,489.6642,1454.1411,-1085.3724,0.0,0.0,0.0,-1258.9377,-16230.8048,625.7176,11821.7364,-1901.3384,40.6201,0.0,-4183.855600000001,-1860.7183,-6044.573900000001
314,511.2717,1402.1199,-1092.0826,0.0,0.0,0.0,-1267.1241,-16162.9894,619.5374,11765.6067,-1954.8497,40.6032,0.0,-4223.6604000000025,-1914.2465,-6137.906900000003
315,510.1386,1404.267,-1084.5597,0.0,0.0,0.0,-1254.7133,-16097.9684,623.5284,11776.0332,-2006.4206,40.359,0.0,-4123.274200000002,-1966.0616,-6089.335800000001
316,489.4111,1424.6043,-1109.4992,0.0,0.0,0.0,-1244.3147,-16149.2499,610.7963,11751.8964,-1937.0037,40.837,0.0,-4226.3557,-1896.1667,-6122.5224
317,513.5718,1426.0092,-1107.7854,0.0,0.0,0.0,-1259.872,-16230.8718,622.9659,11793.5709,-1869.7716,39.4754,0.0,-4242.411399999999,-1830.2962,-6072.707599999999
318,502.4377,1454.0393,-1076.2059,0.0,0.0,0.0,-1258.1926,-16021.9506,632.0627,11767.6527,-2076.813,40.9268,0.0,-4000.1566999999995,-2035.8862000000001,-6036.0428999999995
319,527.5137,1362.9498,-1082.7223,0.0,0.0,0.0,-1239.4233,-16152.7239,603.9381,11766.4678,-1960.5345,41.7649,0.0,-4214.000099999999,-1918.7696,-6132.769699999999
320,504.3358,1457.6032,-1109.8216,0.0,0.0,0.0,-1262.4526,-16162.5685,599.0256,11743.5996,-1930.3497,40.4433,0.0,-4230.2784999999985,-1889.9064,-6120.184899999998
321,520.57,1417.2089,-1076.5036,0.0,0.0,0.0,-1276.8299,-16117.2833,619.0295,11779.9459,-1952.9786,40.9839,0.0,-4133.862499999997,-1911.9947,-6045.857199999998
322,514.308,1416.5712,-1126.9207,0.0,0.0,0.0,-1283.0287,-16093.1153,603.4499,11758.6096,-1947.47,39.9968,0.0,-4210.126,-1907.4732000000001,-6117.599200000001
323,538.6037,1429.1601,-1110.5963,0.0,0.0,0.0,-1267.9188,-16226.9428,619.0408,11765.5075,-1863.2527,40.3221,0.0,-4253.1458,-1822.9306,-6076.0764
324,494.3061,1390.697,-1116.1289,0.0,0.0,0.0,-1271.4698,-16161.8436,622.0905,11735.7565,-1909.9362,41.0435,0.0,-4306.592200000001,-1868.8927,-6175.484900000001
325,504.8939,1377.0537,-1082.608,0.0,0.0,0.0,-1251.0777,-16121.222,607.7018,11736.6124,-1953.5271,41.0398,0.0,-4228.6458999999995,-1912.4873,-6141.1332
326,506.8049,1423.5486,-1123.3791,0.0,0.0,0.0,-1258.5948,-15977.5572,600.8307,11733.4499,-2045.2503,41.975,0.0,-4094.896999999999,-2003.2753,-6098.172299999998
327,541.6012,1426.7251,-1087.4726,0.0,0.0,0.0,-1267.4848,-16153.8536,606.598,11757.2012,-1925.7142,41.1135,0.0,-4176.685500000001,-1884.6007,-6061.286200000001
328,517.6594,1425.7944,-1088.6597,0.0,0.0,0.0,-1282.2195,-15996.9206,592.8097,11747.9458,-2062.7843,40.8605,0.0,-4083.5904999999984,-2021.9237999999998,-6105.514299999998
329,500.5556,1453.2725,-1085.653,0.0,0.0,0.0,-1279.5078,-16177.2377,602.193,11836.2904,-1968.8656,41.656,0.0,-4150.087000000001,-1927.2096000000001,-6077.2966000000015
330,518.3081,1405.5404,-1084.9418,0.0,0.0,0.0,-1280.0604,-16235.9204,604.0566,11787.5242,-1856.3696,40.5861,0.0,-4285.493300000002,-1815.7835,-6101.2768000000015
331,487.7778,1459.6497,-1082.7163,0.0,0.0,0.0,-1245.1959,-16186.4647,613.564,11765.309,-1955.9713,40.6341,0.0,-4188.076400000002,-1915.3372,-6103.413600000002
332,549.5531,1418.9506,-1074.5028,0.0,0.0,0.0,-1268.4072,-16059.8898,584.963,11747.0146,-1991.0903,40.8143,0.0,-4102.318499999999,-1950.276,-6052.594499999999
333,507.0814,1392.7441,-1085.62,0.0,0.0,0.0,-1264.2738,-16192.1755,608.7556,11804.5578,-1911.4092,40.4911,0.0,-4228.930399999999,-1870.9181,-6099.848499999999
334,532.6212,1426.7837,-1089.2838,0.0,0.0,0.0,-1272.3442,-16043.7415,630.3788,11722.6997,-2011.668,40.8052,0.0,-4092.8860999999997,-1970.8627999999999,-6063.7489
335,506.6833,1362.7045,-1131.0787,0.0,0.0,0.0,-1280.179,-16157.0079,633.9247,11813.3949,-1945.4831,41.1029,0.0,-4251.558200000003,-1904.3801999999998,-6155.938400000003
336,520.0708,1435.9522,-1069.4358,0.0,0.0,0.0,-1290.8628,-16076.2338,613.8618,11738.9786,-1991.8374,40.9463,0.0,-4127.668999999998,-1950.8910999999998,-6078.560099999999
337,479.327,1433.4358,-1094.5142,0.0,0.0,0.0,-1296.7354,-16087.2489,601.0124,11765.8659,-2016.7175,41.1236,0.0,-4198.857400000001,-1975.5939,-6174.451300000001
338,529.3266,1411.7198,-1073.8369,0.0,0.0,0.0,-1276.0163,-16169.1372,598.9921,11774.5029,-1946.156,40.3072,0.0,-4204.4490000000005,-1905.8488,-6110.2978
339,523.2084,1441.8893,-1099.57,0.0,0.0,0.0,-1274.3725,-16081.6723,588.8855,11666.0827,-1931.8,40.7091,0.0,-4235.5489,-1891.0909,-6126.6398
340,525.2221,1397.4549,-1129.2657,0.0,0.0,0.0,-1251.3127,-16036.2097,613.1394,11790.2384,-2046.6313,41.6067,0.0,-4090.733299999998,-2005.0246,-6095.757899999998
341,506.1724,1431.4673,-1098.2004,0.0,0.0,0.0,-1250.6304,-16059.3751,608.267,11744.0057,-1989.9807,42.9324,0.0,-4118.293500000002,-1947.0483000000002,-6065.341800000002
342,504.0366,1487.4094,-1117.7155,0.0,0.0,0.0,-1272.7193,-16059.6899,612.2199,11783.5009,-2020.0047,41.6371,0.0,-4062.9579000000012,-1978.3676,-6041.325500000001
343,517.0774,1380.7901,-1081.1656,0.0,0.0,0.0,-1247.1068,-16059.2928,600.6319,11811.2049,-2046.65,41.58,0.0,-4077.8608999999997,-2005.0700000000002,-6082.930899999999
344,497.1747,1419.8327,-1036.4734,0.0,0.0,0.0,-1286.9017,-16351.8783,607.9974,11810.963,-1817.4417,39.9925,0.0,-4339.285599999999,-1777.4492,-6116.734799999999
345,503.7604,1436.674,-1072.8975,0.0,0.0,0.0,-1241.2133,-16220.8607,608.4223,11851.5284,-1973.8919,40.4703,0.0,-4134.586399999998,-1933.4216000000001,-6068.007999999999
346,548.6664,1438.3966,-1105.249,0.0,0.0,0.0,-1245.1694,-16189.6507,607.709,11737.319,-1925.0617,41.4802,0.0,-4207.978099999998,-1883.5815,-6091.559599999999
347,513.3545,1402.6854,-1096.3767,0.0,0.0,0.0,-1251.0823,-16175.4197,607.5871,11813.6,-1945.5028,41.3772,0.0,-4185.6517,-1904.1256,-6089.777300000001
348,526.2081,1432.2679,-1085.4448,0.0,0.0,0.0,-1254.0482,-15980.1672,615.3504,11793.2782,-2116.3008,42.0913,0.0,-3952.5555999999997,-2074.2095,-6026.7651
349,511.0301,1379.4038,-1096.8193,0.0,0.0,0.0,-1240.8641,-16216.5902,623.6975,11797.5295,-1909.3278,40.8858,0.0,-4242.6127,-1868.442,-6111.0547
350,487.0386,1442.3699,-1102.335,0.0,0.0,0.0,-1260.9249,-16196.007,602.5151,11814.003,-1946.2166,40.3555,0.0,-4213.3403,-1905.8611,-6119.2014
351,516.5913,1456.9208,-1102.4295,0.0,0.0,0.0,-1274.9946,-16069.0245,602.0839,11769.9061,-2022.469,40.9107,0.0,-4100.9465,-1981.5583000000001,-6082.5048
352,517.9318,1402.0394,-1092.1393,0.0,0.0,0.0,-1297.4962,-16205.6351,609.8337,11765.0873,-1883.2098,40.8158,0.0,-4300.378400000001,-1842.394,-6142.772400000002
353,481.2881,1413.695,-1115.4354,0.0,0.0,0.0,-1276.0995,-15988.4653,630.9428,11766.9253,-2084.3238,41.4407,0.0,-4087.1489999999994,-2042.8831,-6130.032099999999
354,535.0873,1381.436,-1110.6497,0.0,0.0,0.0,-1236.2471,-16129.9607,620.647,11851.6775,-2031.8865,40.7673,0.0,-4088.0097000000005,-1991.1192,-6079.128900000001
355,508.6855,1378.4634,-1106.1066,0.0,0.0,0.0,-1256.8278,-16103.3129,615.5574,11759.323,-1946.7749,41.0925,0.0,-4204.218000000003,-1905.6824,-6109.900400000003
356,541.5031,1405.7508,-1089.2379,0.0,0.0,0.0,-1276.2385,-16219.7336,603.6295,11702.2184,-1828.9143,40.4495,0.0,-4332.108200000001,-1788.4648,-6120.573000000001
357,539.2752,1439.3512,-1097.6067,0.0,0.0,0.0,-1255.9207,-16107.2404,610.4454,11806.4845,-2027.9963,40.8931,0.0,-4065.2114999999994,-1987.1032,-6052.314699999999
358,485.5434,1392.9498,-1100.9311,0.0,0.0,0.0,-1249.6663,-16145.4578,602.29,11821.1999,-2016.1075,41.3749,0.0,-4194.072100000001,-1974.7326,-6168.8047000000015
359,493.9423,1443.5758,-1063.8149,0.0,0.0,0.0,-1272.3112,-16077.6945,600.3313,11739.8463,-2015.3284,41.3766,0.0,-4136.124899999999,-1973.9518,-6110.0767
360,483.2617,1433.7816,-1090.3396,0.0,0.0,0.0,-1254.2956,-16019.7491,614.4657,11756.6998,-2037.5527,41.9946,0.0,-4076.1754999999994,-1995.5581,-6071.7336
361,501.4458,1419.2061,-1099.0025,0.0,0.0,0.0,-1236.1983,-16130.1347,611.7372,11809.3836,-1990.2173,41.7004,0.0,-4123.5628000000015,-1948.5169,-6072.079700000002
362,509.1875,1454.0408,-1089.0766,0.0,0.0,0.0,-1264.2756,-16203.1458,621.3171,11771.9875,-1902.8656,41.3568,0.0,-4199.965100000001,-1861.5088,-6061.473900000002
363,517.8042,1415.7014,-1090.7834,0.0,0.0,0.0,-1261.631,-16176.6106,603.0254,11753.3837,-1905.4841,40.625,0.0,-4239.1103,-1864.8591,-6103.9694
364,500.4314,1452.2464,-1113.7506,0.0,0.0,0.0,-1262.5256,-16098.8554,611.883,11755.8488,-1990.7103,40.6256,0.0,-4154.722,-1950.0846999999999,-6104.806699999999
365,526.8246,1438.3359,-1129.775,0.0,0.0,0.0,-1275.7284,-16146.8414,599.2581,11774.1748,-1958.6457,40.8471,0.0,-4213.751400000001,-1917.7986,-6131.550000000001
366,521.8094,1387.996,-1104.9355,0.0,0.0,0.0,-1250.2716,-16120.3758,628.2558,11768.918,-2008.4503,40.2617,0.0,-4168.6037,-1968.1886,-6136.7923
367,504.9921,1435.5382,-1112.9064,0.0,0.0,0.0,-1290.8755,-15989.8986,609.3554,11661.016,-1988.9384,40.0538,0.0,-4182.7788,-1948.8846,-6131.6634
368,527.2595,1405.3368,-1084.7729,0.0,0.0,0.0,-1302.3291,-16093.4898,607.9097,11707.5295,-1919.2283,39.3341,0.0,-4232.556299999997,-1879.8942,-6112.450499999996
369,527.1846,1381.4661,-1098.683,0.0,0.0,0.0,-1293.9955,-16170.7005,635.6168,11737.1138,-1858.0128,39.332,0.0,-4281.9977000000035,-1818.6807999999999,-6100.678500000004
370,502.4774,1439.6212,-1104.2971,0.0,0.0,0.0,-1315.483,-16087.2918,608.0631,11763.2485,-1989.9337,40.522,0.0,-4193.661700000002,-1949.4117,-6143.073400000002
371,528.1218,1419.8121,-1105.115,0.0,0.0,0.0,-1298.8622,-16162.1856,611.1989,11751.4522,-1867.9822,39.1995,0.0,-4255.577800000003,-1828.7827,-6084.360500000003
372,501.695,1396.3485,-1095.4105,0.0,0.0,0.0,-1295.6345,-16105.8454,623.2925,11707.0165,-1905.148,39.8313,0.0,-4268.537900000001,-1865.3166999999999,-6133.8546000000015
373,492.3451,1424.5266,-1092.2898,0.0,0.0,0.0,-1294.7223,-16105.1003,611.0703,11755.404,-1954.3353,40.0085,0.0,-4208.766399999999,-1914.3268,-6123.093199999998
374,499.4304,1410.4808,-1090.0952,0.0,0.0,0.0,-1274.085,-16018.577,619.0796,11733.4195,-2018.2829,40.3092,0.0,-4120.346899999997,-1977.9737,-6098.320599999997
375,514.2078,1399.0085,-1114.5206,0.0,0.0,0.0,-1279.9768,-16020.2276,623.8733,11832.5306,-2109.7215,40.3933,0.0,-4045.104799999999,-2069.3282,-6114.432999999999
376,514.1276,1443.9162,-1105.7242,0.0,0.0,0.0,-1253.761,-15941.2098,599.5529,11765.8046,-2145.981,40.6963,0.0,-3977.2937,-2105.2847,-6082.5784
377,532.8061,1444.0893,-1085.8972,0.0,0.0,0.0,-1267.1473,-15988.4164,620.2419,11717.1723,-2089.3201,40.197,0.0,-4027.1512999999995,-2049.1231,-6076.274399999999
378,526.1699,1375.6567,-1091.0517,0.0,0.0,0.0,-1255.3698,-16030.6765,602.6311,11823.8985,-2114.8167,40.6923,0.0,-4048.741799999998,-2074.1243999999997,-6122.866199999998
379,507.4435,1442.6819,-1063.5286,0.0,0.0,0.0,-1288.7458,-16303.7734,618.3812,11787.3212,-1865.4126,39.2473,0.0,-4300.219999999999,-1826.1653000000001,-6126.385299999999
380,509.9122,1388.7537,-1060.8779,0.0,0.0,0.0,-1271.205,-16073.547,608.2184,11754.8716,-2027.6956,40.4748,0.0,-4143.874,-1987.2208,-6131.0948
381,494.8287,1364.9289,-1054.2417,0.0,0.0,0.0,-1234.3832,-16324.0016,616.8536,11831.3211,-1851.1264,41.3318,0.0,-4304.694200000002,-1809.7946000000002,-6114.488800000002
382,496.8324,1422.2041,-1082.6616,0.0,0.0,0.0,-1264.4736,-16045.38,609.1138,11778.2883,-2056.1903,41.6101,0.0,-4086.0766000000003,-2014.5802,-6100.656800000001
383,522.6841,1418.1328,-1112.2555,0.0,0.0,0.0,-1288.7771,-16103.0197,617.4853,11801.9445,-2016.9482,40.7872,0.0,-4143.8056000000015,-1976.161,-6119.966600000002
384,521.7988,1385.3643,-1086.9742,0.0,0.0,0.0,-1262.8405,-16250.1192,606.4816,11758.2864,-1886.1495,40.8944,0.0,-4328.002799999998,-1845.2551,-6173.257899999998
385,505.1978,1421.3232,-1102.9807,0.0,0.0,0.0,-1258.7714,-16136.0837,609.2378,11808.0634,-2020.7776,41.1451,0.0,-4154.0136,-1979.6325,-6133.6461
386,493.4822,1459.1261,-1117.9888,0.0,0.0,0.0,-1281.3114,-16238.5701,616.8483,11824.3109,-1876.6308,40.5159,0.0,-4244.102800000002,-1836.1148999999998,-6080.217700000002
387,557.6333,1403.7012,-1117.7841,0.0,0.0,0.0,-1276.314,-16198.8506,597.4211,11744.5715,-1868.4096,40.7346,0.0,-4289.6216,-1827.675,-6117.296600000001
388,539.3537,1412.1519,-1089.7834,0.0,0.0,0.0,-1256.4399,-16263.9234,596.1408,11757.2419,-1831.3079,40.285,0.0,-4305.258400000001,-1791.0229,-6096.281300000001
389,492.0267,1432.328,-1101.7339,0.0,0.0,0.0,-1261.1559,-16231.7118,608.4029,11728.8891,-1838.0672,40.6945,0.0,-4332.954899999997,-1797.3727,-6130.327599999997
390,569.5405,1447.8993,-1058.7357,0.0,0.0,0.0,-1261.6952,-16039.6626,598.3093,11702.706,-1982.7869,40.8824,0.0,-4041.638399999998,-1941.9045,-5983.542899999998
391,515.125,1398.9971,-1110.6659,0.0,0.0,0.0,-1245.7719,-16224.2632,612.2298,11748.6687,-1901.6666,40.879,0.0,-4305.680400000001,-1860.7876,-6166.468000000002
392,504.3492,1440.4709,-1086.5961,0.0,0.0,0.0,-1287.3688,-16158.7015,612.0878,11774.5096,-1929.5988,40.5048,0.0,-4201.248899999999,-1889.094,-6090.342899999999
393,501.5789,1370.3867,-1087.6351,0.0,0.0,0.0,-1285.7304,-16028.3715,611.435,11733.3603,-2002.9023,41.0487,0.0,-4184.976099999998,-1961.8536,-6146.8296999999975
394,510.1158,1388.5059,-1067.5468,0.0,0.0,0.0,-1275.3138,-16147.1919,616.0424,11757.5191,-1988.6062,40.7906,0.0,-4217.8692999999985,-1947.8156,-6165.684899999998
395,491.1245,1434.1276,-1120.8926,0.0,0.0,0.0,-1285.6676,-16144.944,608.8757,11780.0783,-1973.7765,40.9544,0.0,-4237.298099999998,-1932.8220999999999,-6170.1201999999985
396,521.8456,1455.0702,-1101.2188,0.0,0.0,0.0,-1252.8695,-16213.0884,605.6718,11775.4236,-1937.6828,41.8811,0.0,-4209.165500000001,-1895.8017,-6104.967200000002
397,514.8193,1426.3383,-1111.1679,0.0,0.0,0.0,-1253.3008,-16156.1563,597.3933,11783.1007,-1970.0159,42.1335,0.0,-4198.973400000001,-1927.8824000000002,-6126.855800000001
398,474.6935,1374.4437,-1083.7015,0.0,0.0,0.0,-1246.8146,-16364.098,642.801,11864.8357,-1828.6483,39.9667,0.0,-4337.840200000002,-1788.6816000000001,-6126.521800000002
399,516.9697,1472.8325,-1106.3242,0.0,0.0,0.0,-1274.9755,-15948.9099,590.0735,11730.1238,-2058.8661,40.4745,0.0,-4020.2101000000002,-2018.3916000000002,-6038.6017
400,523.2992,1416.757,-1084.0577,0.0,0.0,0.0,-1290.5255,-16062.5879,611.0053,11802.2318,-2059.7064,39.4752,0.0,-4083.8778,-2020.2312,-6104.109

