#Frame   pw_nb_121_F_NE1[EVDW] pw_nb_121_F_NE1[EELEC]
       1               -0.0282                 6.3588
       2               -0.0304                 6.4474
       3               -0.0263                 6.2792
       4               -0.0287                 6.3794
       5               -0.0274                 6.3250
       6               -0.0297                 6.4174
       7               -0.0268                 6.3005
       8               -0.0299                 6.4279
       9               -0.0272                 6.3180
      10               -0.0277                 6.3370
      11               -0.0300                 6.4309
      12               -0.0259                 6.2626
      13               -0.0271                 6.3111
      14               -0.0301                 6.4348
      15               -0.0266                 6.2941
      16               -0.0287                 6.3777
      17               -0.0299                 6.4268
      18               -0.0286                 6.3733
      19               -0.0263                 6.2783
      20               -0.0272                 6.3168
      21               -0.0263                 6.2786
      22               -0.0306                 6.4524
      23               -0.0282                 6.3588
      24               -0.0306                 6.4551
      25               -0.0300                 6.4308
      26               -0.0286                 6.3738
      27               -0.0250                 6.2208
      28               -0.0266                 6.2914
      29               -0.0277                 6.3379
      30               -0.0276                 6.3356
      31               -0.0285                 6.3706
      32               -0.0289                 6.3887
      33               -0.0318                 6.4981
      34               -0.0283                 6.3619
      35               -0.0267                 6.2960
      36               -0.0276                 6.3325
      37               -0.0285                 6.3722
      38               -0.0256                 6.2486
      39               -0.0282                 6.3574
      40               -0.0274                 6.3259
      41               -0.0306                 6.4548
      42               -0.0271                 6.3150
      43               -0.0283                 6.3632
      44               -0.0285                 6.3692
      45               -0.0266                 6.2909
      46               -0.0317                 6.4964
      47               -0.0275                 6.3317
      48               -0.0280                 6.3498
      49               -0.0272                 6.3179
      50               -0.0290                 6.3895
      51               -0.0311                 6.4739
      52               -0.0271                 6.3124
      53               -0.0292                 6.3984
      54               -0.0305                 6.4516
      55               -0.0261                 6.2692
      56               -0.0330                 6.5449
      57               -0.0308                 6.4632
      58               -0.0291                 6.3942
      59               -0.0283                 6.3624
      60               -0.0295                 6.4103
      61               -0.0281                 6.3544
      62               -0.0323                 6.5182
      63               -0.0304                 6.4479
      64               -0.0274                 6.3266
      65               -0.0270                 6.3077
      66               -0.0290                 6.3911
      67               -0.0265                 6.2867
      68               -0.0264                 6.2815
      69               -0.0271                 6.3116
      70               -0.0294                 6.4055
      71               -0.0289                 6.3854
      72               -0.0268                 6.2991
      73               -0.0277                 6.3394
      74               -0.0274                 6.3276
      75               -0.0289                 6.3887
      76               -0.0305                 6.4514
      77               -0.0270                 6.3110
      78               -0.0279                 6.3472
      79               -0.0274                 6.3268
      80               -0.0276                 6.3322
      81               -0.0302                 6.4378
      82               -0.0295                 6.4098
      83               -0.0295                 6.4123
      84               -0.0273                 6.3233
      85               -0.0295                 6.4117
      86               -0.0308                 6.4633
      87               -0.0320                 6.5086
      88               -0.0267                 6.2971
      89               -0.0290                 6.3913
      90               -0.0310                 6.4680
      91               -0.0277                 6.3389
      92               -0.0280                 6.3504
      93               -0.0298                 6.4214
      94               -0.0287                 6.3772
      95               -0.0293                 6.4023
      96               -0.0292                 6.4007
      97               -0.0274                 6.3274
      98               -0.0267                 6.2983
      99               -0.0294                 6.4055
     100               -0.0293                 6.4021
     101               -0.0316                 6.4915
     102               -0.0250                 6.2207
     103               -0.0328                 6.5373
     104               -0.0287                 6.3785
     105               -0.0306                 6.4557
     106               -0.0306                 6.4559
     107               -0.0289                 6.3884
     108               -0.0306                 6.4558
     109               -0.0302                 6.4369
     110               -0.0298                 6.4243
     111               -0.0292                 6.3993
     112               -0.0275                 6.3289
     113               -0.0257                 6.2529
     114               -0.0265                 6.2867
     115               -0.0314                 6.4851
     116               -0.0270                 6.3085
     117               -0.0283                 6.3615
     118               -0.0312                 6.4754
     119               -0.0284                 6.3684
     120               -0.0299                 6.4280
     121               -0.0293                 6.4028
     122               -0.0309                 6.4652
     123               -0.0261                 6.2697
     124               -0.0248                 6.2120
     125               -0.0283                 6.3620
     126               -0.0294                 6.4075
     127               -0.0290                 6.3922
     128               -0.0293                 6.4014
     129               -0.0308                 6.4623
     130               -0.0291                 6.3948
     131               -0.0293                 6.4019
     132               -0.0272                 6.3181
     133               -0.0257                 6.2552
     134               -0.0273                 6.3215
     135               -0.0267                 6.2967
     136               -0.0317                 6.4951
     137               -0.0300                 6.4325
     138               -0.0300                 6.4295
     139               -0.0251                 6.2282
     140               -0.0273                 6.3212
     141               -0.0276                 6.3359
     142               -0.0290                 6.3927
     143               -0.0287                 6.3774
     144               -0.0287                 6.3787
     145               -0.0259                 6.2629
     146               -0.0265                 6.2857
     147               -0.0297                 6.4202
     148               -0.0300                 6.4323
     149               -0.0277                 6.3365
     150               -0.0309                 6.4671
     151               -0.0288                 6.3824
     152               -0.0306                 6.4542
     153               -0.0264                 6.2852
     154               -0.0274                 6.3248
     155               -0.0269                 6.3060
     156               -0.0274                 6.3243
     157               -0.0275                 6.3292
     158               -0.0299                 6.4287
     159               -0.0277                 6.3399
     160               -0.0312                 6.4753
     161               -0.0272                 6.3186
     162               -0.0274                 6.3245
     163               -0.0281                 6.3527
     164               -0.0261                 6.2718
     165               -0.0288                 6.3842
     166               -0.0305                 6.4516
     167               -0.0270                 6.3096
     168               -0.0270                 6.3095
     169               -0.0269                 6.3060
     170               -0.0312                 6.4752
     171               -0.0278                 6.3412
     172               -0.0278                 6.3423
     173               -0.0292                 6.3973
     174               -0.0271                 6.3151
     175               -0.0286                 6.3766
     176               -0.0263                 6.2789
     177               -0.0269                 6.3056
     178               -0.0260                 6.2662
     179               -0.0304                 6.4482
     180               -0.0310                 6.4707
     181               -0.0288                 6.3848
     182               -0.0339                 6.5775
     183               -0.0278                 6.3422
     184               -0.0306                 6.4540
     185               -0.0268                 6.2987
     186               -0.0273                 6.3230
     187               -0.0288                 6.3812
     188               -0.0300                 6.4321
     189               -0.0260                 6.2653
     190               -0.0274                 6.3260
     191               -0.0267                 6.2958
     192               -0.0273                 6.3220
     193               -0.0279                 6.3455
     194               -0.0292                 6.4000
     195               -0.0261                 6.2693
     196               -0.0270                 6.3104
     197               -0.0293                 6.4025
     198               -0.0269                 6.3060
     199               -0.0282                 6.3600
     200               -0.0292                 6.4002
     201               -0.0285                 6.3700
     202               -0.0287                 6.3802
     203               -0.0286                 6.3761
     204               -0.0265                 6.2878
     205               -0.0295                 6.4098
     206               -0.0285                 6.3702
     207               -0.0299                 6.4288
     208               -0.0284                 6.3664
     209               -0.0274                 6.3256
     210               -0.0284                 6.3656
     211               -0.0271                 6.3111
     212               -0.0288                 6.3834
     213               -0.0270                 6.3095
     214               -0.0278                 6.3413
     215               -0.0260                 6.2646
     216               -0.0269                 6.3051
     217               -0.0271                 6.3144
     218               -0.0252                 6.2289
     219               -0.0290                 6.3928
     220               -0.0284                 6.3660
     221               -0.0275                 6.3285
     222               -0.0274                 6.3268
     223               -0.0298                 6.4222
     224               -0.0298                 6.4231
     225               -0.0308                 6.4621
     226               -0.0241                 6.1822
     227               -0.0284                 6.3675
     228               -0.0288                 6.3814
     229               -0.0257                 6.2532
     230               -0.0249                 6.2175
     231               -0.0281                 6.3531
     232               -0.0292                 6.3974
     233               -0.0271                 6.3142
     234               -0.0290                 6.3911
     235               -0.0265                 6.2886
     236               -0.0264                 6.2828
     237               -0.0281                 6.3550
     238               -0.0289                 6.3859
     239               -0.0286                 6.3737
     240               -0.0255                 6.2433
     241               -0.0266                 6.2922
     242               -0.0258                 6.2584
     243               -0.0283                 6.3625
     244               -0.0286                 6.3770
     245               -0.0269                 6.3042
     246               -0.0261                 6.2714
     247               -0.0282                 6.3595
     248               -0.0273                 6.3219
     249               -0.0240                 6.1762
     250               -0.0286                 6.3742
     251               -0.0268                 6.3004
     252               -0.0285                 6.3696
     253               -0.0292                 6.3995
     254               -0.0296                 6.4158
     255               -0.0277                 6.3370
     256               -0.0283                 6.3624
     257               -0.0276                 6.3325
     258               -0.0272                 6.3169
     259               -0.0294                 6.4075
     260               -0.0266                 6.2925
     261               -0.0235                 6.1560
     262               -0.0263                 6.2803
     263               -0.0286                 6.3745
     264               -0.0287                 6.3807
     265               -0.0302                 6.4380
     266               -0.0292                 6.4011
     267               -0.0270                 6.3091
     268               -0.0279                 6.3454
     269               -0.0273                 6.3205
     270               -0.0271                 6.3140
     271               -0.0287                 6.3811
     272               -0.0252                 6.2312
     273               -0.0261                 6.2687
     274               -0.0296                 6.4153
     275               -0.0283                 6.3635
     276               -0.0309                 6.4659
     277               -0.0284                 6.3680
     278               -0.0290                 6.3911
     279               -0.0276                 6.3343
     280               -0.0276                 6.3330
     281               -0.0250                 6.2204
     282               -0.0302                 6.4378
     283               -0.0290                 6.3911
     284               -0.0269                 6.3067
     285               -0.0271                 6.3140
     286               -0.0276                 6.3343
     287               -0.0279                 6.3446
     288               -0.0290                 6.3918
     289               -0.0307                 6.4584
     290               -0.0266                 6.2927
     291               -0.0332                 6.5528
     292               -0.0277                 6.3368
     293               -0.0296                 6.4163
     294               -0.0258                 6.2585
     295               -0.0275                 6.3297
     296               -0.0290                 6.3899
     297               -0.0264                 6.2848
     298               -0.0250                 6.2232
     299               -0.0299                 6.4251
     300               -0.0289                 6.3881
     301               -0.0328                 6.5355
     302               -0.0294                 6.4060
     303               -0.0302                 6.4405
     304               -0.0281                 6.3549
     305               -0.0282                 6.3608
     306               -0.0269                 6.3053
     307               -0.0307                 6.4577
     308               -0.0286                 6.3739
     309               -0.0266                 6.2929
     310               -0.0294                 6.4068
     311               -0.0296                 6.4151
     312               -0.0319                 6.5029
     313               -0.0269                 6.3041
     314               -0.0293                 6.4025
     315               -0.0290                 6.3926
     316               -0.0360                 6.6516
     317               -0.0311                 6.4716
     318               -0.0302                 6.4377
     319               -0.0272                 6.3166
     320               -0.0283                 6.3631
     321               -0.0293                 6.4050
     322               -0.0286                 6.3761
     323               -0.0289                 6.3857
     324               -0.0298                 6.4210
     325               -0.0300                 6.4309
     326               -0.0256                 6.2505
     327               -0.0320                 6.5074
     328               -0.0286                 6.3768
     329               -0.0263                 6.2805
     330               -0.0259                 6.2625
     331               -0.0276                 6.3321
     332               -0.0307                 6.4561
     333               -0.0290                 6.3897
     334               -0.0281                 6.3541
     335               -0.0290                 6.3895
     336               -0.0255                 6.2447
     337               -0.0259                 6.2624
     338               -0.0273                 6.3212
     339               -0.0271                 6.3133
     340               -0.0251                 6.2253
     341               -0.0281                 6.3531
     342               -0.0263                 6.2790
     343               -0.0282                 6.3587
     344               -0.0289                 6.3890
     345               -0.0301                 6.4358
     346               -0.0237                 6.1617
     347               -0.0297                 6.4172
     348               -0.0270                 6.3095
     349               -0.0277                 6.3370
     350               -0.0298                 6.4247
     351               -0.0262                 6.2737
     352               -0.0282                 6.3586
     353               -0.0282                 6.3590
     354               -0.0294                 6.4056
     355               -0.0240                 6.1757
     356               -0.0308                 6.4610
     357               -0.0311                 6.4747
     358               -0.0260                 6.2642
     359               -0.0277                 6.3381
     360               -0.0240                 6.1785
     361               -0.0266                 6.2925
     362               -0.0251                 6.2283
     363               -0.0307                 6.4562
     364               -0.0283                 6.3639
     365               -0.0277                 6.3372
     366               -0.0310                 6.4692
     367               -0.0293                 6.4020
     368               -0.0266                 6.2922
     369               -0.0242                 6.1854
     370               -0.0294                 6.4053
     371               -0.0315                 6.4870
     372               -0.0280                 6.3512
     373               -0.0285                 6.3719
     374               -0.0265                 6.2862
     375               -0.0297                 6.4198
     376               -0.0283                 6.3640
     377               -0.0258                 6.2592
     378               -0.0297                 6.4187
     379               -0.0280                 6.3519
     380               -0.0275                 6.3317
     381               -0.0303                 6.4422
     382               -0.0279                 6.3456
     383               -0.0260                 6.2668
     384               -0.0266                 6.2911
     385               -0.0291                 6.3954
     386               -0.0263                 6.2784
     387               -0.0320                 6.5067
     388               -0.0275                 6.3311
     389               -0.0295                 6.4092
     390               -0.0290                 6.3912
     391               -0.0256                 6.2489
     392               -0.0260                 6.2678
     393               -0.0312                 6.4774
     394               -0.0276                 6.3343
     395               -0.0290                 6.3901
     396               -0.0297                 6.4176
     397               -0.0288                 6.3816
     398               -0.0269                 6.3047
     399               -0.0309                 6.4674
     400               -0.0294                 6.4070
     401               -0.0303                 6.4428
     402               -0.0263                 6.2791
     403               -0.0308                 6.4636
     404               -0.0301                 6.4352
     405               -0.0289                 6.3854
     406               -0.0262                 6.2749
     407               -0.0273                 6.3232
     408               -0.0262                 6.2748
     409               -0.0296                 6.4143
     410               -0.0285                 6.3704
     411               -0.0281                 6.3552
     412               -0.0263                 6.2773
     413               -0.0281                 6.3543
     414               -0.0266                 6.2905
     415               -0.0274                 6.3269
     416               -0.0295                 6.4093
     417               -0.0280                 6.3493
     418               -0.0319                 6.5033
     419               -0.0275                 6.3313
     420               -0.0265                 6.2882
     421               -0.0267                 6.2978
     422               -0.0283                 6.3629
     423               -0.0272                 6.3167
     424               -0.0302                 6.4396
     425               -0.0260                 6.2662
     426               -0.0254                 6.2405
     427               -0.0319                 6.5031
     428               -0.0294                 6.4057
     429               -0.0339                 6.5783
     430               -0.0276                 6.3360
     431               -0.0314                 6.4843
     432               -0.0283                 6.3636
     433               -0.0321                 6.5115
     434               -0.0257                 6.2512
     435               -0.0293                 6.4018
     436               -0.0292                 6.3989
     437               -0.0298                 6.4234
     438               -0.0260                 6.2673
     439               -0.0281                 6.3543
     440               -0.0248                 6.2125
     441               -0.0273                 6.3206
     442               -0.0255                 6.2432
     443               -0.0300                 6.4317
     444               -0.0325                 6.5262
     445               -0.0303                 6.4412
     446               -0.0290                 6.3927
     447               -0.0274                 6.3253
     448               -0.0291                 6.3951
     449               -0.0308                 6.4633
     450               -0.0308                 6.4614
     451               -0.0253                 6.2342
     452               -0.0256                 6.2484
     453               -0.0320                 6.5054
     454               -0.0273                 6.3224
     455               -0.0249                 6.2164
     456               -0.0269                 6.3030
     457               -0.0291                 6.3949
     458               -0.0281                 6.3543
     459               -0.0287                 6.3783
     460               -0.0287                 6.3810
     461               -0.0279                 6.3466
     462               -0.0270                 6.3075
     463               -0.0304                 6.4456
     464               -0.0246                 6.2030
     465               -0.0299                 6.4259
     466               -0.0263                 6.2793
     467               -0.0274                 6.3242
     468               -0.0293                 6.4019
     469               -0.0253                 6.2365
     470               -0.0286                 6.3770
     471               -0.0286                 6.3739
     472               -0.0307                 6.4582
     473               -0.0299                 6.4277
     474               -0.0260                 6.2681
     475               -0.0296                 6.4153
     476               -0.0282                 6.3587
     477               -0.0268                 6.3010
     478               -0.0285                 6.3703
     479               -0.0305                 6.4485
     480               -0.0304                 6.4451
     481               -0.0255                 6.2452
     482               -0.0290                 6.3909
     483               -0.0303                 6.4421
     484               -0.0286                 6.3756
     485               -0.0278                 6.3419
     486               -0.0299                 6.4260
     487               -0.0299                 6.4259
     488               -0.0312                 6.4789
     489               -0.0267                 6.2954
     490               -0.0278                 6.3433
     491               -0.0289                 6.3874
     492               -0.0300                 6.4313
     493               -0.0289                 6.3857
     494               -0.0301                 6.4364
     495               -0.0276                 6.3322
     496               -0.0269                 6.3049
     497               -0.0275                 6.3299
     498               -0.0296                 6.4138
     499               -0.0294                 6.4085
     500               -0.0273                 6.3224
     501               -0.0313                 6.4799
     502               -0.0318                 6.4992
     503               -0.0295                 6.4127
     504               -0.0267                 6.2952
     505               -0.0295                 6.4100
     506               -0.0317                 6.4953
     507               -0.0342                 6.5882
     508               -0.0273                 6.3195
     509               -0.0304                 6.4478
     510               -0.0274                 6.3272
     511               -0.0250                 6.2217
     512               -0.0312                 6.4763
     513               -0.0301                 6.4337
     514               -0.0273                 6.3209
     515               -0.0267                 6.2955
     516               -0.0269                 6.3037
     517               -0.0290                 6.3903
     518               -0.0269                 6.3035
     519               -0.0238                 6.1672
     520               -0.0335                 6.5621
     521               -0.0294                 6.4081
     522               -0.0285                 6.3722
     523               -0.0300                 6.4312
     524               -0.0288                 6.3849
     525               -0.0289                 6.3870
     526               -0.0267                 6.2962
     527               -0.0319                 6.5036
     528               -0.0287                 6.3781
     529               -0.0284                 6.3664
     530               -0.0288                 6.3822
     531               -0.0252                 6.2310
     532               -0.0249                 6.2166
     533               -0.0301                 6.4352
     534               -0.0301                 6.4344
     535               -0.0295                 6.4109
     536               -0.0290                 6.3911
     537               -0.0251                 6.2247
     538               -0.0282                 6.3571
     539               -0.0250                 6.2222
     540               -0.0245                 6.1993
     541               -0.0259                 6.2627
     542               -0.0283                 6.3638
     543               -0.0317                 6.4955
     544               -0.0276                 6.3348
     545               -0.0283                 6.3611
     546               -0.0333                 6.5539
     547               -0.0279                 6.3475
     548               -0.0258                 6.2578
     549               -0.0303                 6.4426
     550               -0.0297                 6.4183
     551               -0.0284                 6.3673
     552               -0.0309                 6.4673
     553               -0.0276                 6.3328
     554               -0.0301                 6.4351
     555               -0.0293                 6.4013
     556               -0.0333                 6.5550
     557               -0.0250                 6.2222
     558               -0.0293                 6.4027
     559               -0.0277                 6.3380
     560               -0.0276                 6.3346
     561               -0.0294                 6.4060
     562               -0.0304                 6.4447
     563               -0.0291                 6.3959
     564               -0.0308                 6.4609
     565               -0.0286                 6.3762
     566               -0.0300                 6.4290
     567               -0.0270                 6.3107
     568               -0.0287                 6.3773
     569               -0.0272                 6.3181
     570               -0.0285                 6.3714
     571               -0.0309                 6.4662
     572               -0.0274                 6.3255
     573               -0.0291                 6.3939
     574               -0.0307                 6.4575
     575               -0.0258                 6.2596
     576               -0.0287                 6.3807
     577               -0.0305                 6.4518
     578               -0.0311                 6.4718
     579               -0.0367                 6.6735
     580               -0.0294                 6.4074
     581               -0.0269                 6.3052
     582               -0.0264                 6.2832
     583               -0.0278                 6.3433
     584               -0.0258                 6.2562
     585               -0.0266                 6.2936
     586               -0.0284                 6.3649
     587               -0.0303                 6.4426
     588               -0.0311                 6.4743
     589               -0.0259                 6.2603
     590               -0.0251                 6.2266
     591               -0.0290                 6.3919
     592               -0.0273                 6.3204
     593               -0.0266                 6.2904
     594               -0.0294                 6.4072
     595               -0.0298                 6.4247
     596               -0.0302                 6.4386
     597               -0.0301                 6.4348
     598               -0.0286                 6.3749
     599               -0.0270                 6.3082
     600               -0.0310                 6.4682
     601               -0.0278                 6.3406
     602               -0.0288                 6.3830
     603               -0.0285                 6.3706
     604               -0.0287                 6.3772
     605               -0.0280                 6.3487
     606               -0.0299                 6.4280
     607               -0.0290                 6.3904
     608               -0.0237                 6.1635
     609               -0.0284                 6.3681
     610               -0.0308                 6.4614
     611               -0.0275                 6.3317
     612               -0.0283                 6.3613
     613               -0.0323                 6.5170
     614               -0.0261                 6.2723
     615               -0.0298                 6.4222
     616               -0.0265                 6.2864
     617               -0.0242                 6.1844
     618               -0.0287                 6.3777
     619               -0.0296                 6.4163
     620               -0.0296                 6.4154
     621               -0.0278                 6.3410
     622               -0.0264                 6.2825
     623               -0.0276                 6.3349
     624               -0.0283                 6.3623
     625               -0.0287                 6.3775
     626               -0.0272                 6.3184
     627               -0.0254                 6.2397
     628               -0.0335                 6.5609
     629               -0.0264                 6.2831
     630               -0.0323                 6.5183
     631               -0.0294                 6.4072
     632               -0.0313                 6.4824
     633               -0.0271                 6.3127
     634               -0.0261                 6.2722
     635               -0.0280                 6.3520
     636               -0.0269                 6.3067
     637               -0.0277                 6.3371
     638               -0.0285                 6.3710
     639               -0.0253                 6.2362
     640               -0.0295                 6.4124
     641               -0.0302                 6.4371
     642               -0.0287                 6.3787
     643               -0.0312                 6.4760
     644               -0.0319                 6.5047
     645               -0.0288                 6.3839
     646               -0.0253                 6.2374
     647               -0.0279                 6.3471
     648               -0.0287                 6.3806
     649               -0.0262                 6.2747
     650               -0.0281                 6.3546
     651               -0.0306                 6.4548
     652               -0.0254                 6.2401
     653               -0.0299                 6.4282
     654               -0.0281                 6.3532
     655               -0.0300                 6.4306
     656               -0.0253                 6.2342
     657               -0.0278                 6.3417
     658               -0.0289                 6.3875
     659               -0.0295                 6.4102
     660               -0.0288                 6.3814
     661               -0.0292                 6.3976
     662               -0.0273                 6.3195
     663               -0.0282                 6.3589
     664               -0.0277                 6.3383
     665               -0.0298                 6.4237
     666               -0.0276                 6.3358
     667               -0.0263                 6.2810
     668               -0.0245                 6.2006
     669               -0.0306                 6.4545
     670               -0.0243                 6.1927
     671               -0.0300                 6.4291
     672               -0.0305                 6.4483
     673               -0.0251                 6.2271
     674               -0.0275                 6.3301
     675               -0.0313                 6.4807
     676               -0.0276                 6.3344
     677               -0.0258                 6.2568
     678               -0.0279                 6.3444
     679               -0.0328                 6.5366
     680               -0.0292                 6.3999
     681               -0.0304                 6.4444
     682               -0.0263                 6.2801
     683               -0.0278                 6.3439
     684               -0.0282                 6.3580
     685               -0.0285                 6.3708
     686               -0.0293                 6.4043
     687               -0.0302                 6.4372
     688               -0.0297                 6.4193
     689               -0.0277                 6.3386
     690               -0.0257                 6.2525
     691               -0.0312                 6.4758
     692               -0.0313                 6.4796
     693               -0.0272                 6.3191
     694               -0.0262                 6.2759
     695               -0.0268                 6.3016
     696               -0.0280                 6.3517
     697               -0.0271                 6.3149
     698               -0.0277                 6.3393
     699               -0.0262                 6.2734
     700               -0.0311                 6.4751
     701               -0.0299                 6.4256
     702               -0.0319                 6.5026
     703               -0.0254                 6.2387
     704               -0.0284                 6.3661
     705               -0.0290                 6.3892
     706               -0.0266                 6.2925
     707               -0.0284                 6.3671
     708               -0.0286                 6.3768
     709               -0.0265                 6.2894
     710               -0.0290                 6.3893
     711               -0.0267                 6.2954
     712               -0.0305                 6.4485
     713               -0.0299                 6.4276
     714               -0.0257                 6.2547
     715               -0.0243                 6.1885
     716               -0.0324                 6.5218
     717               -0.0287                 6.3801
     718               -0.0271                 6.3132
     719               -0.0256                 6.2467
     720               -0.0250                 6.2205
     721               -0.0250                 6.2226
     722               -0.0280                 6.3525
     723               -0.0266                 6.2937
     724               -0.0284                 6.3683
     725               -0.0254                 6.2390
     726               -0.0277                 6.3378
     727               -0.0255                 6.2459
     728               -0.0299                 6.4273
     729               -0.0292                 6.4009
     730               -0.0262                 6.2750
     731               -0.0306                 6.4529
     732               -0.0287                 6.3805
     733               -0.0317                 6.4942
     734               -0.0299                 6.4279
     735               -0.0264                 6.2813
     736               -0.0282                 6.3575
     737               -0.0280                 6.3518
     738               -0.0274                 6.3276
     739               -0.0257                 6.2540
     740               -0.0312                 6.4752
     741               -0.0249                 6.2175
     742               -0.0233                 6.1455
     743               -0.0276                 6.3359
     744               -0.0296                 6.4145
     745               -0.0273                 6.3229
     746               -0.0278                 6.3436
     747               -0.0287                 6.3799
     748               -0.0278                 6.3443
     749               -0.0306                 6.4550
     750               -0.0276                 6.3352
     751               -0.0310                 6.4675
     752               -0.0268                 6.2986
     753               -0.0274                 6.3240
     754               -0.0293                 6.4023
     755               -0.0256                 6.2504
     756               -0.0273                 6.3209
     757               -0.0259                 6.2618
     758               -0.0274                 6.3255
     759               -0.0263                 6.2771
     760               -0.0284                 6.3659
     761               -0.0287                 6.3773
     762               -0.0313                 6.4795
     763               -0.0280                 6.3518
     764               -0.0304                 6.4454
     765               -0.0264                 6.2830
     766               -0.0253                 6.2373
     767               -0.0292                 6.3988
     768               -0.0263                 6.2778
     769               -0.0300                 6.4292
     770               -0.0290                 6.3908
     771               -0.0269                 6.3054
     772               -0.0258                 6.2582
     773               -0.0270                 6.3099
     774               -0.0302                 6.4384
     775               -0.0266                 6.2930
     776               -0.0274                 6.3248
     777               -0.0265                 6.2872
     778               -0.0272                 6.3159
     779               -0.0272                 6.3175
     780               -0.0266                 6.2922
     781               -0.0332                 6.5533
     782               -0.0285                 6.3700
     783               -0.0311                 6.4745
     784               -0.0288                 6.3823
     785               -0.0297                 6.4185
     786               -0.0310                 6.4681
     787               -0.0291                 6.3936
     788               -0.0299                 6.4253
     789               -0.0303                 6.4419
     790               -0.0276                 6.3347
     791               -0.0299                 6.4267
     792               -0.0275                 6.3304
     793               -0.0275                 6.3317
     794               -0.0272                 6.3171
     795               -0.0319                 6.5036
     796               -0.0270                 6.3098
     797               -0.0289                 6.3857
     798               -0.0281                 6.3528
     799               -0.0248                 6.2116
     800               -0.0263                 6.2785
     801               -0.0279                 6.3455
     802               -0.0309                 6.4672
     803               -0.0283                 6.3635
     804               -0.0257                 6.2543
     805               -0.0271                 6.3129
     806               -0.0298                 6.4235
     807               -0.0298                 6.4244
     808               -0.0277                 6.3373
     809               -0.0268                 6.3002
     810               -0.0272                 6.3168
     811               -0.0292                 6.4011
     812               -0.0278                 6.3403
     813               -0.0295                 6.4103
     814               -0.0277                 6.3397
     815               -0.0278                 6.3437
     816               -0.0264                 6.2846
     817               -0.0298                 6.4235
     818               -0.0303                 6.4411
     819               -0.0275                 6.3317
     820               -0.0288                 6.3817
     821               -0.0297                 6.4179
     822               -0.0269                 6.3028
     823               -0.0276                 6.3349
     824               -0.0301                 6.4343
     825               -0.0275                 6.3311
     826               -0.0297                 6.4189
     827               -0.0304                 6.4470
     828               -0.0271                 6.3147
     829               -0.0288                 6.3820
     830               -0.0292                 6.3984
     831               -0.0310                 6.4698
     832               -0.0292                 6.3989
     833               -0.0289                 6.3861
     834               -0.0277                 6.3380
     835               -0.0271                 6.3117
     836               -0.0263                 6.2803
     837               -0.0270                 6.3095
     838               -0.0300                 6.4315
     839               -0.0252                 6.2329
     840               -0.0264                 6.2839
     841               -0.0300                 6.4295
     842               -0.0303                 6.4421
     843               -0.0283                 6.3647
     844               -0.0299                 6.4255
     845               -0.0304                 6.4461
     846               -0.0287                 6.3802
     847               -0.0268                 6.3006
     848               -0.0254                 6.2418
     849               -0.0309                 6.4648
     850               -0.0275                 6.3317
     851               -0.0294                 6.4061
     852               -0.0245                 6.2018
     853               -0.0253                 6.2336
     854               -0.0287                 6.3777
     855               -0.0279                 6.3480
     856               -0.0258                 6.2574
     857               -0.0247                 6.2066
     858               -0.0269                 6.3047
     859               -0.0246                 6.2058
     860               -0.0257                 6.2548
     861               -0.0270                 6.3073
     862               -0.0287                 6.3797
     863               -0.0300                 6.4294
     864               -0.0288                 6.3816
     865               -0.0281                 6.3531
     866               -0.0273                 6.3226
     867               -0.0280                 6.3498
     868               -0.0293                 6.4044
     869               -0.0269                 6.3040
     870               -0.0266                 6.2935
     871               -0.0298                 6.4238
     872               -0.0293                 6.4050
     873               -0.0279                 6.3447
     874               -0.0266                 6.2898
     875               -0.0298                 6.4239
     876               -0.0258                 6.2566
     877               -0.0295                 6.4129
     878               -0.0270                 6.3077
     879               -0.0282                 6.3598
     880               -0.0270                 6.3098
     881               -0.0281                 6.3550
     882               -0.0303                 6.4420
     883               -0.0294                 6.4091
     884               -0.0285                 6.3717
     885               -0.0277                 6.3371
     886               -0.0326                 6.5314
     887               -0.0272                 6.3166
     888               -0.0253                 6.2360
     889               -0.0330                 6.5431
     890               -0.0276                 6.3321
     891               -0.0289                 6.3864
     892               -0.0292                 6.3977
     893               -0.0297                 6.4208
     894               -0.0291                 6.3942
     895               -0.0286                 6.3734
     896               -0.0264                 6.2855
     897               -0.0315                 6.4873
     898               -0.0295                 6.4097
     899               -0.0289                 6.3882
     900               -0.0276                 6.3333
     901               -0.0260                 6.2655
     902               -0.0281                 6.3536
     903               -0.0243                 6.1895
     904               -0.0311                 6.4715
     905               -0.0343                 6.5927
     906               -0.0277                 6.3393
     907               -0.0306                 6.4524
     908               -0.0316                 6.4919
     909               -0.0262                 6.2748
     910               -0.0263                 6.2778
     911               -0.0268                 6.3008
     912               -0.0284                 6.3656
     913               -0.0287                 6.3808
     914               -0.0301                 6.4361
     915               -0.0283                 6.3623
     916               -0.0302                 6.4369
     917               -0.0295                 6.4094
     918               -0.0257                 6.2528
     919               -0.0299                 6.4264
     920               -0.0260                 6.2653
     921               -0.0318                 6.4989
     922               -0.0294                 6.4087
     923               -0.0339                 6.5779
     924               -0.0284                 6.3650
     925               -0.0253                 6.2363
     926               -0.0278                 6.3434
     927               -0.0257                 6.2520
     928               -0.0287                 6.3799
     929               -0.0287                 6.3807
     930               -0.0292                 6.3973
     931               -0.0311                 6.4749
     932               -0.0275                 6.3311
     933               -0.0287                 6.3785
     934               -0.0276                 6.3332
     935               -0.0281                 6.3546
     936               -0.0278                 6.3430
     937               -0.0296                 6.4165
     938               -0.0276                 6.3333
     939               -0.0276                 6.3332
     940               -0.0316                 6.4930
     941               -0.0269                 6.3066
     942               -0.0257                 6.2525
     943               -0.0279                 6.3478
     944               -0.0287                 6.3786
     945               -0.0292                 6.4009
     946               -0.0286                 6.3747
     947               -0.0270                 6.3090
     948               -0.0263                 6.2808
     949               -0.0261                 6.2702
     950               -0.0309                 6.4650
     951               -0.0302                 6.4389
     952               -0.0269                 6.3059
     953               -0.0253                 6.2368
     954               -0.0290                 6.3896
     955               -0.0299                 6.4278
     956               -0.0293                 6.4015
     957               -0.0272                 6.3168
     958               -0.0266                 6.2940
     959               -0.0278                 6.3411
     960               -0.0312                 6.4753
     961               -0.0284                 6.3651
     962               -0.0244                 6.1969
     963               -0.0262                 6.2757
     964               -0.0268                 6.3016
     965               -0.0256                 6.2492
     966               -0.0287                 6.3782
     967               -0.0313                 6.4820
     968               -0.0313                 6.4795
     969               -0.0295                 6.4117
     970               -0.0281                 6.3535
     971               -0.0303                 6.4412
     972               -0.0248                 6.2123
     973               -0.0265                 6.2865
     974               -0.0270                 6.3090
     975               -0.0290                 6.3912
     976               -0.0313                 6.4790
     977               -0.0268                 6.2989
     978               -0.0280                 6.3502
     979               -0.0258                 6.2592
     980               -0.0315                 6.4873
     981               -0.0285                 6.3699
     982               -0.0270                 6.3074
     983               -0.0274                 6.3255
     984               -0.0313                 6.4819
     985               -0.0259                 6.2618
     986               -0.0281                 6.3533
     987               -0.0313                 6.4822
     988               -0.0299                 6.4276
     989               -0.0287                 6.3801
     990               -0.0289                 6.3872
     991               -0.0292                 6.4002
     992               -0.0273                 6.3227
     993               -0.0258                 6.2580
     994               -0.0291                 6.3942
     995               -0.0276                 6.3325
     996               -0.0258                 6.2576
     997               -0.0280                 6.3486
     998               -0.0286                 6.3733
     999               -0.0283                 6.3631
    1000               -0.0285                 6.3726
